50136   -13
50137  -999
50246    -4
50247  -999
50349    -8
50353    -6
50425     0
50431   -10
50434    -3
50442     1
50445     0
50468   -10
50514     0
50524     1
50525     1
50526     0
50527     1
50548     0
50557     0
50564    -7
50566   -10
50603     0
50618     1
50632     1
50639     1
50646     1
50647     2
50655    -2
50656    -4
50658     0
50659     0
50673     0
50674    -7
50727     0
50739  -999
50741     2
50742     2
50745     2
50749     2
50750     1
50755     1
50756     2
50758     2
50767     2
50772     1
50774     2
50775     2
50776     2
50778     2
50779     1
50787     2
50788     2
50832     2
50833     1
50834     2
50838     2
50842     2
50844     2
50851     2
50852     1
50853     2
50854     3
50858     2
50859     3
50861     2
50862     2
50867     3
50871     2
50873     2
50877     1
50878     2
50879     1
50880     2
50884     2
50888     1
50892     1
50913     2
50915     1
50924  -999
50928     2
50934     1
50936     1
50937     1
50939     1
50940     2
50945  -999
50946     2
50948     2
50949     3
50950     3
50953     2
50954     3
50955  -999
50956     2
50958     2
50960     2
50962     2
50963     1
50964     1
50965     1
50968     2
50971  -999
50973  -999
50978     1
50979     0
50983     2
50985     2
50987     1
51053     1
51058  -999
51059  -999
51060  -999
51068     0
51076     1
51087     1
51133     1
51137     1
51145     1
51156     0
51186     1
51232     0
51238  -999
51241     1
51243     0
51288     1
51328     1
51329     0
51330   -14
51334     0
51346     1
51352     0
51353     0
51356     1
51357     1
51358  -999
51359     0
51365     0
51367     0
51369    -5
51377   -10
51378     0
51379     0
51430    -2
51431     0
51433  -999
51434    -2
51435    -2
51436     1
51437     1
51438     0
51463    -3
51465     0
51467    -6
51468     1
51469  -999
51470  -999
51477     0
51482     0
51495     0
51526     0
51542    -5
51559     0
51567     0
51568     1
51571     0
51572     0
51573     0
51581     0
51627     0
51628     0
51629     0
51633     0
51636     0
51639  -999
51642     0
51644     0
51655  -999
51656     0
51701     2
51704  -999
51705     0
51707     0
51708     0
51709     0
51711    -6
51716     0
51717     0
51720     0
51722     0
51730     0
51747  -999
51765     0
51777     0
51802     1
51804     0
51810  -999
51811     0
51814     0
51815     0
51818     0
51826     0
51827     1
51828     0
51829     0
51839     0
51848  -999
51855     0
51886     0
51931     0
52101     0
52112  -999
52118     0
52203     0
52267     0
52313     0
52323     0
52343  -999
52378     1
52418     0
52424     0
52436     0
52441  -999
52446     1
52447     1
52495     0
52515     1
52533     0
52546     1
52557     1
52575     0
52576     1
52602     0
52607     1
52633     1
52643     1
52645     1
52652     1
52656     1
52657    -2
52661     1
52674    -1
52679     0
52681     1
52707     0
52713     0
52737     0
52745     0
52754   -11
52765     1
52784     1
52787    -3
52788  -999
52797     0
52818     0
52825     0
52833     0
52836     0
52842    -9
52853     0
52855     1
52856    -7
52862     1
52863     1
52866     1
52868     1
52869     1
52874     0
52875     0
52876     1
52884  -999
52885    -5
52889    -1
52895     0
52896    -3
52908     1
52943    -7
52955    -2
52957     0
52963     1
52968    -4
52972     0
52974  -999
52978     1
52980    -1
52982    -2
52983     0
52984     0
52985     0
52986    -2
52988    -4
52993     1
52995     0
52996     0
52998    -8
53068     1
53083     1
53149     2
53192     1
53195     0
53231     1
53272     1
53276     1
53289     1
53324     1
53336     1
53337     1
53343     1
53348     1
53352     0
53357     1
53362     0
53367    -2
53368     0
53378     1
53384     0
53385     1
53391     1
53392     0
53397     1
53399     1
53419     1
53420     1
53433     0
53446     1
53455     1
53457     1
53463     1
53464     1
53466  -999
53467     1
53469     0
53472     0
53475     0
53478     0
53480     1
53481     0
53483     1
53484     2
53486     0
53487     0
53488     0
53490  -999
53491     1
53492     1
53498     1
53499     1
53502     0
53505  -999
53512     1
53513     0
53517     0
53518     1
53519     1
53522     1
53529     2
53533     0
53543     0
53545     0
53547     0
53553     1
53562     1
53564     1
53565     0
53567     1
53573     0
53574    -5
53575     0
53576    -4
53577    -4
53578  -999
53579     0
53580     0
53582     1
53584    -2
53585     0
53588     1
53590    -4
53593     0
53594  -999
53596    -3
53599    -1
53602     1
53610     0
53611     1
53612  -999
53614     0
53615     1
53617     0
53618     0
53619     0
53644     0
53646     0
53651  -999
53658     0
53659     0
53660     1
53662     1
53663     1
53664     0
53665     0
53666     1
53669    -4
53673     1
53674    -3
53676     0
53677    -4
53678     0
53679    -7
53680    -7
53681     1
53682    -3
53685     0
53687  -999
53688    -9
53689   -17
53690     0
53691    -4
53692    -5
53693    -9
53694   -11
53695    -6
53696    -4
53697   -10
53698    -9
53699    -9
53704     0
53705     0
53707     0
53723     0
53725     1
53727     0
53730     1
53732    -2
53735  -999
53738    -2
53740    -1
53748    -6
53750    -1
53751    -2
53753    -1
53754    -3
53756    -3
53757    -2
53759    -4
53760     1
53763    -1
53764     0
53767     0
53768    -8
53769    -1
53770    -2
53771     0
53772    -5
53773    -8
53774     0
53775  -999
53776    -6
53777    -2
53778    -1
53780    -3
53781   -10
53782    -5
53783    -5
53784   -11
53785    -9
53786    -3
53787    -3
53788    -1
53789   -17
53790   -11
53791   -12
53792   -10
53794   -11
53795   -16
53796    -8
53797   -11
53798   -10
53799   -11
53806     1
53810     0
53817     1
53821     0
53829     0
53832    -5
53841     0
53845     1
53848     0
53850    -2
53852    -4
53853     0
53854  -999
53856    -6
53857    -6
53859  -999
53860     0
53861    -8
53862    -2
53863    -2
53864    -4
53865     0
53866    -8
53868    -5
53869    -5
53871    -5
53872    -5
53873   -12
53874    -9
53875    -6
53877  -999
53878    -4
53879   -10
53880    -5
53881     0
53882    -6
53883   -11
53884  -999
53885    -4
53886    -8
53887  -999
53888    -6
53889    -5
53890    -9
53891   -12
53892   -11
53893    -9
53894    -8
53895   -12
53896   -10
53897    -9
53898   -10
53899   -11
53903     1
53906     1
53908    -3
53910  -999
53914     0
53915     0
53916     0
53917     1
53923     0
53924    -9
53925     0
53926     0
53927     0
53928    -1
53929    -3
53930    -3
53931    -2
53934     0
53935    -2
53937    -3
53938    -5
53941    -5
53942     0
53944     0
53945     0
53947    -5
53948  -999
53949    -7
53950    -4
53953    -7
53954   -10
53955  -999
53956    -7
53957    -5
53958    -9
53959    -9
53961   -10
53962   -11
53963    -9
53964    -8
53965   -10
53966   -10
53967    -9
53968  -999
53970    -7
53972    -8
53973   -13
53974    -7
53975    -8
53976    -8
53978    -3
53979    -8
53980    -6
53981   -10
53982    -8
53983   -10
53984    -9
53985    -8
53986    -9
53987    -7
53988    -9
53989    -9
53991    -8
53992   -10
53993   -11
53994   -10
53995    -9
53996    -9
53997    -9
53998    -9
54012     3
54024     1
54026     2
54027     1
54031     2
54039     1
54041     2
54047     2
54049     2
54063     3
54064  -999
54065     2
54069     2
54072     2
54076     1
54080     1
54092     0
54093    -4
54094     0
54096     2
54098     0
54099     3
54102     2
54113     1
54115     1
54117     2
54122     1
54132     2
54134     1
54135     1
54142     1
54154     2
54156     1
54157     1
54161     3
54164     1
54165  -999
54169     1
54171     2
54172     2
54181     1
54186     0
54187     0
54192  -999
54195     1
54204     1
54205     1
54208     1
54213     1
54214     0
54218     1
54223     0
54225     0
54226     1
54231     1
54234     1
54236     2
54237     1
54243  -999
54244     2
54245     1
54248  -999
54249     2
54252     2
54254     2
54259     2
54260  -999
54261     2
54263     1
54266     2
54267     2
54273     1
54274     2
54276     1
54284     0
54285     0
54286  -999
54287  -999
54290     0
54291     1
54292     0
54293     0
54301     1
54304     1
54305     1
54308     0
54311     1
54313     0
54316     0
54318     1
54319    -9
54320     1
54321     1
54323     2
54324     1
54325     1
54326    -1
54327    -1
54328     1
54330  -999
54331     1
54332     1
54333     1
54334  -999
54335     1
54336     1
54337     1
54338     1
54339     1
54340  -999
54342     2
54345  -999
54346     1
54347     2
54348  -999
54349  -999
54351     2
54353  -999
54362     1
54363     1
54365     1
54371     1
54374     1
54377     0
54386    -2
54398     0
54399     0
54401     1
54404     1
54405     1
54406  -999
54408     0
54410     1
54412     1
54416     0
54419     1
54420     1
54421     0
54423    -2
54424    -5
54425    -1
54428    -3
54429    -3
54430    -5
54431    -3
54432    -1
54433     0
54434    -5
54436     0
54437     1
54438     0
54439    -1
54449     1
54452  -999
54453     1
54454     2
54455     2
54470  -999
54471     1
54472  -999
54474     1
54475     1
54476     1
54483     1
54486     0
54493     1
54494     1
54497     1
54499     1
54501     0
54502    -2
54503    -8
54505    -3
54506     0
54507    -2
54510    -7
54511    -4
54512    -2
54513    -2
54514    -1
54515    -8
54517    -3
54518    -7
54519   -10
54520    -8
54521    -8
54522    -4
54523   -11
54525  -999
54526    -8
54527   -10
54528    -3
54529     0
54530     0
54531     1
54532    -5
54533    -8
54534    -7
54535     0
54539     1
54540     1
54541     1
54563     0
54568     0
54569     0
54575     1
54579     0
54584     1
54590     1
54594    -3
54596    -8
54597    -1
54601    -8
54602    -7
54603    -5
54604    -6
54605    -5
54606    -4
54607    -4
54608    -7
54609    -7
54610    -4
54611    -6
54612    -9
54613    -6
54614    -4
54615    -5
54616    -2
54617    -5
54618    -2
54619   -10
54620    -6
54621   -12
54622    -9
54623    -5
54624     0
54626   -10
54627    -4
54628    -3
54631   -11
54632   -10
54633    -8
54636   -10
54640   -14
54644    -3
54645    -4
54646  -999
54660  -999
54662     0
54700   -11
54701   -14
54702   -10
54703   -10
54704    -8
54705    -8
54706   -13
54707   -14
54708   -11
54709   -15
54710    -9
54711   -11
54712   -14
54713    -9
54714   -16
54715   -13
54716   -10
54717   -13
54718   -14
54719     1
54722   -12
54723   -13
54724   -14
54725   -12
54726   -12
54727  -999
54728   -11
54729    -7
54730    -1
54731    -3
54732  -999
54734     0
54736    -4
54737    -5
54738    -5
54744  -999
54749    -7
54751    -1
54752     0
54753    -2
54755     1
54759    -1
54764    -4
54765    -2
54766    -2
54774     0
54776    -3
54777     0
54778    -1
54800   -10
54801   -14
54802   -10
54803   -15
54804   -10
54805   -12
54806   -16
54807   -13
54808   -14
54809   -13
54810   -15
54811   -12
54812    -7
54814   -14
54815   -15
54816   -12
54817   -15
54818   -14
54819    -9
54820   -12
54821    -7
54822    -7
54823    -8
54824    -5
54825    -9
54826     0
54827    -4
54828    -6
54829   -10
54830    -6
54831    -7
54832    -5
54833    -6
54834    -5
54835    -6
54836    -5
54837    -3
54841    -5
54842  -999
54843    -4
54844    -5
54846    -2
54848    -1
54849    -1
54851     0
54852     0
54853     0
54855    -1
54857     1
54861    -1
54863     0
54868  -999
54871    -7
54900   -12
54901   -11
54902   -13
54903   -12
54904   -13
54905    -9
54906    -8
54907    -6
54908   -11
54909    -9
54910   -12
54911   -14
54912    -6
54913    -5
54914    -3
54915    -5
54916    -6
54917    -2
54918    -5
54919    -5
54920    -7
54921    -4
54922    -2
54923    -1
54925    -1
54927    -4
54929    -4
54932     0
54935    -2
54936     0
54938    -1
54939    -1
54940     0
54943     1
54945     1
54952  -999
55228     0
55248     0
55279    -3
55294     1
55299     1
55437     0
55472    -7
55493    -2
55572  -999
55578    -6
55585   -22
55589  -999
55591   -11
55593  -999
55597  -999
55598    -9
55655     0
55664     0
55680    -8
55681    -3
55690     2
55696     1
55773     2
56004    -7
56016   -11
56018    -6
56021     1
56029     0
56033    -8
56034     0
56038    -2
56041  -999
56043   -15
56045    -3
56046    -6
56065    -5
56067   -12
56071     0
56074    -5
56075  -999
56079     1
56080     1
56081     0
56082     0
56084     0
56091   -11
56092    -9
56093   -13
56094   -22
56095   -14
56096   -16
56097     0
56106    -3
56109  -999
56116     1
56125     1
56128  -999
56132  -999
56137     1
56144     0
56146     0
56147     1
56151     0
56152     0
56158    -3
56164     0
56167     0
56168     0
56171     1
56172     2
56173     1
56178     0
56180     1
56181    -2
56182     2
56183     0
56184     1
56185     2
56186    -2
56187    -5
56188     0
56189    -6
56190    -4
56192    -5
56193     1
56194     1
56195     0
56196     0
56197    -4
56198     0
56199    -4
56202     1
56223     1
56227     4
56228  -999
56247     0
56251     0
56257    -3
56263     1
56265  -999
56267    -8
56272    -9
56273     1
56276    -2
56278     1
56279     1
56280     1
56281     0
56284     1
56285     0
56286    -1
56287     0
56288     0
56289    -2
56290    -5
56291    -8
56294  -999
56295    -5
56296   -10
56297    -8
56298    -8
56307   -14
56312     3
56317     1
56331     1
56342  -999
56357    -3
56371     0
56373     0
56374     1
56376    -2
56378    -6
56380     0
56381     0
56382    -9
56383    -1
56384    -5
56385     0
56386   -10
56387    -8
56389   -12
56390    -8
56391    -1
56393    -4
56394   -18
56395   -16
56396   -16
56399   -11
56434     3
56441    -5
56443    -4
56444     2
56459    -2
56462    -4
56473  -999
56474  -999
56475     1
56478  -999
56479     0
56480    -4
56483    -2
56485    -2
56487  -999
56489     0
56490   -11
56491   -12
56492   -14
56493   -13
56494    -6
56496    -2
56497     0
56498     0
56499     0
56533     4
56543     0
56548     1
56565    -4
56567   -14
56569  -999
56571    -2
56575  -999
56578  -999
56580  -999
56582    -6
56584  -999
56585   -14
56586   -11
56592    -6
56593    -9
56594     0
56595    -7
56596     0
56598   -13
56641     3
56643  -999
56645    -5
56646    -7
56649    -7
56651    -7
56652   -10
56654   -10
56664   -10
56665    -8
56666   -13
56669   -10
56670   -14
56671    -6
56673   -12
56674   -21
56675  -999
56684   -11
56688   -16
56691   -17
56693    -4
56697    -4
56739     1
56741  -999
56742    -4
56745    -5
56746    -4
56748     0
56751    -6
56752   -12
56755   -15
56756   -14
56757   -10
56761   -12
56763   -17
56764   -12
56766    -5
56767   -10
56768    -5
56772    -9
56774   -14
56775   -16
56777     0
56778    -8
56781    -9
56782   -11
56783    -7
56785    -1
56786   -11
56788    -9
56790    -2
56792     1
56793     0
56835     0
56836     1
56838    -1
56839    -4
56840     2
56841     1
56842    -5
56843     0
56844     1
56846    -2
56849    -8
56851   -11
56854   -13
56856   -13
56862    -8
56863    -6
56867   -10
56869    -3
56870   -10
56871    -8
56872    -8
56873    -3
56875    -4
56876   -10
56878    -9
56879    -9
56880   -10
56881   -10
56882    -4
56883    -6
56885    -8
56886   -11
56889    -5
56891    -5
56898    -6
56944     0
56945  -999
56946    -6
56948    -8
56949   -12
56950    -5
56951   -11
56952    -8
56954    -9
56958   -17
56959    -3
56961    -1
56962     0
56964   -10
56966    -1
56969    -2
56970    -5
56973    -9
56975    -4
56976   -10
56977     0
56978     1
56982    -9
56984    -3
56985     0
56986    -8
56987     2
56989    -3
56991  -999
56992     0
56994    -7
56995   -14
56996   -15
57001   -10
57002    -2
57003  -999
57004    -6
57006    -9
57007   -10
57008   -15
57011   -10
57012    -6
57014  -999
57016     0
57020     0
57021     0
57022    -6
57023    -5
57024    -3
57025  -999
57026    -1
57027     0
57028  -999
57029    -1
57030  -999
57031    -2
57032    -1
57033    -5
57034    -3
57035    -4
57036    -5
57037    -4
57038     0
57039    -7
57040    -6
57041    -4
57042    -7
57043    -5
57044    -7
57045    -7
57046     0
57047    -8
57048  -999
57049  -999
57051    -5
57052  -999
57053    -1
57054    -3
57055    -4
57056    -1
57057     0
57060   -10
57061    -5
57063     0
57065     0
57066    -4
57067     0
57070    -1
57071    -2
57072    -6
57073  -999
57074    -1
57075     0
57076    -6
57077     1
57078     0
57079    -8
57080    -6
57081    -7
57082    -4
57083    -9
57084  -999
57085    -5
57089     0
57090    -9
57091    -9
57093   -10
57094    -7
57095    -2
57096    -9
57098     0
57099    -1
57102    -4
57105     0
57106    -3
57110    -6
57111    -3
57113    -2
57119    -2
57124  -999
57126    -1
57127    -1
57128    -2
57129     0
57131  -999
57132    -4
57134     0
57137     0
57140     1
57143     1
57144     0
57153     1
57154  -999
57155     1
57156     1
57162     1
57169     1
57173     0
57175     1
57176     1
57177     1
57178     1
57179     1
57180     0
57181     1
57182     0
57183     1
57184     1
57185    -1
57186     1
57187     1
57188     1
57189     1
57190  -999
57191    -9
57192     1
57193     1
57194     1
57195     1
57196     1
57197     1
57198     1
57204     1
57206     0
57208     0
57211  -999
57213     1
57216    -8
57217    -4
57231     0
57232     1
57233     0
57237     0
57238  -999
57242     0
57245     0
57247    -4
57248     0
57249     0
57251     0
57253     1
57254     1
57256  -999
57257     0
57259    -1
57260     0
57261     1
57265     0
57268     0
57271     0
57273     0
57274    -5
57278  -999
57279     0
57281     1
57285  -999
57290     1
57292     1
57293     0
57294     1
57295     0
57296     0
57297    -3
57298     0
57299    -3
57303    -2
57304     0
57306    -4
57307    -5
57308    -7
57309    -2
57313     0
57314    -1
57315     0
57317    -3
57318    -3
57320    -4
57324    -4
57326     0
57328     0
57329     1
57333     0
57343  -999
57345     0
57348    -5
57349    -4
57351  -999
57352  -999
57353  -999
57355     1
57358  -999
57359  -999
57361     1
57362     1
57363     1
57368     1
57370     1
57377     0
57378     0
57381  -999
57385    -3
57387    -1
57388    -2
57389     0
57390    -1
57395  -999
57396     0
57398     0
57399     0
57401    -5
57402    -4
57405     0
57407    -7
57408    -7
57409    -8
57411    -5
57413    -3
57414    -8
57415     0
57416     3
57417    -6
57420     1
57425     2
57426     1
57431     0
57432    -5
57437     1
57438     2
57439  -999
57445  -999
57447     0
57451  -999
57453  -999
57458     0
57460     1
57461     0
57462  -999
57464     1
57465     1
57466     0
57469     1
57475     1
57476     1
57477     1
57481     0
57482  -999
57483     0
57485     1
57486     1
57489     0
57491     1
57492     1
57493  -999
57494     0
57496     0
57498     0
57499     0
57502  -999
57503  -999
57504  -999
57505    -8
57506     0
57507    -7
57508    -8
57509    -6
57510    -1
57511     0
57512  -999
57513    -3
57514     0
57515  -999
57516    -1
57517  -999
57518    -7
57519    -4
57520  -999
57522     1
57523  -999
57525    -1
57536  -999
57537     2
57540     3
57541     1
57543     1
57544     1
57545     2
57554     2
57558     3
57562     2
57564     2
57565     1
57566     2
57571     1
57573  -999
57574     3
57575     2
57577     3
57581  -999
57582     1
57583     1
57584     2
57585     2
57586     1
57589     3
57590     0
57595  -999
57598     3
57600    -9
57602  -999
57603    -6
57604  -999
57605     0
57606    -1
57608     0
57609     0
57612  -999
57614     0
57622  -999
57623    -1
57625    -5
57633     2
57634     1
57635     1
57636     0
57637     2
57640     1
57642  -999
57643     3
57646     2
57647     2
57649     3
57655     3
57657     2
57658     4
57661     2
57662     2
57663     2
57666     3
57669     3
57671     3
57673  -999
57674     2
57678     2
57679  -999
57680     3
57682     2
57687     3
57688     2
57694     2
57696  -999
57698     4
57699     4
57707    -6
57708   -18
57710     0
57713   -15
57714     0
57717    -2
57718    -8
57719    -3
57720   -13
57722    -4
57723    -7
57728     1
57729     1
57731    -1
57732     1
57734    -2
57735     0
57736     2
57737     0
57738     0
57739    -4
57740     3
57741     1
57742     1
57743     2
57744    -7
57745     0
57749  -999
57752  -999
57754    -4
57758  -999
57760     3
57761  -999
57762     4
57763     2
57765  -999
57766     2
57767     0
57768     1
57769     1
57771     2
57772     4
57773     3
57774     3
57776     3
57777     3
57778     2
57779  -999
57780     3
57781     4
57786     3
57789  -999
57792     3
57793     2
57796     2
57798     1
57799     3
57800   -17
57803   -24
57805   -12
57806   -12
57807   -15
57808   -17
57809     1
57811   -12
57813   -12
57814     0
57816   -10
57818   -11
57821    -8
57822     1
57824     0
57825    -7
57827   -14
57828     0
57829   -11
57832     0
57834    -3
57835    -4
57837   -11
57839    -3
57840     1
57841  -999
57842    -3
57844   -12
57845    -2
57846     0
57851     0
57853   -13
57857  -999
57859     1
57860    -5
57865    -5
57866     1
57867    -1
57868    -4
57870     0
57871     0
57872     0
57874    -3
57875     0
57876     1
57881     0
57882     1
57883     1
57886     0
57887    -3
57889  -999
57891     2
57894     2
57895    -8
57896   -12
57899     1
57900    -5
57902    -2
57903    -3
57905     1
57906     0
57907     1
57908     0
57909    -7
57910    -2
57911   -12
57912   -15
57913     0
57914    -2
57915   -15
57916     1
57921     1
57922   -16
57923   -12
57926   -13
57927     1
57932   -15
57936   -18
57941   -10
57942   -13
57947     1
57948     1
57949     0
57954    -2
57955     3
57956     1
57957     0
57958    -3
57960     2
57962     2
57964     2
57965     2
57966    -1
57969     2
57971     2
57972    -6
57973    -2
57974  -999
57975     1
57976    -4
57978     1
57981    -1
57985     0
57988    -4
57989     2
57990     1
57991     2
57992     2
57993     1
57994     2
57995     1
57996     3
58001    -2
58002    -9
58003    -5
58004    -6
58005    -1
58006     0
58007     0
58008    -5
58011    -4
58012    -4
58013  -999
58015     0
58016    -6
58017    -3
58020    -4
58021    -4
58022    -6
58024    -2
58025    -6
58026  -999
58027    -7
58030    -1
58032    -1
58034  -999
58035  -999
58036     0
58038  -999
58040     0
58041  -999
58044     1
58045  -999
58047  -999
58048  -999
58049     0
58100     0
58101    -1
58102    -1
58104     0
58107     0
58108     1
58109     0
58111  -999
58113    -7
58114    -4
58116    -9
58117    -4
58118  -999
58122    -7
58125    -4
58126    -8
58127   -10
58128    -7
58129    -7
58130  -999
58131    -1
58132    -5
58135  -999
58138    -6
58139    -2
58140    -6
58141    -5
58143  -999
58144  -999
58145  -999
58146     0
58147  -999
58148     0
58150     0
58154     0
58158  -999
58202    -1
58203    -4
58205     0
58207    -3
58208    -2
58210    -2
58212    -4
58214    -3
58215    -2
58220    -4
58221    -9
58222    -6
58223    -2
58224    -5
58225  -999
58230     0
58234     0
58235  -999
58236     0
58237  -999
58238    -1
58240     0
58241    -3
58242  -999
58243    -3
58244  -999
58245    -6
58246  -999
58247  -999
58249  -999
58250     0
58251    -4
58254  -999
58255  -999
58257    -2
58259    -6
58264    -3
58265   -10
58268  -999
58269  -999
58301    -3
58306    -4
58311     0
58314     0
58316     0
58317     1
58319     0
58320     0
58321     0
58323     1
58326     0
58327     0
58329     0
58330     0
58331     0
58333  -999
58334    -2
58335     0
58336  -999
58337     1
58338     1
58339  -999
58340    -4
58341    -5
58342  -999
58343     0
58344  -999
58345     0
58346     0
58351  -999
58352  -999
58353  -999
58354  -999
58356  -999
58358    -3
58359  -999
58360  -999
58361    -1
58362    -3
58365    -1
58366    -7
58367     0
58369     0
58370  -999
58377  -999
58401     1
58402     0
58404     0
58407     1
58408     1
58409     2
58414  -999
58415     0
58416     0
58417     1
58418     1
58419  -999
58420     0
58421     1
58423  -999
58424    -2
58426     0
58427    -2
58428     0
58429  -999
58431     0
58432    -1
58433    -8
58435    -4
58436    -7
58437     2
58438     0
58441    -8
58442     0
58443    -3
58445  -999
58446    -6
58448  -999
58449    -4
58450  -999
58451     0
58452    -5
58453  -999
58454    -3
58455    -7
58456    -8
58457    -8
58458    -7
58459   -10
58460    -2
58461     0
58462     0
58463     0
58464    -1
58467    -2
58468    -4
58472     0
58473  -999
58477     1
58484  -999
58500  -999
58501     1
58502     2
58503     2
58506     2
58507  -999
58508     2
58509     3
58510     1
58512     2
58514     2
58517     2
58519     3
58520  -999
58523     1
58527     2
58529     2
58530     0
58531     1
58534     0
58537     2
58542     0
58543     1
58544     1
58546     1
58547  -999
58548     2
58549     1
58550     0
58553  -999
58555     1
58556     1
58557  -999
58558     2
58559     3
58562     1
58563     1
58565     1
58567     2
58568     3
58569     2
58570  -999
58600  -999
58601     2
58602     2
58605     3
58606     4
58607     4
58608     3
58609     4
58612     4
58614     2
58615     4
58616     3
58618     3
58619  -999
58620     4
58622  -999
58623  -999
58624     3
58625     3
58626     3
58627     4
58629     3
58631     2
58632  -999
58633     2
58634     3
58635     3
58637  -999
58642     2
58643     1
58644     2
58646     2
58647     4
58652  -999
58653  -999
58654     2
58656     3
58657     3
58658     4
58659     4
58660     2
58664     3
58665     2
58666     3
58667     4
58693     3
58701     3
58704     2
58705  -999
58706     1
58707     3
58710     3
58712     4
58713     3
58714     3
58715     3
58718  -999
58719     2
58724     2
58725     2
58726  -999
58730     3
58731     3
58734  -999
58735     2
58736     4
58737     2
58742  -999
58744  -999
58745     3
58746     3
58747     4
58748     3
58749     4
58750     3
58751     4
58752     4
58754     3
58760     3
58765  -999
58804     2
58806  -999
58813     2
58814     2
58818  -999
58819     2
58820     3
58821     3
58822     3
58823     2
58824     3
58826     2
58828     3
58834     3
58836     3
58837  -999
58839     2
58843  -999
58844     2
58845     2
58846     2
58847     1
58848     1
58853  -999
58903     2
58905     1
58906     2
58907     3
58911     2
58912     1
58917     2
58918     1
58921     2
58923     0
58926     0
58927  -999
58928     0
58929     1
58931     1
58932     0
58933     3
58934    -2
58935     1
58936  -999
58938  -999
58940  -999
58941     0
58942     1
58944     2
58946     0
59001     0
59004    -2
59007     0
59012     1
59015     2
59017     1
59021     0
59022    14
59023    -5
59025     2
59027     0
59031     0
59033     1
59034    -6
59037     0
59038    -7
59041   -15
59044   -17
59045   -21
59046   -14
59047    -4
59051   -13
59052     1
59053   -14
59055   -17
59057    -2
59058     0
59059     1
59061     1
59063     1
59064     0
59065     0
59071     3
59072     3
59074     1
59075     3
59081     3
59082     4
59087     2
59088  -999
59090     2
59091     2
59092  -999
59093     2
59094     3
59096     2
59097  -999
59099     2
59102     3
59106     2
59107  -999
59109    -5
59113  -999
59114     4
59116  -999
59117    -2
59122     0
59124     0
59125     0
59126     0
59127     1
59129  -999
59130     1
59131     1
59133     1
59134     1
59137     0
59205   -10
59209   -13
59211     1
59213     1
59215     0
59218     1
59224    -4
59227     1
59228     0
59229     0
59230     1
59235     0
59237     0
59238     0
59241   -13
59242   -10
59246    -9
59249     0
59254    -2
59255     0
59256     1
59264    -1
59265     0
59266     0
59268     0
59269     2
59270     1
59271     2
59276     0
59278     0
59279     2
59280  -999
59284     4
59285     3
59287     4
59288     1
59289  -999
59290     1
59293     1
59294     2
59297    -1
59298     0
59303    -2
59304  -999
59306  -999
59310    -1
59312     0
59313    -3
59314     1
59315     0
59316    -1
59317     1
59318     1
59319    -6
59320     0
59321     1
59322     1
59324    -1
59417    -4
59419   -20
59421     1
59425    -3
59426    -5
59427   -10
59429    -8
59431     0
59432  -999
59435     0
59441     0
59446     1
59448     1
59449    -6
59451     0
59452     1
59453    -4
59454     1
59456     0
59457     1
59462     2
59469     1
59470     0
59471     1
59473     1
59475     1
59476     2
59477     2
59478     1
59480     1
59481     2
59485  -999
59487     1
59488  -999
59492     0
59493     1
59500     1
59501    -2
59502    -7
59626   -10
59631    -7
59632   -20
59635  -999
59640   -16
59644   -25
59647   -11
59650    -8
59653     0
59654    -2
59655   -14
59656    -3
59658     0
59659     0
59663     3
59664    14
59673    -2
59750     1
59754   -12
59757     0
59758    -6
59838   -15
59842    -7
59843    -8
59845    -2
59847    -6
59848     1
59849    -6
59851    -1
59854    -7
59855   -21
59856   -22
59940     0
59941    -3
59945     1
59948   -10
59951    -2
59954    -5
59981    -5
57086    -3
57087    -1
57339    -3
