50136   -18
50137  -999
50246   -11
50247  -999
50349   -20
50353   -14
50425   -17
50431   -23
50434   -35
50442   -13
50445   -28
50468     0
50514   -15
50524   -11
50525   -26
50526   -12
50527   -26
50548     0
50557    -9
50564    -4
50566   -13
50603   -15
50618   -12
50632   -13
50639     0
50646    -4
50647    -1
50655   -14
50656    -2
50658    -9
50659   -19
50673     0
50674    -8
50727    -4
50739  -999
50741    -1
50742    -7
50745    -5
50749     0
50750    -5
50755    -7
50756    -5
50758    -6
50767     0
50772   -14
50774   -14
50775    -3
50776    -8
50778   -14
50779    -7
50787    -7
50788    -4
50832    -9
50833   -18
50834    -7
50838    -2
50842    -9
50844   -15
50851    -3
50852     1
50853    -2
50854     0
50858    -3
50859     0
50861    -6
50862   -13
50867     0
50871     0
50873     0
50877    -7
50878    -4
50879    -8
50880     0
50884     0
50888    -3
50892    -2
50913    -4
50915   -15
50924  -999
50928   -12
50934   -15
50936   -12
50937   -14
50939    -7
50940   -12
50945  -999
50946   -13
50948   -20
50949   -14
50950   -10
50953     0
50954    -3
50955  -999
50956     0
50958    -5
50960     1
50962     1
50963   -15
50964   -11
50965    -8
50968    -5
50971  -999
50973  -999
50978   -13
50979   -15
50983     0
50985     1
50987   -16
51053     0
51058  -999
51059  -999
51060  -999
51068     0
51076     0
51087     0
51133   -12
51137    -8
51145   -10
51156     0
51186     0
51232     0
51238  -999
51241    -6
51243     0
51288     0
51328     2
51329     0
51330    -9
51334     0
51346     0
51352     0
51353     0
51356     0
51357     0
51358  -999
51359     0
51365     1
51367     0
51369   -13
51377    -9
51378     0
51379     0
51430   -10
51431    -4
51433  -999
51434    -4
51435   -11
51436    -8
51437     0
51438    -6
51463    -5
51465    -6
51467     1
51468     1
51469  -999
51470  -999
51477     0
51482   -10
51495     0
51526     0
51542     1
51559     0
51567     0
51568     0
51571     0
51572     0
51573     0
51581     0
51627     2
51628     1
51629     1
51633     0
51636     1
51639  -999
51642     0
51644     0
51655  -999
51656     0
51701     2
51704  -999
51705     2
51707     1
51708     1
51709     1
51711     1
51716     0
51717     1
51720     2
51722     0
51730     0
51747  -999
51765     0
51777     1
51802     2
51804     1
51810  -999
51811     1
51814     1
51815     2
51818     1
51826     2
51827     1
51828     1
51829     1
51839     2
51848  -999
51855     0
51886     0
51931     2
52101   -14
52112  -999
52118     0
52203     1
52267     0
52313     0
52323     0
52343  -999
52378     0
52418     0
52424     0
52436     0
52441  -999
52446     0
52447     0
52495     0
52515     0
52533     0
52546     0
52557     0
52575     0
52576     0
52602     0
52607     0
52633     2
52643    -1
52645     1
52652     0
52656     0
52657   -10
52661     0
52674    -3
52679     0
52681     0
52707     1
52713     1
52737     1
52745     2
52754     0
52765    -7
52784    -2
52787     1
52788  -999
52797     0
52818     2
52825     3
52833     1
52836     3
52842     2
52853    -4
52855     1
52856     2
52862    -5
52863    -4
52866     0
52868     0
52869    -1
52874    -3
52875    -4
52876     0
52884  -999
52885   -11
52889    -8
52895   -11
52896    -4
52908     3
52943     3
52955     2
52957     1
52963    -2
52968     1
52972   -17
52974  -999
52978   -15
52980    -7
52982    -9
52983    -2
52984     0
52985    -2
52986    -6
52988    -3
52993     0
52995    -5
52996    -1
52998   -16
53068     0
53083    -5
53149     0
53192   -16
53195     0
53231     0
53272     0
53276    -4
53289    -4
53324     0
53336     0
53337     0
53343   -20
53348    -7
53352   -23
53357   -13
53362   -12
53367    -8
53368   -14
53378   -14
53384   -15
53385    -7
53391   -15
53392   -11
53397   -16
53399    -4
53419     0
53420     0
53433    -1
53446   -18
53455    -8
53457   -13
53463    -9
53464   -23
53466  -999
53467   -26
53469   -16
53472   -16
53475   -20
53478    -7
53480   -11
53481   -16
53483   -10
53484   -11
53486   -15
53487    -9
53488   -19
53490  -999
53491    -6
53492   -11
53498    -1
53499   -13
53502     0
53505  -999
53512     0
53513     0
53517     0
53518     0
53519     1
53522     0
53529     1
53533    -5
53543   -10
53545    -6
53547     0
53553   -16
53562   -12
53564   -14
53565   -18
53567    -6
53573   -16
53574   -14
53575   -21
53576   -15
53577   -23
53578  -999
53579   -13
53580    -8
53582   -15
53584   -25
53585   -19
53588   -14
53590   -10
53593   -11
53594  -999
53596    -5
53599    -1
53602    -5
53610     0
53611     1
53612  -999
53614     1
53615     1
53617     0
53618     0
53619     0
53644    -1
53646    -5
53651  -999
53658   -24
53659   -21
53660    -9
53662   -24
53663   -19
53664   -15
53665   -21
53666   -15
53669   -27
53673   -12
53674   -16
53676    -9
53677   -18
53678   -18
53679   -28
53680    -8
53681    -9
53682    -4
53685   -12
53687  -999
53688    -9
53689   -16
53690    -4
53691    -9
53692    -5
53693   -10
53694    -8
53695   -11
53696   -12
53697   -17
53698   -14
53699   -15
53704     0
53705    -2
53707    -7
53723     0
53725     1
53727     0
53730     0
53732    -3
53735  -999
53738   -10
53740   -10
53748   -15
53750   -16
53751   -17
53753   -27
53754   -15
53756   -24
53757   -20
53759   -25
53760   -23
53763   -25
53764    -7
53767   -27
53768   -12
53769   -15
53770   -26
53771   -23
53772   -25
53773   -22
53774   -24
53775  -999
53776   -32
53777   -22
53778   -28
53780   -14
53781   -32
53782   -18
53783   -19
53784   -17
53785   -15
53786   -22
53787   -14
53788   -16
53789   -29
53790   -23
53791   -32
53792   -27
53794   -19
53795   -23
53796   -25
53797   -17
53798   -25
53799   -15
53806    -1
53810    -2
53817    -7
53821    -3
53829   -11
53832   -10
53841   -11
53845   -11
53848   -14
53850   -17
53852   -15
53853   -21
53854  -999
53856   -21
53857   -17
53859  -999
53860   -19
53861   -23
53862   -24
53863   -17
53864   -17
53865    -5
53866   -17
53868   -23
53869   -18
53871   -24
53872    -4
53873   -28
53874    -7
53875   -10
53877  -999
53878    -1
53879   -25
53880   -27
53881     0
53882    -7
53883   -14
53884  -999
53885    -6
53886    -4
53887  -999
53888   -14
53889    -6
53890   -12
53891   -26
53892   -13
53893    -9
53894   -11
53895   -21
53896   -17
53897   -16
53898   -17
53899   -20
53903     0
53906    -1
53908    -7
53910  -999
53914   -17
53915    -7
53916    -2
53917    -8
53923    -7
53924   -13
53925    -2
53926   -11
53927   -10
53928    -6
53929    -9
53930   -16
53931    -3
53934    -7
53935    -9
53937   -11
53938    -9
53941   -12
53942   -16
53944   -15
53945    -5
53947    -7
53948  -999
53949    -8
53950   -13
53953   -20
53954   -16
53955  -999
53956   -12
53957   -14
53958   -15
53959   -14
53961   -20
53962   -15
53963   -14
53964   -18
53965   -17
53966   -14
53967   -13
53968  -999
53970   -15
53972   -13
53973   -30
53974   -16
53975    -8
53976   -17
53978   -10
53979    -9
53980   -10
53981    -5
53982   -14
53983    -5
53984    -5
53985    -7
53986   -15
53987   -13
53988    -7
53989   -13
53991   -24
53992   -27
53993   -27
53994    -8
53995   -17
53996   -17
53997   -14
53998     0
54012    -8
54024    -5
54026     0
54027   -20
54031     0
54039    -4
54041    -6
54047   -10
54049   -13
54063   -11
54064  -999
54065    -7
54069   -15
54072    -2
54076    -2
54080     0
54092   -17
54093   -24
54094   -13
54096     0
54098   -19
54099     0
54102    -8
54113   -12
54115   -16
54117   -16
54122    -5
54132   -12
54134    -2
54135   -10
54142   -10
54154   -15
54156   -11
54157   -13
54161    -5
54164    -8
54165  -999
54169    -5
54171    -4
54172     0
54181     0
54186    -7
54187   -15
54192  -999
54195   -10
54204   -16
54205   -15
54208   -21
54213   -20
54214   -14
54218    -7
54223    -5
54225   -13
54226     0
54231     0
54234    -5
54236   -13
54237    -5
54243  -999
54244     0
54245   -10
54248  -999
54249    -6
54252     0
54254    -2
54259    -3
54260  -999
54261    -8
54263    -2
54266    -6
54267    -8
54273    -4
54274    -1
54276   -12
54284     0
54285   -15
54286  -999
54287  -999
54290    -6
54291   -12
54292    -9
54293    -1
54301   -14
54304    -6
54305   -17
54308    -2
54311    -7
54313    -8
54316     0
54318   -10
54319    -8
54320    -6
54321    -5
54323    -6
54324    -3
54325     1
54326    -2
54327    -5
54328    -6
54330  -999
54331    -7
54332    -4
54333    -7
54334  -999
54335    -5
54336    -1
54337    -2
54338     0
54339    -2
54340  -999
54342    -2
54345  -999
54346     1
54347     0
54348  -999
54349  -999
54351    -2
54353  -999
54362    -5
54363    -2
54365     0
54371    -3
54374     0
54377   -15
54386   -14
54398    -8
54399   -11
54401    -3
54404    -1
54405     1
54406  -999
54408     0
54410    -3
54412    -2
54416    -7
54419   -10
54420    -4
54421    -3
54423    -6
54424    -7
54425     0
54428    -9
54429   -13
54430     0
54431    -7
54432    -4
54433   -11
54434    -3
54436   -11
54437   -10
54438   -15
54439   -12
54449   -14
54452  -999
54453    -5
54454    -2
54455    -8
54470  -999
54471     0
54472  -999
54474     0
54475     0
54476     0
54483    -2
54486    -6
54493    -2
54494    -3
54497    -5
54499    -4
54501     1
54502    -3
54503   -10
54505    -7
54506    -5
54507    -3
54510    -3
54511    -7
54512     0
54513    -7
54514    -8
54515     1
54517   -10
54518     0
54519     1
54520    -8
54521    -6
54522    -8
54523     0
54525  -999
54526    -5
54527    -6
54528    -6
54529    -5
54530    -5
54531   -12
54532     0
54533    -5
54534    -3
54535   -13
54539    -9
54540   -12
54541   -16
54563     2
54568    -6
54569     0
54575     1
54579     1
54584     0
54590    -4
54594    -4
54596    -9
54597     0
54601   -10
54602    -9
54603   -22
54604   -20
54605   -11
54606   -18
54607   -10
54608     0
54609   -14
54610   -17
54611    -9
54612    -2
54613   -15
54614   -15
54615    -9
54616    -4
54617   -15
54618   -11
54619     0
54620   -21
54621   -16
54622    -4
54623     1
54624    -3
54626   -25
54627    -9
54628     0
54631   -13
54632   -16
54633   -13
54636    -9
54640   -18
54644    -5
54645    -4
54646  -999
54660  -999
54662    -3
54700   -15
54701   -11
54702   -11
54703   -12
54704   -24
54705   -16
54706   -19
54707   -13
54708   -15
54709   -20
54710   -17
54711   -14
54712   -19
54713   -12
54714   -22
54715   -18
54716    -7
54717   -20
54718   -14
54719    -4
54722   -11
54723     0
54724    -9
54725   -11
54726    -7
54727  -999
54728    -7
54729   -12
54730    -8
54731   -11
54732  -999
54734    -7
54736     0
54737    -5
54738    -3
54744  -999
54749     0
54751     1
54752     1
54753     1
54755     1
54759     0
54764    -2
54765    -3
54766    -2
54774    -2
54776    -6
54777    -4
54778    -5
54800   -14
54801   -18
54802   -17
54803   -20
54804   -18
54805   -10
54806   -26
54807   -15
54808   -11
54809   -12
54810   -20
54811    -9
54812   -11
54814    -6
54815   -20
54816    -3
54817   -17
54818    -3
54819    -2
54820   -17
54821   -14
54822    -2
54823    -3
54824    -1
54825    -4
54826    -4
54827   -10
54828     0
54829     0
54830     0
54831    -3
54832    -8
54833    -3
54834    -5
54835    -6
54836    -3
54837    -1
54841     0
54842  -999
54843     1
54844     0
54846     1
54848    -5
54849     0
54851    -5
54852    -7
54853    -2
54855     0
54857     9
54861     1
54863    -4
54868  -999
54871     0
54900   -26
54901   -14
54902   -13
54903   -20
54904   -25
54905    -9
54906   -12
54907     0
54908   -11
54909    -2
54910    -6
54911    -6
54912    -5
54913   -13
54914    -8
54915    -5
54916    -5
54917    -4
54918    -7
54919    11
54920    -4
54921    -7
54922     0
54923    -8
54925   -11
54927    -3
54929   -11
54932    -5
54935   -11
54936    -8
54938   -12
54939     0
54940    -5
54943     0
54945     0
54952  -999
55228     0
55248     0
55279    -9
55294    -6
55299    -5
55437     0
55472   -35
55493    -9
55572  -999
55578   -20
55585   -25
55589  -999
55591   -16
55593  -999
55597  -999
55598   -16
55655    -6
55664   -21
55680   -18
55681   -15
55690    -1
55696   -15
55773     1
56004     1
56016     1
56018    -1
56021     1
56029    -2
56033     0
56034     2
56038     0
56041  -999
56043     2
56045     3
56046     2
56065     1
56067     1
56071     0
56074     1
56075  -999
56079     1
56080    -1
56081   -13
56082   -19
56084   -14
56091   -14
56092    -9
56093   -18
56094   -28
56095   -25
56096   -16
56097   -15
56106    -1
56109  -999
56116    -8
56125     2
56128  -999
56132  -999
56137    -3
56144     1
56146     1
56147     0
56151     3
56152     1
56158     1
56164     1
56167     1
56168     1
56171     2
56172     1
56173     0
56178     0
56180     0
56181    -3
56182     1
56183     0
56184     1
56185     1
56186     0
56187     0
56188    -6
56189    -2
56190    -8
56192   -11
56193    -5
56194     0
56195     0
56196    -1
56197    -5
56198    -1
56199    -1
56202     1
56223    -5
56227     1
56228  -999
56247    -9
56251     1
56257     1
56263     1
56265  -999
56267     0
56272     0
56273    -4
56276    -4
56278     0
56279     0
56280     0
56281     0
56284    -3
56285    -6
56286     0
56287     0
56288    -4
56289    -2
56290    -3
56291    -5
56294  -999
56295     0
56296    -1
56297    -1
56298     0
56307   -18
56312     1
56317    -3
56331    -9
56342  -999
56357   -11
56371     0
56373     1
56374     2
56376    -4
56378    -7
56380     0
56381    -2
56382     0
56383     0
56384    -8
56385     0
56386    -6
56387   -15
56389    -6
56390     0
56391    -1
56393     0
56394     0
56395     1
56396     0
56399     1
56434     1
56441   -26
56443   -13
56444    -3
56459    -9
56462     2
56473  -999
56474  -999
56475    -2
56478  -999
56479     1
56480   -16
56483    -9
56485     0
56487  -999
56489     0
56490   -11
56491    -1
56492     0
56493     1
56494   -15
56496    -9
56497     0
56498     0
56499     0
56533     3
56543     0
56548     1
56565    -6
56567    -9
56569  -999
56571     2
56575  -999
56578  -999
56580  -999
56582    -2
56584  -999
56585     1
56586     0
56592    -6
56593     0
56594    -5
56595   -11
56596    -5
56598    -7
56641     1
56643  -999
56645     1
56646    -3
56649   -12
56651     0
56652   -21
56654    -5
56664   -20
56665    -7
56666   -15
56669   -16
56670    -7
56671     0
56673     0
56674   -25
56675  -999
56684     2
56688     2
56691     0
56693     1
56697     1
56739     3
56741  -999
56742   -14
56745    -4
56746   -11
56748     0
56751   -12
56752   -17
56755   -18
56756   -16
56757   -18
56761   -11
56763   -16
56764   -23
56766   -11
56767   -17
56768   -13
56772   -11
56774   -14
56775   -15
56777   -20
56778   -10
56781     2
56782     4
56783     3
56785     0
56786     2
56788    -1
56790     2
56792     2
56793     2
56835     2
56836     3
56838     0
56839     0
56840     3
56841     2
56842    -3
56843   -10
56844     2
56846    -7
56849    -1
56851   -33
56854   -16
56856   -16
56862   -18
56863    -7
56867    -8
56869    -8
56870   -17
56871   -17
56872    -6
56873    -1
56875   -12
56876   -13
56878   -15
56879   -23
56880    -1
56881     0
56882    -9
56883     2
56885    -7
56886     0
56889    -4
56891     2
56898   -10
56944     1
56945  -999
56946     0
56948    -4
56949   -20
56950   -18
56951   -12
56952     1
56954    -9
56958   -15
56959    -4
56961     1
56962     1
56964    -7
56966    -5
56969     0
56970    -1
56973   -12
56975   -11
56976   -18
56977     2
56978     2
56982   -20
56984   -11
56985   -12
56986   -12
56987     1
56989    -4
56991  -999
56992    -8
56994    -6
56995   -17
56996   -15
57001   -13
57002   -17
57003  -999
57004   -17
57006   -22
57007    -9
57008   -10
57011   -11
57012   -17
57014  -999
57016   -10
57020    -9
57021   -12
57022   -12
57023   -11
57024    -7
57025  -999
57026    -9
57027    -2
57028  -999
57029   -12
57030  -999
57031   -14
57032    -7
57033   -14
57034   -13
57035   -14
57036   -18
57037   -12
57038   -14
57039    -9
57040   -14
57041    -9
57042   -12
57043   -15
57044   -13
57045   -15
57046   -13
57047   -17
57048  -999
57049  -999
57051    -7
57052  -999
57053    -7
57054    -5
57055    -6
57056    -3
57057    -3
57060   -13
57061   -11
57063   -12
57065   -13
57066   -11
57067    -8
57070   -16
57071   -14
57072   -11
57073  -999
57074   -12
57075   -11
57076   -15
57077    -2
57078    -5
57079   -13
57080    -8
57081   -13
57082    -8
57083   -14
57084  -999
57085   -13
57089   -11
57090   -13
57091   -10
57093   -10
57094   -15
57095    -8
57096   -12
57098    -5
57099     0
57102    -5
57105    -2
57106    -4
57110    -4
57111    -3
57113     0
57119    -1
57124  -999
57126   -12
57127    -4
57128    -7
57129    -8
57131  -999
57132   -12
57134    -6
57137   -10
57140    -2
57143    -7
57144    -5
57153    -6
57154  -999
57155     0
57156    -6
57162    -2
57169    -3
57173   -10
57175     1
57176    -6
57177   -11
57178    -2
57179    -3
57180   -13
57181    -7
57182   -10
57183    -6
57184    -6
57185   -11
57186    -6
57187    -6
57188    -4
57189    -6
57190  -999
57191   -14
57192     0
57193     0
57194    -3
57195    -7
57196    -5
57197    -5
57198    -6
57204     0
57206     0
57208     0
57211  -999
57213    -3
57216     0
57217    -4
57231    -9
57232   -14
57233   -14
57237   -15
57238  -999
57242    -4
57245    -7
57247   -18
57248   -14
57249   -10
57251     0
57253    -5
57254     0
57256  -999
57257    -7
57259    -7
57260    -1
57261    -5
57265    -3
57268    -8
57271    -9
57273   -12
57274   -11
57278  -999
57279   -13
57281   -13
57285  -999
57290    -4
57292    -7
57293    -8
57294    -3
57295    -5
57296   -11
57297   -11
57298   -13
57299   -11
57303    -9
57304    -7
57306   -11
57307    -7
57308   -11
57309   -11
57313    -5
57314   -16
57315   -13
57317   -14
57318   -14
57320    -9
57324    -9
57326    -9
57328    -5
57329   -11
57333    -9
57343  -999
57345    -7
57348   -14
57349   -14
57351  -999
57352  -999
57353  -999
57355   -14
57358  -999
57359  -999
57361   -11
57362   -11
57363    -3
57368   -14
57370    -8
57377   -10
57378   -14
57381  -999
57385   -11
57387   -11
57388   -16
57389    -5
57390    -8
57395  -999
57396   -10
57398    -9
57399    -2
57401    -8
57402   -13
57405   -10
57407    -4
57408   -12
57409   -19
57411   -13
57413   -13
57414   -17
57415   -16
57416   -14
57417   -18
57420    -7
57425   -17
57426    -6
57431     0
57432    -7
57437   -15
57438    -6
57439  -999
57445  -999
57447   -16
57451  -999
57453  -999
57458   -24
57460   -13
57461   -17
57462  -999
57464   -18
57465   -15
57466    -7
57469    -5
57475     1
57476    -6
57477     0
57481    -3
57482  -999
57483    -1
57485     0
57486    -1
57489     0
57491     0
57492    -6
57493  -999
57494    -4
57496   -17
57498   -11
57499    -5
57502  -999
57503  -999
57504  -999
57505     0
57506    -1
57507     1
57508     1
57509     0
57510    -8
57511   -15
57512  -999
57513   -14
57514    -4
57515  -999
57516     0
57517  -999
57518     0
57519    -4
57520  -999
57522   -13
57523  -999
57525    -6
57536  -999
57537     0
57540    -1
57541   -13
57543   -11
57544    -9
57545    -7
57554    -6
57558    -1
57562     1
57564     1
57565     0
57566     0
57571    -5
57573  -999
57574    -6
57575    -8
57577    -5
57581  -999
57582    -8
57583   -11
57584    -7
57585    -6
57586     0
57589    -1
57590    -7
57595  -999
57598     1
57600     1
57602  -999
57603     1
57604  -999
57605    -5
57606     0
57608     0
57609     1
57612  -999
57614     1
57622  -999
57623     1
57625     1
57633     1
57634     1
57635     1
57636     1
57637     1
57640    -2
57642  -999
57643     0
57646     1
57647     1
57649     2
57655     2
57657     3
57658     2
57661     0
57662     0
57663     0
57666     2
57669     2
57671     0
57673  -999
57674     1
57678     1
57679  -999
57680     2
57682     1
57687     1
57688     1
57694     3
57696  -999
57698     3
57699     3
57707     0
57708    -6
57710     0
57713     1
57714    -4
57717     0
57718    -8
57719    -3
57720     1
57722     0
57723     1
57728     0
57729     1
57731     1
57732     1
57734     0
57735     1
57736     1
57737     1
57738     0
57739     0
57740     2
57741     0
57742     1
57743     2
57744    -6
57745     1
57749  -999
57752  -999
57754     0
57758  -999
57760     3
57761  -999
57762     3
57763     2
57765  -999
57766     0
57767     0
57768     1
57769     1
57771     2
57772     3
57773     2
57774     2
57776     3
57777     2
57778     2
57779  -999
57780     2
57781     3
57786     2
57789  -999
57792     1
57793     1
57796     2
57798     3
57799     4
57800     0
57803    -4
57805     1
57806     1
57807     1
57808     1
57809     1
57811     0
57813     1
57814     2
57816     0
57818     3
57821     1
57822     1
57824     1
57825     1
57827     1
57828     1
57829     3
57832     1
57834     1
57835     1
57837     1
57839     2
57840     1
57841  -999
57842     3
57844     0
57845     2
57846     3
57851     2
57853     2
57857  -999
57859     1
57860     0
57865     1
57866     3
57867     2
57868     1
57870     1
57871     0
57872     1
57874     2
57875     1
57876     2
57881     1
57882     2
57883     3
57886     2
57887     2
57889  -999
57891     2
57894     4
57895     2
57896     1
57899     3
57900     2
57902     2
57903     3
57905     1
57906     3
57907    15
57908    -1
57909     1
57910     4
57911     0
57912     0
57913     2
57914     1
57915     0
57916     2
57921     2
57922     2
57923     2
57926     1
57927     2
57932     2
57936     2
57941     1
57942     1
57947     3
57948     3
57949     3
57954     3
57955     4
57956     4
57957     3
57958     3
57960     4
57962     4
57964     3
57965     3
57966     3
57969     3
57971     2
57972     2
57973     2
57974  -999
57975     2
57976     1
57978     1
57981     3
57985     1
57988    -6
57989     1
57990     0
57991     1
57992     1
57993     1
57994     1
57995     1
57996     2
58001    -3
58002     6
58003    -2
58004   -14
58005    -7
58006     0
58007    -1
58008   -10
58011    -5
58012    -4
58013  -999
58015    -5
58016    -6
58017    -5
58020    -3
58021    -3
58022    -4
58024   -10
58025    -8
58026  -999
58027    -7
58030   -12
58032   -11
58034  -999
58035  -999
58036    -7
58038  -999
58040     1
58041  -999
58044    -4
58045  -999
58047  -999
58048  -999
58049    -8
58100    -1
58101    -7
58102    -8
58104     0
58107    -4
58108    -7
58109    -6
58111  -999
58113   -10
58114    -4
58116   -10
58117    -1
58118  -999
58122    -8
58125    -6
58126    -4
58127    -7
58128    -7
58129    -5
58130  -999
58131   -14
58132   -12
58135  -999
58138   -12
58139   -14
58140   -13
58141   -13
58143  -999
58144  -999
58145  -999
58146   -20
58147  -999
58148   -15
58150   -10
58154   -20
58158  -999
58202   -11
58203   -11
58205   -10
58207   -10
58208   -12
58210    -7
58212   -10
58214    -4
58215    -7
58220   -11
58221    -7
58222    -3
58223    -7
58224    -8
58225  -999
58230   -11
58234    -9
58235  -999
58236    -5
58237  -999
58238   -12
58240   -14
58241   -17
58242  -999
58243   -20
58244  -999
58245   -15
58246  -999
58247  -999
58249  -999
58250   -19
58251   -21
58254  -999
58255  -999
58257   -21
58259   -23
58264   -20
58265   -19
58268  -999
58269  -999
58301   -15
58306   -12
58311   -11
58314    -4
58316    -4
58317   -10
58319   -12
58320    -4
58321    -4
58323    -8
58326    -9
58327   -13
58329    -9
58330   -12
58331   -12
58333  -999
58334   -14
58335   -13
58336  -999
58337    -9
58338    -7
58339  -999
58340   -20
58341    -8
58342  -999
58343   -20
58344  -999
58345   -18
58346   -14
58351  -999
58352  -999
58353  -999
58354  -999
58356  -999
58358   -13
58359  -999
58360  -999
58361   -15
58362    -8
58365   -10
58366   -16
58367   -11
58369   -11
58370  -999
58377  -999
58401    -4
58402    -9
58404   -10
58407    -6
58408    -6
58409    -9
58414  -999
58415    -8
58416   -12
58417    -9
58418    -3
58419  -999
58420    -7
58421   -12
58423  -999
58424    -3
58426   -14
58427    -8
58428   -14
58429  -999
58431   -13
58432   -13
58433   -17
58435   -15
58436   -13
58437    -7
58438    -4
58441   -14
58442   -12
58443    -9
58445  -999
58446    -9
58448  -999
58449   -15
58450  -999
58451    -8
58452    -9
58453  -999
58454    -4
58455    -5
58456     0
58457    -3
58458     0
58459    -5
58460    -5
58461   -14
58462   -10
58463     0
58464    -3
58467    -1
58468    -3
58472     0
58473  -999
58477     0
58484  -999
58500  -999
58501   -11
58502    -4
58503    -9
58506     1
58507  -999
58508    -3
58509     0
58510    -6
58512    -3
58514     0
58517     0
58519    -3
58520  -999
58523   -15
58527    -1
58529    -3
58530   -18
58531   -15
58534   -18
58537     1
58542    -9
58543   -11
58544    -2
58546     0
58547  -999
58548     1
58549     1
58550    -8
58553  -999
58555     1
58556     1
58557  -999
58558     2
58559     1
58562     0
58563     0
58565     1
58567     1
58568     2
58569     2
58570  -999
58600  -999
58601     1
58602     1
58605     3
58606     2
58607     4
58608     3
58609     3
58612     1
58614     4
58615     1
58616     4
58618     4
58619  -999
58620     0
58622  -999
58623  -999
58624     3
58625     3
58626     3
58627     4
58629     4
58631     1
58632  -999
58633     1
58634     2
58635     3
58637  -999
58642     2
58643     2
58644     3
58646     2
58647     4
58652  -999
58653  -999
58654     2
58656     1
58657     2
58658     2
58659     2
58660     2
58664     2
58665     2
58666     2
58667     1
58693     2
58701     3
58704     3
58705  -999
58706     3
58707     3
58710     3
58712     4
58713     4
58714     3
58715     4
58718  -999
58719     4
58724     4
58725     4
58726  -999
58730     4
58731     4
58734  -999
58735     3
58736     3
58737     3
58742  -999
58744  -999
58745     3
58746     3
58747     2
58748     1
58749     2
58750     3
58751     2
58752     2
58754     1
58760     1
58765  -999
58804     2
58806  -999
58813     4
58814     3
58818  -999
58819     4
58820     4
58821     4
58822     4
58823     5
58824     4
58826     4
58828     4
58834     5
58836     4
58837  -999
58839     2
58843  -999
58844     3
58845     1
58846     1
58847     2
58848     2
58853  -999
58903     4
58905     2
58906     3
58907     3
58911     4
58912     3
58917     2
58918     2
58921     3
58923     3
58926     3
58927  -999
58928     2
58929     3
58931     4
58932     2
58933     3
58934     2
58935     3
58936  -999
58938  -999
58940  -999
58941     2
58942     3
58944     2
58946     3
59001    -4
59004     0
59007    -2
59012     2
59015     2
59017     0
59021     3
59022     3
59023     1
59025     1
59027     1
59031     2
59033     2
59034     1
59037     1
59038     2
59041     0
59044     0
59045     2
59046     1
59047     0
59051     2
59052     3
59053     2
59055     2
59057     2
59058     3
59059     2
59061     3
59063     3
59064     2
59065     2
59071     3
59072     3
59074     2
59075     2
59081     1
59082     2
59087     2
59088  -999
59090     2
59091     2
59092  -999
59093     3
59094     3
59096     3
59097  -999
59099     3
59102     3
59106     2
59107  -999
59109     1
59113  -999
59114     3
59116  -999
59117     1
59122     0
59124     1
59125     1
59126     0
59127     1
59129  -999
59130     1
59131     3
59133     2
59134     1
59137     2
59205    -7
59209     0
59211     1
59213     1
59215     1
59218     1
59224     1
59227     2
59228     0
59229     1
59230     2
59235     1
59237     1
59238     1
59241     1
59242     1
59246     1
59249     1
59254     2
59255     2
59256     1
59264     1
59265     3
59266     2
59268     1
59269     1
59270     2
59271     1
59276     1
59278     1
59279     1
59280  -999
59284     1
59285     2
59287     1
59288    -2
59289  -999
59290     3
59293     2
59294     2
59297     2
59298     1
59303     1
59304  -999
59306  -999
59310     1
59312     0
59313    -2
59314     3
59315     1
59316     2
59317     2
59318     3
59319     1
59320    -5
59321     0
59322    -2
59324     2
59417     0
59419    -1
59421     2
59425    -4
59426     1
59427     0
59429   -13
59431     1
59432  -999
59435     1
59441     0
59446     2
59448     2
59449     0
59451     2
59452     2
59453     1
59454     1
59456     1
59457     2
59462     0
59469     3
59470    -3
59471     1
59473     1
59475     2
59476     2
59477     3
59478     2
59480     1
59481     1
59485  -999
59487     2
59488  -999
59492     3
59493    -1
59500     2
59501     1
59502     2
59626     1
59631     0
59632   -10
59635  -999
59640   -16
59644   -11
59647   -14
59650     1
59653     2
59654     1
59655     2
59656   -10
59658     0
59659     1
59663     1
59664     0
59673     3
59750   -11
59754   -16
59757    -7
59758   -11
59838   -17
59842   -15
59843    -9
59845   -12
59847   -21
59848    -4
59849   -10
59851   -16
59854   -20
59855   -13
59856    -9
59940   -12
59941   -14
59945     0
59948   -10
59951    -3
59954     0
59981   -11
57086   -13
57087    -9
57339   -11
