	54846	-2.01
	52995	-1.9803
	54844	-1.9737
	54804	-1.9443
	55279	-1.8989
	55294	-1.8977
	54835	-1.8944
	52998	-1.8585
	52869	-1.8033
	52868	-1.7727
	54805	-1.7426
	57006	-1.6973
	54919	-1.6703
	53866	-1.656
	54237	-1.6514
	54223	-1.6417
	54142	-1.629
	54334	-1.6183
	52982	-1.6163
	54324	-1.5996
	53947	-1.5934
	52856	-1.5594
	53829	-1.5499
	53864	-1.5481
	53781	-1.5412
	53861	-1.5373
	53890	-1.5259
	53878	-1.5234
	54842	-1.5231
	54800	-1.5161
	54828	-1.515
	53868	-1.5139
	53899	-1.5074
	52986	-1.5056
	52875	-1.5005
	55589	-1.4883
	54918	-1.4858
	54820	-1.483
	57198	-1.4795
	53996	-1.4723
	54837	-1.4717
	55299	-1.47
	54922	-1.4564
	54853	-1.456
	54923	-1.4502
	54453	-1.4456
	53773	-1.442
	54606	-1.4367
	54855	-1.4366
	54609	-1.4329
	57012	-1.4261
	57176	-1.4205
	54248	-1.4203
	55578	-1.4179
	54455	-1.4132
	53991	-1.4023
	57195	-1.3907
	54236	-1.3898
	54826	-1.3805
	54821	-1.3698
	54935	-1.3659
	54377	-1.3645
	54766	-1.3642
	56092	-1.3642
	52863	-1.3641
	53898	-1.3637
	54633	-1.3543
	54777	-1.3505
	58100	-1.3482
	57021	-1.3409
	54778	-1.3387
	55585	-1.3387
	57041	-1.3327
	57022	-1.3206
	57192	-1.3185
	54226	-1.3171
	53853	-1.316
	53954	-1.314
	53738	-1.3109
	57011	-1.3047
	53865	-1.3043
	54776	-1.3031
	53906	-1.3026
	52866	-1.3011
	54836	-1.3006
	53992	-1.3005
	56192	-1.2885
	54331	-1.2854
	54832	-1.2846
	57001	-1.2842
	54631	-1.2829
	57175	-1.2824
	57196	-1.2819
	54932	-1.2804
	54705	-1.2799
	57014	-1.2799
	57194	-1.2796
	54806	-1.2761
	57027	-1.2717
	54920	-1.2685
	58113	-1.2679
	53998	-1.2676
	56091	-1.2601
	56279	-1.2583
	54801	-1.258
	54921	-1.2485
	57184	-1.2461
	57037	-1.2452
	52972	-1.2428
	53995	-1.2424
	57033	-1.2417
	58101	-1.2402
	54287	-1.2374
	53976	-1.226
	54852	-1.2255
	54156	-1.2233
	53895	-1.2195
	53957	-1.2176
	55493	-1.2154
	57186	-1.2153
	53891	-1.2139
	53941	-1.2133
	52980	-1.2117
	53893	-1.2077
	53963	-1.2074
	53975	-1.2056
	53896	-1.2051
	53934	-1.2012
	54815	-1.1957
	53989	-1.1953
	54841	-1.194
	52988	-1.193
	53964	-1.192
	54186	-1.1914
	54632	-1.1909
	54816	-1.1881
	54335	-1.1854
	52885	-1.1823
	53982	-1.1789
	53884	-1.178
	53908	-1.1744
	57182	-1.1731
	57132	-1.1713
	57154	-1.1711
	54861	-1.1698
	57156	-1.166
	54325	-1.162
	54327	-1.1591
	52943	-1.1576
	57188	-1.1559
	53707	-1.1555
	53948	-1.1546
	57047	-1.1542
	56082	-1.15
	54323	-1.1486
	57016	-1.1455
	52908	-1.143
	53937	-1.1428
	53817	-1.1421
	53967	-1.1403
	54825	-1.14
	56193	-1.1397
	53997	-1.1349
	52993	-1.1334
	53856	-1.1317
	58002	-1.1307
	55655	-1.1291
	54849	-1.1212
	53894	-1.1145
	53897	-1.1135
	53974	-1.1114
	56223	-1.1099
	57020	-1.1083
	54812	-1.1072
	53966	-1.0994
	52884	-1.0964
	57077	-1.0954
	54814	-1.0943
	54807	-1.0926
	53984	-1.0912
	53914	-1.0892
	57093	-1.084
	53892	-1.0834
	54927	-1.0833
	57004	-1.0812
	53926	-1.0768
	57279	-1.0757
	54338	-1.0756
	53882	-1.0726
	54540	-1.0699
	58036	-1.0698
	57034	-1.067
	53961	-1.0661
	56849	-1.0658
	54332	-1.0653
	57173	-1.0631
	54900	-1.0627
	53942	-1.0599
	52963	-1.0538
	53949	-1.0538
	53785	-1.0526
	53799	-1.0461
	57035	-1.0447
	54640	-1.0412
	54903	-1.038
	54342	-1.0373
	58013	-1.0355
	54917	-1.0342
	57002	-1.0341
	55773	-1.034
	55664	-1.0278
	53859	-1.0273
	52896	-1.0272
	59501	-1.0271
	56966	-1.0254
	57253	-1.0234
	57048	-1.0221
	57102	-1.0189
	56065	-1.0165
	54810	-1.0138
	53821	-1.0133
	52984	-1.0126
	53877	-1.0124
	54454	-1.0083
	56331	-1.0062
	54943	-1.0044
	58038	-1.0041
	58104	-1.0028
	53923	-1.0001
	54285	-0.9997
	57042	-0.9988
	56093	-0.9973
	57274	-0.9966
	53994	-0.9952
	54704	-0.9928
	54386	-0.9913
	57008	-0.9897
	54857	-0.9894
	56946	-0.9884
	57251	-0.9883
	53917	-0.9878
	53985	-0.9874
	55591	-0.9853
	53848	-0.9829
	54909	-0.9793
	57038	-0.9763
	53697	-0.9758
	57153	-0.9748
	57292	-0.9747
	54225	-0.9737
	57189	-0.9712
	54320	-0.9698
	58041	-0.9689
	54249	-0.9646
	52895	-0.9636
	53862	-0.959
	53930	-0.9573
	54532	-0.9566
	57075	-0.9566
	53543	-0.9553
	54929	-0.9531
	54811	-0.9493
	54916	-0.9486
	54187	-0.9477
	53727	-0.9441
	54803	-0.9404
	57045	-0.9403
	53796	-0.9386
	57216	-0.9375
	57177	-0.9355
	54901	-0.9353
	54702	-0.9352
	53740	-0.9315
	53764	-0.9302
	56944	-0.9276
	57029	-0.9265
	54764	-0.9256
	57003	-0.9251
	53778	-0.9249
	57268	-0.9217
	57090	-0.9214
	58030	-0.9212
	57025	-0.9207
	54871	-0.9197
	50880	-0.9194
	53850	-0.9166
	57281	-0.9164
	53950	-0.9162
	58035	-0.9159
	57273	-0.9147
	56543	-0.911
	53953	-0.9086
	58006	-0.9084
	58130	-0.9073
	51058	-0.9071
	57030	-0.9065
	54260	-0.9052
	57007	-0.905
	54525	-0.9042
	58114	-0.9013
	54914	-0.9009
	56284	-0.9002
	53774	-0.8935
	53983	-0.89
	54701	-0.8866
	57162	-0.8857
	54715	-0.8846
	54737	-0.8787
	56018	-0.8761
	53945	-0.8754
	56004	-0.8744
	53955	-0.8735
	57636	-0.8697
	54774	-0.868
	53798	-0.866
	57183	-0.8658
	56434	-0.8649
	57111	-0.8638
	57081	-0.8615
	56280	-0.8606
	54925	-0.8593
	56194	-0.8543
	59940	-0.8518
	58015	-0.8513
	54708	-0.8511
	53988	-0.8487
	58108	-0.8484
	58102	-0.8476
	57056	-0.846
	57179	-0.8458
	54729	-0.8451
	53886	-0.845
	56080	-0.8434
	54911	-0.8432
	54843	-0.8412
	53881	-0.8395
	57078	-0.8391
	54906	-0.8371
	54363	-0.837
	57185	-0.8368
	57119	-0.83
	58122	-0.8291
	54620	-0.8289
	54336	-0.8273
	54851	-0.8273
	52853	-0.826
	54351	-0.8255
	53860	-0.8254
	52996	-0.8245
	57634	-0.824
	57126	-0.8238
	53986	-0.823
	53787	-0.8215
	54244	-0.8213
	54706	-0.8205
	56029	-0.82
	57295	-0.8197
	56190	-0.8191
	57113	-0.8187
	53968	-0.8185
	53944	-0.8177
	53754	-0.8173
	54049	-0.8151
	58026	-0.8146
	54259	-0.8123
	58047	-0.8053
	56278	-0.8035
	54749	-0.8022
	53883	-0.8019
	57180	-0.801
	54252	-0.7988
	57297	-0.7978
	52985	-0.7969
	54069	-0.7967
	57265	-0.7959
	57039	-0.7958
	57285	-0.794
	54736	-0.7922
	56016	-0.7916
	56844	-0.7901
	57197	-0.79
	57143	-0.785
	57181	-0.7834
	54912	-0.7829
	54834	-0.7825
	54470	-0.7822
	58012	-0.7808
	56389	-0.7796
	54584	-0.779
	57293	-0.7789
	58107	-0.7781
	58025	-0.7771
	57127	-0.7762
	56084	-0.7734
	57140	-0.7707
	58131	-0.7691
	57026	-0.7658
	52957	-0.7653
	54830	-0.7644
	54902	-0.7642
	57091	-0.7621
	53959	-0.7617
	53790	-0.7609
	54273	-0.7609
	54601	-0.7606
	58109	-0.757
	56021	-0.7557
	56094	-0.7552
	54608	-0.7529
	54765	-0.7518
	57260	-0.7494
	50963	-0.7476
	57106	-0.7474
	54437	-0.7471
	57040	-0.747
	54907	-0.7459
	54452	-0.745
	56095	-0.7436
	57057	-0.7412
	53399	-0.7411
	54818	-0.7409
	57294	-0.7387
	56096	-0.7385
	58111	-0.7377
	54905	-0.7368
	57395	-0.7363
	57256	-0.7356
	54915	-0.7352
	53770	-0.7339
	54541	-0.7317
	54660	-0.7301
	58016	-0.73
	54568	-0.7293
	57079	-0.7276
	58032	-0.727
	53978	-0.7264
	58116	-0.7234
	58008	-0.7228
	57031	-0.7223
	57024	-0.721
	58472	-0.7209
	50954	-0.7198
	54234	-0.7188
	58021	-0.7187
	57290	-0.7186
	53806	-0.7179
	52955	-0.7174
	58007	-0.7148
	53775	-0.7121
	58203	-0.709
	54493	-0.7067
	59750	-0.7054
	57363	-0.7045
	50603	-0.704
	58034	-0.7035
	56106	-0.7013
	56381	-0.6995
	54824	-0.698
	57099	-0.695
	51329	-0.6924
	55696	-0.6912
	54617	-0.6885
	54569	-0.6879
	57193	-0.6874
	53772	-0.6872
	53979	-0.6786
	57086	-0.6784
	53852	-0.6778
	53993	-0.6769
	56034	-0.6768
	53705	-0.6756
	53564	-0.6717
	54910	-0.6705
	53810	-0.6699
	57137	-0.6683
	53874	-0.6677
	54365	-0.6654
	57082	-0.6639
	57023	-0.6627
	53970	-0.6624
	58126	-0.6607
	54945	-0.6597
	50884	-0.6588
	57055	-0.6577
	54286	-0.6569
	54833	-0.6565
	56286	-0.6555
	57271	-0.6549
	54575	-0.6515
	50788	-0.6481
	53928	-0.6475
	52974	-0.6452
	53962	-0.6445
	57028	-0.6435
	57072	-0.6408
	53915	-0.6376
	57361	-0.6353
	54449	-0.6341
	54521	-0.6324
	54808	-0.6315
	58207	-0.6313
	53854	-0.6309
	50888	-0.6307
	53956	-0.6296
	54511	-0.6261
	52876	-0.626
	58202	-0.6238
	54539	-0.622
	57178	-0.6201
	54472	-0.6192
	56228	-0.6177
	54738	-0.6172
	55593	-0.6157
	52674	-0.6149
	58011	-0.6132
	54362	-0.6128
	57129	-0.6111
	57348	-0.6095
	57298	-0.6072
	53938	-0.6071
	54494	-0.6044
	56181	-0.6036
	56287	-0.6035
	51068	-0.6011
	57296	-0.5946
	54321	-0.5931
	53780	-0.5923
	58003	-0.5922
	54522	-0.591
	54261	-0.5889
	57076	-0.5889
	57261	-0.5886
	54711	-0.5821
	56043	-0.5808
	53791	-0.5736
	57242	-0.5732
	54339	-0.5705
	58017	-0.5697
	56839	-0.5689
	57191	-0.5682
	56307	-0.5672
	53903	-0.567
	57232	-0.5634
	50953	-0.5622
	59941	-0.5616
	51330	-0.5612
	56285	-0.5609
	58666	-0.5588
	54333	-0.5582
	58118	-0.552
	54154	-0.5518
	54134	-0.55
	59429	-0.5497
	54438	-0.5436
	57144	-0.5431
	57278	-0.5429
	54231	-0.5417
	54337	-0.5394
	54823	-0.5374
	53784	-0.5345
	53735	-0.5316
	56386	-0.5298
	51232	-0.5274
	53565	-0.5274
	57254	-0.5261
	53958	-0.5246
	56384	-0.5245
	56164	-0.5237
	56202	-0.5212
	59315	-0.5194
	57070	-0.5184
	53083	-0.515
	58004	-0.5143
	54714	-0.514
	56298	-0.513
	50524	-0.5112
	54436	-0.5104
	54276	-0.5077
	54164	-0.5076
	57071	-0.5074
	55248	-0.5073
	57124	-0.5025
	57063	-0.5012
	57110	-0.5
	54319	-0.4991
	57043	-0.4983
	57169	-0.4974
	51542	-0.4964
	59427	-0.4962
	57187	-0.4925
	50767	-0.4897
	57080	-0.4885
	58125	-0.4876
	57385	-0.4876
	55690	-0.4869
	51356	-0.4866
	57217	-0.4865
	54347	-0.4841
	50949	-0.4826
	57315	-0.481
	57299	-0.4803
	57098	-0.4801
	51437	-0.4774
	54703	-0.476
	57204	-0.476
	54707	-0.472
	53578	-0.4711
	56950	-0.4706
	53782	-0.47
	57155	-0.467
	54535	-0.4669
	53475	-0.4663
	57206	-0.4657
	54829	-0.4649
	56273	-0.4634
	53786	-0.4579
	58001	-0.4568
	51633	-0.4562
	51495	-0.4532
	56378	-0.4519
	57087	-0.4516
	57066	-0.4501
	50968	-0.4491
	54716	-0.4481
	54027	-0.4473
	53929	-0.4454
	50425	-0.4452
	54626	-0.4443
	50960	-0.4423
	58323	-0.4422
	53927	-0.4407
	54662	-0.4353
	56693	-0.435
	54619	-0.4337
	58005	-0.4322
	53689	-0.4294
	53685	-0.4278
	57084	-0.4244
	54717	-0.4233
	54243	-0.4223
	56973	-0.4213
	58044	-0.4207
	58667	-0.4189
	50618	-0.4181
	54822	-0.4165
	53517	-0.4152
	54506	-0.4146
	51328	-0.4105
	54349	-0.4096
	53704	-0.4061
	54940	-0.4033
	54710	-0.4023
	50431	-0.4016
	53392	-0.4008
	53602	-0.4005
	54636	-0.3987
	56774	-0.3948
	58128	-0.3943
	50756	-0.3942
	58048	-0.3919
	57378	-0.39
	50776	-0.3898
	56948	-0.3891
	56186	-0.3886
	56976	-0.3886
	54431	-0.3866
	54065	-0.385
	50787	-0.3843
	57105	-0.3814
	56199	-0.3813
	57211	-0.3808
	53797	-0.3802
	53391	-0.3799
	56835	-0.3784
	57359	-0.3778
	52557	-0.3751
	53776	-0.375
	56195	-0.3746
	52576	-0.3741
	57067	-0.3726
	58212	-0.3666
	56188	-0.3661
	57054	-0.3649
	54603	-0.3631
	57065	-0.3613
	54218	-0.3595
	57309	-0.3567
	53562	-0.3534
	54113	-0.3518
	57083	-0.345
	54590	-0.3449
	56189	-0.3443
	53467	-0.3433
	57061	-0.3411
	57637	-0.3402
	50871	-0.3383
	58665	-0.337
	58040	-0.3345
	54628	-0.3335
	54213	-0.3299
	56382	-0.329
	57396	-0.3273
	54718	-0.323
	56380	-0.3211
	54751	-0.3209
	50948	-0.3161
	54624	-0.3155
	54483	-0.313
	58117	-0.3118
	52446	-0.3118
	58301	-0.3116
	56643	-0.3113
	52784	-0.3094
	57060	-0.3091
	52797	-0.3086
	54064	-0.3085
	57096	-0.3071
	54165	-0.3052
	54713	-0.3029
	54817	-0.3027
	57989	-0.3014
	56197	-0.3002
	54613	-0.2997
	56071	-0.2994
	53384	-0.2993
	57646	-0.2978
	52323	-0.2966
	57313	-0.294
	53696	-0.2939
	50527	-0.2934
	54722	-0.2929
	57355	-0.2924
	57462	-0.2914
	56840	-0.2913
	59107	-0.2902
	58045	-0.2897
	52652	-0.2888
	50962	-0.2877
	51434	-0.2869
	57543	-0.2866
	57370	-0.2863
	52447	-0.2858
	54432	-0.2856
	56196	-0.2852
	58223	-0.2832
	53687	-0.283
	50772	-0.2801
	58129	-0.2773
	53910	-0.2723
	56097	-0.2702
	57245	-0.2694
	53420	-0.2681
	54284	-0.2681
	54434	-0.268
	50955	-0.2659
	52754	-0.264
	51334	-0.2637
	56125	-0.2636
	58221	-0.2627
	56646	-0.261
	50940	-0.26
	58127	-0.2583
	56171	-0.257
	52418	-0.2565
	57926	-0.2544
	58205	-0.2541
	52313	-0.2529
	57213	-0.2497
	52889	-0.2477
	53446	-0.2477
	50879	-0.2473
	53789	-0.2466
	54181	-0.2436
	54621	-0.241
	59945	-0.2408
	51701	-0.2378
	54604	-0.2349
	54475	-0.233
	53487	-0.2317
	54371	-0.2303
	53771	-0.2297
	54712	-0.2287
	52203	-0.2283
	51358	-0.2271
	52661	-0.2255
	58214	-0.2235
	56281	-0.2226
	54318	-0.2219
	56081	-0.2207
	52546	-0.2186
	53699	-0.2163
	54627	-0.2158
	54172	-0.2149
	52978	-0.2144
	57458	-0.2116
	52765	-0.2053
	56969	-0.2048
	54063	-0.204
	50525	-0.2034
	53725	-0.2031
	52707	-0.203
	58135	-0.2028
	51241	-0.2022
	51465	-0.2015
	59500	-0.1996
	57564	-0.1973
	56046	-0.1973
	58656	-0.1966
	56970	-0.1941
	54530	-0.1928
	53466	-0.1925
	54267	-0.1915
	53505	-0.1909
	56742	-0.1908
	57231	-0.1901
	54616	-0.189
	50854	-0.1887
	57095	-0.1842
	57460	-0.184
	54039	-0.1837
	54274	-0.1831
	50928	-0.1826
	54374	-0.1823
	53580	-0.1803
	54730	-0.1788
	51431	-0.1759
	57049	-0.1752
	57089	-0.1697
	53698	-0.1692
	54700	-0.1689
	53567	-0.1668
	54026	-0.1665
	54157	-0.1661
	54644	-0.1658
	57134	-0.1652
	57723	-0.1639
	53680	-0.1632
	57046	-0.1624
	52836	-0.1623
	57390	-0.1587
	54938	-0.1584
	59425	-0.1572
	52657	-0.1549
	53916	-0.1531
	52737	-0.1529
	58210	-0.1518
	58311	-0.1517
	57407	-0.1505
	56548	-0.1504
	50353	-0.1499
	57094	-0.1497
	57439	-0.1485
	54132	-0.1467
	53502	-0.1447
	57085	-0.1447
	54433	-0.1438
	56898	-0.1427
	54290	-0.1405
	58208	-0.1402
	59109	-0.1389
	53576	-0.1381
	53676	-0.1379
	59631	-0.1361
	53651	-0.1344
	54734	-0.1323
	52533	-0.1285
	56295	-0.1283
	57044	-0.1278
	58020	-0.1277
	59297	-0.1276
	53480	-0.1276
	51636	-0.1237
	50936	-0.1225
	52643	-0.1219
	51704	-0.1211
	50934	-0.121
	50745	-0.1203
	54161	-0.1197
	54439	-0.1197
	54611	-0.1167
	59318	-0.1164
	57445	-0.1158
	55472	-0.1149
	57318	-0.112
	54531	-0.1098
	57238	-0.1093
	54563	-0.1054
	56757	-0.1052
	53682	-0.1037
	59304	-0.1032
	58236	-0.1024
	51357	-0.1016
	50842	-0.0995
	54612	-0.0969
	56843	-0.0947
	57128	-0.0928
	58760	-0.0927
	56752	-0.0888
	57053	-0.088
	57317	-0.0878
	57447	-0.0878
	57889	-0.0877
	54507	-0.0851
	54623	-0.0851
	54602	-0.0843
	58141	-0.0834
	54605	-0.083
	57640	-0.0826
	52495	-0.0822
	57633	-0.0799
	54502	-0.0798
	50673	-0.0797
	58509	-0.0793
	56982	-0.078
	53513	-0.0764
	52645	-0.0739
	50892	-0.0708
	58329	-0.0707
	58222	-0.0692
	56151	-0.069
	50958	-0.0679
	54579	-0.0642
	53673	-0.063
	57464	-0.0624
	53478	-0.0619
	53577	-0.0599
	54094	-0.0577
	58220	-0.0571
	58027	-0.0559
	52633	-0.0557
	52833	-0.0539
	59314	-0.0518
	54047	-0.0512
	57307	-0.051
	50978	-0.0478
	53362	-0.0473
	52787	-0.047
	59849	-0.0454
	52681	-0.045
	59317	-0.0442
	53783	-0.0434
	54534	-0.0431
	57734	-0.0416
	57663	-0.0407
	52656	-0.0367
	57233	-0.0363
	57237	-0.0356
	56376	-0.0343
	58330	-0.033
	53646	-0.0327
	58664	-0.0324
	59626	-0.031
	57803	-0.0302
	50946	-0.0299
	54501	-0.0259
	50778	-0.0257
	50557	-0.0245
	51716	-0.0238
	53195	-0.0235
	57643	-0.0228
	54304	-0.0225
	54486	-0.0203
	56272	-0.0191
	57738	-0.0189
	59298	-0.0177
	50647	-0.0171
	57303	-0.0149
	57401	-0.0122
	56137	-0.0114
	57731	-0.0113
	51243	-0.0107
	54732	-0.0103
	58314	-0.0101
	59306	-0.01
	58321	-0.0076
	54254	-0.0075
	54080	-0.0065
	51156	-0.0048
	54471	-0.0034
	50985	-0.0022
	50873	-0.0019
	56641	0.0
	54597	2.0E-4
	56251	7.0E-4
	56387	0.0036
	54135	0.0051
	50434	0.0068
	50965	0.0076
	54510	0.0088
	57052	0.0088
	58246	0.0097
	53693	0.0105
	50514	0.0117
	54512	0.0121
	50983	0.015
	51802	0.0154
	51711	0.0159
	52607	0.0197
	53337	0.0203
	56079	0.0207
	57345	0.021
	57306	0.0237
	57558	0.0238
	56198	0.0251
	56962	0.0251
	50945	0.0252
	57642	0.0256
	58569	0.0264
	53695	0.0279
	59090	0.0294
	51709	0.0295
	53617	0.0314
	56483	0.0323
	56173	0.0338
	51435	0.034
	58429	0.0353
	50774	0.0359
	58215	0.036
	55228	0.036
	53463	0.0365
	58306	0.0374
	53472	0.0375
	54076	0.0377
	57988	0.039
	52968	0.039
	57875	0.0399
	51060	0.0399
	56128	0.0409
	58327	0.0426
	53691	0.0428
	54618	0.0444
	50526	0.0449
	53599	0.0458
	53529	0.046
	56775	0.0474
	51708	0.0495
	53593	0.0497
	57995	0.0502
	54709	0.0531
	58024	0.0546
	57051	0.0552
	56390	0.0558
	54596	0.0559
	54517	0.0566
	59426	0.0571
	56116	0.058
	50844	0.0591
	57566	0.06
	59096	0.0602
	57328	0.0613
	54214	0.0625
	56838	0.0641
	54416	0.0654
	56067	0.0664
	54503	0.0666
	54072	0.0704
	54518	0.0713
	54093	0.0721
	53231	0.0726
	50867	0.0736
	52112	0.0739
	51639	0.0746
	53723	0.0753
	58320	0.0783
	59848	0.0787
	54622	0.0806
	58022	0.0827
	57635	0.0829
	50862	0.0862
	51238	0.0864
	57320	0.0864
	57605	0.0867
	53690	0.0867
	51469	0.0887
	58147	0.0901
	59421	0.0903
	54520	0.0912
	50851	0.093
	51705	0.095
	50878	0.0957
	57032	0.0974
	56443	0.0976
	53579	0.0979
	51346	0.0988
	56395	0.099
	59097	0.0996
	57308	0.0999
	50779	0.1013
	54731	0.1017
	57461	0.102
	53664	0.1024
	54346	0.1026
	52679	0.1075
	56247	0.1112
	50742	0.1143
	56854	0.1146
	53419	0.1158
	51642	0.1225
	57469	0.1236
	51369	0.1237
	54115	0.1256
	57655	0.1267
	57314	0.1289
	51352	0.1297
	59502	0.1297
	59838	0.1312
	57661	0.1321
	50861	0.1342
	54594	0.1356
	57304	0.1365
	57657	0.1367
	51777	0.1378
	59017	0.1428
	54752	0.1466
	57381	0.1468
	58352	0.1473
	56571	0.1473
	53464	0.1476
	57996	0.1489
	59324	0.1494
	56533	0.1513
	53533	0.1517
	53433	0.1521
	51629	0.1525
	53348	0.1558
	58453	0.1582
	56842	0.1591
	56297	0.1604
	58132	0.162
	50468	0.1623
	51436	0.1634
	54292	0.1639
	50956	0.1642
	57465	0.165
	56958	0.1662
	57882	0.167
	57990	0.1687
	56296	0.1729
	56187	0.1733
	59851	0.1736
	53336	0.1742
	59316	0.1752
	50442	0.1753
	57981	0.1753
	58240	0.1767
	56045	0.1771
	53368	0.178
	57886	0.1796
	50775	0.1803
	57894	0.1824
	56371	0.1847
	59635	0.1893
	53324	0.1915
	53618	0.194
	56462	0.1958
	59092	0.1971
	55680	0.1973
	58341	0.1994
	53612	0.2013
	51855	0.206
	50838	0.2066
	54614	0.208
	54497	0.2088
	59229	0.2101
	57257	0.2107
	54195	0.2112
	54519	0.2139
	57647	0.2148
	51359	0.2148
	58225	0.215
	51765	0.2164
	59087	0.2183
	56182	0.2205
	58316	0.2224
	56276	0.2226
	56444	0.2252
	57259	0.2256
	59224	0.2264
	57362	0.2274
	54533	0.2303
	54041	0.232
	58442	0.2325
	54514	0.2339
	57872	0.2342
	57247	0.2355
	58269	0.2396
	57991	0.2401
	51353	0.242
	57974	0.2425
	50832	0.2436
	58340	0.2444
	58441	0.2446
	50964	0.2462
	56756	0.2465
	57248	0.2493
	58319	0.2502
	59227	0.2533
	58342	0.2543
	53149	0.2558
	56688	0.2564
	58138	0.2584
	58431	0.2626
	51186	0.2633
	53619	0.2648
	57993	0.2684
	52424	0.2693
	57377	0.2698
	50445	0.2716
	57581	0.2754
	58612	0.2783
	53512	0.2819
	50950	0.282
	59954	0.2845
	50758	0.2853
	51644	0.2862
	54610	0.2868
	54615	0.2879
	56487	0.2909
	58244	0.2934
	53486	0.2941
	56748	0.2951
	57368	0.2963
	54505	0.2993
	51137	0.3017
	59303	0.3021
	53663	0.305
	58358	0.3054
	58049	0.3063
	57688	0.3089
	57571	0.3122
	57623	0.3126
	50136	0.313
	57408	0.3137
	57387	0.3138
	54308	0.3139
	51828	0.3156
	57994	0.3171
	58242	0.3187
	57483	0.3205
	57426	0.3207
	57477	0.3227
	56074	0.3236
	57972	0.3244
	54291	0.3249
	51463	0.3258
	57973	0.3266
	58326	0.3274
	50566	0.3289
	54719	0.3294
	56959	0.3333
	51087	0.3363
	57074	0.3384
	58336	0.339
	50739	0.3415
	57388	0.3444
	54476	0.3462
	57326	0.3473
	56480	0.3494
	57562	0.351
	54398	0.3513
	56951	0.3524
	50834	0.3526
	50247	0.3539
	57735	0.3576
	50833	0.3584
	56267	0.3586
	54399	0.3599
	56989	0.3635
	57871	0.3642
	54208	0.3642
	52515	0.3645
	58331	0.3657
	54293	0.3671
	59435	0.369
	57541	0.3709
	53352	0.3726
	57324	0.3728
	57402	0.3733
	57887	0.3736
	54205	0.3742
	50548	0.3752
	56954	0.3753
	57333	0.3756
	57625	0.376
	51829	0.3764
	53518	0.3774
	51053	0.3775
	54404	0.3795
	57662	0.3842
	57714	0.3896
	56257	0.3914
	59310	0.3922
	59218	0.3924
	56645	0.3929
	54171	0.3931
	56863	0.3952
	57565	0.3954
	57736	0.3958
	58354	0.3984
	51433	0.3984
	52825	0.3984
	54523	0.3995
	54645	0.3998
	57432	0.4016
	50632	0.4021
	50246	0.4022
	56594	0.4059
	57438	0.4059
	51526	0.406
	59082	0.4064
	58245	0.4095
	51707	0.4096
	58234	0.4129
	56498	0.4156
	57976	0.419
	58436	0.4195
	51814	0.4218
	51827	0.4219
	59228	0.4239
	51377	0.4244
	51567	0.4253
	57554	0.426
	56746	0.4296
	58339	0.4323
	56459	0.4335
	57891	0.4337
	57349	0.4343
	52575	0.4357
	57694	0.4359
	56582	0.4369
	56873	0.4376
	56385	0.4407
	58255	0.4414
	58356	0.4426
	54169	0.4443
	57739	0.4447
	58520	0.4471
	57899	0.4547
	58402	0.4565
	51720	0.4572
	58534	0.4586
	56396	0.4587
	51818	0.4603
	57481	0.461
	57773	0.4611
	56761	0.462
	51477	0.4622
	57343	0.464
	58224	0.4644
	57832	0.4674
	54515	0.4674
	57896	0.4675
	50853	0.4678
	56975	0.4683
	57208	0.4695
	56961	0.4734
	57425	0.4742
	59209	0.4743
	57415	0.4747
	58344	0.4751
	57710	0.4753
	59632	0.4759
	57824	0.4765
	50656	0.4783
	58449	0.481
	50937	0.4829
	51367	0.4832
	53692	0.4842
	56882	0.4854
	54012	0.4861
	56856	0.4867
	58345	0.4878
	54527	0.4895
	56851	0.4909
	53367	0.4924
	56785	0.4926
	57249	0.4932
	56152	0.494
	56383	0.4961
	51810	0.4981
	58416	0.4983
	53596	0.4987
	56996	0.4994
	57574	0.5004
	57713	0.5008
	50973	0.5014
	58334	0.5051
	59470	0.5063
	58241	0.5097
	58139	0.5107
	57740	0.5119
	51804	0.5147
	56391	0.5159
	56881	0.5188
	51627	0.5215
	50349	0.523
	50639	0.524
	58843	0.526
	57741	0.5275
	58420	0.5279
	52101	0.5283
	56949	0.5296
	51076	0.5319
	58707	0.5329
	57846	0.5343
	56669	0.5355
	53490	0.536
	56592	0.5362
	58247	0.537
	57658	0.5381
	54102	0.5388
	57339	0.5396
	51628	0.54
	51378	0.5457
	56489	0.5472
	58237	0.5484
	58421	0.5544
	56879	0.5569
	51572	0.5577
	57606	0.5578
	54939	0.5578
	57649	0.5591
	57779	0.5636
	56595	0.5642
	57720	0.5654
	58459	0.5663
	54410	0.5678
	56836	0.57
	57492	0.5837
	57927	0.585
	51059	0.5885
	57573	0.5896
	57522	0.5962
	57941	0.5965
	56485	0.5965
	59313	0.6003
	56167	0.6006
	57743	0.6014
	56995	0.6027
	56991	0.603
	50655	0.6051
	51288	0.6052
	57821	0.6062
	57717	0.6067
	51438	0.6068
	56777	0.6071
	51826	0.6072
	58519	0.6081
	59312	0.6097
	51717	0.6098
	57669	0.6106
	58570	0.6108
	56673	0.6114
	58905	0.615
	53519	0.6207
	57486	0.6219
	58143	0.6226
	57800	0.623
	59321	0.624
	57778	0.6251
	57868	0.6275
	56869	0.6275
	51365	0.6319
	58338	0.6346
	57582	0.6377
	57752	0.6403
	57585	0.6427
	58501	0.6428
	56964	0.643
	57907	0.6432
	56846	0.6441
	56783	0.6451
	57405	0.6466
	56841	0.6469
	58510	0.6481
	57499	0.6502
	51581	0.6502
	51571	0.6509
	56499	0.652
	53614	0.6525
	51815	0.6548
	54499	0.6569
	56144	0.6576
	59431	0.659
	59130	0.6598
	57358	0.6621
	59093	0.6633
	56782	0.6636
	51811	0.6639
	50915	0.6642
	58265	0.6645
	59492	0.665
	59007	0.6652
	58607	0.6671
	58652	0.668
	57786	0.6689
	57781	0.6694
	56492	0.6694
	57780	0.6713
	50727	0.6714
	56767	0.6726
	57971	0.678
	56652	0.6801
	50939	0.6811
	58230	0.6813
	57966	0.6822
	57811	0.6828
	57798	0.6844
	57799	0.6845
	58629	0.6855
	58140	0.6859
	57698	0.6868
	59285	0.6883
	57822	0.6892
	57399	0.6912
	57437	0.6915
	56263	0.6936
	56147	0.6944
	54117	0.6953
	59099	0.697
	56745	0.6983
	58337	0.6985
	58531	0.6996
	50564	0.7012
	56763	0.7025
	50859	0.7048
	57577	0.7061
	57851	0.7088
	58446	0.7096
	58448	0.7113
	58432	0.7129
	58235	0.7157
	57707	0.7167
	58454	0.7216
	54406	0.7225
	57431	0.7227
	53615	0.723
	57671	0.7238
	58362	0.7255
	56665	0.7265
	58929	0.7267
	57722	0.7281
	53611	0.7294
	57881	0.7309
	58659	0.7334
	59290	0.7379
	53588	0.7383
	57398	0.7383
	56675	0.7384
	57895	0.7412
	53594	0.7464
	56885	0.7467
	58433	0.747
	57476	0.7476
	51568	0.7488
	57575	0.7501
	57745	0.7566
	58804	0.7596
	58646	0.7613
	59270	0.7623
	57859	0.7627
	58484	0.7644
	58359	0.7657
	51470	0.7663
	59230	0.7665
	57614	0.7666
	57537	0.7689
	57586	0.7712
	57906	0.7713
	58627	0.774
	59293	0.7744
	54528	0.7761
	54031	0.779
	59091	0.7793
	57876	0.781
	56168	0.7817
	58751	0.782
	51656	0.7833
	58626	0.7847
	58735	0.7849
	54607	0.7862
	58477	0.7877
	51573	0.7891
	58409	0.7912
	57414	0.7917
	57674	0.7971
	57789	0.7971
	59266	0.799
	56880	0.7992
	59640	0.7995
	58415	0.7996
	59417	0.7997
	57883	0.8012
	51839	0.8018
	56474	0.8033
	58719	0.8072
	51482	0.8077
	57584	0.8081
	57777	0.8084
	56357	0.8093
	59081	0.811
	58605	0.8118
	58351	0.8121
	57451	0.8124
	57992	0.8126
	58647	0.8136
	57865	0.8164
	58530	0.8181
	56994	0.8183
	56781	0.8188
	58150	0.8214
	58249	0.8238
	54513	0.8262
	53610	0.8271
	59419	0.8309
	59215	0.832
	57805	0.8326
	58250	0.8326
	59237	0.8335
	51559	0.8372
	58257	0.8379
	58438	0.8384
	56185	0.8394
	56862	0.8398
	56585	0.8425
	58404	0.8426
	57389	0.8435
	56671	0.8439
	57908	0.8449
	58457	0.8452
	56227	0.8453
	59493	0.8458
	58335	0.8461
	58401	0.8471
	58367	0.8475
	56992	0.8482
	59264	0.8483
	59854	0.8502
	56394	0.8517
	58317	0.8518
	53492	0.8521
	51931	0.8527
	57737	0.8544
	57329	0.8553
	57708	0.8578
	58517	0.8586
	58658	0.8586
	56158	0.8705
	57413	0.8716
	56772	0.8722
	57583	0.8731
	58435	0.8733
	58353	0.8736
	57475	0.8745
	58366	0.8751
	58238	0.8799
	59294	0.8802
	58456	0.8828
	57482	0.8834
	56764	0.8843
	59754	0.8859
	54096	0.8864
	54474	0.8885
	58836	0.89
	57742	0.8905
	57835	0.8916
	59044	0.8916
	56952	0.8918
	56778	0.8961
	59269	0.8973
	57544	0.8974
	57540	0.8979
	58543	0.9007
	51379	0.9007
	51145	0.9024
	54401	0.9043
	58544	0.9049
	57509	0.9071
	57595	0.9075
	57867	0.9117
	56889	0.9127
	50658	0.9129
	58907	0.9137
	59125	0.9188
	56793	0.9195
	59843	0.9202
	58426	0.9206
	57845	0.9219
	54192	0.9225
	58500	0.9233
	59106	0.9238
	59656	0.9244
	58254	0.9285
	58251	0.9302
	57678	0.9305
	59004	0.9324
	58923	0.9325
	58146	0.9327
	57466	0.9346
	56670	0.943
	59842	0.9447
	59131	0.9466
	58503	0.9494
	57842	0.9496
	59322	0.9508
	58730	0.9513
	58736	0.9565
	58523	0.9571
	58928	0.9572
	56586	0.9574
	57590	0.9584
	57600	0.9592
	57489	0.9593
	59320	0.9611
	58450	0.9614
	58451	0.9623
	57960	0.9633
	58365	0.9635
	59289	0.9653
	57793	0.967
	57914	0.9693
	58377	0.9697
	52818	0.9706
	58606	0.9749
	59855	0.9804
	57913	0.9816
	59268	0.9826
	59462	0.9836
	59487	0.9857
	58550	0.9884
	59847	0.9924
	59094	0.9925
	59037	0.993
	58243	0.9945
	59211	0.9953
	57545	0.9963
	59022	0.9979
	58462	1.0008
	58934	1.0031
	57955	1.0033
	57814	1.0044
	58548	1.0051
	56691	1.0097
	58343	1.0098
	59650	1.0127
	57744	1.0173
	56984	1.0202
	58508	1.0203
	57411	1.0238
	58427	1.0246
	56654	1.0271
	59205	1.0287
	56183	1.0301
	56891	1.0307
	57866	1.0308
	59023	1.035
	57942	1.0376
	56684	1.0382
	58542	1.0383
	58527	1.0391
	57589	1.0428
	56875	1.0434
	57947	1.0444
	56986	1.0456
	57870	1.0462
	57409	1.0467
	56867	1.049
	56593	1.0527
	56977	1.0539
	56674	1.055
	56886	1.0551
	57417	1.0562
	57965	1.0568
	59045	1.0577
	57493	1.0614
	58461	1.0685
	57679	1.07
	57699	1.0708
	58424	1.0712
	57494	1.0727
	58361	1.0729
	59063	1.0753
	56790	1.0757
	57769	1.076
	57496	1.0771
	57687	1.0793
	58625	1.081
	57771	1.0865
	58502	1.0887
	59647	1.0915
	58602	1.0921
	53498	1.0976
	59278	1.0977
	59319	1.1002
	58754	1.102
	58557	1.103
	58419	1.1036
	58264	1.1044
	56871	1.106
	57754	1.1063
	57956	1.1095
	58148	1.1096
	57834	1.11
	58407	1.1101
	57796	1.112
	56399	1.1129
	57525	1.1146
	56478	1.1151
	58567	1.1154
	59034	1.1162
	57809	1.117
	57923	1.1193
	59256	1.1206
	59033	1.1208
	59127	1.1274
	56766	1.1313
	56178	1.1335
	59122	1.1374
	57523	1.1404
	56584	1.1449
	57912	1.1452
	58145	1.1513
	57609	1.1524
	56567	1.1525
	57922	1.1538
	58844	1.1557
	57807	1.1567
	56312	1.1575
	58414	1.1578
	58158	1.1583
	59025	1.1614
	56751	1.1671
	57498	1.1744
	58944	1.1758
	57680	1.1913
	57921	1.1956
	58369	1.2013
	57520	1.2092
	57829	1.2106
	57416	1.2114
	59117	1.2126
	58559	1.2132
	57792	1.2133
	57910	1.215
	59644	1.215
	56878	1.2167
	58558	1.2181
	57903	1.2186
	58346	1.2193
	51655	1.2193
	57761	1.2195
	56755	1.2218
	56985	1.2224
	56596	1.2273
	57975	1.2285
	57666	1.2306
	57816	1.2317
	58657	1.2359
	57841	1.2405
	57813	1.2434
	57936	1.244
	57874	1.2457
	58903	1.2526
	58710	1.2536
	56578	1.2536
	58938	1.2541
	58623	1.2574
	59446	1.2579
	59287	1.2585
	57954	1.2587
	57902	1.27
	56876	1.2742
	59015	1.275
	59488	1.2761
	58731	1.2763
	56180	1.2768
	56883	1.2789
	59213	1.2796
	57806	1.2799
	58837	1.2824
	59475	1.2842
	58824	1.2849
	57682	1.2854
	57760	1.2867
	59265	1.2884
	57728	1.2913
	57948	1.2913
	58725	1.2916
	58600	1.2962
	58417	1.2969
	56870	1.3022
	59124	1.3023
	59052	1.3056
	59284	1.3077
	51133	1.309
	57857	1.3144
	58906	1.3152
	56872	1.3165
	58615	1.3189
	58926	1.3192
	59241	1.3234
	57860	1.3245
	58455	1.3245
	59001	1.3252
	58616	1.3267
	57774	1.3274
	58463	1.3299
	57696	1.3379
	58752	1.339
	58154	1.3451
	58619	1.3467
	57827	1.3528
	58936	1.3579
	58556	1.3581
	57825	1.359
	58428	1.3618
	58750	1.3654
	59027	1.3697
	58608	1.3721
	57964	1.3744
	57517	1.3773
	59065	1.3817
	58443	1.3876
	57844	1.3894
	57420	1.3894
	57768	1.3928
	58360	1.3942
	57772	1.3945
	57604	1.3967
	59271	1.3991
	59137	1.4006
	57518	1.401
	58601	1.4092
	57828	1.4119
	57485	1.4123
	57915	1.4143
	59664	1.4144
	56172	1.4164
	59047	1.4193
	57598	1.4203
	57900	1.4212
	57978	1.4217
	56987	1.4232
	58452	1.4243
	56598	1.4305
	57839	1.4317
	58618	1.4352
	58715	1.4377
	58848	1.4377
	58714	1.4394
	58408	1.4421
	57808	1.4473
	59856	1.4504
	59478	1.4552
	58268	1.457
	57911	1.4583
	58745	1.4597
	58931	1.4657
	56651	1.4714
	59088	1.4722
	58701	1.4725
	58259	1.4777
	58820	1.4784
	56575	1.48
	58460	1.4855
	59481	1.4897
	58813	1.491
	56666	1.4913
	59653	1.4922
	58712	1.4957
	59038	1.497
	56664	1.5029
	57491	1.503
	59072	1.5102
	58464	1.5113
	58620	1.5178
	59951	1.5186
	59654	1.5201
	57853	1.5227
	58622	1.5291
	58823	1.5315
	57840	1.5353
	57916	1.536
	57776	1.5416
	58537	1.5425
	59041	1.5425
	57512	1.5453
	57536	1.5457
	58819	1.5489
	59064	1.5561
	58418	1.5614
	56649	1.5621
	57508	1.5671
	59021	1.5697
	57511	1.5721
	57719	1.5739
	57505	1.5757
	57766	1.5782
	56475	1.5817
	59012	1.5822
	57514	1.5827
	59845	1.5835
	56569	1.5876
	57519	1.5878
	58917	1.5904
	57612	1.5923
	57909	1.5925
	59134	1.5962
	57513	1.5973
	58932	1.5998
	56978	1.6013
	57932	1.603
	58609	1.6047
	57958	1.6098
	56496	1.6118
	57969	1.6175
	57763	1.6246
	58546	1.6256
	57673	1.6262
	57957	1.6274
	59477	1.6407
	56493	1.6474
	59051	1.6529
	57506	1.6732
	59075	1.6774
	59280	1.6831
	57837	1.6986
	59485	1.7003
	57905	1.7008
	59658	1.7062
	59480	1.7123
	57962	1.7133
	59055	1.7152
	57818	1.7154
	58624	1.7216
	58549	1.7217
	58423	1.725
	58634	1.7265
	56184	1.7297
	58742	1.7337
	59441	1.7358
	58822	1.7436
	59102	1.7443
	58818	1.7459
	59454	1.751
	59031	1.7535
	59757	1.7553
	57603	1.7621
	58635	1.7624
	58568	1.773
	59113	1.7755
	57729	1.7777
	57502	1.7856
	59046	1.7909
	57507	1.7916
	58529	1.7943
	56768	1.8051
	57608	1.8096
	58834	1.8188
	58458	1.8194
	59116	1.8247
	58467	1.8254
	57718	1.8313
	58468	1.8319
	57762	1.8369
	56739	1.8403
	56146	1.8544
	58806	1.8636
	59246	1.8709
	59673	1.8717
	59758	1.8747
	58706	1.8789
	58933	1.8823
	57510	1.8851
	58828	1.8941
	58507	1.8971
	58547	1.9068
	58918	1.9101
	58826	1.9204
	59456	1.9337
	58921	1.9414
	59471	1.9651
	57949	1.974
	59053	1.9973
	58935	1.9981
	58737	2.0006
	59074	2.0122
	59126	2.0141
	56580	2.0358
	58555	2.038
	59254	2.0404
	58633	2.0456
	58749	2.0609
	59655	2.0637
	59242	2.0701
	59448	2.0719
	59249	2.1053
	58563	2.109
	58814	2.1241
	59133	2.1254
	57758	2.1265
	58927	2.1266
	58911	2.1317
	59114	2.1377
	59071	2.1522
	57732	2.1574
	58846	2.1642
	58437	2.1666
	58940	2.1789
	56374	2.1929
	59061	2.2321
	59948	2.2326
	57767	2.2381
	58847	2.24
	58941	2.2464
	58744	2.2921
	59238	2.3133
	59059	2.3138
	57516	2.3208
	58614	2.3212
	58912	2.3233
	56792	2.3426
	58821	2.348
	59659	2.408
	59453	2.4263
	58748	2.453
	59255	2.5032
	54311	2.5384
	59663	2.5493
	58845	2.5746
	58654	2.5797
	59276	2.629
	58631	2.6323
	58644	2.6696
	59279	2.6746
	58942	2.739
	59452	2.7508
	59469	2.758
	58562	2.7582
	59476	2.7838
	59288	2.789
	59058	2.8057
	58565	2.856
	58946	2.9141
	59451	2.9193
	58747	2.9202
	58746	2.9231
	59235	3.0774
	59457	3.0832
	59473	3.1398
	56697	3.1475
	59449	3.2327
	59057	3.4312
	58704	3.7633
