	56286	-1.933
	56296	-1.8632
	56171	-1.7604
	56533	-1.759
	56199	-1.6506
	56251	-1.6
	56164	-1.5667
	56290	-1.564
	56387	-1.5624
	56462	-1.5615
	56184	-1.4919
	56485	-1.4501
	52784	-1.44583299
	57525	-1.4389
	56152	-1.4382
	56382	-1.4205
	56295	-1.4115
	56291	-1.397
	56381	-1.3866
	56182	-1.3633
	56189	-1.3517
	56373	-1.3358
	56487	-1.3303
	56396	-1.3297
	56190	-1.318
	56183	-1.3034
	56374	-1.3006
	56197	-1.2886
	56444	-1.2781
	57413	-1.2656
	56384	-1.2594
	53908	-1.24695487
	56584	-1.2417
	56378	-1.2416
	56297	-1.2099
	56548	-1.1994
	53906	-1.19655144
	56595	-1.1953
	56146	-1.1862
	56276	-1.1831
	56092	-1.1806849599999998
	52993	-1.1788384299999999
	56298	-1.1755
	57004	-1.15873177
	57606	-1.1505
	56473	-1.1416
	56279	-1.1399
	56543	-1.1346
	56185	-1.1337
	57464	-1.126
	52885	-1.12542584
	53810	-1.11879201
	56376	-1.1127
	56196	-1.1078
	56180	-1.1067
	56095	-1.0997112
	56386	-1.0896
	56489	-1.0754
	59317	-1.07217
	56585	-1.0646
	56395	-1.0517
	56575	-1.0483
	56474	-1.047
	56475	-1.0407
	56691	-1.0323
	53723	-1.03221027
	56394	-1.0293
	57105	-1.0245505899999998
	56586	-1.0235
	56371	-1.0192
	53806	-1.0110777599999998
	53707	-0.9897400799999999
	56357	-0.9836
	56383	-0.9768
	56441	-0.9758
	56391	-0.9726
	56272	-0.97
	56187	-0.9699
	56380	-0.9621
	56390	-0.9602
	53925	-0.94822735
	56288	-0.9464
	56195	-0.9456
	57001	-0.94268776
	52896	-0.9389947
	53725	-0.93837919
	56493	-0.9264
	52895	-0.92347017
	56192	-0.92312822
	56641	-0.9175
	56193	-0.9148
	57317	-0.9145
	56267	-0.9138
	56144	-0.9115
	56838	-0.9063
	57328	-0.8967
	56443	-0.8958
	53705	-0.89173721
	52983	-0.88681313
	53927	-0.88606084
	57623	-0.8841
	57318	-0.877
	56281	-0.8594
	56289	-0.8563
	56273	-0.856
	52995	-0.8552169499999999
	52679	-0.84557396
	52889	-0.8309385
	56172	-0.8246
	53937	-0.82020127
	52447	-0.8172605
	56478	-0.8138
	57003	-0.8072755599999999
	56578	-0.8071
	57016	-0.79776935
	57517	-0.796
	56158	-0.7944
	57204	-0.7872
	59838	-0.7687
	57006	-0.7671306299999999
	56976	-0.7671
	56479	-0.7637
	56843	-0.7604
	52980	-0.7576244199999999
	56844	-0.7509
	56167	-0.7495
	56598	-0.7477
	53915	-0.74551939
	57110	-0.7436044699999999
	56748	-0.7355
	53821	-0.7342350400000001
	56751	-0.7321
	53750	-0.7296529099999999
	56841	-0.7283
	53928	-0.72828511
	56836	-0.7267
	56596	-0.7163
	53617	-0.7153594
	53942	-0.7134444799999999
	56580	-0.7109
	53769	-0.70318598
	53881	-0.7021601299999999
	57014	-0.6997664800000001
	56492	-0.6991
	57625	-0.6968
	56684	-0.6955
	59306	-0.69309
	56757	-0.6861
	56840	-0.6838
	53934	-0.68219025
	52986	-0.6818483
	57426	-0.6766
	57460	-0.6756
	57466	-0.671
	57002	-0.6703587799999999
	53757	-0.66789674
	59324	-0.66339
	57637	-0.6621
	53692	-0.65743307
	53829	-0.65674917
	52557	-0.6532612799999999
	53676	-0.6516883099999999
	56697	-0.6483
	56649	-0.6454
	56147	-0.6447
	53680	-0.64095108
	56399	-0.6408
	59318	-0.63999
	59501	-0.6373800000000001
	53944	-0.6332914
	56247	-0.6291
	57438	-0.6239
	53868	-0.6215967099999999
	56883	-0.6209
	56645	-0.6205
	57720	-0.6197
	56742	-0.6167
	52982	-0.6165358499999999
	53914	-0.61592034
	53852	-0.61530483
	57414	-0.6144
	56168	-0.6124
	53682	-0.60566184
	57320	-0.6032
	57027	-0.60142166
	56091	-0.6005325899999999
	53930	-0.59889123
	56263	-0.5983
	57612	-0.5983
	52988	-0.59622402
	59304	-0.59418
	52674	-0.59198384
	53759	-0.5906844299999999
	57723	-0.5894
	53923	-0.58931663
	56284	-0.5852
	56790	-0.5825
	57106	-0.58220407
	56839	-0.5822
	57037	-0.5774851599999999
	53854	-0.57256108
	58730	-0.5692499999999999
	53777	-0.56825251
	56783	-0.5673
	57012	-0.5662008099999999
	53697	-0.5660640299999999
	52884	-0.5655853
	57113	-0.5644910599999999
	53596	-0.5605928299999999
	56186	-0.5605
	52984	-0.56038766
	57020	-0.56018249
	53872	-0.55970376
	53924	-0.55895147
	53768	-0.55881469
	54607	-0.55833596
	53926	-0.5579940099999999
	57420	-0.5579
	52797	-0.55689977
	57034	-0.55635265
	57519	-0.5557
	57132	-0.55348027
	56569	-0.552
	57030	-0.5512234
	53945	-0.54999238
	57614	-0.5468
	59004	-0.54387
	56257	-0.542
	56643	-0.5394
	56097	-0.539
	57039	-0.53863964
	54512	-0.53836608
	53929	-0.5382976899999999
	54602	-0.53638277
	57362	-0.5338
	56745	-0.5317
	53748	-0.53009089
	56594	-0.5299
	59319	-0.52839
	56693	-0.5252
	59109	-0.5246999999999999
	54636	-0.5245512999999999
	59114	-0.5220899999999999
	53910	-0.5149083099999999
	56096	-0.51374568
	57029	-0.51203593
	54502	-0.51162559
	57516	-0.5113
	56835	-0.5111
	53674	-0.5088899899999999
	54519	-0.5006147999999999
	56739	-0.4994
	56093	-0.49863148999999996
	53931	-0.49657978999999997
	52446	-0.49514359999999996
	52515	-0.49487003999999996
	56842	-0.4946
	57462	-0.4941
	56786	-0.494
	56652	-0.4933
	54604	-0.49309189999999997
	53619	-0.49261317
	57038	-0.49186087999999994
	57040	-0.49158731999999994
	57465	-0.4907
	53767	-0.48994596
	57025	-0.48980917999999996
	59314	-0.48933
	53955	-0.48809942999999995
	59127	-0.48744
	53903	-0.48625289999999993
	54506	-0.48611612
	57102	-0.48495348999999993
	53947	-0.48461153999999995
	53738	-0.48310696
	53646	-0.48180755
	56891	-0.4818
	57032	-0.48167076999999997
	53871	-0.48126042999999996
	59493	-0.4806
	57033	-0.47852482999999996
	53866	-0.47825127
	52996	-0.47633634999999996
	56782	-0.4756
	52656	-0.47428465
	57021	-0.47380591999999994
	53618	-0.47373752999999996
	57046	-0.4731220199999999
	56670	-0.4729
	57035	-0.47100192999999996
	58658	-0.46853999999999996
	52533	-0.46853989
	59321	-0.46701000000000004
	57124	-0.46696691999999995
	54518	-0.46683013999999995
	57513	-0.4654
	52681	-0.46224800999999993
	56582	-0.4616
	56459	-0.4613
	54708	-0.46129054999999997
	56755	-0.4608
	57324	-0.4599
	53580	-0.4595808
	56198	-0.4587
	53664	-0.45711875999999996
	57408	-0.4565
	59294	-0.45531000000000005
	53614	-0.45458832999999993
	57416	-0.454
	57368	-0.4529
	53848	-0.45103204999999996
	53660	-0.45062171
	59303	-0.44991000000000003
	58666	-0.44901
	56673	-0.4487
	56593	-0.4478
	56178	-0.4475
	53938	-0.44248329999999997
	53884	-0.44234652
	59315	-0.44109
	57048	-0.4401580399999999
	57541	-0.4393
	57326	-0.4373
	53760	-0.43605463999999994
	57026	-0.43578108
	57304	-0.4357
	53859	-0.4356443
	56688	-0.4345
	53935	-0.43400294
	53740	-0.43372937999999994
	53879	-0.43065183
	53751	-0.42873690999999997
	59316	-0.42822
	53917	-0.42716394
	56393	-0.4245
	52436	-0.42299215
	53673	-0.42251342
	57540	-0.4224
	53981	-0.42141917999999995
	57507	-0.4214
	53953	-0.42128239999999995
	58731	-0.42057
	53754	-0.42032494
	57119	-0.41854679999999994
	54707	-0.4160163699999999
	57047	-0.41546925
	53699	-0.41499052
	57313	-0.4135
	53567	-0.41334916
	59001	-0.41328
	53612	-0.41211813999999997
	54617	-0.41204975
	53832	-0.41075034
	56278	-0.41
	57502	-0.4081
	57022	-0.40692049999999996
	54621	-0.40589464999999997
	53883	-0.40534752999999996
	53949	-0.40514236
	53651	-0.40288548999999996
	56781	-0.4021
	54613	-0.39967115999999997
	53957	-0.39960277
	56094	-0.39871369999999995
	59502	-0.39816
	54716	-0.39768785
	57306	-0.3968
	57402	-0.3945
	54615	-0.39153275
	59134	-0.3915
	54603	-0.38866037
	57818	-0.3886
	53788	-0.38831841999999994
	57439	-0.3857
	52652	-0.38421501999999996
	53610	-0.38243688
	53856	-0.38113747
	59945	-0.3798
	53756	-0.3746404199999999
	53615	-0.3734094
	59133	-0.37332
	57461	-0.3729
	53850	-0.37245194
	56854	-0.3715
	59310	-0.37044000000000005
	54810	-0.36923761
	54601	-0.36889565999999996
	57031	-0.36848531999999995
	57055	-0.36718591
	57307	-0.367
	57208	-0.3654
	54619	-0.36342445999999995
	57023	-0.36321929
	54606	-0.36137275999999996
	54714	-0.36082563999999995
	56746	-0.3598
	57469	-0.3596
	53966	-0.35856877
	53790	-0.35542283
	53862	-0.35446536999999995
	54718	-0.35426019999999997
	59097	-0.35298
	56793	-0.3518
	59476	-0.35118
	53865	-0.34988324000000004
	54709	-0.34940451
	56788	-0.3473
	53579	-0.34687408
	54503	-0.34646374
	57415	-0.3461
	53753	-0.34605339999999996
	52546	-0.34591662
	54705	-0.34502754999999996
	53941	-0.34283906999999997
	54611	-0.34277067999999994
	53950	-0.34242873
	57405	-0.342
	53704	-0.34167643999999997
	59492	-0.33858
	56675	-0.3382
	53873	-0.33757304
	57707	-0.3373
	53584	-0.33675236
	56491	-0.3361
	54719	-0.33346963999999996
	53696	-0.3323754
	53611	-0.33210184
	53860	-0.33087082
	57134	-0.33066565
	57407	-0.3297
	59297	-0.32661
	54701	-0.32622029999999996
	53658	-0.32300597
	56665	-0.3229
	57044	-0.32280079999999994
	54614	-0.32239046
	53764	-0.32218529
	59285	-0.32175
	54713	-0.32129621999999997
	54597	-0.32115943999999996
	53845	-0.31835545
	57024	-0.31787671999999995
	59116	-0.31716
	53689	-0.31555145999999995
	53874	-0.31548307
	57409	-0.3152
	54715	-0.31172162
	56756	-0.31
	54620	-0.30966992
	59094	-0.30843000000000004
	54700	-0.30659236999999995
	56654	-0.3051
	56950	-0.3044
	54800	-0.30385676999999994
	57417	-0.3037
	54710	-0.30344643
	53727	-0.3022838
	53817	-0.30132633999999997
	57071	-0.30098883
	56181	-0.3006
	54608	-0.29982176
	57537	-0.2983
	57042	-0.29804362
	58665	-0.29718
	57011	-0.29674421
	56173	-0.296
	54803	-0.29469250999999996
	57506	-0.2944
	53963	-0.29298276
	53857	-0.29216208
	56285	-0.2915
	53948	-0.29113623
	53863	-0.28963164999999996
	56846	-0.2895
	59117	-0.28944000000000003
	53954	-0.28846901999999996
	54605	-0.28840063
	59113	-0.28826999999999997
	57261	-0.28726367999999997
	54717	-0.28628054
	57111	-0.28532308
	53964	-0.28422884
	53958	-0.28354494
	53698	-0.28299781999999996
	53588	-0.28210874999999996
	59500	-0.2817
	56849	-0.2775
	56651	-0.2762
	54711	-0.27540653
	54594	-0.27485940999999997
	57041	-0.27465424
	58667	-0.27432
	57358	-0.2743
	56592	-0.2735
	57216	-0.273
	57056	-0.27264825
	54511	-0.2715083
	57605	-0.2703
	57729	-0.2644
	57127	-0.25454757999999994
	53841	-0.25427402
	53518	-0.25331655999999997
	54802	-0.25181198
	57604	-0.2509
	54724	-0.25003383999999995
	59106	-0.24993
	54596	-0.24866603999999998
	58656	-0.24849000000000002
	54501	-0.24791375
	57640	-0.2478
	54645	-0.24736663
	53519	-0.24702468
	53677	-0.24675112
	57028	-0.24435747
	54626	-0.24264771999999998
	54610	-0.24223738
	54622	-0.24169026
	56646	-0.2414
	54726	-0.24080119
	53659	-0.23957016999999997
	57049	-0.23922822
	53916	-0.23642422999999999
	54644	-0.23635583999999998
	53693	-0.23574033
	53956	-0.23491965
	57425	-0.2314
	53772	-0.23122658999999998
	54706	-0.22985878999999998
	54814	-0.22917489
	53679	-0.22760191999999999
	59313	-0.22689
	54618	-0.22684962999999997
	59298	-0.22671000000000002
	56946	-0.2264
	53763	-0.22486631999999998
	57045	-0.22486631999999998
	58659	-0.22464
	54609	-0.22377207999999998
	53492	-0.22349851999999998
	53970	-0.22206232999999997
	59293	-0.22194000000000003
	54806	-0.2215836
	53735	-0.22110486999999998
	53791	-0.22001062999999998
	57508	-0.2184
	56480	-0.217
	54612	-0.21577044999999997
	56565	-0.2157
	53875	-0.21563367
	54631	-0.21474459999999998
	57008	-0.21467621
	54815	-0.21262451
	56944	-0.2125
	56084	-0.21214577999999998
	56571	-0.2116
	54704	-0.21070958999999997
	54624	-0.20947857
	59007	-0.2091
	56674	-0.2088
	57432	-0.2066
	53695	-0.20489643999999996
	59290	-0.20484
	53771	-0.20229761999999998
	53688	-0.20140854999999996
	53853	-0.19956201999999998
	54801	-0.19559539999999997
	54514	-0.19532184
	59485	-0.19521000000000002
	57378	-0.1945
	53792	-0.19422759999999997
	56074	-0.19272302
	53785	-0.19162878
	53784	-0.18889318
	59087	-0.18864
	53565	-0.18855123
	57523	-0.1875
	54808	-0.18711503999999998
	59280	-0.18684
	53789	-0.18157545
	54616	-0.18157545
	58928	-0.18045000000000003
	57411	-0.1799
	57912	-0.1799
	54811	-0.17925018999999998
	54527	-0.1791818
	57908	-0.1791
	57053	-0.17890824
	54809	-0.17596746999999996
	53877	-0.17446288999999998
	52661	-0.17405255
	54712	-0.17152212
	54628	-0.17104339
	53885	-0.17001753999999997
	53774	-0.16974398
	53694	-0.16912846999999998
	59488	-0.16911
	54633	-0.16721355
	53796	-0.16707676999999999
	59107	-0.16686
	57067	-0.16603722
	54820	-0.16564057999999998
	54702	-0.16290497999999998
	56880	-0.1617
	56951	-0.1594
	53691	-0.15914352999999998
	54818	-0.15784412
	57051	-0.15757956
	53678	-0.157297
	57070	-0.15668928
	53488	-0.15586081
	53993	-0.15490872
	54627	-0.15346716
	57377	-0.1489
	57745	-0.1481
	53967	-0.14765401
	57910	-0.1475
	56752	-0.1455
	54505	-0.14485001999999997
	53880	-0.14293509999999998
	53893	-0.14184085999999999
	54804	-0.14149890999999998
	53965	-0.14054144999999998
	53798	-0.13985754999999997
	56671	-0.1385
	57043	-0.13636965999999998
	57007	-0.13589093
	59287	-0.13545
	53891	-0.13418118
	53959	-0.13178752999999999
	53794	-0.13076168
	54499	-0.12747896
	53962	-0.12706862
	53681	-0.12570082
	53979	-0.1246392
	53787	-0.12392268
	53961	-0.12234971
	53973	-0.12221292999999998
	56856	-0.1219
	57156	-0.12055875
	56889	-0.1195
	54728	-0.11728885
	54640	-0.11674172999999999
	57512	-0.1166
	54433	-0.11646817
	53782	-0.11639977999999998
	57361	-0.1153
	54902	-0.11484612
	59475	-0.1143
	53778	-0.11407452
	54807	-0.11366417999999999
	57063	-0.11262042
	57065	-0.11262042
	53899	-0.11106535999999999
	57315	-0.111
	57176	-0.10957863
	59478	-0.10944
	53780	-0.10874009999999999
	54632	-0.10846653999999999
	52998	-0.10655161999999999
	57084	-0.10549818
	57437	-0.1049
	59130	-0.1044
	57511	-0.1039
	53564	-0.10320051
	59270	-0.10206
	53490	-0.1019011
	53585	-0.10149076
	57180	-0.10141773
	53980	-0.10053329999999999
	53799	-0.10012296
	53864	-0.09896032999999999
	58657	-0.0963
	53995	-0.09266331
	53968	-0.09150582
	57510	-0.0901
	57642	-0.0901
	54805	-0.08924895
	54903	-0.08843448
	59289	-0.08586
	59320	-0.08514000000000001
	54513	-0.08295707
	54900	-0.08294442
	53869	-0.08186283
	57057	-0.08117893
	57054	-0.0793324
	53599	-0.07837493999999999
	53972	-0.07648989
	56497	-0.0747
	53795	-0.07392958999999999
	53573	-0.07338247
	56666	-0.0721
	53687	-0.07167272
	56081	-0.06982619
	56761	-0.0688
	53486	-0.06866356
	54399	-0.06784288
	57514	-0.0672
	53775	-0.06626991
	57052	-0.06538084
	54901	-0.06521301
	57128	-0.06408143
	53898	-0.06358083
	53392	-0.06134583
	53975	-0.06107227
	56958	-0.0606
	57072	-0.05927781
	54398	-0.05922573999999999
	57713	-0.0588
	53978	-0.0578682
	56885	-0.0575
	58938	-0.05661
	54703	-0.056216579999999995
	53992	-0.05601345
	54517	-0.05484877999999999
	57431	-0.053
	57522	-0.0521
	53889	-0.05193300000000001
	59473	-0.051930000000000004
	57086	-0.050894339999999996
	56287	-0.0498
	59137	-0.0477
	53797	-0.047052319999999995
	57309	-0.0456
	54817	-0.04243668
	59096	-0.04122
	57329	-0.0383
	56038	-0.0382
	56785	-0.0372
	58837	-0.0369
	53878	-0.03645187
	56959	-0.0345
	53991	-0.03345969
	59312	-0.033299999999999996
	57075	-0.03301455
	57061	-0.03275881
	58750	-0.03159
	53895	-0.031254229999999994
	53896	-0.03118584
	53574	-0.02988643
	54507	-0.02920253
	58941	-0.02889
	53892	-0.02838185
	54812	-0.028108289999999998
	53888	-0.027629559999999997
	57206	-0.0272
	57076	-0.02656002
	53986	-0.025966500000000003
	53897	-0.02243192
	57126	-0.02215836
	53998	-0.02203443
	56280	-0.022
	56669	-0.0218
	56984	-0.0216
	56872	-0.0215
	53666	-0.02010666
	53890	-0.01969632
	57634	-0.0193
	57078	-0.01869588
	53982	-0.01817655
	57162	-0.01736046
	53665	-0.014909019999999999
	53894	-0.014293509999999997
	57509	-0.0103
	53976	-0.009301039999999998
	56851	-0.0092
	59131	-0.007380000000000001
	59271	-0.007110000000000001
	53491	-0.00362467
	56985	-0.0034
	57505	-0.0027
	53776	-0.00218848
	53974	-0.00126123
	53996	-0.0011626299999999998
	50136	0.0
	50246	0.0
	50247	0.0
	50349	0.0
	50353	0.0
	50425	0.0
	50431	0.0
	50434	0.0
	50442	0.0
	50445	0.0
	50468	0.0
	50514	0.0
	50524	0.0
	50525	0.0
	50526	0.0
	50527	0.0
	50548	0.0
	50557	0.0
	50564	0.0
	50566	0.0
	50603	0.0
	50618	0.0
	50632	0.0
	50639	0.0
	50646	0.0
	50647	0.0
	50655	0.0
	50656	0.0
	50658	0.0
	50659	0.0
	50673	0.0
	50674	0.0
	50727	0.0
	50739	0.0
	50741	0.0
	50742	0.0
	50745	0.0
	50749	0.0
	50750	0.0
	50755	0.0
	50756	0.0
	50758	0.0
	50767	0.0
	50772	0.0
	50774	0.0
	50775	0.0
	50776	0.0
	50778	0.0
	50779	0.0
	50787	0.0
	50788	0.0
	50832	0.0
	50833	0.0
	50834	0.0
	50838	0.0
	50842	0.0
	50844	0.0
	50851	0.0
	50852	0.0
	50853	0.0
	50854	0.0
	50858	0.0
	50859	0.0
	50861	0.0
	50862	0.0
	50867	0.0
	50871	0.0
	50873	0.0
	50877	0.0
	50878	0.0
	50879	0.0
	50880	0.0
	50884	0.0
	50888	0.0
	50892	0.0
	50913	0.0
	50915	0.0
	50928	0.0
	50934	0.0
	50936	0.0
	50937	0.0
	50939	0.0
	50940	0.0
	50945	0.0
	50946	0.0
	50948	0.0
	50950	0.0
	50953	0.0
	50954	0.0
	50955	0.0
	50956	0.0
	50958	0.0
	50960	0.0
	50962	0.0
	50963	0.0
	50964	0.0
	50965	0.0
	50968	0.0
	50973	0.0
	50978	0.0
	50979	0.0
	50983	0.0
	50985	0.0
	50987	0.0
	51053	0.0
	51058	0.0
	51059	0.0
	51060	0.0
	51068	0.0
	51076	0.0
	51087	0.0
	51133	0.0
	51137	0.0
	51145	0.0
	51156	0.0
	51186	0.0
	51232	0.0
	51238	0.0
	51241	0.0
	51243	0.0
	51288	0.0
	51328	0.0
	51329	0.0
	51330	0.0
	51334	0.0
	51346	0.0
	51352	0.0
	51353	0.0
	51356	0.0
	51357	0.0
	51358	0.0
	51359	0.0
	51365	0.0
	51367	0.0
	51369	0.0
	51377	0.0
	51378	0.0
	51379	0.0
	51430	0.0
	51431	0.0
	51433	0.0
	51434	0.0
	51435	0.0
	51436	0.0
	51437	0.0
	51438	0.0
	51463	0.0
	51465	0.0
	51467	0.0
	51468	0.0
	51469	0.0
	51470	0.0
	51477	0.0
	51482	0.0
	51495	0.0
	51526	0.0
	51542	0.0
	51559	0.0
	51567	0.0
	51568	0.0
	51571	0.0
	51572	0.0
	51573	0.0
	51581	0.0
	51627	0.0
	51628	0.0
	51629	0.0
	51633	0.0
	51636	0.0
	51639	0.0
	51642	0.0
	51644	0.0
	51655	0.0
	51656	0.0
	51704	0.0
	51705	0.0
	51707	0.0
	51708	0.0
	51709	0.0
	51711	0.0
	51716	0.0
	51717	0.0
	51720	0.0
	51722	0.0
	51730	0.0
	51765	0.0
	51777	0.0
	51802	0.0
	51804	0.0
	51810	0.0
	51811	0.0
	51814	0.0
	51815	0.0
	51818	0.0
	51826	0.0
	51827	0.0
	51828	0.0
	51829	0.0
	51839	0.0
	51855	0.0
	51886	0.0
	51931	0.0
	52101	0.0
	52112	0.0
	52203	0.0
	52267	0.0
	52313	0.0
	52378	0.0
	52495	0.0
	52575	0.0
	52576	0.0
	52602	0.0
	52607	0.0
	52633	0.0
	52645	0.0
	52657	0.0
	52707	0.0
	52713	0.0
	52737	0.0
	52745	0.0
	52754	0.0
	52765	0.0
	52818	0.0
	52825	0.0
	52833	0.0
	52836	0.0
	52842	0.0
	52853	0.0
	52855	0.0
	52856	0.0
	52862	0.0
	52863	0.0
	52866	0.0
	52868	0.0
	52869	0.0
	52874	0.0
	52875	0.0
	52876	0.0
	52908	0.0
	52943	0.0
	52955	0.0
	52957	0.0
	52963	0.0
	52968	0.0
	52972	0.0
	52974	0.0
	53068	0.0
	53083	0.0
	53149	0.0
	53192	0.0
	53195	0.0
	53231	0.0
	53272	0.0
	53276	0.0
	53289	0.0
	53324	0.0
	53336	0.0
	53337	0.0
	53343	0.0
	53348	0.0
	53352	0.0
	53357	0.0
	53362	0.0
	53367	0.0
	53368	0.0
	53378	0.0
	53384	0.0
	53385	0.0
	53391	0.0
	53419	0.0
	53420	0.0
	53433	0.0
	53446	0.0
	53455	0.0
	53457	0.0
	53463	0.0
	53464	0.0
	53466	0.0
	53467	0.0
	53469	0.0
	53472	0.0
	53475	0.0
	53480	0.0
	53481	0.0
	53483	0.0
	53484	0.0
	53502	0.0
	53505	0.0
	53512	0.0
	53513	0.0
	53522	0.0
	53529	0.0
	53533	0.0
	53543	0.0
	53545	0.0
	53547	0.0
	53553	0.0
	53562	0.0
	53602	0.0
	53644	0.0
	53730	0.0
	53732	0.0
	54012	0.0
	54024	0.0
	54026	0.0
	54027	0.0
	54031	0.0
	54039	0.0
	54041	0.0
	54047	0.0
	54049	0.0
	54063	0.0
	54064	0.0
	54065	0.0
	54069	0.0
	54072	0.0
	54076	0.0
	54080	0.0
	54092	0.0
	54093	0.0
	54094	0.0
	54096	0.0
	54098	0.0
	54099	0.0
	54102	0.0
	54115	0.0
	54117	0.0
	54122	0.0
	54132	0.0
	54134	0.0
	54135	0.0
	54142	0.0
	54154	0.0
	54156	0.0
	54157	0.0
	54161	0.0
	54164	0.0
	54165	0.0
	54169	0.0
	54171	0.0
	54172	0.0
	54181	0.0
	54186	0.0
	54187	0.0
	54192	0.0
	54195	0.0
	54204	0.0
	54205	0.0
	54208	0.0
	54213	0.0
	54214	0.0
	54218	0.0
	54223	0.0
	54225	0.0
	54226	0.0
	54231	0.0
	54234	0.0
	54236	0.0
	54237	0.0
	54243	0.0
	54244	0.0
	54248	0.0
	54249	0.0
	54252	0.0
	54254	0.0
	54259	0.0
	54260	0.0
	54261	0.0
	54263	0.0
	54266	0.0
	54267	0.0
	54273	0.0
	54274	0.0
	54276	0.0
	54284	0.0
	54285	0.0
	54286	0.0
	54290	0.0
	54291	0.0
	54292	0.0
	54293	0.0
	54305	0.0
	54313	0.0
	54316	0.0
	54320	0.0
	54321	0.0
	54323	0.0
	54324	0.0
	54325	0.0
	54326	0.0
	54327	0.0
	54328	0.0
	54331	0.0
	54332	0.0
	54333	0.0
	54334	0.0
	54335	0.0
	54336	0.0
	54337	0.0
	54338	0.0
	54339	0.0
	54342	0.0
	54346	0.0
	54347	0.0
	54349	0.0
	54351	0.0
	54353	0.0
	54362	0.0
	54363	0.0
	54365	0.0
	54371	0.0
	54374	0.0
	54377	0.0
	54386	0.0
	54452	0.0
	54453	0.0
	54454	0.0
	54455	0.0
	54470	0.0
	54471	0.0
	54472	0.0
	54474	0.0
	54475	0.0
	54476	0.0
	54483	0.0
	54486	0.0
	54493	0.0
	54494	0.0
	54497	0.0
	54563	0.0
	54568	0.0
	54569	0.0
	54575	0.0
	54579	0.0
	54584	0.0
	54590	0.0
	54660	0.0
	54662	0.0
	55228	0.0
	55248	0.0
	55279	0.0
	55294	0.0
	55299	0.0
	55437	0.0
	55472	0.0
	55493	0.0
	55578	0.0
	55585	0.0
	55589	0.0
	55591	0.0
	55593	0.0
	55598	0.0
	55655	0.0
	55664	0.0
	55680	0.0
	55681	0.0
	55690	0.0
	55696	0.0
	55773	0.0
	56004	0.0
	56016	0.0
	56018	0.0
	56021	0.0
	56029	0.0
	56033	0.0
	56034	0.0
	56043	0.0
	56045	0.0
	56046	0.0
	56065	0.0
	56067	0.0
	56106	0.0
	56109	0.0
	56116	0.0
	56125	0.0
	56128	0.0
	56137	0.0
	56151	0.0
	56202	0.0
	56223	0.0
	56227	0.0
	56228	0.0
	56307	0.0
	56312	0.0
	56317	0.0
	56331	0.0
	56342	0.0
	56434	0.0
	57079	6.6771E-4
	53886	0.00123102
	57636	0.0019
	54515	0.00225687
	57085	0.0048223499999999996
	57655	0.0051
	59480	0.00594
	57348	0.0080
	53988	0.00882861
	59941	0.0099
	57902	0.0128
	53690	0.013472829999999998
	53773	0.01443029
	54816	0.014567069999999998
	53770	0.02010666
	57082	0.02062482
	59487	0.02241
	58936	0.022500000000000003
	57213	0.024962349999999998
	57154	0.02537269
	57066	0.02618907
	56792	0.0266
	53984	0.02908248
	56567	0.0307
	59940	0.0319
	57074	0.03642729
	58210	0.0409
	53994	0.041546400000000004
	53987	0.04273344
	58647	0.04608
	58942	0.0468
	53594	0.04821494999999999
	57090	0.048297690000000004
	53997	0.04844607
	58664	0.049409999999999996
	56664	0.0501
	57907	0.0505
	54908	0.05095055
	57401	0.0514
	58236	0.0534
	57083	0.05482640999999999
	53983	0.05593926
	57314	0.0575
	57091	0.058461719999999995
	57834	0.0653
	57060	0.06592796
	57153	0.06927907
	58918	0.06956999999999999
	53989	0.0704805
	57800	0.0725
	56772	0.076
	53781	0.07618646
	56994	0.0772
	59481	0.08253
	53985	0.08294442
	53517	0.08309385
	53786	0.08459843
	57699	0.08523000000000001
	53576	0.08740242
	56194	0.0895
	53487	0.08952250999999999
	57081	0.09110532
	58847	0.09351000000000001
	58605	0.09414
	54410	0.09465175999999999
	58760	0.09819
	58306	0.0982
	58224	0.0984
	54904	0.09930227999999999
	54406	0.10087524999999999
	58848	0.10287
	53478	0.10449991999999998
	54723	0.10463669999999999
	56867	0.1049
	56952	0.1049
	53582	0.10491026
	59469	0.10791
	56948	0.1083
	57396	0.1090593
	59075	0.11043
	58940	0.11277
	56881	0.1129
	59322	0.11556
	53662	0.11810952999999999
	54419	0.11858825999999999
	57835	0.1187
	52643	0.11981927999999999
	53575	0.12282844
	57603	0.1236
	58934	0.12483
	57805	0.1254
	57308	0.1255
	57821	0.127
	57447	0.1287
	54722	0.13226626
	54725	0.13377083999999997
	53499	0.13869492
	57743	0.141
	57916	0.1428
	58606	0.14355
	57913	0.1458
	58927	0.15165
	58205	0.15379587
	54623	0.15545046999999998
	56389	0.1569
	59288	0.15696000000000002
	58301	0.15958269
	53882	0.16105845
	57803	0.1641
	56774	0.1672
	54318	0.16864974
	57458	0.1704
	58208	0.17397554999999998
	56775	0.1745
	59126	0.17478000000000002
	56763	0.1748
	54910	0.17651458999999997
	58652	0.17658000000000001
	58752	0.17685
	57093	0.17850114
	54405	0.17979731000000002
	59659	0.18162
	56886	0.1833
	57387	0.1843
	57254	0.18684147999999998
	56876	0.191
	53578	0.19169716999999997
	59673	0.19413
	56778	0.1942
	56978	0.1967
	57609	0.1975
	59845	0.199
	56862	0.1994
	58207	0.20016462
	57752	0.2003
	58839	0.20060999999999998
	59278	0.20115
	58214	0.2012
	57080	0.20676753
	56188	0.2084
	59284	0.21438
	57253	0.2154
	57669	0.2222
	54416	0.22418241999999997
	58932	0.22455
	54530	0.22869615999999995
	58725	0.22941000000000003
	54431	0.23608227999999998
	57143	0.23676618
	57518	0.2403
	53663	0.24107474999999998
	57857	0.2433
	57268	0.2436
	58314	0.2447
	57536	0.2476
	58917	0.24786
	57155	0.25352172999999995
	58944	0.25389
	57476	0.2569
	53669	0.25824063999999997
	58929	0.25875
	57140	0.25926648999999996
	56991	0.2604
	54311	0.26042912
	58923	0.26073
	58921	0.26091
	57299	0.26100042
	57682	0.2655
	56080	0.26624226999999995
	53593	0.26644744
	58330	0.2717
	57696	0.27261
	54401	0.27533814
	54528	0.2762956
	54821	0.27834729999999996
	58742	0.28017000000000003
	57242	0.28074095
	58212	0.2811
	54906	0.28115129
	57809	0.2831
	58646	0.28431
	57714	0.2844
	57251	0.2853
	57137	0.28751156
	56863	0.2906
	57608	0.292
	56992	0.2926
	57370	0.2944
	59663	0.29556000000000004
	54731	0.29722294
	57169	0.29920827
	58220	0.3013
	54819	0.30201024
	56764	0.3033
	56962	0.3045
	53783	0.30549813
	56882	0.3057
	54823	0.30693432
	56878	0.312
	57909	0.3129
	58644	0.31482
	57741	0.3162
	58323	0.3169
	58602	0.31698000000000004
	53577	0.31705604
	54905	0.31705604
	57649	0.3213
	57265	0.3215
	57260	0.324
	54826	0.32437376999999995
	56969	0.3246
	57520	0.3314
	57708	0.3331
	58230	0.3334
	56964	0.3336
	58754	0.33632999999999996
	57144	0.33688914
	59057	0.33723
	57259	0.3454
	59477	0.34614
	58693	0.34631999999999996
	57633	0.3501
	58321	0.3515
	56879	0.3527
	58221	0.3554
	57722	0.3555
	57573	0.3577
	59754	0.36009
	58844	0.36198
	59656	0.3627
	59954	0.3646
	57477	0.3676
	53590	0.37026346
	56870	0.371
	56494	0.3738
	59758	0.3746
	57988	0.37494000000000005
	58926	0.37494000000000005
	57678	0.3755
	56768	0.3769
	56777	0.3787
	54408	0.3788122099999999
	57395	0.379
	58946	0.37917
	57191	0.37992699
	58569	0.38025
	57274	0.38193012000000004
	57298	0.38341392
	58935	0.38709
	57647	0.3877
	57737	0.3899
	59102	0.39033
	54412	0.39221665
	59279	0.39762000000000003
	57217	0.3979
	57906	0.3979
	59664	0.39969
	58416	0.4047
	56499	0.4073
	57731	0.4078
	58127	0.4082
	54423	0.41013483
	59276	0.41067
	54420	0.41095550999999997
	54404	0.41177618999999993
	59842	0.4127
	59653	0.41426999999999997
	58508	0.41499
	59462	0.41544000000000003
	56873	0.4171
	59847	0.4296
	59655	0.43137000000000003
	57761	0.4318
	58527	0.43488000000000004
	58225	0.4359
	59099	0.43731000000000003
	59074	0.43992000000000003
	58129	0.4449
	58223	0.452
	56496	0.4536
	57824	0.4548
	57760	0.4574
	59122	0.46323000000000003
	56767	0.4657
	57388	0.4663
	57734	0.4663
	52418	0.46826632999999995
	52424	0.47018125
	57996	0.4716
	53498	0.47284845999999997
	54909	0.47544727999999997
	56954	0.4757
	57237	0.4781
	59658	0.47961000000000004
	58311	0.4803
	57600	0.4876
	58931	0.48933
	58828	0.48951000000000006
	54510	0.48967239999999995
	58660	0.49275
	54308	0.49316028999999995
	57238	0.49480165
	57381	0.4949
	57698	0.49509000000000003
	58601	0.49725
	57303	0.4976
	58222	0.4983
	58234	0.4993
	58834	0.50004
	58509	0.50112
	57211	0.5028716699999999
	54304	0.5081376999999999
	54730	0.5104629599999999
	57545	0.5107
	56975	0.5118
	56987	0.5119
	59471	0.51246
	57694	0.5125500000000001
	57814	0.5186
	54732	0.52099502
	58472	0.52353
	57842	0.5246
	56973	0.5275
	54911	0.53036445
	57077	0.5305326899999999
	59124	0.53073
	58215	0.5393
	58623	0.53937
	58329	0.5397
	54734	0.54041778
	56898	0.5429
	54425	0.5469832199999999
	56869	0.5475
	58735	0.5476500000000001
	54424	0.55006077
	57735	0.5504
	57256	0.5537
	57807	0.5565
	58634	0.5595300000000001
	57094	0.5618408699999999
	58905	0.5624100000000001
	57231	0.56312326
	57390	0.5653278
	59269	0.5684400000000001
	59264	0.56979
	57558	0.5718
	57732	0.5723
	59088	0.5724
	58367	0.5729
	59757	0.574
	57736	0.5788
	57657	0.5791
	57245	0.58083627
	59848	0.582
	58250	0.5841
	58745	0.58518
	58235	0.5858
	56871	0.5907
	59470	0.59625
	59093	0.5967
	59265	0.59679
	57475	0.5985
	57482	0.6031
	57658	0.6047
	58600	0.60552
	58514	0.6093900000000001
	59266	0.61092
	58519	0.6129000000000001
	58517	0.61416
	57483	0.6161
	57398	0.6203
	59635	0.6229800000000001
	57087	0.62631198
	56483	0.6285
	59125	0.62901
	54912	0.6308977499999999
	57445	0.6343
	58316	0.635
	58719	0.6365700000000001
	57832	0.6367
	57271	0.63773724
	57296	0.63988875
	57247	0.6467642299999999
	57674	0.6504
	58845	0.65142
	58903	0.65313
	53397	0.65394518
	57808	0.654
	56982	0.6563
	56977	0.6622
	59249	0.66258
	57889	0.6627
	58369	0.6627
	58237	0.6632
	58633	0.66591
	58568	0.66762
	57232	0.6702903899999999
	58836	0.67095
	57343	0.6722737
	52985	0.67261565
	57740	0.6744
	57285	0.67549995
	54729	0.6773345599999999
	56875	0.6775
	58843	0.6794100000000001
	54430	0.67952304
	57187	0.68009973
	57598	0.68274
	57643	0.6909
	57793	0.69237
	59092	0.69309
	58559	0.69516
	59456	0.6961499999999999
	58734	0.69696
	59025	0.69723
	59255	0.70353
	59626	0.70452
	56986	0.7096
	59015	0.70983
	57178	0.71059182
	57233	0.7111192199999999
	57544	0.7117
	58361	0.7117
	57744	0.7144
	59843	0.7146
	54432	0.7172743199999999
	57129	0.7174794899999999
	58547	0.72018
	57564	0.7213
	58821	0.7263000000000001
	56949	0.731
	58240	0.7324
	58331	0.7337
	58544	0.74034
	58335	0.7418
	58746	0.74187
	58570	0.74439
	59091	0.74592
	54744	0.7515377099999999
	59012	0.7526700000000001
	56766	0.7552
	57173	0.7556993399999999
	57359	0.7565
	57181	0.75651543
	58320	0.7572
	57688	0.7582
	59654	0.75951
	58654	0.76095
	54301	0.76104392
	56071	0.7655576599999999
	57646	0.766
	54421	0.76877199
	59268	0.77139
	58609	0.77346
	57922	0.7741
	57992	0.7749
	57914	0.7752
	54523	0.7754742099999998
	58419	0.7771
	59205	0.7807
	54914	0.7836810099999999
	56385	0.7863
	58823	0.78651
	57635	0.7904
	58607	0.79254
	57345	0.7938
	58620	0.79389
	57399	0.8001
	54521	0.8003681699999998
	58109	0.8014
	56082	0.8015991899999999
	59650	0.8050499999999999
	58415	0.8097
	57905	0.8171
	58326	0.8174
	54319	0.82013288
	57293	0.8249186100000001
	59058	0.82773
	58911	0.83079
	57837	0.8326
	58334	0.8327
	58907	0.8334
	58806	0.8361000000000001
	58462	0.8387
	58627	0.83889
	54737	0.8390085199999998
	59246	0.83907
	58616	0.8397000000000001
	57900	0.8401
	57554	0.8424
	58912	0.84681
	57769	0.8469
	58736	0.84834
	58138	0.8484
	54827	0.8548749999999999
	57792	0.8586
	57921	0.8589
	54921	0.8589783999999999
	58327	0.8591
	58402	0.8613
	57799	0.86346
	58701	0.86463
	58404	0.8673
	52978	0.8678690999999998
	56961	0.87
	58238	0.8721
	58529	0.8732700000000001
	57772	0.8759
	57738	0.8782
	59851	0.8785
	59064	0.88065
	54727	0.8813419299999999
	57739	0.8828
	58818	0.8841600000000001
	58002	0.8852401599999999
	57993	0.88839
	58477	0.89154
	57774	0.8924
	57363	0.8959
	54540	0.8978239199999999
	57349	0.8988
	54438	0.9035686799999999
	56498	0.9058
	58317	0.9062
	58512	0.91125
	57844	0.9129
	57971	0.9134
	58625	0.9141300000000001
	57991	0.91449
	57179	0.91706259
	57249	0.9177
	57717	0.9219
	58567	0.9230400000000001
	54833	0.92456441
	57385	0.9276
	56490	0.9277
	57710	0.9285
	58562	0.93069
	57762	0.9309
	54428	0.9340022299999998
	57565	0.9344
	58241	0.9369
	57662	0.9371
	58737	0.93717
	57494	0.9406
	58203	0.9437
	58409	0.9445
	59750	0.94527
	56989	0.9488
	58608	0.9499500000000001
	57806	0.9543
	59644	0.9577800000000001
	57923	0.9609
	57796	0.96192
	57915	0.962
	59429	0.96201
	58401	0.9632
	58712	0.9644400000000001
	57661	0.965
	58718	0.9666000000000001
	59256	0.9692999999999999
	57543	0.97
	57911	0.9707
	58451	0.97083
	58510	0.9729
	57481	0.973
	58004	0.97574688
	58619	0.97596
	58503	0.97686
	58340	0.9769
	59451	0.9772200000000001
	57184	0.98390778
	57995	0.9867600000000001
	57193	0.9884333700000001
	57798	0.9920700000000001
	54915	0.9950745
	57679	0.9961
	58826	0.99765
	58626	1.00017
	58632	1.0008000000000001
	57776	1.0035
	57096	1.00371651
	58202	1.0039
	59059	1.00818
	58637	1.0098900000000002
	57754	1.0107
	58336	1.0127
	57926	1.0138
	58339	1.0163
	57297	1.02018669
	58242	1.0206
	58548	1.0211400000000002
	59072	1.02348
	58461	1.0238
	58629	1.02519
	57956	1.02528
	57566	1.0261
	57825	1.0315
	57773	1.032
	59631	1.03923
	59254	1.03932
	58117	1.048
	57486	1.0557
	58428	1.0589
	59082	1.0598400000000001
	59849	1.0599
	58246	1.06
	58147	1.0605
	57248	1.0631225499999999
	58820	1.0655999999999999
	57846	1.068
	53399	1.07160291
	58417	1.0718
	57822	1.0749
	57932	1.077
	57763	1.0817
	59454	1.0827
	59452	1.08342
	58319	1.0858
	58438	1.0876
	59021	1.0880100000000001
	58631	1.0900800000000002
	57663	1.0912
	54736	1.09540263
	58642	1.09629
	58751	1.09755
	58420	1.1025
	57186	1.10506005
	58635	1.10547
	58748	1.1098800000000002
	57095	1.11285
	58463	1.113
	58356	1.1132
	58484	1.11375
	57389	1.1182
	58846	1.11951
	58107	1.1217
	57671	1.1241
	58612	1.1277
	58520	1.1311
	58006	1.13110074
	57957	1.13211
	57989	1.13517
	57903	1.1371
	58824	1.13724
	59640	1.1425500000000002
	58819	1.1428200000000002
	58247	1.1449
	58418	1.146
	58523	1.146
	57492	1.1476
	54830	1.14929395
	57188	1.1506127099999999
	58557	1.15209
	59453	1.15317
	57498	1.1535
	58501	1.1543
	58003	1.1630403399999998
	58715	1.16721
	58507	1.16739
	57089	1.17472446
	57278	1.1777
	57175	1.1779146299999999
	59856	1.1828
	54918	1.1833521699999998
	58424	1.1847
	54822	1.1860193799999998
	59065	1.18899
	59081	1.1914200000000001
	58615	1.19673
	59023	1.197
	58458	1.19808
	58429	1.2025
	54907	1.20380078
	59041	1.20879
	57177	1.20922281
	59211	1.21014
	57728	1.212
	58259	1.2136
	58543	1.2184199999999998
	58341	1.2211
	58345	1.2215
	58243	1.2222
	54913	1.2249332899999998
	54533	1.22582236
	58342	1.2281
	58549	1.22859
	57718	1.232
	58624	1.2321
	58011	1.24066299
	58118	1.2491
	58530	1.2528
	58706	1.25433
	57295	1.2616009499999998
	57185	1.26174933
	58542	1.2618
	57489	1.2639
	54917	1.2645311
	58414	1.268
	58362	1.2689
	58643	1.27251
	58534	1.2731
	58500	1.274
	58614	1.27485
	58366	1.2792
	57666	1.2829
	54920	1.28326996
	58565	1.28646
	57575	1.2868
	58464	1.2874500000000002
	58531	1.2889
	58563	1.29078
	58804	1.2947400000000002
	57355	1.2953
	58710	1.2978
	57182	1.29958623
	56966	1.301
	57780	1.3035
	58550	1.30563
	58452	1.3063500000000001
	58555	1.30671
	57771	1.307
	54916	1.3096001099999999
	59017	1.3118400000000001
	59047	1.31193
	58365	1.3142
	57195	1.31828211
	57781	1.3199
	58707	1.32021
	57786	1.32057
	54449	1.3226626
	57339	1.3231
	57891	1.3257
	58537	1.32813
	57273	1.33074603
	58906	1.33128
	57941	1.33461
	59033	1.33704
	54919	1.33729806
	57673	1.3411
	57292	1.34142939
	57562	1.3444
	58713	1.3482
	58337	1.3497
	57491	1.3498
	57811	1.3508
	58017	1.35211275
	58251	1.357
	59090	1.35747
	59441	1.35873
	58111	1.3593091800000001
	57581	1.3608
	59647	1.36107
	59431	1.36152
	58442	1.3649
	58254	1.3668
	58744	1.3674600000000001
	58704	1.3750200000000001
	58455	1.37664
	57768	1.3773
	58814	1.3788
	57451	1.3794
	57766	1.3819
	57816	1.3829
	54525	1.38585496
	58546	1.3967100000000001
	57189	1.40315547
	58007	1.40478765
	58245	1.4049
	58407	1.4049
	57257	1.4069
	59027	1.4076000000000002
	58344	1.4084
	59209	1.40895
	58460	1.42
	58724	1.42317
	58128	1.4233
	58813	1.42398
	58377	1.424
	54437	1.42873549
	57813	1.429
	58558	1.43001
	54541	1.43085558
	59448	1.43199
	58556	1.43244
	57586	1.4351
	59061	1.4364000000000001
	58264	1.4384
	58714	1.44126
	58449	1.4442300000000001
	57742	1.4448
	57860	1.4534
	58269	1.4551
	57493	1.457
	57974	1.4585
	58749	1.4589
	57896	1.45935
	57853	1.4595
	57994	1.4612399999999999
	57577	1.4628
	58446	1.46655
	56970	1.4718
	54828	1.47606137
	58705	1.47906
	58427	1.4888
	58506	1.4912100000000001
	57887	1.4914
	54429	1.49199624
	54829	1.49616803
	58249	1.4963
	59242	1.50264
	59449	1.5066
	58001	1.51585008
	59045	1.5231599999999998
	57840	1.5271
	57571	1.5278
	58338	1.5287
	58618	1.53504
	57954	1.53558
	58244	1.5369
	58456	1.53747
	59052	1.53828
	57841	1.5397
	54436	1.54178416
	58822	1.5421500000000001
	54751	1.54328874
	59951	1.5444
	52323	1.54787087
	57198	1.54812273
	57687	1.5485
	57574	1.5498
	58622	1.54989
	59632	1.55376
	58100	1.55420631
	57680	1.5598
	57758	1.5607
	57958	1.56888
	54522	1.5700976199999999
	58435	1.5704
	57099	1.5706023
	57883	1.57131
	54752	1.57331195
	58453	1.57383
	58360	1.5785
	58113	1.5794
	58114	1.5858
	58354	1.5949
	54738	1.59738523
	58408	1.5985
	59435	1.60119
	57789	1.60245
	58148	1.6028
	58104	1.60383942
	59071	1.61127
	58459	1.6121699999999999
	58468	1.6123500000000002
	58426	1.6149
	57485	1.6169
	54539	1.62029588
	58005	1.62045798
	58443	1.62945
	57895	1.6299
	58448	1.63215
	57978	1.6336
	58265	1.6375
	53685	1.6391031299999999
	58502	1.63962
	57975	1.6402
	58353	1.6427
	57927	1.6466399999999999
	58255	1.6489
	57281	1.65095007
	58457	1.65168
	57899	1.65393
	57966	1.6542
	57279	1.6568
	58268	1.6571
	54531	1.65756843
	59055	1.65933
	54434	1.66591201
	57839	1.667
	54535	1.66762176
	54534	1.66994702
	57294	1.67179746
	58108	1.6731
	59854	1.6743
	54841	1.6761705099999997
	57948	1.67724
	59241	1.67724
	58933	1.67967
	56996	1.68
	59051	1.68102
	58008	1.6907900999999999
	58747	1.69533
	54753	1.69655073
	57196	1.69679949
	57955	1.6970399999999999
	57973	1.6989
	59228	1.70046
	54825	1.7023638799999998
	57990	1.70307
	57886	1.7036
	57964	1.70964
	57894	1.71333
	54834	1.7161786599999997
	54824	1.7199401099999998
	58454	1.7226
	57976	1.7243
	57582	1.7244
	58352	1.727
	57333	1.7313
	59046	1.73637
	57496	1.7409
	57949	1.7428500000000002
	54532	1.7440817799999997
	57881	1.7457
	58126	1.7487
	58257	1.7499
	57851	1.7513
	57595	1.7521
	59031	1.75284
	54439	1.75543452
	59229	1.75635
	57778	1.7612
	57882	1.7784
	54836	1.77957619
	58467	1.78416
	57194	1.7848630200000002
	57962	1.7991
	56995	1.8022
	54765	1.80221328
	57779	1.8038
	57972	1.8074
	57872	1.8084
	57960	1.8157500000000002
	57870	1.8202
	54766	1.8211573099999998
	57192	1.8272255099999999
	58359	1.8304
	59053	1.83348
	57936	1.8385
	54835	1.84263177
	54831	1.84393118
	54837	1.85111213
	58441	1.852
	57777	1.8548
	58343	1.8556
	57767	1.8614
	57942	1.8652499999999999
	57290	1.8710718
	58101	1.8723330299999998
	54832	1.87327049
	58346	1.8765
	54843	1.8789468599999997
	57985	1.879
	59213	1.8790200000000001
	57098	1.8821261100000002
	57859	1.88937
	54774	1.8908467199999999
	59044	1.8942299999999999
	59034	1.8981000000000001
	57965	1.8994
	59224	1.9199700000000002
	54922	1.92237451
	58020	1.9250417199999998
	57981	1.9277
	58423	1.9384
	57969	1.9416
	54844	1.94234439
	57583	1.9451
	54755	1.9451483799999998
	59855	1.9468
	54764	1.9502092399999997
	54945	1.9536287399999996
	59425	1.9625400000000002
	54759	1.96785386
	57589	1.9713
	59037	1.97325
	58437	1.9734
	54923	1.9778387999999998
	57829	1.9781
	58450	1.97973
	54852	1.98036923
	57871	1.9804
	58015	1.9844
	54925	1.98549848
	57183	1.9858437299999998
	57947	1.9861199999999999
	54871	1.9977402899999999
	57584	1.9993
	57719	2.0015
	57875	2.0016
	59063	2.0051
	58032	2.00950337
	54929	2.0147694
	54777	2.01641076
	54776	2.0168210999999996
	54938	2.0169578799999996
	54935	2.0231813699999996
	54932	2.0325507999999997
	58432	2.0402
	54927	2.0480753299999996
	57867	2.0547
	54749	2.0582654399999996
	54855	2.06749809
	58433	2.0695
	54861	2.07160149
	58102	2.0764
	57590	2.0818
	57828	2.0829
	54857	2.08500593
	59237	2.08503
	57865	2.086
	58021	2.0898616199999998
	59230	2.09583
	54936	2.0961535
	54851	2.11072057
	58030	2.12015839
	58421	2.1222
	54943	2.1272709499999998
	57197	2.13392697
	58125	2.1345
	59038	2.14209
	54848	2.14224836
	57866	2.1429
	57876	2.1478
	54842	2.1520965199999997
	58034	2.15264364
	54939	2.1558579699999996
	54940	2.1635176499999997
	58024	2.16379121
	57874	2.1643
	58436	2.1709
	54846	2.17521234
	57585	2.1757
	57868	2.1766
	57499	2.1783
	54863	2.17945252
	59227	2.1923100000000004
	58022	2.19655002
	54849	2.19709714
	54853	2.202158
	59022	2.20392
	59235	2.2056299999999998
	59427	2.21094
	58116	2.2422
	57827	2.2436
	58351	2.255
	54778	2.25837458
	59417	2.26971
	59238	2.2770900000000003
	58025	2.2775921699999997
	58013	2.28
	58135	2.281
	58016	2.3616
	58012	2.4022
	59457	2.4111
	58122	2.425
	58358	2.4405
	57845	2.4729
	59421	2.48616
	59426	2.538
	58158	2.5732
	59446	2.5866000000000002
	58150	2.5926
	58431	2.5965
	58146	2.6012
	58049	2.6184
	59419	2.63196
	56079	2.6331
	58141	2.6851
	58139	2.6901
	58140	2.6971
	58143	2.7008
	58154	2.7184
	58132	2.761
	58145	2.7659
	58038	2.7694
	58130	2.7762
	58047	2.8283
	58048	2.848
	58040	2.8982
	59218	2.91132
	58131	2.9381
	58045	2.9808
	58041	2.9994
	59215	3.01302
	58027	3.0335
	58026	3.06
	58035	3.0897
	58044	3.1188
	58036	3.1219
