	57608	-3.24036
	54569	-2.89476342
	57722	-2.8112399999999997
	57509	-2.72808
	57720	-2.5600799999999997
	54333	-2.4798465899999997
	54113	-2.4491078999999996
	57603	-2.44428
	58011	-2.37542382
	57772	-2.37324
	57738	-2.33748
	54927	-2.31095025
	57698	-2.2812
	57249	-2.26416
	58004	-2.2362702000000003
	58339	-2.23452
	58036	-2.23236
	57098	-2.23084264
	54662	-2.21973291
	57760	-2.21208
	59134	-2.2076399999999996
	57099	-2.2064763600000004
	59109	-2.18604
	54252	-2.1680208899999998
	57605	-2.1589199999999997
	57708	-2.148
	59319	-2.13168
	54575	-2.1175295399999996
	57752	-2.11584
	58008	-2.10901124
	57511	-2.09148
	54335	-2.0851262999999998
	54918	-2.0786900399999997
	54579	-2.0365214399999996
	56496	-2.03496
	58044	-2.03268
	54245	-2.01765654
	54475	-2.01044349
	58001	-2.00484828
	57438	-1.99488
	56317	-1.9823680799999999
	57995	-1.97544
	57872	-1.9657199999999997
	54483	-1.9645019099999999
	57523	-1.95648
	50987	-1.94608089
	59125	-1.9445999999999999
	56396	-1.93488
	51365	-1.9336522499999997
	58341	-1.92744
	57682	-1.92576
	57096	-1.91211784
	54225	-1.90812915
	57609	-1.90284
	57710	-1.90056
	59322	-1.88364
	59264	-1.8730799999999999
	59124	-1.869
	57719	-1.86768
	54907	-1.86718122
	57835	-1.8636
	58725	-1.8591599999999997
	57259	-1.8585599999999998
	59313	-1.8584399999999999
	56227	-1.85142348
	59492	-1.8495599999999999
	59122	-1.84584
	57181	-1.84502396
	57713	-1.8412799999999998
	54115	-1.84088133
	58637	-1.839
	58918	-1.83036
	57253	-1.82328
	57606	-1.81704
	57519	-1.809
	58731	-1.80456
	54334	-1.7989346699999997
	58547	-1.79592
	57095	-1.79386632
	59046	-1.7933999999999999
	54254	-1.7931642299999997
	59290	-1.7922
	58517	-1.7913599999999998
	59096	-1.78992
	58633	-1.78764
	57773	-1.7861999999999998
	59500	-1.78308
	54336	-1.7827330499999998
	54568	-1.7817343199999998
	58927	-1.7735999999999998
	57731	-1.76604
	57762	-1.7654400000000001
	57771	-1.7600399999999998
	59116	-1.7548799999999998
	50978	-1.7474445899999997
	54455	-1.74533616
	54342	-1.7432277299999999
	57955	-1.7425199999999998
	57761	-1.74036
	57875	-1.73628
	54751	-1.7278028999999997
	54584	-1.7268041699999999
	54752	-1.7232531299999998
	54362	-1.72169955
	57077	-1.706217
	54472	-1.70516502
	54363	-1.7009481599999998
	57506	-1.69812
	54486	-1.6944009299999998
	59033	-1.6921199999999998
	59321	-1.69116
	57718	-1.68876
	57871	-1.68684
	53992	-1.68612348
	57510	-1.68612
	54065	-1.6857452699999997
	54923	-1.6857452699999997
	59114	-1.67808
	57796	-1.67592
	57359	-1.67412
	54346	-1.6639951499999999
	54260	-1.6626635099999998
	57385	-1.66008
	57492	-1.6582799999999998
	54660	-1.65367494
	57778	-1.6532399999999998
	57696	-1.6446
	57825	-1.64436
	58005	-1.64374232
	57086	-1.64316492
	56777	-1.638
	57673	-1.63788
	57776	-1.6332
	57388	-1.62564
	53995	-1.6252655200000001
	57090	-1.62295592
	57744	-1.6212
	58006	-1.61683548
	54454	-1.6168329
	57671	-1.61604
	57345	-1.61568
	57669	-1.61124
	59456	-1.61064
	58730	-1.6095599999999999
	57566	-1.6086
	57520	-1.60128
	57445	-1.59924
	59318	-1.59648
	58035	-1.59456
	57143	-1.58753682
	59316	-1.5856799999999998
	54920	-1.5778824299999998
	57477	-1.5763200000000002
	58429	-1.575
	59131	-1.57452
	58003	-1.5680060999999998
	57398	-1.56084
	54286	-1.5604601399999998
	54093	-1.5570200699999999
	57089	-1.5566704000000002
	57437	-1.55556
	54332	-1.5548006699999999
	57674	-1.54776
	56976	-1.54332
	59317	-1.54308
	57486	-1.54296
	58546	-1.5413999999999999
	51804	-1.5403745699999998
	58734	-1.5385199999999999
	57183	-1.5365768800000001
	56966	-1.5356400000000001
	58823	-1.5303600000000002
	58507	-1.52796
	59044	-1.51968
	59065	-1.51656
	54187	-1.51640505
	54285	-1.51618311
	57723	-1.5130799999999998
	59130	-1.50912
	54324	-1.5064177499999998
	58401	-1.5059999999999998
	58735	-1.5031199999999998
	51369	-1.5019789499999998
	53998	-1.495466
	57663	-1.4922
	54911	-1.4882186699999997
	54908	-1.48721994
	57754	-1.48392
	54827	-1.4790081599999998
	50879	-1.4785642799999998
	57867	-1.47264
	57832	-1.4685599999999999
	54470	-1.46746728
	58629	-1.4671199999999998
	57821	-1.4641199999999999
	57822	-1.46376
	58818	-1.46112
	54134	-1.4541508799999998
	54076	-1.4537069999999999
	57803	-1.45356
	59127	-1.45224
	58737	-1.452
	57860	-1.4502
	58007	-1.4496204400000001
	57426	-1.4451599999999998
	54590	-1.4412783599999999
	54922	-1.4304032999999998
	54243	-1.42674129
	57261	-1.42640896
	54540	-1.42552062
	54915	-1.4235231599999998
	54603	-1.4157552599999998
	58821	-1.41516
	58101	-1.4120894400000001
	58556	-1.4091599999999997
	57541	-1.4076
	54349	-1.40499117
	57834	-1.40232
	51482	-1.4016620699999998
	57634	-1.40076
	59297	-1.39872
	59294	-1.3974
	58625	-1.3932
	59102	-1.3924800000000002
	57512	-1.3914
	57763	-1.38936
	54377	-1.38390687
	58623	-1.3806
	56946	-1.37544
	58643	-1.37436
	57067	-1.374212
	54916	-1.3726989
	54161	-1.37136726
	58514	-1.36884
	54259	-1.36659555
	57087	-1.36508908
	51495	-1.3635993599999998
	57874	-1.36248
	54610	-1.35916056
	59255	-1.35876
	53983	-1.35677452
	57505	-1.3555199999999998
	56950	-1.3526399999999998
	57274	-1.34984572
	59320	-1.3488
	51886	-1.34850744
	54064	-1.3476196799999998
	58569	-1.3446
	58907	-1.3437599999999998
	54609	-1.34351379
	58336	-1.3426799999999999
	56774	-1.34076
	57513	-1.3398
	51329	-1.33951887
	54910	-1.3387420799999998
	57389	-1.3371600000000001
	57743	-1.33164
	57565	-1.33104
	56781	-1.32792
	57518	-1.32588
	58542	-1.3235999999999999
	58415	-1.32096
	57736	-1.31964
	59071	-1.31568
	57129	-1.31521644
	57845	-1.30884
	54237	-1.3075595099999997
	57494	-1.3068
	54353	-1.3053401099999997
	57780	-1.3022399999999998
	53993	-1.3007667200000002
	57777	-1.2985200000000001
	57732	-1.29816
	57734	-1.29744
	57248	-1.2961295999999998
	54236	-1.2957966899999998
	51058	-1.2934663199999998
	54244	-1.29035916
	58602	-1.28976
	57265	-1.2893999999999999
	58402	-1.28724
	57612	-1.28568
	56875	-1.28484
	54267	-1.2808157399999998
	57735	-1.2798
	57053	-1.27892925
	59099	-1.2761999999999998
	51241	-1.27460142
	51367	-1.2729368699999999
	57786	-1.272
	57191	-1.2714348
	58335	-1.2714
	54925	-1.2713832899999997
	54331	-1.26761031
	54291	-1.26139599
	54453	-1.26084114
	59097	-1.26036
	58693	-1.25988
	57598	-1.25964
	58624	-1.25796
	52784	-1.25673525
	57662	-1.25508
	57328	-1.25436
	54606	-1.2525183899999999
	58026	-1.25244
	59137	-1.2474
	59061	-1.2440399999999998
	57349	-1.2440399999999998
	56669	-1.24296
	54914	-1.2423091499999999
	54900	-1.24141
	59072	-1.23924
	57231	-1.2380922899999998
	58736	-1.2361199999999999
	58929	-1.2345599999999999
	58329	-1.22808
	57268	-1.2269999999999999
	57936	-1.22652
	57741	-1.22604
	59045	-1.2234
	57625	-1.2229199999999998
	58442	-1.2223199999999999
	54092	-1.2198932099999997
	51059	-1.21867254
	58634	-1.21428
	58020	-1.2140118
	58015	-1.2126
	58632	-1.2110400000000001
	58122	-1.21092
	51377	-1.2092400899999998
	57185	-1.2074588800000001
	58946	-1.20432
	57502	-1.20288
	53696	-1.20036249
	53698	-1.1971443599999998
	53948	-1.1911519799999999
	57469	-1.1894399999999998
	59064	-1.18788
	57182	-1.18759632
	58905	-1.1781599999999999
	57256	-1.1742
	54851	-1.16973477
	57416	-1.16928
	54563	-1.16917992
	54231	-1.16496306
	57809	-1.1641199999999998
	57405	-1.16316
	57415	-1.16292
	59324	-1.1614799999999998
	57891	-1.1581199999999998
	57717	-1.15392
	57156	-1.15387616
	58607	-1.1530799999999999
	58331	-1.15188
	57153	-1.15164666
	57962	-1.149
	59113	-1.1483999999999999
	54063	-1.1483175599999997
	57184	-1.1474092800000002
	58814	-1.14492
	53950	-1.1421032399999997
	54755	-1.1413264499999998
	58433	-1.14
	57811	-1.13892
	56594	-1.13436
	56873	-1.13388
	57489	-1.13364
	54248	-1.13333661
	51133	-1.1307842999999997
	58906	-1.12896
	53994	-1.1265074000000002
	58523	-1.1261999999999999
	59246	-1.12464
	58438	-1.1244
	58724	-1.12392
	58024	-1.1233493099999998
	51435	-1.1229054299999999
	54626	-1.1207969999999998
	57661	-1.12056
	57657	-1.119
	57649	-1.11828
	54039	-1.1166911099999999
	59502	-1.11432
	59293	-1.1118
	57491	-1.1108399999999998
	56688	-1.10808
	50979	-1.10736963
	57508	-1.10496
	58477	-1.1048399999999998
	51431	-1.1030418
	58942	-1.1004
	57162	-1.1001779600000001
	51542	-1.09937979
	58917	-1.09896
	54929	-1.098603
	57558	-1.09128
	56399	-1.08708
	54226	-1.08295623
	54172	-1.08262332
	53791	-1.0824013799999999
	54098	-1.0810697399999998
	57646	-1.08096
	51137	-1.07463348
	57417	-1.07364
	59082	-1.07256
	51328	-1.07208117
	54339	-1.0696398299999998
	54620	-1.0686410999999998
	57056	-1.0681900000000002
	59133	-1.06764
	57169	-1.06668876
	57633	-1.06308
	58503	-1.05972
	51463	-1.05931962
	57699	-1.0588799999999998
	51430	-1.0573221599999998
	54323	-1.0568782799999998
	57193	-1.056642
	57942	-1.0566
	53986	-1.05502528
	58748	-1.0538399999999999
	56772	-1.05216
	59454	-1.0506
	57361	-1.04856
	52656	-1.04777874
	54047	-1.0475568
	51470	-1.04689098
	57339	-1.04268
	51346	-1.04234121
	59298	-1.0398
	59452	-1.03932
	57517	-1.03836
	58647	-1.0374
	58936	-1.0345199999999999
	57254	-1.03301973
	57498	-1.03272
	56788	-1.03176
	58463	-1.0311
	57496	-1.0285199999999999
	58342	-1.02804
	59094	-1.0248
	53959	-1.0232543699999999
	51352	-1.01681811
	58701	-1.0162799999999999
	57973	-1.01592
	54320	-1.01304513
	58356	-1.01268
	58030	-1.009827
	51469	-1.0094940899999998
	58431	-1.00716
	58843	-1.00236
	57740	-1.00224
	54494	-1.0006164899999999
	59088	-1.0002
	58559	-0.9994799999999999
	57737	-0.99648
	56593	-0.99504
	57499	-0.99504
	59034	-0.98892
	56247	-0.98712
	57399	-0.98688
	56962	-0.9848399999999999
	57458	-0.98112
	58601	-0.9799199999999999
	58404	-0.97644
	57260	-0.9759599999999999
	57976	-0.97584
	58345	-0.9725999999999999
	58530	-0.97116
	51243	-0.9710984699999999
	59310	-0.9706799999999999
	58420	-0.9680399999999999
	59107	-0.9665999999999999
	51434	-0.9654389999999999
	54276	-0.9651060899999999
	57395	-0.9633599999999999
	57431	-0.96156
	55773	-0.9614440799999998
	57868	-0.9609599999999999
	54909	-0.9563394599999999
	58247	-0.9548399999999999
	57055	-0.95301036
	58627	-0.9528
	54535	-0.95278842
	59047	-0.9489599999999999
	58903	-0.94248
	58548	-0.94224
	58666	-0.9412799999999999
	54117	-0.94058172
	57637	-0.9400799999999999
	54814	-0.9366977699999999
	57841	-0.93624
	57278	-0.9318
	57093	-0.92949852
	59285	-0.92748
	57921	-0.9258
	58635	-0.92424
	57586	-0.92424
	57824	-0.92424
	57614	-0.92172
	57186	-0.9214149200000001
	57887	-0.9212400000000001
	57251	-0.91584
	57839	-0.9156
	54186	-0.91117467
	54351	-0.9099539999999998
	59640	-0.90912
	57988	-0.90816
	54861	-0.9072907199999999
	56785	-0.90504
	54132	-0.9048493799999999
	58558	-0.90432
	58912	-0.9015599999999999
	53697	-0.8999667
	51571	-0.89930088
	58928	-0.89652
	54612	-0.89586081
	57742	-0.89484
	54819	-0.89341947
	52643	-0.8913110399999999
	57728	-0.891
	57516	-0.8887200000000001
	51145	-0.88798194
	54080	-0.8860954499999999
	58484	-0.88512
	57574	-0.88248
	59256	-0.8821199999999999
	53972	-0.8819207600000001
	57792	-0.8787599999999999
	54541	-0.8785494899999999
	59265	-0.8784
	57990	-0.8742
	58337	-0.8677199999999999
	57906	-0.86736
	59501	-0.86688
	59312	-0.86652
	54531	-0.86545503
	57195	-0.86402136
	57306	-0.86388
	59289	-0.8607600000000001
	57029	-0.8584639199999998
	53985	-0.8579009200000001
	57432	-0.85776
	54608	-0.8571322799999999
	53789	-0.8564664599999999
	59092	-0.85512
	54718	-0.85313736
	58414	-0.85224
	58338	-0.8521199999999999
	57348	-0.85104
	58605	-0.84768
	54614	-0.8444816999999999
	59012	-0.84432
	56879	-0.8401199999999999
	57091	-0.83930864
	57447	-0.83916
	59041	-0.8382
	57974	-0.837
	57420	-0.8362799999999999
	57947	-0.8348399999999999
	57729	-0.834
	57363	-0.8327999999999999
	58626	-0.83112
	54828	-0.82972269
	54815	-0.8296117199999999
	51467	-0.82950075
	57948	-0.82872
	53989	-0.82579748
	51477	-0.82517292
	51567	-0.8238412799999999
	57882	-0.81912
	59075	-0.8182799999999999
	53884	-0.8174050199999999
	53980	-0.81640629
	58612	-0.8156399999999999
	57994	-0.8148000000000001
	54208	-0.81463077
	58543	-0.81408
	57037	-0.81396495
	53689	-0.8126333099999998
	56949	-0.81192
	57585	-0.8097599999999999
	51330	-0.8093042099999999
	57562	-0.8055599999999999
	57411	-0.80532
	57326	-0.8052
	54774	-0.8032008599999999
	57072	-0.79750488
	58427	-0.79692
	51356	-0.7944342299999999
	58113	-0.7941600000000001
	58804	-0.79296
	56782	-0.79212
	57536	-0.79116
	58938	-0.7892399999999999
	58017	-0.7878045600000001
	58013	-0.78744
	57522	-0.7868399999999999
	58834	-0.78492
	57038	-0.78378111
	58509	-0.7833600000000001
	53782	-0.7761241799999999
	54027	-0.77590224
	57853	-0.7757999999999999
	57781	-0.77328
	57774	-0.7696799999999999
	57315	-0.7684799999999999
	57083	-0.76459308
	54700	-0.7644723299999999
	57866	-0.7615200000000001
	57175	-0.7614751200000001
	57769	-0.7608
	54912	-0.7555947299999999
	51238	-0.7553727899999999
	57992	-0.75336
	58002	-0.7510449599999999
	58631	-0.74868
	57842	-0.74808
	57623	-0.7464
	56872	-0.7458
	53790	-0.7457184
	53961	-0.7407247499999999
	58125	-0.7402799999999999
	57575	-0.7370399999999999
	57057	-0.7368408
	57362	-0.73536
	57060	-0.7329568499999999
	52674	-0.72474507
	57965	-0.72432
	57042	-0.7230805199999999
	56751	-0.7222799999999999
	54205	-0.72219276
	58208	-0.72082616
	54266	-0.7205282099999999
	54808	-0.7191965699999999
	57941	-0.71604
	57600	-0.7149599999999999
	53788	-0.7139809799999999
	58941	-0.71352
	59304	-0.7105199999999999
	56684	-0.71004
	54165	-0.7090983
	51358	-0.70510338
	57425	-0.70248
	51573	-0.6985561499999999
	51655	-0.6971135399999999
	59074	-0.69612
	54386	-0.6960038399999999
	58819	-0.6948
	54214	-0.6936734699999999
	58944	-0.69288
	50973	-0.69123213
	57481	-0.6910799999999999
	54234	-0.6906772799999998
	54321	-0.6905663099999999
	57927	-0.6898799999999999
	56499	-0.6884399999999999
	51087	-0.6871262399999999
	58237	-0.68604
	57859	-0.68532
	57960	-0.6839999999999999
	57687	-0.6837599999999999
	57043	-0.68113386
	54449	-0.6794693099999999
	54497	-0.6794693099999999
	58813	-0.67836
	57571	-0.6779999999999999
	54337	-0.67758282
	57308	-0.67668
	58933	-0.6717599999999999
	54801	-0.6702587999999999
	58255	-0.66948
	59427	-0.66888
	57768	-0.66816
	58344	-0.66396
	59081	-0.6632399999999999
	57851	-0.6617999999999999
	53982	-0.6605456
	58567	-0.6583199999999999
	57881	-0.65508
	57883	-0.65484
	57584	-0.654
	57636	-0.65268
	57402	-0.65088
	58510	-0.6504
	54474	-0.64939644
	51777	-0.64939644
	52765	-0.6481757699999999
	50955	-0.6478428599999999
	58520	-0.6456000000000001
	54249	-0.64207242
	58358	-0.64128
	58745	-0.64116
	58041	-0.63996
	56878	-0.6376799999999999
	58022	-0.63718974
	57978	-0.63672
	54935	-0.63497034
	57844	-0.6320399999999999
	51232	-0.6310863899999999
	58508	-0.62868
	58408	-0.62772
	59057	-0.6244799999999999
	56497	-0.6230399999999999
	59254	-0.62268
	57658	-0.62256
	56598	-0.6196799999999999
	58926	-0.6174
	59091	-0.6171599999999999
	50958	-0.61388604
	59058	-0.6115200000000001
	58932	-0.6113999999999999
	57966	-0.60816
	57032	-0.6058962
	57758	-0.6050399999999999
	57889	-0.60144
	59441	-0.60132
	57039	-0.6011244899999999
	58820	-0.59976
	56898	-0.5976
	54852	-0.59579793
	57041	-0.59535405
	58544	-0.5947199999999999
	59053	-0.5947199999999999
	56045	-0.59380047
	58238	-0.59376
	58460	-0.5927
	58326	-0.58944
	56312	-0.5892507
	57972	-0.58812
	56761	-0.58764
	54904	-0.5865874199999999
	56116	-0.5864764499999999
	58021	-0.5844789899999999
	54142	-0.5841460799999999
	50888	-0.5828144399999999
	57989	-0.58056
	58424	-0.57996
	51359	-0.5793743699999999
	53991	-0.57832384
	53965	-0.5771549699999999
	54290	-0.5764891499999999
	57573	-0.5757599999999999
	57679	-0.57564
	58846	-0.573
	57245	-0.5726051999999999
	58032	-0.5703857999999999
	58249	-0.56844
	54273	-0.56616894
	53899	-0.56561409
	56395	-0.5646
	59001	-0.564
	53988	-0.56365788
	58751	-0.5594399999999999
	57482	-0.5586
	58361	-0.5569
	53195	-0.55562679
	57680	-0.5548799999999999
	59126	-0.55452
	57493	-0.55428
	58116	-0.55224
	58615	-0.55152
	53954	-0.54508464
	57137	-0.5393142
	58426	-0.53772
	57066	-0.53328664
	57581	-0.53076
	56223	-0.53065854
	53894	-0.53010369
	51559	-0.52921593
	57040	-0.52766235
	57899	-0.52752
	54701	-0.5269965299999999
	57296	-0.52335536
	57049	-0.52289064
	53970	-0.52067124
	57808	-0.5202
	57837	-0.5191199999999999
	57714	-0.5149199999999999
	54826	-0.5149007999999999
	57846	-0.5112
	57604	-0.50988
	52576	-0.50757678
	57907	-0.5071199999999999
	58750	-0.50268
	58707	-0.501
	57080	-0.49945100000000003
	56595	-0.49584
	59051	-0.49535999999999997
	53997	-0.49425440000000004
	54777	-0.49104224999999996
	57065	-0.48928876000000004
	53974	-0.4890578
	58553	-0.48876
	56178	-0.48767999999999995
	58323	-0.48660000000000003
	53883	-0.48593762999999995
	57085	-0.48397668
	58568	-0.48263999999999996
	53669	-0.4800562199999999
	59022	-0.48
	58570	-0.47975999999999996
	53593	-0.47972330999999996
	58034	-0.4796123399999999
	54863	-0.4796123399999999
	57044	-0.4795013699999999
	51855	-0.47816972999999996
	51465	-0.47706002999999997
	53799	-0.47572839
	57865	-0.47495999999999994
	52863	-0.47428578
	51633	-0.4738418999999999
	58319	-0.4734
	53896	-0.4733980199999999
	58940	-0.47267999999999993
	57993	-0.4692
	57126	-0.46651787999999994
	57975	-0.46631999999999996
	57033	-0.46574108999999997
	57806	-0.46512
	51378	-0.46429847999999996
	56793	-0.46392
	57048	-0.45719639999999995
	57309	-0.4536
	57909	-0.44988
	57408	-0.44976
	57902	-0.44916
	53796	-0.44654327999999993
	57739	-0.44603999999999994
	54633	-0.44576648999999996
	56889	-0.4416
	57798	-0.4416
	53958	-0.44132768999999994
	52602	-0.44032895999999994
	58828	-0.43811999999999995
	54722	-0.43688889
	53878	-0.43655598
	58354	-0.4362
	54096	-0.43600113
	54530	-0.43522433999999993
	57793	-0.43368
	54169	-0.43333784999999997
	57915	-0.432
	53996	-0.42934293
	57971	-0.42911999999999995
	54913	-0.42834419999999995
	58664	-0.42791999999999997
	53895	-0.42723449999999996
	54765	-0.42723449999999996
	54338	-0.42679061999999995
	54437	-0.42401637
	57949	-0.42156
	56786	-0.42096
	54764	-0.42090921
	57075	-0.4191924
	57317	-0.41807999999999995
	51765	-0.41758011
	54313	-0.41502779999999995
	57911	-0.41459999999999997
	57922	-0.41412
	57688	-0.414
	57035	-0.41258646
	57996	-0.40992
	54906	-0.40814765999999997
	53873	-0.40803669
	54712	-0.40692699
	50632	-0.40670504999999996
	56763	-0.3996
	58330	-0.39540000000000003
	58416	-0.39455999999999997
	54308	-0.39394349999999995
	57132	-0.39105828
	57514	-0.38952
	59055	-0.38628
	58555	-0.38615999999999995
	56768	-0.38604
	59025	-0.38592
	56871	-0.3858
	54804	-0.38562074999999996
	54319	-0.38473299
	56854	-0.384
	59090	-0.38364
	54601	-0.38351231999999996
	52515	-0.3822916499999999
	54604	-0.38029419
	53857	-0.37796382
	50954	-0.37696508999999995
	58111	-0.37634932000000004
	59270	-0.37583999999999995
	52101	-0.37552247999999994
	57807	-0.37356
	58472	-0.37248
	57381	-0.37248
	58241	-0.37176000000000003
	54072	-0.37163852999999997
	59266	-0.3714
	57298	-0.37092176
	57247	-0.36853136999999997
	53862	-0.36819845999999995
	58704	-0.36684
	57476	-0.36672
	54811	-0.36653390999999996
	54939	-0.36375965999999993
	54842	-0.36342674999999997
	54645	-0.3576563099999999
	54919	-0.3571014599999999
	53881	-0.35632466999999995
	54702	-0.35388333
	54371	-0.35321751
	51433	-0.35321751
	58451	-0.35291999999999996
	59230	-0.34944000000000003
	54347	-0.34933356
	57813	-0.34908
	56876	-0.34668
	54195	-0.34655931
	57964	-0.34536
	58210	-0.34512000000000004
	57913	-0.34452
	57054	-0.34445087999999996
	57840	-0.3444
	59052	-0.34356
	50349	-0.34212051
	50983	-0.33934626
	53666	-0.33768170999999997
	56880	-0.33587999999999996
	58836	-0.33504
	57766	-0.33383999999999997
	57894	-0.33144
	57176	-0.33073472
	56493	-0.33072
	51379	-0.32591889
	52546	-0.32558597999999994
	58443	-0.32508
	58334	-0.32352
	59315	-0.3234
	56492	-0.32136
	57745	-0.32112
	58259	-0.31632
	58214	-0.31512
	56881	-0.31464
	57905	-0.31451999999999997
	58537	-0.31308
	54704	-0.31260248999999996
	58352	-0.31115999999999994
	58563	-0.30983999999999995
	58847	-0.30972
	58848	-0.30935999999999997
	53956	-0.30538943999999996
	56004	-0.30461265
	53770	-0.30427973999999997
	58549	-0.2964
	54715	-0.29506923
	59106	-0.29424
	57912	-0.29219999999999996
	57079	-0.2898548
	57857	-0.28919999999999996
	54622	-0.2840832
	57179	-0.28384984
	54156	-0.28363932
	57816	-0.28248
	54135	-0.28031021999999994
	53785	-0.27997731
	54623	-0.27942246
	53783	-0.27897858
	57127	-0.27853469999999997
	58117	-0.2784
	57046	-0.27820178999999995
	51642	-0.27553850999999996
	51568	-0.27320814
	58351	-0.27227999999999997
	53810	-0.27220941
	58353	-0.2718
	54102	-0.27176553
	52652	-0.27054485999999994
	53953	-0.2696571
	54326	-0.26954613
	55655	-0.26832545999999996
	53879	-0.26754867
	59117	-0.26748
	54706	-0.26654994
	54818	-0.26643897
	50873	-0.26621702999999997
	53871	-0.26588412
	57439	-0.26436
	59268	-0.26304
	57981	-0.26148
	57896	-0.26136
	58016	-0.26039999999999996
	56984	-0.26004
	53596	-0.25989174
	54041	-0.25989174
	54471	-0.25756136999999996
	54293	-0.25567488
	54328	-0.25567488
	58450	-0.25368
	58608	-0.252
	57958	-0.25152
	54636	-0.25034831999999996
	58265	-0.24947999999999998
	58934	-0.24912
	56394	-0.24659999999999999
	55696	-0.24613145999999997
	54917	-0.24568758
	57678	-0.24563999999999997
	57173	-0.24320088
	53978	-0.24169964000000002
	57387	-0.24023999999999998
	57932	-0.23856
	57329	-0.23723999999999998
	51636	-0.23470154999999998
	54493	-0.22981886999999998
	58600	-0.22848000000000002
	54476	-0.22815432
	57370	-0.22788
	53955	-0.22593491999999998
	57333	-0.22271999999999997
	57047	-0.22049738999999996
	57233	-0.21938768999999997
	56882	-0.21864
	57194	-0.21652500000000002
	56151	-0.21505986
	54905	-0.21372821999999997
	57814	-0.21372
	51438	-0.21173076
	54709	-0.21028814999999998
	53947	-0.21017718
	53699	-0.20995524
	59227	-0.20939999999999998
	57076	-0.20774852000000002
	54171	-0.20718098999999998
	56267	-0.20603999999999997
	58362	-0.2048
	57045	-0.20440673999999998
	58143	-0.20387999999999998
	54049	-0.20385188999999998
	54069	-0.20296413
	54617	-0.20129957999999998
	58367	-0.2001
	58448	-0.19896
	52661	-0.19841435999999996
	58652	-0.19787999999999997
	59271	-0.19764
	53864	-0.19752659999999997
	53276	-0.19564011
	58047	-0.19536
	54938	-0.19375362
	57232	-0.19297683
	53944	-0.19231101
	58512	-0.18971999999999997
	51353	-0.18742832999999998
	53968	-0.18454310999999998
	54154	-0.18232371
	54274	-0.18210176999999997
	58314	-0.17868
	58320	-0.17832
	58365	-0.1776
	58837	-0.17748
	57956	-0.17472000000000001
	54766	-0.17411193
	54164	-0.17400095999999998
	57903	-0.17256000000000002
	59417	-0.17196
	54707	-0.17022798
	57078	-0.16871628000000002
	53967	-0.16745373
	56790	-0.16512
	53866	-0.16379172
	51931	-0.16268201999999998
	54806	-0.16257104999999997
	56775	-0.16091999999999998
	58824	-0.16091999999999998
	56846	-0.16032
	54284	-0.15990777
	51526	-0.15591285
	58147	-0.15516
	52745	-0.15380442
	57910	-0.15324000000000002
	54724	-0.15258375
	57640	-0.14975999999999998
	53885	-0.14914367999999997
	54624	-0.14814495
	58614	-0.14759999999999998
	58203	-0.14579999999999999
	58441	-0.13908
	54807	-0.13804667999999998
	58654	-0.13751999999999998
	51716	-0.13682601
	54903	-0.13488064
	57870	-0.1338
	57324	-0.13343999999999998
	53231	-0.13338593999999998
	57485	-0.13319999999999999
	53693	-0.13260914999999998
	53949	-0.12905811
	53868	-0.12772646999999998
	58452	-0.12647999999999998
	58529	-0.12372
	57991	-0.12359999999999999
	54499	-0.12350960999999999
	53795	-0.12251087999999999
	59419	-0.12228
	57799	-0.12072
	58316	-0.11975999999999999
	58550	-0.11772
	55437	-0.11762819999999999
	52868	-0.11707334999999999
	57564	-0.11628
	56021	-0.11596364999999999
	53869	-0.11574171
	56948	-0.11148
	58500	-0.10632
	54031	-0.10586538
	58131	-0.10379999999999999
	57177	-0.10208432
	56691	-0.1014
	54502	-0.10020591
	54803	-0.09987299999999999
	57034	-0.09931815
	50525	-0.09931815
	56842	-0.09623999999999999
	57192	-0.09423168000000001
	50775	-0.09354770999999999
	54261	-0.09254897999999999
	51802	-0.09254897999999999
	57595	-0.09252
	56586	-0.09084
	53898	-0.0906518
	53945	-0.08855405999999999
	53773	-0.08755532999999999
	53861	-0.08677854
	58432	-0.08568
	57926	-0.08171999999999999
	53877	-0.08045324999999999
	59303	-0.07992
	54632	-0.07867773
	54759	-0.07812287999999999
	54812	-0.07812287999999999
	58040	-0.07572
	57589	-0.07296
	53794	-0.07257438
	50655	-0.07190856
	54596	-0.07046595
	58744	-0.06935999999999999
	53964	-0.06935625
	54534	-0.06891237
	59488	-0.06852
	55680	-0.06846848999999999
	52862	-0.06713685
	50603	-0.06680393999999999
	56757	-0.06588
	58646	-0.06576
	57543	-0.05652
	53784	-0.05526305999999999
	57694	-0.05196
	59314	-0.051719999999999995
	58752	-0.04836
	55690	-0.04638545999999999
	57180	-0.04469076
	57279	-0.043559999999999995
	57128	-0.04172472
	58045	-0.041519999999999994
	59453	-0.041519999999999994
	54533	-0.04094793
	51357	-0.040615019999999995
	58822	-0.03924
	57084	-0.03822388
	53778	-0.03595428
	50960	-0.0355104
	50247	-0.035399429999999996
	51436	-0.03473361
	58377	-0.033839999999999995
	58346	-0.028319999999999998
	58449	-0.027
	50946	-0.02652183
	56863	-0.026279999999999998
	58257	-0.025079999999999998
	54539	-0.022970789999999998
	54316	-0.021306239999999997
	57407	-0.016919999999999998
	57051	-0.01535884
	57540	-0.0144
	57242	-0.01265058
	52896	-0.0122067
	54776	-0.011873789999999999
	58923	-0.00948
	58366	-0.0094
	58719	-0.008159999999999999
	54703	-0.0072130499999999995
	57827	-0.00588
	57507	-0.00528
	57779	-0.005039999999999999
	57642	-0.0016799999999999999
	56664	-1.2E-4
	54438	7.7679E-4
	57052	0.00310716
	59242	0.0072
	57144	0.008766630000000001
	56756	0.01032
	50871	0.01043118
	54412	0.011097
	57829	0.016919999999999998
	57140	0.017311319999999998
	57155	0.020640419999999996
	57189	0.02147928
	59031	0.02748
	56891	0.029039999999999996
	53513	0.029518019999999996
	57343	0.03029481
	50884	0.03195936
	58519	0.0324
	53897	0.032514209999999995
	53674	0.033290999999999994
	51722	0.03384585
	53941	0.0355104
	57188	0.03556784
	54094	0.03684204
	57081	0.03718456
	53889	0.03799292
	59215	0.03888
	53975	0.041391809999999994
	56851	0.04212
	53987	0.04238116000000001
	59087	0.04344
	57789	0.04344
	58220	0.04416
	58457	0.04667999999999999
	57414	0.0468
	56034	0.05038038
	53886	0.055152089999999994
	54506	0.05537403
	56755	0.05652
	54615	0.06402969
	53893	0.06580520999999999
	53890	0.06813558
	55279	0.06824654999999999
	54778	0.06869043
	52679	0.07013304000000001
	58407	0.07032
	56752	0.07175999999999999
	53272	0.07190856
	57082	0.07275240000000001
	59451	0.0744
	50246	0.07701318
	57985	0.07728
	57767	0.07776
	51060	0.08167392
	50985	0.08400429
	56016	0.08577980999999998
	54263	0.08589077999999999
	56434	0.08966376
	54512	0.09032957999999999
	58417	0.09096
	58148	0.09119999999999999
	57303	0.09312
	56666	0.09348
	54607	0.09510128999999999
	57655	0.09743999999999998
	52323	0.10120464
	53757	0.10142657999999999
	53707	0.10242530999999998
	58340	0.10271999999999999
	50948	0.10331306999999999
	56783	0.10451999999999999
	59493	0.10511999999999999
	58027	0.10619999999999999
	58620	0.10908
	58806	0.10944
	52895	0.11041514999999999
	58236	0.11087999999999999
	56046	0.11097
	57016	0.11097
	58141	0.11244
	56673	0.11483999999999998
	58557	0.1164
	54423	0.11907081
	53492	0.12162311999999999
	58139	0.12191999999999999
	59448	0.12539999999999998
	57818	0.12732
	54802	0.12916908
	50524	0.13050072
	56152	0.13127999999999998
	56748	0.13212
	53853	0.13227624
	58760	0.13355999999999998
	57023	0.13527242999999997
	58502	0.13535999999999998
	58025	0.13693697999999999
	54857	0.13782474
	51839	0.14126481
	53792	0.14270741999999997
	57800	0.14328
	53676	0.14337323999999999
	58468	0.14448
	58246	0.14772
	53617	0.14781204
	57957	0.15
	51707	0.15014241
	56038	0.15228
	58710	0.15431999999999998
	56778	0.156
	53966	0.15680061
	51644	0.15779933999999998
	53781	0.15824322
	53083	0.16024068
	57828	0.1608
	58212	0.16140000000000002
	58215	0.16176
	59241	0.16283999999999998
	53875	0.16623305999999996
	57544	0.16763999999999998
	54830	0.16789760999999997
	54849	0.16989507
	59229	0.17207999999999998
	57031	0.17222543999999998
	58264	0.17316
	56944	0.17316
	57886	0.17376
	58845	0.1752
	54503	0.17588745
	54301	0.17610939
	52557	0.18065915999999999
	50727	0.18077012999999997
	59038	0.18084
	57465	0.18132
	53691	0.18409922999999997
	50928	0.18443213999999997
	56228	0.18665153999999998
	53798	0.18742832999999998
	50425	0.19042451999999999
	50755	0.19097936999999998
	57900	0.1962
	54213	0.19630593
	53984	0.19677792
	54181	0.19708272
	53704	0.19774853999999997
	58359	0.19884
	59284	0.20016
	57285	0.20070424000000003
	59306	0.201
	51639	0.20218734
	57413	0.20376
	54753	0.20462867999999998
	59235	0.20628
	58462	0.2063
	53963	0.20651516999999997
	54822	0.20917845
	54505	0.20984426999999997
	59269	0.21072
	59037	0.21395999999999998
	54921	0.21406112999999996
	53730	0.21505986
	53865	0.21705731999999997
	57390	0.21733336
	53685	0.21772314
	53512	0.21827799
	56342	0.21916575
	54619	0.22038641999999997
	52657	0.22105223999999996
	53942	0.22138515
	58642	0.22175999999999998
	53577	0.22238387999999998
	59856	0.2274
	54325	0.22782141
	58609	0.22824
	53687	0.22915304999999997
	53705	0.23081759999999998
	58268	0.23435999999999998
	52787	0.23636609999999997
	58224	0.24
	54821	0.24224750999999997
	57923	0.24419999999999997
	58454	0.24492
	56393	0.24539999999999998
	57707	0.24708
	51711	0.24846182999999997
	57022	0.24901667999999996
	58234	0.25032
	58718	0.25068
	57026	0.25323354
	53420	0.25378839
	56745	0.25608
	58565	0.25632
	52681	0.25711748999999995
	59653	0.25764
	57914	0.2598
	50566	0.26011367999999996
	54800	0.26044659
	58911	0.26208
	53594	0.26322083999999996
	59004	0.26339999999999997
	58140	0.26471999999999996
	58657	0.26532
	57094	0.26652784
	58154	0.26736
	58446	0.26748
	50939	0.26976806999999997
	54374	0.27121068
	56033	0.27343007999999996
	53856	0.27476172
	54714	0.27620433
	54631	0.2763153
	54809	0.27797985
	58327	0.279
	57198	0.27992352000000004
	53663	0.28286253
	54817	0.28384984
	57271	0.28592848
	58935	0.28764
	59485	0.28884
	53759	0.2896317
	56491	0.28968
	57954	0.29052
	54406	0.29063043
	57525	0.29184
	57024	0.29196206999999996
	58221	0.2928
	54732	0.29595699
	54611	0.29961899999999997
	54829	0.29984093999999994
	56074	0.3000628799999999
	50658	0.30083967
	53962	0.30339197999999995
	57313	0.30444
	58127	0.30851999999999996
	50434	0.30905145
	54816	0.3096063
	53854	0.30971727
	53892	0.31093793999999997
	58118	0.31115999999999994
	53957	0.31127085
	54430	0.31171472999999994
	58428	0.3144
	57643	0.31692
	56951	0.31715999999999994
	59654	0.31751999999999997
	50431	0.31815098999999997
	53575	0.31848389999999993
	56479	0.32028
	52436	0.32203494
	54218	0.32580792000000003
	57213	0.32658471
	57030	0.32669568
	57401	0.327
	52869	0.32836023
	58931	0.33047999999999994
	52855	0.33113447999999995
	58230	0.33144
	57020	0.33257709
	57635	0.33324
	57074	0.33362172
	54726	0.33623909999999996
	58369	0.3363
	58458	0.33984
	54901	0.3412434
	59209	0.3414
	53859	0.34167663
	53772	0.34256438999999994
	58421	0.34344
	54292	0.34578252
	56764	0.34584
	56444	0.34619999999999995
	59480	0.34644
	50639	0.34789095
	53644	0.35022131999999995
	58245	0.351
	58461	0.3521
	54621	0.35221878
	57647	0.35459999999999997
	52968	0.35477108999999996
	51334	0.35909892
	51628	0.35920989
	51076	0.36087443999999996
	58531	0.36372
	53764	0.3643145099999999
	54613	0.36597905999999997
	53590	0.36697778999999997
	53384	0.36719973
	57320	0.36768
	59280	0.36816
	58251	0.36923999999999996
	50968	0.37119465
	53787	0.37463472
	59059	0.37668
	53694	0.37707605999999994
	56645	0.37751999999999997
	59644	0.37836000000000003
	54825	0.38029419
	57483	0.38232
	56970	0.38411999999999996
	58225	0.3852
	58749	0.38592
	56982	0.38615999999999995
	52986	0.38784014999999994
	53660	0.38961566999999997
	59249	0.39048
	52842	0.39272282999999997
	52972	0.39294477
	53891	0.39338864999999995
	58712	0.39372
	54902	0.39424872
	58715	0.39636
	59023	0.3966
	56029	0.39705066
	56185	0.39912
	58222	0.40032
	50892	0.40060169999999995
	54594	0.40137849
	53768	0.40148945999999996
	50880	0.40592826
	53981	0.40670504999999996
	58606	0.41124
	56675	0.41207999999999995
	54616	0.41547167999999995
	58301	0.41595896000000004
	50878	0.4163594399999999
	58244	0.41784
	53754	0.41946659999999997
	58506	0.42012
	53763	0.42312860999999996
	58754	0.42516
	58844	0.42924
	56671	0.43032
	58107	0.432
	57216	0.43451999999999996
	58419	0.43548
	57537	0.438
	53680	0.44010701999999996
	53751	0.44177156999999995
	50779	0.44621036999999997
	57969	0.44652
	52889	0.44931752999999997
	54408	0.44965044
	54728	0.45320147999999993
	53502	0.45586476
	57119	0.45641961
	58254	0.45852
	58562	0.45935999999999994
	53786	0.46307781
	58243	0.46584
	58130	0.46752
	58158	0.46788
	52418	0.47228831999999993
	58534	0.47231999999999996
	58102	0.47292
	53863	0.47484063
	53976	0.47550644999999997
	57396	0.48282188000000004
	56697	0.48647999999999997
	56883	0.48684
	53481	0.48860091
	54725	0.49115321999999995
	57368	0.49235999999999996
	58409	0.49416
	59224	0.49499999999999994
	50527	0.49503716999999997
	51629	0.49659074999999997
	56985	0.5004
	53692	0.50136246
	52885	0.50147343
	53619	0.50202828
	56146	0.50268
	56767	0.50304
	53723	0.5038038
	58109	0.50388
	53682	0.50624514
	53880	0.5072438699999999
	54602	0.5074658099999999
	57582	0.50772
	53491	0.5086864799999999
	56106	0.51245946
	54744	0.51356916
	59421	0.5142
	56565	0.51696
	58132	0.51984
	53748	0.51989445
	56674	0.51996
	57876	0.5214
	59213	0.522
	56792	0.52296
	53564	0.5269965299999999
	58706	0.52716
	51068	0.52766235
	58423	0.52908
	56462	0.52932
	51826	0.5315462999999999
	50750	0.53199018
	54820	0.53420958
	50674	0.5348753999999999
	50937	0.5364289799999999
	54099	0.5369838299999999
	50136	0.5383154699999999
	58150	0.5394
	56263	0.54108
	58269	0.54132
	58667	0.5414399999999999
	58437	0.54228
	51704	0.5484137399999999
	54514	0.5494124699999999
	57805	0.54948
	53780	0.55174284
	53519	0.55207575
	51730	0.5527415699999999
	58839	0.55284
	56071	0.55296351
	59093	0.5547599999999999
	58128	0.5556
	58742	0.5564399999999999
	58012	0.5598
	53582	0.5620630499999999
	50945	0.56283984
	57895	0.56472
	50659	0.56572506
	53924	0.565947
	58713	0.56856
	57110	0.56916513
	58235	0.57468
	54749	0.5759343
	57061	0.5759343
	53775	0.57748788
	53979	0.5791322
	53774	0.58026213
	53850	0.5808169799999999
	53543	0.58126086
	54853	0.5841460799999999
	53610	0.58470093
	59238	0.5856
	58207	0.5861764800000001
	59487	0.58704
	53585	0.5878080899999999
	52943	0.5920249499999999
	56870	0.59856
	54723	0.5997928499999999
	57475	0.6
	57111	0.6009025499999999
	58205	0.60292108
	56183	0.6042
	59473	0.60456
	54327	0.60467553
	56641	0.6108
	52446	0.6123324599999999
	57666	0.61272
	57409	0.6144
	58467	0.61452
	50646	0.6162164099999999
	52203	0.61743708
	59063	0.61824
	56180	0.61944
	53651	0.6213210299999999
	53664	0.6229855799999999
	53806	0.62331849
	52978	0.6254269199999999
	54523	0.6257598299999999
	58456	0.62724
	53599	0.6275353499999999
	54731	0.6308644499999999
	56307	0.6317522099999999
	54835	0.6336386999999999
	56975	0.63732
	54192	0.64118466
	51720	0.6424053299999999
	54711	0.64517958
	57187	0.64645704
	52984	0.6465112199999999
	56095	0.64750995
	57314	0.6486
	56978	0.6512399999999999
	57006	0.65283651
	52633	0.6532803899999999
	54945	0.65627658
	56973	0.6574800000000001
	50526	0.65971665
	53938	0.6604934399999999
	50656	0.6616031399999999
	56665	0.6617999999999999
	58126	0.66204
	54518	0.6637115699999999
	53618	0.66393351
	57027	0.66437739
	53399	0.66548709
	54705	0.66559806
	59287	0.66672
	57238	0.67114656
	53852	0.67125753
	53289	0.67203432
	58656	0.6726
	54452	0.67758282
	54810	0.6812448299999999
	54855	0.6813558
	58146	0.6822
	54846	0.6832422899999999
	58108	0.68568
	58921	0.68604
	56867	0.68664
	51656	0.68679333
	58453	0.69612
	56856	0.6966
	57154	0.69678063
	59457	0.70008
	59855	0.7070399999999999
	58665	0.70812
	58360	0.7090799999999999
	59449	0.7134
	56575	0.71388
	58618	0.7162799999999999
	53567	0.7174210499999999
	55228	0.7194185099999999
	56869	0.7218
	57113	0.7224147
	57070	0.72313576
	56766	0.72336
	59276	0.72336
	57590	0.72348
	59446	0.7262399999999999
	53973	0.7296277499999999
	52980	0.7308484199999999
	58644	0.7310399999999999
	59007	0.7311599999999999
	54943	0.7319581199999999
	56964	0.73536
	53499	0.73562013
	57355	0.73776
	53665	0.7410576599999998
	58311	0.74652
	59288	0.7495200000000001
	54823	0.7520436899999999
	52112	0.7530424199999999
	58048	0.75324
	56841	0.75432
	54157	0.75581667
	56994	0.7588799999999999
	57554	0.76476
	52884	0.7665807599999999
	54432	0.7679123999999998
	52378	0.76835628
	53769	0.77035374
	53662	0.7721292599999999
	53149	0.7752364199999999
	58240	0.77808
	53385	0.78056298
	53681	0.7813397699999999
	53727	0.78145074
	56192	0.78777603
	59426	0.7922399999999999
	54204	0.7929916199999999
	58038	0.7941600000000001
	58464	0.7944
	54717	0.7968755699999999
	56374	0.79716
	53547	0.8000936999999999
	56592	0.80196
	53498	0.8049763799999999
	55294	0.8086383899999999
	58202	0.81264
	58826	0.81276
	54439	0.8154075599999999
	53612	0.8185147199999999
	56989	0.8220000000000001
	57273	0.82903092
	52876	0.8298336599999999
	59021	0.83304
	54871	0.8346053699999999
	56996	0.83472
	54844	0.8360479799999999
	50776	0.8391551399999999
	57028	0.8425952099999999
	58746	0.8427600000000001
	58418	0.84312
	53469	0.8440378199999999
	53688	0.84414879
	50950	0.8450365499999999
	57299	0.84554456
	52988	0.84603528
	50742	0.8491424399999999
	53457	0.8511399
	57025	0.8539141499999999
	59211	0.8547600000000001
	53490	0.8622369
	54734	0.8626807799999999
	54843	0.8627917499999999
	53776	0.86789637
	58660	0.8694000000000001
	56739	0.8715599999999999
	56109	0.8739997199999999
	50749	0.87810561
	54716	0.8785494899999999
	58145	0.8809199999999999
	58501	0.8810399999999999
	57545	0.88536
	54627	0.8874270899999999
	59205	0.88764
	56862	0.8882399999999999
	57021	0.8886477599999999
	56171	0.88992
	53446	0.8908671599999999
	50953	0.8917549199999999
	54936	0.8921988
	51810	0.89253171
	53753	0.89364141
	57134	0.89386335
	50956	0.8951949899999999
	53771	0.8961937199999999
	50468	0.8966376
	52797	0.9028519199999999
	57304	0.90816
	57007	0.9082894499999999
	53562	0.9105088499999999
	53756	0.91350504
	53767	0.9142818299999999
	54640	0.9162792899999999
	53336	0.9209400299999999
	52833	0.9233813699999999
	54436	0.9240471899999999
	53611	0.9243800999999999
	56067	0.9260446499999999
	51829	0.9284859899999999
	56096	0.93725262
	59027	0.94236
	54628	0.94368888
	58435	0.94416
	52982	0.9447985799999999
	52533	0.94513149
	57071	0.9505158800000001
	56276	0.9513599999999999
	53740	0.9523445399999999
	57102	0.95301036
	52853	0.9540090899999999
	59462	0.95448
	58658	0.9559199999999999
	56585	0.95688
	55493	0.9591137099999999
	54410	0.9596685599999999
	52874	0.96044535
	54832	0.9624428099999999
	50965	0.9648841499999999
	59632	0.96612
	57318	0.96648
	53860	0.9681022799999999
	56091	0.97498242
	59481	0.9813599999999999
	54431	0.98275032
	59758	0.98544
	54401	0.9921827699999999
	57297	0.9924351200000001
	53545	0.9928485899999999
	54708	0.9957338099999999
	54719	0.9960667199999999
	54122	0.9979532099999999
	56885	0.9995999999999999
	54710	1.0002835799999998
	54405	1.0006164899999999
	53725	1.00128231
	57008	1.00161522
	52963	1.0023920099999999
	50936	1.0031687999999999
	56331	1.00960506
	51705	1.01071476
	57257	1.0123199999999999
	51709	1.0131561
	58317	1.01412
	54618	1.0240311599999998
	56652	1.02744
	54932	1.0294686899999999
	53732	1.03046742
	56843	1.0335599999999998
	53882	1.0353501
	52836	1.0356830099999998
	53324	1.0356830099999998
	53392	1.03690368
	54848	1.03812435
	53505	1.04023278
	56838	1.04112
	56164	1.04508
	52998	1.0451154599999999
	51156	1.04555934
	58306	1.04664
	59476	1.04844
	52447	1.0519956
	54644	1.0546588799999999
	56202	1.0573221599999998
	58049	1.05804
	53841	1.05854283
	50514	1.0586537999999999
	58129	1.06164
	53797	1.06187193
	53908	1.0623158099999999
	52995	1.06298163
	54404	1.06442424
	50833	1.0664216999999998
	53925	1.06875207
	56742	1.07184
	54605	1.07374572
	54305	1.0758541499999998
	51814	1.0790722799999999
	56065	1.07940519
	54737	1.08140265
	56128	1.0819575
	54311	1.08251235
	59757	1.0896
	53735	1.09138995
	50741	1.09383129
	55593	1.0941641999999998
	53573	1.0962726299999999
	54528	1.0966055399999999
	54834	1.09838106
	52974	1.0999346399999999
	53848	1.1008224
	56991	1.1008799999999999
	53483	1.10093337
	50564	1.1028198599999999
	56670	1.10652
	50557	1.10670381
	57293	1.10710676
	54836	1.10892321
	52866	1.11402783
	58242	1.11612
	53419	1.11768984
	58114	1.11792
	53695	1.11879954
	50934	1.12101894
	57211	1.12567968
	56494	1.1274
	56389	1.14036
	58616	1.1418
	53872	1.1455433099999999
	56836	1.15728
	55681	1.15863777
	53517	1.1594145599999999
	54527	1.1599694099999998
	51828	1.1629656
	54429	1.16807022
	59475	1.16928
	54837	1.17239805
	50787	1.1756161799999998
	53480	1.17639297
	56298	1.18728
	55248	1.1895984
	56043	1.1897093699999999
	57063	1.192331
	56478	1.19532
	57307	1.19556
	57908	1.1958
	53522	1.19814309
	59851	1.20024
	53466	1.20036249
	54519	1.2022489799999998
	53487	1.2024709199999999
	57466	1.20552
	56147	1.20576
	51572	1.2091291199999998
	54713	1.21046076
	53486	1.2127911299999998
	53367	1.2151215
	50867	1.21656411
	50844	1.2167860499999998
	56649	1.21752
	53488	1.21911642
	53658	1.21911642
	54729	1.22144679
	57464	1.22172
	53821	1.23043536
	53565	1.23232185
	51827	1.23520707
	57014	1.23742647
	56489	1.2379200000000001
	54399	1.2383142299999998
	54831	1.24308594
	56543	1.2434399999999999
	56835	1.24788
	52818	1.2603972599999997
	54736	1.26106308
	56746	1.26672
	56094	1.2712723199999998
	55589	1.2718271699999997
	53602	1.2729368699999999
	58527	1.27476
	59279	1.27488
	51053	1.2785963399999998
	50940	1.2822583499999998
	59470	1.28412
	50756	1.2864752099999999
	51627	1.2918017699999997
	50442	1.29668445
	53845	1.3016781
	53378	1.3038975
	56386	1.3042799999999999
	57011	1.30567302
	56840	1.30848
	53750	1.31111055
	54805	1.31466159
	56257	1.3172399999999997
	53579	1.32131979
	58747	1.32168
	53829	1.3232062799999997
	54738	1.32342822
	54398	1.3276450799999997
	54304	1.3314180599999998
	56567	1.3326
	53760	1.33530201
	58138	1.33572
	59218	1.33788
	54833	1.33907499
	58714	1.3422
	59843	1.34472
	53673	1.3489513199999998
	58223	1.34928
	56168	1.34964
	50778	1.3507268399999999
	53614	1.3567192199999998
	56571	1.3599599999999998
	57012	1.3635993599999998
	50834	1.3723659899999998
	54511	1.3800229199999998
	54026	1.3829081399999998
	51717	1.3869030599999999
	58343	1.3874399999999998
	56184	1.3904400000000001
	56387	1.39332
	59278	1.3974
	53578	1.3992207299999997
	53937	1.40144013
	56987	1.4061599999999999
	57196	1.4126668400000002
	57003	1.41298101
	52875	1.4148674999999997
	58321	1.4161199999999998
	53433	1.42030503
	58705	1.42212
	53348	1.42918263
	51815	1.43129106
	51811	1.43317755
	51468	1.44161127
	53529	1.4434977599999999
	50964	1.4453842499999998
	54727	1.44738171
	53467	1.4500449899999999
	50745	1.45204245
	50445	1.4522643899999998
	53455	1.4527082699999998
	53935	1.4602542299999999
	57577	1.4634
	54522	1.46347236
	56081	1.4654698199999998
	53588	1.4661356399999999
	50858	1.4664685499999999
	53888	1.46957571
	58436	1.4697600000000002
	52983	1.4706854099999997
	56490	1.4750400000000001
	52645	1.4838908399999997
	56992	1.4890799999999997
	52607	1.4907709799999997
	59650	1.49232
	54940	1.49354523
	59429	1.5037200000000002
	53533	1.5037544699999998
	54824	1.50930297
	56390	1.5134400000000001
	50854	1.5135198299999997
	50758	1.51818057
	54507	1.5218425799999997
	59659	1.5299999999999998
	56952	1.53396
	54434	1.53826614
	58104	1.54904872
	52985	1.5523593299999998
	57217	1.56192
	57378	1.56264
	54318	1.5626795399999998
	53690	1.56423312
	57461	1.56612
	58135	1.56852
	57295	1.57087444
	53929	1.5713351999999998
	50838	1.57211199
	56959	1.57452
	56886	1.57944
	53817	1.5796579499999999
	59015	1.58016
	53397	1.5803237699999997
	53832	1.5872039099999997
	54424	1.5980789699999998
	53738	1.60096419
	58455	1.6052399999999998
	58619	1.61004
	52825	1.6139476799999997
	57004	1.61494641
	56954	1.6149600000000002
	53874	1.61661096
	55591	1.6173877499999998
	53362	1.6208278199999997
	50548	1.62160461
	54420	1.6226033399999997
	58622	1.62384
	53553	1.6243788599999998
	56487	1.6314
	52957	1.6410243599999998
	53926	1.6426889099999997
	54521	1.6426889099999997
	50673	1.6449083099999997
	53391	1.65034584
	57105	1.65334203
	59425	1.65408
	54513	1.66155381
	53679	1.66355127
	55598	1.6639951499999999
	54433	1.6649938799999997
	59228	1.66776
	54532	1.6709862599999998
	58659	1.67664
	59471	1.67892
	53917	1.6805296799999998
	50859	1.6829710199999999
	54517	1.6835258699999998
	50739	1.6879646699999997
	59655	1.68864
	53472	1.6888524299999998
	53584	1.69073892
	57462	1.69524
	52993	1.69961652
	56646	1.69968
	53646	1.7009481599999998
	56092	1.7067185999999999
	51708	1.71714978
	56844	1.7239200000000001
	56969	1.7268000000000001
	57460	1.7284799999999998
	50851	1.73146491
	56643	1.7314800000000001
	58250	1.73208
	54730	1.7350159499999998
	53906	1.7390108699999998
	54501	1.74012057
	53903	1.7428948199999998
	56441	1.7434800000000001
	52737	1.74933108
	56961	1.7571599999999998
	53914	1.7600951699999998
	50862	1.7634242699999998
	59431	1.7648399999999997
	56475	1.7652
	53343	1.77152508
	58459	1.77468
	50647	1.7750761199999998
	53934	1.7800697699999999
	52754	1.78206723
	56357	1.7821200000000001
	56383	1.78344
	56498	1.78836
	56082	1.7886144599999998
	56284	1.80396
	56172	1.8067199999999999
	56578	1.8199199999999998
	53928	1.8235700099999999
	53777	1.8244577699999998
	53580	1.84043745
	56297	1.84272
	54525	1.8504247499999997
	52996	1.8541977299999999
	53475	1.85708295
	54510	1.8667373399999998
	53930	1.87716852
	59673	1.8827999999999998
	53677	1.8991405799999999
	53678	1.9204468199999998
	57001	1.9217784599999999
	58100	1.92759216
	53576	1.93220964
	53615	1.94430537
	56582	1.94472
	53352	1.9459699199999998
	59754	1.94688
	57206	1.9488
	53659	1.95884244
	54416	1.97537697
	56080	2.0066705099999997
	57002	2.0066705099999997
	59631	2.0110799999999998
	59435	2.01216
	52707	2.0136616199999997
	56485	2.01732
	56187	2.02152
	53574	2.0240928
	53068	2.0296412999999998
	59647	2.0298
	56251	2.04612
	53464	2.0586044699999997
	50767	2.05871544
	57197	2.06293472
	59478	2.076
	56584	2.0814
	53484	2.1032144099999996
	57358	2.1165599999999998
	53915	2.11808439
	59941	2.1291599999999997
	53916	2.13051303
	53931	2.13650541
	57124	2.14227585
	59017	2.14404
	56569	2.15352
	56288	2.1552
	54421	2.15592516
	57377	2.16264
	54515	2.1651356699999997
	54597	2.1658014899999998
	59838	2.18208
	56839	2.1855599999999997
	50842	2.18799549
	57178	2.19365808
	55572	2.20031316
	53927	2.2049738999999997
	54012	2.20963464
	56483	2.21304
	53923	2.2137405299999995
	53518	2.2247265599999997
	59854	2.22936
	50963	2.23404804
	56380	2.23704
	52955	2.23793199
	54841	2.2458108599999997
	59656	2.25912
	59469	2.2654799999999997
	54428	2.26756098
	53463	2.27788119
	59237	2.2801199999999997
	50788	2.2885343099999997
	52267	2.3103953999999995
	57583	2.31276
	57281	2.31317988
	51818	2.3140574099999998
	56144	2.31576
	56382	2.31936
	53910	2.3365843199999996
	59849	2.34624
	56173	2.34768
	56079	2.35416
	53478	2.3617745099999996
	59848	2.3628
	59626	2.3636399999999997
	53357	2.36843271
	56182	2.37504
	53368	2.37875292
	54425	2.38008456
	50772	2.3862988799999996
	55664	2.39229126
	56391	2.3933999999999997
	50853	2.3996152799999995
	54520	2.4010578899999997
	50852	2.42891136
	56995	2.4324
	59847	2.4624
	56958	2.4649199999999998
	57290	2.4727732400000004
	56289	2.48916
	50962	2.49782373
	59663	2.50284
	54419	2.5142472899999997
	56093	2.5190189999999997
	56193	2.54616
	56473	2.54772
	59477	2.5818
	59945	2.5861199999999998
	56384	2.64288
	59658	2.6491199999999995
	59635	2.68056
	56548	2.6844
	56480	2.6857200000000003
	56188	2.70084
	56580	2.70756
	56385	2.7089999999999996
	50861	2.76626016
	50774	2.76914538
	57292	2.8145940400000002
	59954	2.8398
	59845	2.865
	56381	2.87964
	56272	2.90304
	56373	2.90688
	59664	2.91864
	57106	3.00251529
	56199	3.0489599999999997
	59940	3.06744
	56181	3.1491599999999997
	59842	3.17304
	56849	3.2196
	56286	3.22908
	56371	3.27744
	56280	3.29268
	56376	3.30336
	56196	3.33288
	56281	3.37632
	59951	3.41316
	56654	3.4645200000000003
	56651	3.49272
	56194	3.49776
	57294	3.5103610400000003
	56295	3.56292
	56296	3.61368
	56190	3.63012
	56273	3.72024
	56287	3.72132
	56290	3.7878
	56189	3.79068
	59948	3.8120399999999997
	56279	3.8623199999999995
	57208	3.9380399999999995
	57204	3.96312
	56378	3.98976
	56285	4.17
	56197	4.18116
	56186	4.235519999999999
	59750	4.2588
	56278	4.40016
	56291	4.4797199999999995
	56198	4.663799999999999
	56474	4.78656
	56195	4.7878799999999995
