	58737	-2.1163
	57808	-2.0595
	57051	-2.0457
	58730	-2.0217
	57061	-2.0203
	58635	-2.0073
	54841	-1.9965
	58634	-1.9663
	57046	-1.9556
	58622	-1.9435
	57045	-1.9309
	58712	-1.9259
	54843	-1.9206
	54908	-1.9204
	58003	-1.92
	54917	-1.8545
	57995	-1.8506
	56976	-1.8407
	57053	-1.8358
	58820	-1.8119
	58734	-1.7878
	57809	-1.7852
	54851	-1.7832
	57144	-1.7804
	54837	-1.7765
	57033	-1.7688
	58529	-1.7629
	58615	-1.7619
	58715	-1.7387
	57047	-1.7366
	58002	-1.7314
	54906	-1.7269
	57054	-1.7187
	57696	-1.7186
	57906	-1.7144
	58011	-1.6966
	54903	-1.6929
	57807	-1.6906
	54916	-1.6754
	54915	-1.6701
	54844	-1.6548
	56693	-1.6515
	54909	-1.6419
	54778	-1.6119
	54852	-1.6055
	54912	-1.595
	53950	-1.589
	57043	-1.5863
	58616	-1.5861
	57052	-1.5837
	57994	-1.5829
	54914	-1.578
	58719	-1.576
	58620	-1.573
	58713	-1.561
	58537	-1.558
	58629	-1.5555
	58906	-1.5516
	54842	-1.5507
	57606	-1.5392
	57818	-1.5388
	53958	-1.5356
	54832	-1.5316
	54913	-1.529
	57882	-1.5264
	57586	-1.5245
	58501	-1.5241
	57082	-1.5118
	57806	-1.5106
	58725	-1.5072
	57992	-1.5045
	59235	-1.4953
	57044	-1.4905
	58710	-1.4864
	59229	-1.4864
	57710	-1.4814
	57598	-1.4755
	57805	-1.4746
	54855	-1.4712
	57040	-1.4692
	57049	-1.4683
	57091	-1.4644
	57682	-1.4624
	58932	-1.4615
	57026	-1.4584
	58935	-1.4532
	58804	-1.4439
	57055	-1.4426
	58404	-1.4373
	57895	-1.4367
	57777	-1.431
	57871	-1.4308
	59131	-1.4283
	58714	-1.4276
	58821	-1.4261
	57872	-1.4218
	58903	-1.4198
	57143	-1.4186
	57699	-1.4182
	58523	-1.4174
	57056	-1.4153
	58606	-1.4139
	58911	-1.4084
	58917	-1.4069
	53959	-1.4047
	58813	-1.4023
	57887	-1.3996
	57803	-1.3953
	57093	-1.3941
	58934	-1.3915
	58822	-1.3911
	58693	-1.3893
	57039	-1.3885
	57722	-1.382
	57905	-1.382
	54904	-1.3815
	54871	-1.3766
	58600	-1.3739
	58637	-1.3735
	56665	-1.3671
	58814	-1.3625
	57720	-1.3579
	58527	-1.3578
	58837	-1.3574
	58618	-1.3565
	57590	-1.3545
	57903	-1.3545
	57042	-1.3518
	56182	-1.3513
	58619	-1.3493
	58706	-1.3483
	54935	-1.3452
	57793	-1.3416
	53998	-1.3411
	57096	-1.3404
	51437	-1.3401
	57066	-1.3375
	53899	-1.3364
	54905	-1.3362
	57993	-1.3358
	57090	-1.3344
	57499	-1.3342
	58705	-1.33
	57060	-1.33
	58819	-1.3288
	58502	-1.3283
	54846	-1.3251
	59102	-1.3248
	57796	-1.3192
	56357	-1.3176
	58601	-1.3175
	58407	-1.3174
	53897	-1.3156
	58845	-1.3121
	58718	-1.3103
	57589	-1.304
	58632	-1.3029
	54902	-1.3018
	58520	-1.3011
	57048	-1.3
	57875	-1.2993
	58735	-1.2892
	57176	-1.2857
	57129	-1.2812
	57057	-1.2803
	58612	-1.2802
	57582	-1.2759
	57688	-1.2718
	54849	-1.2713
	54848	-1.268
	57094	-1.2676
	59015	-1.2662
	54910	-1.2662
	58704	-1.2661
	58605	-1.2653
	59238	-1.2628
	58905	-1.2623
	57032	-1.2576
	59838	-1.2571
	57154	-1.2556
	53992	-1.2539
	53983	-1.251
	56766	-1.2509
	54835	-1.2508
	58419	-1.25
	53949	-1.2468
	57786	-1.2454
	54861	-1.2449
	57910	-1.2423
	58724	-1.238
	58936	-1.2366
	57902	-1.2327
	54922	-1.2325
	58608	-1.2321
	58016	-1.2305
	56989	-1.2293
	57778	-1.2285
	58510	-1.2282
	57029	-1.2282
	57798	-1.2282
	57585	-1.2263
	54936	-1.226
	54836	-1.2252
	57908	-1.2211
	58401	-1.2202
	59650	-1.2192
	58301	-1.2181
	57909	-1.2129
	57926	-1.2119
	58602	-1.2062
	57708	-1.2046
	58848	-1.2038
	58418	-1.2016
	58517	-1.2002
	58946	-1.2001
	57077	-1.1961
	57900	-1.1933
	57153	-1.1895
	57881	-1.1895
	58150	-1.1878
	57248	-1.1863
	58847	-1.1848
	58409	-1.1839
	57779	-1.183
	53988	-1.1811
	58624	-1.1799
	57242	-1.1797
	54828	-1.1787
	54807	-1.1758
	57036	-1.1758
	54911	-1.1756
	54752	-1.1751
	58907	-1.1746
	57687	-1.1739
	57625	-1.1736
	57084	-1.1729
	58543	-1.1714
	54921	-1.1714
	57087	-1.1688
	58140	-1.1623
	53976	-1.162
	57132	-1.1608
	57034	-1.1593
	56045	-1.1592
	57792	-1.1578
	58530	-1.1534
	57063	-1.1514
	54777	-1.1483
	56152	-1.1479
	59114	-1.1463
	58519	-1.1437
	57498	-1.1404
	52787	-1.14
	58701	-1.1395
	57233	-1.1306
	59475	-1.1289
	58836	-1.1285
	53896	-1.1267
	59038	-1.1262
	53617	-1.1251
	57771	-1.1246
	57694	-1.1232
	57698	-1.1224
	57899	-1.1213
	58508	-1.1211
	57636	-1.1203
	58823	-1.1147
	57086	-1.1147
	57595	-1.1133
	58818	-1.1101
	59012	-1.1082
	58921	-1.1065
	57496	-1.1043
	57680	-1.1006
	56074	-1.0989
	54918	-1.0967
	58414	-1.0961
	51058	-1.0959
	57245	-1.0953
	58731	-1.0932
	58626	-1.0926
	58826	-1.0913
	54863	-1.0909
	56992	-1.0904
	53948	-1.0903
	58514	-1.088
	57085	-1.0858
	57191	-1.0855
	54817	-1.0852
	57067	-1.0851
	57868	-1.0848
	57991	-1.0814
	57678	-1.081
	53502	-1.0801
	58846	-1.0791
	51438	-1.079
	58408	-1.0739
	53993	-1.0728
	58038	-1.0728
	58839	-1.0703
	54925	-1.07
	59656	-1.0698
	53898	-1.0694
	52661	-1.0674
	57231	-1.0668
	53619	-1.0653
	57137	-1.065
	58472	-1.0628
	54736	-1.0622
	52818	-1.0619
	53981	-1.0606
	59092	-1.0598
	59001	-1.0581
	57437	-1.0578
	58027	-1.056
	58507	-1.0538
	52974	-1.0529
	57707	-1.0528
	57990	-1.0472
	57083	-1.0448
	53612	-1.0447
	57273	-1.0445
	58317	-1.044
	57800	-1.0432
	57180	-1.0425
	54804	-1.0376
	57776	-1.0336
	59478	-1.0316
	52863	-1.0291
	54900	-1.0283
	58609	-1.0271
	57731	-1.0231
	54398	-1.0215
	57760	-1.0211
	59269	-1.021
	56459	-1.021
	57035	-1.0198
	58013	-1.017
	56889	-1.0135
	54827	-1.0121
	57140	-1.0103
	57078	-1.0102
	58008	-1.0088
	57781	-1.0073
	58420	-1.0067
	59847	-1.0055
	54421	-1.0047
	52546	-1.0045
	58143	-1.0038
	57870	-1.0027
	58625	-0.9989
	53974	-0.9984
	59017	-0.9973
	56565	-0.9922
	57181	-0.9919
	53997	-0.9885
	57874	-0.9875
	54901	-0.9871
	58004	-0.9864
	59025	-0.9847
	57762	-0.9809
	52707	-0.9799
	57673	-0.9785
	56995	-0.9766
	59109	-0.9759
	59107	-0.9729
	52876	-0.9727
	58929	-0.9715
	53991	-0.9695
	52101	-0.9634
	58024	-0.963
	54809	-0.9601
	54819	-0.9588
	59276	-0.957
	58923	-0.956
	53995	-0.9534
	57081	-0.953
	59626	-0.95
	59271	-0.9492
	52575	-0.9491
	53994	-0.9482
	59137	-0.9417
	53987	-0.9392
	53615	-0.9387
	56654	-0.9384
	54419	-0.9369
	53889	-0.9364
	57173	-0.9358
	56474	-0.9356
	57581	-0.9343
	59093	-0.9342
	53512	-0.9314
	54433	-0.9266
	58113	-0.9265
	57247	-0.9257
	58435	-0.9205
	57789	-0.9199
	57876	-0.9192
	58048	-0.9162
	53980	-0.9151
	57299	-0.9144
	54805	-0.9111
	53893	-0.9081
	59037	-0.9079
	58614	-0.9076
	59090	-0.9061
	59041	-0.9027
	59462	-0.9027
	57098	-0.9026
	52679	-0.9012
	54831	-0.9005
	57279	-0.8963
	58417	-0.8957
	53989	-0.8953
	54857	-0.8882
	57037	-0.8876
	59033	-0.883
	58531	-0.8827
	53979	-0.8827
	59453	-0.8826
	58534	-0.8796
	52784	-0.879
	57492	-0.879
	57095	-0.8753
	58918	-0.8752
	57773	-0.8752
	57071	-0.8749
	58012	-0.8745
	58402	-0.8743
	57996	-0.8723
	58503	-0.8719
	53956	-0.8715
	57761	-0.8705
	59278	-0.8703
	54323	-0.869
	59431	-0.8676
	59426	-0.8672
	58001	-0.8632
	53518	-0.8622
	57679	-0.8614
	57772	-0.8614
	57396	-0.861
	52656	-0.8606
	58824	-0.8583
	57232	-0.8579
	51436	-0.8533
	58500	-0.8501
	58424	-0.8498
	53941	-0.8496
	54907	-0.8488
	57076	-0.8484
	54039	-0.8472
	58438	-0.8471
	58154	-0.8468
	58416	-0.8467
	59473	-0.8466
	57080	-0.8466
	58319	-0.845
	57813	-0.8438
	58415	-0.8422
	53972	-0.8397
	57438	-0.8389
	58017	-0.8374
	57162	-0.8363
	58030	-0.8357
	58633	-0.8346
	58933	-0.8307
	59476	-0.83
	58040	-0.8289
	57763	-0.8287
	57027	-0.8255
	57769	-0.8253
	57031	-0.8247
	54818	-0.8244
	58006	-0.8196
	58426	-0.8195
	58926	-0.8189
	56751	-0.8187
	53967	-0.8164
	57274	-0.8156
	53399	-0.8153
	56752	-0.8142
	58220	-0.8121
	54759	-0.811
	53618	-0.8109
	57989	-0.8087
	56767	-0.807
	57921	-0.8059
	57271	-0.8051
	53986	-0.8045
	52825	-0.8044
	57927	-0.8022
	59487	-0.8016
	57261	-0.8015
	57169	-0.8012
	53978	-0.8008
	54501	-0.7999
	58111	-0.7992
	59632	-0.7965
	54929	-0.7947
	57038	-0.7939
	53984	-0.7909
	58044	-0.7895
	59441	-0.7886
	57866	-0.7882
	56697	-0.7855
	54945	-0.7819
	57075	-0.7796
	57126	-0.7791
	57860	-0.7786
	53947	-0.778
	54533	-0.7777
	58026	-0.7764
	57343	-0.7758
	59664	-0.7746
	57349	-0.7717
	58335	-0.7707
	52737	-0.7704
	56342	-0.7683
	57865	-0.7676
	54824	-0.7674
	54853	-0.7662
	57913	-0.7658
	59237	-0.7649
	57390	-0.7649
	57238	-0.7648
	56381	-0.7647
	53704	-0.7639
	53985	-0.76
	58158	-0.7595
	57960	-0.7585
	54031	-0.7583
	58806	-0.757
	57024	-0.7566
	57030	-0.7563
	54755	-0.7557
	57867	-0.7553
	57395	-0.7544
	57814	-0.7532
	58114	-0.7527
	54505	-0.7517
	54324	-0.7503
	58005	-0.7488
	59477	-0.7473
	58512	-0.7465
	58942	-0.7465
	57923	-0.7456
	54751	-0.7455
	57128	-0.7454
	57886	-0.7447
	59044	-0.7402
	58015	-0.7393
	54737	-0.739
	56688	-0.7389
	57714	-0.7332
	59435	-0.7331
	56691	-0.7269
	59454	-0.7249
	57985	-0.7248
	58131	-0.7248
	58944	-0.7235
	52895	-0.7205
	53480	-0.7185
	59091	-0.7183
	58007	-0.7175
	52652	-0.7168
	57583	-0.7164
	57799	-0.7129
	56792	-0.7119
	53384	-0.7116
	57237	-0.7115
	56443	-0.7114
	58047	-0.7113
	54749	-0.711
	51435	-0.7094
	57912	-0.7092
	56185	-0.7067
	59004	-0.7045
	58736	-0.7041
	57016	-0.701
	57768	-0.7008
	57981	-0.6993
	58132	-0.6993
	58208	-0.6971
	58844	-0.6949
	59481	-0.6949
	54766	-0.694
	53894	-0.6902
	52576	-0.6887
	57089	-0.6882
	57956	-0.6842
	59022	-0.6836
	57941	-0.6817
	57385	-0.6796
	59456	-0.6777
	59293	-0.6763
	56684	-0.6758
	59051	-0.6733
	53773	-0.6731
	58207	-0.6719
	56478	-0.6713
	54404	-0.671
	59469	-0.6702
	57766	-0.668
	56043	-0.6668
	57099	-0.666
	59133	-0.6659
	56281	-0.6646
	57732	-0.6637
	59227	-0.6607
	54744	-0.6597
	57957	-0.6594
	57637	-0.6593
	57445	-0.6579
	56278	-0.6574
	56317	-0.657
	56756	-0.6567
	57074	-0.6563
	57020	-0.656
	56774	-0.6553
	57936	-0.6512
	54622	-0.6504
	53964	-0.6499
	57348	-0.6498
	53982	-0.6488
	59230	-0.6476
	56846	-0.6464
	57846	-0.6456
	51495	-0.645
	59658	-0.6441
	58329	-0.6441
	57948	-0.6433
	57022	-0.6432
	54623	-0.6417
	59027	-0.6414
	54826	-0.6414
	57182	-0.6405
	57971	-0.6377
	59228	-0.6367
	53965	-0.6335
	57974	-0.6332
	58306	-0.6316
	54943	-0.6313
	58138	-0.631
	54049	-0.6239
	58130	-0.6214
	53890	-0.6213
	52875	-0.621
	59045	-0.6209
	59471	-0.6204
	57891	-0.62
	56745	-0.6189
	59031	-0.6188
	58707	-0.6156
	54753	-0.6144
	53419	-0.6117
	57955	-0.6113
	54825	-0.6096
	56287	-0.6083
	58548	-0.6076
	53938	-0.6074
	59470	-0.6073
	54730	-0.607
	57674	-0.6066
	59242	-0.6057
	56793	-0.603
	53970	-0.6027
	56297	-0.6016
	59280	-0.6012
	56867	-0.6005
	51572	-0.5988
	58326	-0.5984
	57916	-0.5969
	53968	-0.5935
	53707	-0.5932
	59501	-0.593
	54223	-0.5912
	54919	-0.5912
	57634	-0.5907
	58020	-0.5906
	54399	-0.588
	58912	-0.5871
	58509	-0.5868
	57723	-0.5861
	57028	-0.586
	52874	-0.5857
	57584	-0.5851
	59655	-0.5835
	54320	-0.5818
	57523	-0.5805
	59021	-0.5804
	54525	-0.579
	57025	-0.5788
	59940	-0.578
	54920	-0.5766
	59249	-0.5764
	53614	-0.5753
	53505	-0.5717
	57008	-0.5704
	54532	-0.5698
	59451	-0.5688
	56775	-0.5668
	58442	-0.5666
	54731	-0.5619
	56761	-0.5618
	54431	-0.5617
	58311	-0.559
	53529	-0.5586
	54412	-0.5585
	53886	-0.558
	57774	-0.5574
	57520	-0.557
	58238	-0.5568
	58049	-0.5549
	57491	-0.5547
	58148	-0.554
	54514	-0.552
	54115	-0.5513
	59113	-0.5498
	57313	-0.5486
	59502	-0.5479
	57811	-0.5465
	57361	-0.5461
	52889	-0.5433
	59446	-0.5426
	56595	-0.542
	57767	-0.542
	57265	-0.5376
	57296	-0.5373
	54499	-0.537
	53882	-0.5369
	51567	-0.5344
	54923	-0.5335
	54606	-0.5311
	54568	-0.5302
	57942	-0.5297
	51581	-0.5287
	56851	-0.5276
	57947	-0.5262
	57780	-0.5221
	51655	-0.5214
	58135	-0.5201
	58025	-0.5199
	54596	-0.5197
	57973	-0.5194
	57359	-0.5189
	52313	-0.5182
	59215	-0.5181
	56948	-0.5175
	59082	-0.5145
	56651	-0.5145
	58941	-0.5135
	54821	-0.5135
	57816	-0.5114
	57187	-0.5064
	54624	-0.5063
	57398	-0.5052
	56496	-0.5029
	59088	-0.5021
	57290	-0.502
	57065	-0.5015
	54041	-0.5005
	54938	-0.4985
	53588	-0.4981
	57294	-0.4978
	54428	-0.4975
	58644	-0.4962
	57281	-0.494
	54122	-0.491
	57922	-0.4889
	58334	-0.483
	54575	-0.4804
	59480	-0.4796
	58241	-0.4795
	57399	-0.4763
	52112	-0.4748
	54808	-0.4745
	54517	-0.474
	58141	-0.4737
	57251	-0.4731
	56475	-0.4721
	54617	-0.4718
	54626	-0.4703
	52323	-0.4694
	53392	-0.4693
	59319	-0.4691
	56862	-0.4689
	54830	-0.4667
	57070	-0.4665
	53954	-0.4661
	58251	-0.4657
	53996	-0.4645
	56173	-0.4625
	53957	-0.4615
	53962	-0.4604
	59493	-0.4593
	59279	-0.4581
	57079	-0.4579
	54214	-0.4567
	54738	-0.4562
	54437	-0.4542
	54662	-0.4532
	58321	-0.4527
	56065	-0.4526
	57932	-0.451
	54939	-0.4509
	57976	-0.4506
	59288	-0.4505
	54645	-0.4493
	54765	-0.4489
	52495	-0.4486
	56071	-0.4484
	54834	-0.4466
	53420	-0.4438
	58327	-0.4432
	57023	-0.4431
	52713	-0.4402
	54321	-0.4387
	57285	-0.4383
	57134	-0.438
	51639	-0.4376
	54608	-0.437
	52943	-0.4355
	57189	-0.4334
	56171	-0.4328
	54660	-0.4325
	58041	-0.4322
	56378	-0.4314
	52986	-0.4308
	54530	-0.4307
	53973	-0.4301
	58145	-0.4288
	58330	-0.4246
	54823	-0.4236
	58125	-0.4231
	51434	-0.4229
	57198	-0.4229
	58427	-0.4206
	53885	-0.4199
	54534	-0.4197
	54632	-0.4197
	54455	-0.4192
	57954	-0.418
	53348	-0.4178
	57368	-0.4176
	56399	-0.4175
	56748	-0.4161
	52643	-0.415
	52674	-0.4149
	56768	-0.4142
	57254	-0.4135
	57389	-0.4135
	58243	-0.4132
	59673	-0.4126
	57972	-0.4109
	58323	-0.4084
	56885	-0.4072
	54416	-0.4055
	59063	-0.4051
	54102	-0.4051
	57482	-0.4051
	59106	-0.405
	58928	-0.403
	57485	-0.4027
	57193	-0.4023
	59130	-0.4014
	57175	-0.4009
	57889	-0.4004
	59322	-0.3991
	58104	-0.3977
	56641	-0.3974
	54932	-0.3972
	54424	-0.3965
	54640	-0.3953
	57896	-0.3933
	54386	-0.3924
	51431	-0.3904
	57333	-0.3895
	57388	-0.3894
	56279	-0.3887
	58225	-0.3881
	55690	-0.3869
	54833	-0.3867
	58931	-0.3861
	53955	-0.3859
	57966	-0.3851
	58433	-0.3843
	58146	-0.3834
	57179	-0.3832
	53367	-0.3829
	53362	-0.3815
	57964	-0.3807
	51358	-0.3798
	52203	-0.3797
	54113	-0.3797
	56384	-0.3791
	53881	-0.3782
	57505	-0.3777
	56473	-0.371
	58102	-0.371
	59268	-0.3704
	57194	-0.3692
	53611	-0.3683
	56755	-0.3679
	53895	-0.3675
	54291	-0.3665
	57962	-0.3657
	52998	-0.3654
	56575	-0.365
	53680	-0.3643
	54815	-0.364
	58223	-0.3628
	57256	-0.3625
	51526	-0.3616
	57713	-0.3571
	57106	-0.3525
	58647	-0.3521
	57915	-0.3521
	51463	-0.3514
	53490	-0.3504
	54522	-0.3482
	57192	-0.3473
	59417	-0.3458
	57004	-0.3448
	59644	-0.3399
	54531	-0.3398
	52978	-0.3395
	54628	-0.3395
	52885	-0.3366
	53792	-0.3354
	51367	-0.3352
	56649	-0.3352
	53513	-0.3337
	54729	-0.3327
	53352	-0.3322
	56080	-0.3316
	54619	-0.3312
	57183	-0.3306
	59448	-0.3295
	59284	-0.3291
	51329	-0.329
	51356	-0.3284
	53878	-0.3275
	52855	-0.3274
	54187	-0.3267
	52980	-0.3244
	54511	-0.3232
	53378	-0.3208
	58828	-0.3193
	57188	-0.3191
	54631	-0.3179
	57355	-0.3175
	59246	-0.3174
	59023	-0.3172
	56952	-0.3161
	51542	-0.315
	56434	-0.3142
	54518	-0.3132
	59255	-0.3131
	57853	-0.3098
	54613	-0.3093
	58108	-0.3093
	54822	-0.3091
	56571	-0.3087
	56247	-0.3083
	58109	-0.3083
	59127	-0.3076
	53522	-0.3075
	58234	-0.3064
	58147	-0.3039
	57978	-0.3034
	54614	-0.303
	57839	-0.3012
	54135	-0.301
	56580	-0.3007
	59094	-0.3
	57339	-0.2994
	59303	-0.2987
	54213	-0.2979
	51559	-0.2975
	57345	-0.2975
	53681	-0.296
	52869	-0.2957
	56046	-0.2934
	54510	-0.2932
	56598	-0.2926
	59256	-0.2921
	54012	-0.2911
	57845	-0.2909
	56781	-0.2908
	56987	-0.2907
	59209	-0.2902
	59427	-0.29
	54800	-0.2891
	57314	-0.2871
	58344	-0.287
	54134	-0.2863
	54711	-0.2863
	57377	-0.2858
	52765	-0.2853
	51656	-0.2851
	59485	-0.2833
	54723	-0.2806
	59290	-0.2804
	54927	-0.2802
	53446	-0.2793
	53324	-0.279
	51377	-0.2787
	52836	-0.2764
	57573	-0.2762
	59289	-0.2755
	53892	-0.2734
	53385	-0.2733
	59419	-0.268
	53785	-0.2667
	54610	-0.2655
	58339	-0.2653
	57486	-0.2649
	58549	-0.2639
	51765	-0.2633
	53694	-0.2627
	58646	-0.2625
	59750	-0.2616
	54726	-0.2615
	58236	-0.2612
	58240	-0.2611
	59087	-0.2609
	58235	-0.2596
	59055	-0.2595
	56975	-0.2595
	57119	-0.2589
	54722	-0.2584
	59205	-0.2582
	56991	-0.2581
	52972	-0.2579
	58021	-0.2579
	56669	-0.2572
	59287	-0.2562
	57729	-0.2562
	57666	-0.2559
	56389	-0.2556
	57292	-0.2551
	56493	-0.2537
	57965	-0.2533
	58748	-0.2532
	57320	-0.2517
	53483	-0.2508
	58139	-0.2505
	54304	-0.2495
	57387	-0.2472
	52856	-0.2462
	53690	-0.2459
	59117	-0.2457
	57381	-0.2457
	54812	-0.2449
	57522	-0.2444
	54706	-0.2409
	54527	-0.2408
	53486	-0.2393
	56977	-0.2374
	51568	-0.2356
	57197	-0.2341
	53517	-0.2333
	52983	-0.2331
	53945	-0.2316
	53798	-0.2314
	57508	-0.2296
	56670	-0.2291
	59096	-0.2286
	56994	-0.2281
	58314	-0.2274
	59653	-0.2271
	58035	-0.2267
	53457	-0.2248
	57021	-0.2233
	57493	-0.2229
	54325	-0.2219
	57411	-0.2216
	54521	-0.2204
	59047	-0.2188
	56081	-0.2186
	56199	-0.216
	59663	-0.2158
	54940	-0.2149
	51827	-0.2146
	56584	-0.2136
	51468	-0.212
	53873	-0.2103
	53149	-0.2102
	53810	-0.2092
	59007	-0.209
	57260	-0.2072
	59848	-0.2071
	53698	-0.2063
	52833	-0.2044
	58342	-0.2035
	58336	-0.2033
	59270	-0.203
	58843	-0.2015
	57293	-0.1988
	54423	-0.1983
	57844	-0.1981
	56067	-0.197
	57481	-0.196
	57297	-0.195
	56380	-0.1949
	53579	-0.1943
	51465	-0.1923
	58544	-0.1921
	59254	-0.191
	57249	-0.1907
	56996	-0.1906
	56674	-0.1898
	57851	-0.1882
	54205	-0.1865
	58429	-0.1862
	57835	-0.1853
	57575	-0.1852
	58570	-0.185
	56746	-0.1846
	52982	-0.1814
	59052	-0.1812
	58656	-0.1803
	58250	-0.179
	58331	-0.179
	53336	-0.1782
	54703	-0.1776
	53795	-0.1774
	53806	-0.1773
	53289	-0.1758
	54612	-0.1758
	53491	-0.1723
	57914	-0.1717
	59316	-0.1713
	58421	-0.1687
	59488	-0.1672
	56567	-0.1662
	54195	-0.1661
	57969	-0.1648
	59034	-0.1638
	59315	-0.163
	56835	-0.161
	56029	-0.1605
	58127	-0.158
	52957	-0.1571
	56671	-0.1558
	50779	-0.155
	53573	-0.1542
	54326	-0.1539
	59218	-0.152
	58316	-0.151
	54597	-0.1505
	57315	-0.1505
	52896	-0.1495
	59654	-0.1478
	59449	-0.1473
	51469	-0.1469
	59211	-0.1465
	56444	-0.1443
	56873	-0.1443
	53678	-0.1431
	54806	-0.1412
	54420	-0.1403
	54734	-0.1397
	58255	-0.1394
	51365	-0.1376
	56386	-0.1369
	57439	-0.1367
	56202	-0.1355
	57177	-0.1342
	54301	-0.1339
	54406	-0.1331
	54535	-0.1329
	54594	-0.1319
	58340	-0.1316
	58222	-0.1299
	55680	-0.1296
	58101	-0.1294
	57278	-0.1285
	57837	-0.1278
	57841	-0.1276
	51818	-0.127
	59457	-0.1269
	57102	-0.1265
	56772	-0.1257
	54047	-0.1254
	53693	-0.1252
	52681	-0.1241
	52797	-0.1237
	53519	-0.1235
	56376	-0.1223
	51705	-0.1219
	56986	-0.1214
	56569	-0.1177
	57295	-0.1174
	59241	-0.1166
	53868	-0.1164
	57975	-0.115
	57605	-0.1137
	52955	-0.1135
	57842	-0.1135
	54615	-0.1113
	59452	-0.1106
	54710	-0.109
	54820	-0.1084
	59224	-0.1076
	53944	-0.1064
	56383	-0.1063
	51707	-0.1044
	54609	-0.104
	53935	-0.1033
	53781	-0.1022
	51430	-0.1013
	56578	-0.1005
	56391	-0.1003
	51137	-0.0996
	51573	-0.0989
	56298	-0.0985
	51815	-0.0967
	54337	-0.0966
	59061	-0.0963
	57155	-0.0941
	52378	-0.0939
	56849	-0.0927
	54816	-0.0925
	56966	-0.0916
	59064	-0.0901
	56097	-0.0894
	59285	-0.0893
	56273	-0.0892
	56664	-0.0892
	58230	-0.088
	59421	-0.0876
	51060	-0.0873
	56742	-0.0857
	54814	-0.0854
	56782	-0.0844
	53883	-0.0841
	59059	-0.0839
	58221	-0.0832
	57211	-0.0831
	54234	-0.0827
	57824	-0.0822
	54727	-0.0817
	57745	-0.0812
	59065	-0.0801
	57298	-0.0801
	52884	-0.08
	52866	-0.0794
	54096	-0.0789
	54334	-0.0774
	57317	-0.0774
	58247	-0.0774
	59266	-0.0771
	59500	-0.077
	54519	-0.0756
	58432	-0.0754
	54616	-0.0721
	57362	-0.0717
	57072	-0.0715
	57728	-0.0712
	57257	-0.0703
	56757	-0.0668
	59058	-0.0655
	59124	-0.065
	56196	-0.0642
	57635	-0.0604
	59116	-0.0597
	58245	-0.0596
	51828	-0.0595
	53797	-0.0593
	59304	-0.0586
	56296	-0.0586
	53602	-0.058
	57658	-0.0579
	56178	-0.0578
	54528	-0.0576
	51328	-0.0571
	51156	-0.057
	56004	-0.0563
	57483	-0.0562
	57001	-0.0561
	53877	-0.056
	54290	-0.0554
	57988	-0.0544
	53599	-0.0542
	59213	-0.0522
	57489	-0.052
	59075	-0.0511
	58834	-0.0502
	57007	-0.0472
	58437	-0.0471
	50928	-0.0469
	53610	-0.0467
	53481	-0.0465
	57259	-0.046
	52607	-0.0457
	54286	-0.0426
	54430	-0.0422
	56382	-0.0416
	57326	-0.041
	57178	-0.0407
	53688	-0.0403
	58237	-0.0402
	59298	-0.0401
	57894	-0.0381
	57195	-0.0366
	57006	-0.0351
	56016	-0.0332
	56331	-0.0316
	54716	-0.0299
	58246	-0.0287
	53963	-0.0276
	54319	-0.0275
	56284	-0.0272
	59099	-0.0265
	53276	-0.0262
	56673	-0.022
	56841	-0.021
	53475	-0.0207
	54540	-0.0182
	57417	-0.018
	54225	-0.0178
	51470	-0.0164
	58224	-0.0146
	58210	-0.0143
	58244	-0.014
	57513	-0.0127
	58242	-0.0126
	59324	-0.011
	57447	-0.011
	56480	-0.0099
	50776	-0.0094
	57370	-0.0081
	52745	-0.0076
	58100	-0.0070
	53543	-0.0050
	56387	-0.0048
	57309	-0.0035
	59074	-0.0034
	56164	-0.0032
	57476	-0.0026
	51704	-4.0E-4
	57510	-4.0E-4
	54704	-2.0E-4
	54076	8.0E-4
	57829	0.0010
	59046	0.0013
	54728	0.0015
	51467	0.0017
	58212	0.0031
	54401	0.0046
	58205	0.0051
	58463	0.0052
	57949	0.0059
	54725	0.0061
	59306	0.0063
	54801	0.0063
	50945	0.0074
	57859	0.0076
	56151	0.0093
	57113	0.0097
	54810	0.0104
	57758	0.0109
	59264	0.0117
	51642	0.0123
	57502	0.0138
	53565	0.0158
	56095	0.0162
	51814	0.0178
	59313	0.0179
	54027	0.0181
	54732	0.0184
	54627	0.0195
	54776	0.021
	53788	0.0217
	53337	0.0223
	56596	0.0223
	57110	0.0231
	54452	0.0247
	54453	0.0247
	59072	0.0291
	57574	0.0292
	53966	0.0329
	57124	0.0338
	57003	0.0342
	54226	0.0345
	54764	0.0363
	56764	0.0366
	58215	0.037
	54701	0.0372
	55585	0.0379
	57415	0.039
	57196	0.041
	56969	0.042
	53756	0.0421
	56091	0.0449
	58484	0.0456
	50937	0.0464
	57537	0.0475
	57738	0.0479
	52557	0.0498
	59294	0.0516
	52988	0.052
	54474	0.052
	59845	0.0532
	53790	0.0534
	59640	0.0572
	58118	0.0576
	57494	0.059
	58642	0.0594
	58022	0.0594
	51829	0.0595
	57640	0.0595
	57216	0.0598
	53472	0.0605
	51433	0.0611
	56280	0.0634
	53673	0.0643
	54803	0.0648
	56786	0.0649
	56870	0.0649
	53547	0.0653
	58557	0.0703
	53929	0.0723
	53799	0.0728
	56984	0.0733
	50349	0.0742
	59754	0.0753
	53195	0.0758
	57509	0.0764
	54502	0.0765
	52968	0.0768
	53924	0.0771
	56038	0.0775
	59134	0.0787
	59320	0.0789
	57475	0.0793
	53674	0.0794
	58126	0.0812
	59321	0.0822
	53942	0.0835
	57363	0.0847
	57461	0.0857
	53769	0.0858
	56675	0.0858
	56982	0.0858
	56881	0.0863
	58337	0.0864
	51482	0.0865
	51369	0.0901
	54603	0.0906
	59081	0.0941
	57734	0.0946
	59125	0.0951
	52633	0.0951
	53705	0.0978
	50934	0.0985
	51826	0.099
	57002	0.0998
	53564	0.1012
	58107	0.1032
	53469	0.1038
	52446	0.1049
	56891	0.1071
	57827	0.1078
	57623	0.1081
	57477	0.1091
	57514	0.1124
	57184	0.1127
	59429	0.1132
	57432	0.1139
	57907	0.1141
	59126	0.1155
	53740	0.1155
	52868	0.1158
	52424	0.1167
	53272	0.1173
	57857	0.1179
	50750	0.1185
	53771	0.1188
	53499	0.121
	54715	0.1215
	57512	0.1219
	54709	0.1228
	58034	0.1241
	56840	0.1242
	54601	0.1243
	58341	0.1248
	57571	0.126
	58431	0.1275
	53231	0.1294
	54636	0.1296
	51709	0.13
	52993	0.1301
	54117	0.1354
	56548	0.1354
	57431	0.1359
	57717	0.1366
	52447	0.1372
	50136	0.1383
	56844	0.1394
	56883	0.1401
	59314	0.1408
	54520	0.1413
	55279	0.1423
	57883	0.1426
	58129	0.1464
	53926	0.1472
	51701	0.1475
	54579	0.1478
	56390	0.1478
	54605	0.1484
	53192	0.1486
	53891	0.1487
	56092	0.1503
	56886	0.1504
	53861	0.151
	54705	0.1521
	57402	0.1541
	54719	0.1603
	55664	0.1622
	53585	0.1635
	54454	0.1635
	54602	0.1637
	57642	0.1643
	56985	0.1652
	54186	0.1654
	59312	0.1664
	53478	0.1665
	53723	0.1668
	50968	0.1674
	57465	0.1681
	54802	0.1709
	53725	0.1711
	54026	0.1713
	53859	0.1727
	53888	0.1728
	51633	0.1732
	57506	0.1745
	53467	0.175
	56790	0.1756
	57127	0.1768
	56863	0.1782
	51636	0.1793
	57329	0.1816
	53357	0.1832
	57647	0.1832
	59647	0.1836
	53783	0.184
	51068	0.1855
	53791	0.1871
	54724	0.1871
	56763	0.1875
	50774	0.1876
	56494	0.1882
	54718	0.1893
	56079	0.1902
	54470	0.1903
	56223	0.1903
	57554	0.1924
	50939	0.1925
	53786	0.194
	57186	0.1941
	57460	0.1943
	59297	0.1944
	50246	0.1952
	57671	0.1953
	53553	0.1956
	57507	0.1956
	56371	0.1958
	53872	0.1965
	58254	0.1967
	58249	0.1975
	59071	0.1988
	58927	0.1991
	57420	0.2016
	57544	0.2024
	56147	0.2032
	56490	0.2037
	57408	0.2042
	54712	0.2049
	57111	0.2067
	56021	0.2079
	57608	0.2092
	53875	0.2105
	54218	0.211
	57464	0.2113
	54132	0.2115
	52985	0.2135
	54700	0.214
	57564	0.2142
	58202	0.2164
	58746	0.2168
	54432	0.2177
	55681	0.2181
	53975	0.2186
	56970	0.2186
	57409	0.2207
	54308	0.2212
	56652	0.2218
	57307	0.2227
	54313	0.2237
	59097	0.224
	59122	0.2241
	55572	0.2244
	54713	0.2245
	50915	0.2248
	52984	0.2258
	57558	0.2264
	54305	0.2301
	58214	0.2321
	54507	0.2329
	57105	0.2332
	56393	0.2342
	53677	0.2346
	51855	0.2359
	59310	0.236
	56843	0.2363
	54476	0.2365
	57318	0.2376
	57414	0.2383
	57328	0.2388
	56373	0.2391
	56094	0.2393
	53669	0.2399
	54829	0.2413
	54611	0.2419
	59317	0.2431
	56962	0.2464
	51571	0.2467
	58667	0.2485
	56172	0.2486
	54503	0.2489
	56034	0.2492
	57253	0.2492
	56479	0.2502
	54483	0.2504
	53659	0.2518
	54318	0.252
	51359	0.2523
	58643	0.2529
	54774	0.2546
	52657	0.2559
	51717	0.2576
	54434	0.2601
	56396	0.2601
	51720	0.2607
	57401	0.2608
	57834	0.261
	57737	0.2612
	57185	0.2623
	59053	0.2647
	54717	0.2651
	57600	0.2677
	50778	0.269
	54425	0.2708
	53582	0.2719
	58032	0.272
	54080	0.2732
	57754	0.2738
	56385	0.2742
	58369	0.2751
	50775	0.2753
	51357	0.2759
	54702	0.276
	53879	0.2773
	53594	0.2774
	57739	0.2774
	56144	0.2785
	52515	0.2825
	52418	0.2833
	56251	0.2882
	51716	0.2888
	50659	0.29
	56263	0.2909
	59265	0.291
	57516	0.2913
	59057	0.2921
	54292	0.2929
	57752	0.2945
	56228	0.2949
	53953	0.295
	57614	0.295
	50353	0.2953
	59318	0.2962
	54024	0.2964
	57562	0.2972
	51145	0.2975
	53576	0.2979
	57206	0.2985
	58122	0.2986
	53397	0.2991
	54811	0.2996
	56307	0.3002
	54515	0.3018
	50888	0.3024
	52996	0.3027
	54429	0.3034
	53789	0.3035
	57466	0.3038
	56289	0.305
	57822	0.3058
	54584	0.3087
	56872	0.3092
	50854	0.31
	53774	0.3108
	51931	0.3122
	56543	0.3122
	56854	0.3138
	56777	0.3143
	56593	0.3176
	54486	0.3193
	53784	0.3199
	57458	0.3211
	57825	0.3211
	52995	0.3227
	54620	0.3227
	54512	0.324
	53884	0.3258
	58666	0.3304
	54349	0.3334
	53794	0.3336
	56978	0.3338
	54094	0.3362
	56290	0.3363
	50879	0.3369
	53908	0.3375
	57268	0.3422
	54374	0.3436
	54439	0.3442
	53562	0.3445
	57469	0.3448
	57744	0.3454
	56788	0.3456
	56018	0.3466
	53658	0.3485
	55493	0.3489
	56109	0.3492
	50787	0.3502
	53590	0.3519
	56033	0.3544
	56084	0.3554
	56295	0.3561
	53782	0.3565
	59842	0.3567
	54252	0.358
	57012	0.3584
	54311	0.3593
	52533	0.3603
	53853	0.3619
	56181	0.3632
	53533	0.3655
	53580	0.3693
	53927	0.3696
	57643	0.3724
	53934	0.3727
	57604	0.3743
	56498	0.3778
	56973	0.3808
	53764	0.3811
	57213	0.3817
	55696	0.3836
	51241	0.3838
	53455	0.3843
	53665	0.3847
	57413	0.3847
	57669	0.3855
	52267	0.3856
	57217	0.3856
	50655	0.3871
	56462	0.3876
	53763	0.3878
	51232	0.3886
	53593	0.3927
	57517	0.394
	51730	0.3942
	51839	0.3944
	58345	0.395
	57545	0.3962
	52645	0.3972
	56875	0.3976
	53682	0.3978
	57308	0.4003
	59941	0.4008
	57577	0.401
	53753	0.4021
	59945	0.405
	56876	0.4059
	51288	0.4065
	53865	0.4069
	56312	0.407
	53871	0.4082
	56951	0.4084
	54438	0.4089
	57525	0.4109
	58558	0.4139
	54161	0.4139
	57378	0.4146
	54539	0.4188
	57633	0.4193
	56836	0.4194
	53903	0.4199
	56184	0.4199
	54541	0.4229
	54523	0.4233
	57646	0.4239
	53796	0.424
	53772	0.4241
	54563	0.4243
	53768	0.4293
	57735	0.4321
	54331	0.4341
	53691	0.4361
	57519	0.4368
	53488	0.44
	54708	0.4419
	53697	0.4426
	51378	0.4429
	56643	0.443
	54644	0.4439
	57511	0.4455
	53083	0.446
	53484	0.447
	53730	0.4472
	53750	0.452
	56645	0.4531
	56739	0.4542
	51708	0.4573
	53068	0.4606
	54204	0.4628
	58506	0.4633
	52963	0.4642
	53433	0.4644
	56871	0.4652
	53777	0.4663
	57828	0.4734
	57405	0.4742
	53487	0.4754
	51352	0.4757
	54494	0.4758
	50247	0.4764
	53575	0.4774
	53577	0.4786
	54604	0.4803
	56183	0.4803
	50949	0.4827
	53727	0.4831
	58441	0.4848
	53925	0.4852
	50940	0.4861
	54099	0.4863
	52908	0.4915
	58742	0.498
	56195	0.5026
	53787	0.5046
	56291	0.5057
	53732	0.5079
	55598	0.511
	54072	0.5117
	54607	0.5121
	51802	0.5134
	57407	0.5146
	54069	0.5149
	54471	0.516
	56778	0.5169
	57741	0.5185
	50936	0.5198
	56492	0.5199
	54449	0.5203
	57565	0.523
	51087	0.5239
	50788	0.5266
	54276	0.5266
	53928	0.5268
	53692	0.5278
	59849	0.5281
	54618	0.5313
	50861	0.5319
	50844	0.5337
	54098	0.5346
	56497	0.5347
	54569	0.5348
	51477	0.535
	57426	0.5354
	51811	0.5383
	55578	0.54
	53391	0.5408
	54506	0.542
	53914	0.5467
	57603	0.5467
	50442	0.547
	50985	0.5484
	58264	0.5491
	50963	0.5503
	56093	0.5511
	58203	0.5528
	54493	0.5529
	54237	0.5539
	53759	0.5548
	57663	0.5554
	53596	0.557
	56842	0.5576
	57304	0.5588
	56096	0.5592
	55773	0.5604
	56168	0.561
	56193	0.5629
	53735	0.5635
	53856	0.5643
	57536	0.5707
	54328	0.571
	55593	0.5726
	54327	0.5733
	57518	0.5743
	57609	0.5746
	57416	0.5816
	53860	0.5834
	53857	0.5854
	56491	0.5873
	53644	0.589
	54336	0.5907
	56198	0.5908
	51711	0.5934
	53368	0.5978
	51379	0.5992
	58569	0.5999
	50658	0.6
	53937	0.6004
	57324	0.6006
	53343	0.6047
	57742	0.6059
	53584	0.6071
	53567	0.6085
	57306	0.6091
	57657	0.6096
	58747	0.6103
	55437	0.6116
	52862	0.6117
	51644	0.6121
	50946	0.6136
	54633	0.6146
	56167	0.6167
	59951	0.6212
	53676	0.6221
	58257	0.6255
	59855	0.6326
	50965	0.6348
	54316	0.6367
	58477	0.6401
	50445	0.643
	50548	0.6462
	57832	0.6472
	57543	0.6491
	53578	0.6533
	53864	0.6566
	51133	0.6567
	56958	0.6567
	56197	0.6614
	54064	0.6619
	57358	0.6622
	56267	0.6626
	53906	0.6634
	58652	0.6641
	53863	0.6666
	56785	0.6674
	57540	0.6701
	59854	0.6704
	54339	0.6722
	52436	0.6729
	59758	0.6741
	53748	0.6749
	57661	0.675
	57655	0.6759
	54093	0.6826
	50755	0.6852
	58343	0.6874
	51076	0.6893
	57662	0.6903
	53687	0.6931
	52754	0.6942
	53751	0.6944
	56582	0.6971
	50853	0.6975
	59425	0.6993
	53695	0.7024
	53930	0.7027
	56646	0.7034
	54405	0.7044
	56879	0.7134
	56395	0.7136
	54338	0.714
	52853	0.7156
	54164	0.719
	54332	0.7221
	50878	0.7223
	53679	0.7238
	50858	0.7259
	53917	0.7297
	54181	0.7297
	56783	0.7314
	53778	0.7324
	56190	0.7332
	56125	0.7351
	54475	0.7365
	53775	0.7381
	53466	0.739
	51722	0.7395
	57719	0.7402
	54231	0.7417
	56285	0.7435
	58436	0.7451
	57736	0.7519
	56158	0.7561
	58268	0.7562
	53689	0.7567
	58659	0.7592
	58351	0.7624
	57011	0.7664
	50838	0.7676
	56483	0.7682
	56880	0.7692
	56592	0.7696
	50948	0.77
	56441	0.7709
	50646	0.7727
	50673	0.7732
	58556	0.775
	53738	0.7766
	51777	0.781
	54063	0.7813
	50950	0.7841
	57425	0.7912
	53757	0.7944
	50954	0.795
	53780	0.7963
	53463	0.7966
	57204	0.801
	54172	0.8019
	56838	0.8032
	54365	0.8052
	54590	0.8072
	53685	0.8077
	53829	0.8102
	56194	0.8131
	50964	0.8138
	54243	0.8154
	55589	0.8161
	50434	0.8163
	50742	0.8198
	57303	0.8221
	54266	0.8248
	57718	0.8276
	54377	0.8336
	53776	0.8361
	57566	0.8363
	54714	0.8376
	53767	0.8377
	54245	0.8387
	50953	0.8399
	53666	0.8403
	56137	0.8441
	51053	0.8448
	51346	0.8461
	50973	0.8473
	53869	0.8492
	53770	0.85
	55472	0.8508
	54436	0.8531
	56188	0.8583
	52842	0.8599
	51810	0.8675
	56128	0.8731
	50514	0.874
	53574	0.8779
	53646	0.8779
	54621	0.8834
	51186	0.8865
	57014	0.8909
	53931	0.8954
	56276	0.8959
	50749	0.9004
	56839	0.9031
	58346	0.9039
	56585	0.9102
	53498	0.9106
	55228	0.9153
	56869	0.919
	54208	0.9216
	57612	0.9228
	56961	0.9263
	58749	0.9326
	53916	0.9327
	56882	0.9347
	57743	0.9381
	50862	0.9426
	57740	0.943
	54347	0.9453
	51334	0.9469
	53915	0.951
	54285	0.9517
	50603	0.9579
	56487	0.96
	56394	0.9607
	50524	0.9619
	53910	0.964
	50468	0.9641
	53817	0.9644
	51238	0.9685
	50656	0.9689
	54236	0.969
	56374	0.9712
	58117	0.9722
	56586	0.9771
	53660	0.9774
	50956	0.9776
	56257	0.9794
	52602	0.9835
	58460	0.9888
	57208	0.9894
	53852	0.99
	56180	0.9918
	57840	0.9925
	54363	0.9927
	55294	0.9969
	50979	0.9982
	50978	1.0004
	53464	1.001
	54142	1.0019
	50960	1.0025
	53699	1.0043
	55248	1.0054
	56187	1.0062
	53850	1.0104
	54065	1.0155
	56192	1.018
	53923	1.0227
	54707	1.0298
	59851	1.0299
	51353	1.0314
	57649	1.033
	56499	1.04
	57541	1.0437
	53862	1.0465
	53651	1.0482
	54284	1.0502
	54273	1.0513
	50767	1.0517
	56856	1.0531
	50674	1.0568
	50557	1.0571
	58744	1.0575
	50913	1.0599
	53760	1.062
	54408	1.0622
	56272	1.0663
	50852	1.0761
	58754	1.0818
	56189	1.082
	55591	1.0887
	50859	1.0895
	54244	1.0909
	51886	1.0933
	53663	1.1075
	56878	1.1084
	51627	1.1105
	54165	1.1142
	50739	1.1148
	56116	1.1181
	56949	1.1301
	50431	1.1316
	51804	1.1334
	56946	1.139
	50880	1.1447
	53754	1.1491
	59856	1.1498
	56533	1.1538
	54472	1.1556
	53848	1.1564
	50958	1.1572
	50566	1.1577
	59948	1.166
	50892	1.1726
	50632	1.1768
	50756	1.1821
	53662	1.1845
	51059	1.1883
	50527	1.1887
	50884	1.1947
	53854	1.1979
	50772	1.1984
	50877	1.2048
	57821	1.2112
	58367	1.2121
	50834	1.2173
	50741	1.2189
	56950	1.22
	50425	1.2208
	54342	1.2213
	51629	1.2301
	58352	1.2319
	54263	1.2369
	56227	1.2431
	54497	1.2452
	54333	1.2456
	58366	1.2562
	54157	1.258
	53492	1.2584
	56944	1.2645
	59954	1.2685
	53696	1.2697
	54353	1.2699
	53664	1.2711
	53821	1.2733
	54156	1.2735
	54154	1.2822
	54249	1.2928
	50987	1.2929
	50745	1.2954
	53832	1.3013
	54274	1.3212
	56186	1.3219
	50871	1.3409
	56485	1.3497
	53841	1.3529
	58665	1.3547
	59843	1.3586
	54092	1.3594
	51628	1.3645
	56898	1.3664
	50647	1.376
	54346	1.379
	51330	1.3809
	58259	1.3914
	56106	1.4027
	55655	1.4222
	56288	1.4223
	54169	1.4234
	58360	1.4266
	58354	1.4306
	55299	1.4309
	50525	1.4332
	50758	1.456
	58448	1.4588
	58265	1.4698
	56594	1.4774
	58365	1.4817
	53845	1.4954
	51243	1.5119
	58542	1.5374
	50833	1.5422
	58358	1.5468
	58464	1.5486
	50639	1.5514
	58751	1.552
	50564	1.5557
	58461	1.572
	50867	1.5818
	54260	1.5995
	58449	1.6214
	50962	1.6326
	50873	1.6327
	56489	1.6406
	50526	1.6473
	58362	1.6474
	50842	1.6512
	56959	1.6516
	50983	1.6968
	58361	1.705
	54261	1.7137
	50851	1.7281
	58462	1.7461
	58359	1.7671
	58664	1.7955
	54351	1.801
	58452	1.8183
	54267	1.8535
	58660	1.8544
	54254	1.8562
	56146	1.8601
	56964	1.8622
	58567	1.8974
	50955	1.9102
	50832	1.9144
	58446	1.9552
	54335	1.9762
	58377	1.9907
	54287	1.9933
	58752	2.0053
	50618	2.0705
	56954	2.0964
	58467	2.1639
	58450	2.1888
	58457	2.2155
	58269	2.2403
	58459	2.2552
	58453	2.2947
	58356	2.3479
	54259	2.3492
	50727	2.4515
	58468	2.4862
	58562	2.5077
