50136   -10
50137  -999
50246    -5
50247  -999
50349    -1
50353    -6
50425     0
50431   -13
50434    -6
50442    -1
50445    -6
50468   -15
50514     0
50524     1
50525     1
50526    -1
50527     1
50548    -1
50557    -2
50564    -4
50566   -13
50603     0
50618     1
50632     0
50639     1
50646     1
50647     1
50655     0
50656    -9
50658     0
50659    -5
50673    -3
50674   -13
50727     1
50739  -999
50741     1
50742     1
50745     1
50749     1
50750     1
50755     0
50756     0
50758     0
50767     1
50772    -9
50774     0
50775     0
50776     0
50778     0
50779    -4
50787     0
50788     0
50832  -999
50833     1
50834     2
50838     1
50842     1
50844     2
50851     1
50852     1
50853     1
50854     2
50858     1
50859     1
50861     1
50862     1
50867     1
50871     1
50873     1
50877     0
50878     0
50879    -4
50880     0
50884     0
50888     1
50892     0
50913  -999
50915     2
50924  -999
50928  -999
50934     1
50936     1
50937     1
50939     1
50940     2
50945  -999
50946     1
50948     0
50949     1
50950     2
50953     1
50954     2
50955  -999
50956     1
50958     0
50960     0
50962     0
50963     0
50964     0
50965    -2
50968     0
50971  -999
50973  -999
50978     0
50979    -1
50983     2
50985     1
50987     0
51053     1
51058  -999
51059  -999
51060  -999
51068     0
51076     0
51087     0
51133     1
51137     1
51145     1
51156     0
51186     0
51232     0
51238  -999
51241     1
51243     0
51288     1
51328     1
51329    -2
51330    -4
51334     0
51346     0
51352     0
51353     0
51356     0
51357     0
51358  -999
51359     0
51365     0
51367     0
51369    -9
51377   -17
51378     0
51379     0
51430    -5
51431     0
51433  -999
51434    -2
51435    -8
51436     0
51437    -3
51438    -5
51463    -6
51465     0
51467     1
51468     3
51469  -999
51470  -999
51477     0
51482    -6
51495     0
51526     0
51542     1
51559     0
51567     0
51568     1
51571     0
51572     0
51573     0
51581     0
51627     1
51628     1
51629     1
51633     0
51636     0
51639  -999
51642     0
51644     1
51655  -999
51656     0
51701     2
51704  -999
51705     0
51707     1
51708     0
51709     1
51711     0
51716     1
51717     1
51720     1
51722     1
51730     0
51747  -999
51765     0
51777     0
51802     1
51804     1
51810  -999
51811     0
51814     0
51815     0
51818     1
51826     2
51827     2
51828     1
51829     1
51839    15
51848  -999
51855     1
51886     0
51931     1
52101     0
52112  -999
52118     0
52203     0
52267     0
52313     0
52323     0
52343  -999
52378     0
52418     0
52424     0
52436     0
52441  -999
52446     1
52447     1
52495     0
52515     1
52533     0
52546     0
52557     1
52575     0
52576     1
52602     0
52607     1
52633     1
52643     1
52645     2
52652     1
52656     1
52657     1
52661     1
52674    -2
52679     0
52681     1
52707     1
52713     1
52737     2
52745     1
52754     1
52765     1
52784     0
52787     1
52788  -999
52797     0
52818     1
52825     1
52833     1
52836     1
52842     1
52853     1
52855     3
52856     1
52862     1
52863     1
52866     2
52868     1
52869     1
52874     1
52875     1
52876     2
52884  -999
52885    -5
52889     0
52895     0
52896    -3
52908     1
52943     0
52955     1
52957     1
52963     2
52968     1
52972     0
52974  -999
52978     1
52980     1
52982     1
52983     1
52984     3
52985     3
52986     1
52988     1
52993     1
52995     0
52996     0
52998     0
53068     1
53083     0
53149     1
53192     0
53195     0
53231     1
53272  -999
53276     0
53289     0
53324     1
53336     0
53337     1
53343  -999
53348     1
53352    -4
53357     0
53362    -2
53367  -999
53368    -2
53378  -999
53384    -3
53385  -999
53391     0
53392    -9
53397     0
53399     0
53419     1
53420     0
53433     0
53446     1
53455  -999
53457     1
53463     1
53464     1
53466  -999
53467     0
53469    -1
53472  -999
53475     0
53478    -1
53480    -1
53481  -999
53483  -999
53484     0
53486    -2
53487    -1
53488    -6
53490  -999
53491     0
53492     0
53498     0
53499     1
53502     0
53505  -999
53512     1
53513     0
53517     0
53518     1
53519     1
53522  -999
53529     1
53533     0
53543    -1
53545     0
53547  -999
53553     1
53562    -1
53564     0
53565     0
53567     0
53573    -6
53574    -9
53575    -6
53576    -9
53577   -10
53578  -999
53579    -3
53580    -5
53582     0
53584    -5
53585    -1
53588     0
53590    -6
53593    -1
53594  -999
53596   -10
53599    -4
53602     0
53610     0
53611     1
53612  -999
53614     0
53615     1
53617     0
53618     0
53619     0
53644     0
53646    -4
53651  -999
53658    -1
53659     0
53660     0
53662     0
53663     0
53664     0
53665    -3
53666     0
53669    -6
53673     0
53674    -3
53676    -2
53677    -4
53678    -5
53679   -11
53680   -15
53681     0
53682    -8
53685    -3
53687  -999
53688   -16
53689   -12
53690    -5
53691   -14
53692   -11
53693   -11
53694   -17
53695   -12
53696    -9
53697   -15
53698   -15
53699   -11
53704     0
53705    -1
53707    -1
53723     0
53725     1
53727     0
53730     1
53732  -999
53735  -999
53738    -4
53740    -3
53748    -7
53750    -4
53751    -4
53753    -4
53754    -5
53756    -4
53757    -5
53759    -6
53760     0
53763    -3
53764    -2
53767    -2
53768    -7
53769    -7
53770    -7
53771    -3
53772    -8
53773   -11
53774    -5
53775  -999
53776   -11
53777    -5
53778    -8
53780    -8
53781   -13
53782    -9
53783   -11
53784   -13
53785    -9
53786    -9
53787    -2
53788   -10
53789   -22
53790   -20
53791   -20
53792   -10
53794   -10
53795   -18
53796   -14
53797    -3
53798    -6
53799   -11
53806     1
53810     0
53817     1
53821     0
53829    -1
53832    -7
53841    -6
53845    -1
53848    -2
53850    -5
53852    -6
53853    -3
53854  -999
53856    -9
53857    -8
53859  -999
53860     0
53861    -9
53862    -7
53863    -6
53864    -6
53865     0
53866    -3
53868    -6
53869    -8
53871    -7
53872    -7
53873   -14
53874     0
53875    -2
53877  -999
53878    -6
53879   -10
53880    -8
53881     0
53882    -8
53883    -5
53884  -999
53885    -6
53886    -9
53887  -999
53888    -9
53889     0
53890    -7
53891    -7
53892    -6
53893     0
53894    -4
53895   -11
53896   -11
53897    -8
53898   -11
53899   -10
53903     1
53906     1
53908     0
53910  -999
53914     0
53915     0
53916     0
53917     0
53923    -1
53924    -3
53925     0
53926    -2
53927     0
53928    -5
53929     0
53930    -5
53931     0
53934     0
53935    -4
53937    -6
53938    -7
53941    -6
53942    -3
53944    -2
53945     0
53947    -7
53948  -999
53949    -3
53950    -7
53953   -11
53954   -10
53955  -999
53956    -8
53957    -6
53958   -10
53959    -8
53961   -12
53962    -8
53963    -9
53964    -9
53965   -11
53966    -8
53967   -10
53968  -999
53970    -4
53972    -7
53973   -14
53974    -6
53975    -6
53976    -6
53978     0
53979    -2
53980    -3
53981   -12
53982    -7
53983    -9
53984     0
53985   -11
53986   -10
53987    -7
53988    -4
53989   -11
53991   -10
53992   -10
53993    -9
53994   -11
53995   -10
53996    -9
53997    -9
53998     1
54012     1
54024  -999
54026     1
54027    -3
54031  -999
54039  -999
54041     1
54047     1
54049     0
54063     1
54064  -999
54065     1
54069     1
54072     0
54076    -1
54080    -3
54092    -1
54093   -10
54094    -6
54096     2
54098    -6
54099     2
54102     1
54113     0
54115     1
54117     1
54122     1
54132  -999
54134     1
54135     0
54142     1
54154     0
54156     1
54157    -5
54161     1
54164     0
54165  -999
54169     1
54171     0
54172     1
54181     0
54186    -1
54187    -1
54192  -999
54195    -4
54204  -999
54205     1
54208     0
54213     1
54214  -999
54218     1
54223    -4
54225     0
54226    -1
54231     0
54234    -2
54236     0
54237    -3
54243  -999
54244     1
54245     1
54248  -999
54249     1
54252     0
54254    -1
54259     0
54260  -999
54261     0
54263     0
54266     1
54267     1
54273     0
54274     0
54276     0
54284     0
54285    -7
54286  -999
54287  -999
54290    -1
54291     1
54292    -4
54293     0
54301     0
54304     1
54305     0
54308     1
54311     1
54313     1
54316  -999
54318     0
54319    -8
54320     0
54321     1
54323     1
54324     0
54325     0
54326     0
54327     0
54328     0
54330  -999
54331     0
54332     1
54333     0
54334  -999
54335     0
54336     1
54337     0
54338     1
54339     1
54340  -999
54342     1
54345  -999
54346     0
54347     1
54348  -999
54349  -999
54351     1
54353  -999
54362     0
54363     0
54365     0
54371    -2
54374     0
54377    -5
54386    -9
54398    -1
54399    -2
54401     1
54404     0
54405     1
54406  -999
54408     0
54410     0
54412     0
54416     0
54419     0
54420     1
54421     1
54423    -6
54424    -6
54425     0
54428    -7
54429    -5
54430    -1
54431    -5
54432    -2
54433    -1
54434    -8
54436    -3
54437    -3
54438    -4
54439    -6
54449     0
54452  -999
54453     1
54454     1
54455     1
54470  -999
54471     0
54472  -999
54474     1
54475     1
54476     1
54483     1
54486    -1
54493     1
54494     1
54497     1
54499     0
54501     0
54502     0
54503    -8
54505    -1
54506    -4
54507     1
54510   -10
54511     0
54512     0
54513     0
54514     0
54515   -10
54517    -7
54518     1
54519     0
54520   -10
54521    -5
54522    -4
54523   -14
54525  -999
54526   -12
54527   -12
54528    -9
54529    -7
54530    -8
54531     0
54532    -9
54533    -5
54534    -7
54535    -5
54539     0
54540     0
54541     0
54563     0
54568     0
54569     1
54575     1
54579     1
54584     0
54590     1
54594     1
54596    -4
54597     0
54601    -8
54602     0
54603    -6
54604   -13
54605    -7
54606    -6
54607   -11
54608    -9
54609     0
54610    -5
54611    -5
54612     0
54613    -5
54614    -2
54615    -9
54616    -9
54617    -6
54618    -5
54619    -7
54620    -9
54621    -9
54622   -10
54623    -8
54624     0
54626   -10
54627    -3
54628     0
54631    -6
54632    -7
54633    -5
54636    -3
54640    -7
54644    -8
54645    -8
54646  -999
54660  -999
54662     0
54700    -8
54701    -7
54702    -2
54703   -10
54704    -9
54705    -7
54706    -8
54707   -10
54708   -10
54709    -9
54710   -10
54711   -10
54712   -14
54713   -11
54714   -19
54715   -13
54716   -12
54717   -10
54718    -8
54719    -1
54722   -12
54723   -13
54724   -17
54725   -13
54726   -13
54727  -999
54728   -10
54729   -10
54730    -3
54731    -7
54732  -999
54734    -5
54736    -5
54737    -8
54738    -7
54744  -999
54749    -2
54751     1
54752     1
54753     0
54755     1
54759     1
54764     1
54765     1
54766     1
54774     0
54776    -3
54777     0
54778     0
54800    -4
54801    -7
54802    -6
54803   -10
54804    -8
54805    -2
54806   -14
54807    -8
54808    -7
54809    -4
54810   -11
54811    -7
54812   -10
54814     0
54815   -12
54816   -13
54817   -10
54818    -7
54819    -5
54820    -7
54821   -10
54822     0
54823    -6
54824    -6
54825    -7
54826    -4
54827    -6
54828    -8
54829   -11
54830   -10
54831    -6
54832    -7
54833    -8
54834    -5
54835    -6
54836    -3
54837    -4
54841    -3
54842  -999
54843    -1
54844     0
54846     1
54848     0
54849     1
54851     1
54852     1
54853     1
54855     1
54857     2
54861     1
54863     1
54868  -999
54871     0
54900    -4
54901    -5
54902    -6
54903    -9
54904   -11
54905    -2
54906    -4
54907    -7
54908    -4
54909    -8
54910    -1
54911    -8
54912    -7
54913    -5
54914     0
54915    -5
54916    -7
54917    -4
54918    -5
54919    -6
54920    -8
54921    -6
54922    -2
54923    -2
54925    -3
54927    -5
54929    -6
54932     1
54935    -3
54936     0
54938    -3
54939    -2
54940     2
54943     3
54945     2
54952  -999
55228     0
55248     0
55279    -4
55294     1
55299     1
55437     0
55472   -11
55493     0
55572  -999
55578    -7
55585   -13
55589  -999
55591    -5
55593  -999
55597  -999
55598    -2
55655    -3
55664     0
55680    -5
55681     0
55690     2
55696     0
55773     2
56004    -3
56016   -15
56018     1
56021     1
56029     1
56033     0
56034     1
56038     1
56041  -999
56043     1
56045     1
56046     2
56065     1
56067     0
56071     1
56074     2
56075  -999
56079     2
56080     2
56081     1
56082     1
56084     1
56091     1
56092     1
56093    -3
56094   -19
56095   -11
56096    -7
56097     1
56106    -3
56109  -999
56116     1
56125     1
56128  -999
56132  -999
56137     1
56144     0
56146    -2
56147     1
56151     0
56152     1
56158    -3
56164    -3
56167     0
56168     0
56171     3
56172     2
56173     3
56178     0
56180     1
56181     1
56182     3
56183  -999
56184     0
56185     3
56186     1
56187     0
56188     0
56189     0
56190     0
56192     1
56193     1
56194     1
56195     1
56196     1
56197     0
56198     1
56199     0
56202     1
56223     1
56227     4
56228  -999
56247     0
56251     0
56257    -1
56263     1
56265  -999
56267    -3
56272    -3
56273     1
56276     1
56278     1
56279     1
56280     1
56281     1
56284     1
56285     1
56286     0
56287     1
56288     1
56289     0
56290    -1
56291    -2
56294  -999
56295    -4
56296     0
56297    -1
56298    -6
56307   -13
56312     3
56317     1
56331     1
56342  -999
56357    -1
56371     1
56373     1
56374     2
56376  -999
56378    -4
56380     0
56381     0
56382    -7
56383    -2
56384    -7
56385     1
56386    -6
56387    -5
56389    -7
56390   -10
56391     0
56393    -7
56394   -16
56395   -16
56396   -12
56399    -6
56434     3
56441    -7
56443    -1
56444     2
56459     0
56462     0
56473  -999
56474  -999
56475     1
56478  -999
56479     0
56480    -8
56483    -6
56485    -1
56487  -999
56489    -1
56490    -8
56491    -2
56492    -8
56493    -7
56494   -10
56496     0
56497     0
56498     0
56499     1
56533     4
56543     1
56548     1
56565     0
56567   -11
56569  -999
56571     0
56575  -999
56578  -999
56580  -999
56582    -8
56584  -999
56585    -9
56586    -8
56592     0
56593    -3
56594    -1
56595   -14
56596     1
56598   -15
56641     3
56643  -999
56645    -3
56646    -5
56649   -10
56651    -1
56652    -9
56654    -4
56664   -10
56665    -7
56666   -12
56669    -1
56670    -8
56671     0
56673    -3
56674   -16
56675  -999
56684    -6
56688     0
56691   -10
56693   -11
56697    -3
56739     1
56741  -999
56742    -5
56745    -7
56746    -8
56748    -2
56751    -7
56752   -15
56755   -12
56756   -12
56757   -11
56761    -2
56763   -10
56764    -7
56766    -5
56767   -11
56768    -6
56772    -8
56774    -7
56775    -8
56777    -4
56778    -8
56781     0
56782    -3
56783     0
56785     0
56786    -7
56788    -4
56790  -999
56792     0
56793     0
56835     0
56836     1
56838    -3
56839    -3
56840     1
56841     2
56842    -6
56843    -2
56844     0
56846    -4
56849    -8
56851   -12
56854   -14
56856    -7
56862    -4
56863    -3
56867     0
56869     0
56870   -12
56871    -1
56872    -3
56873     0
56875    -2
56876    -2
56878     0
56879    -5
56880    -7
56881    -2
56882   -11
56883    -3
56885     0
56886   -10
56889    -5
56891    -1
56898    -4
56944     1
56945  -999
56946    -5
56948   -13
56949    -5
56950    -7
56951   -10
56952    -5
56954     0
56958    -9
56959     0
56961     1
56962     2
56964    -7
56966     0
56969     0
56970     1
56973    -1
56975     0
56976    -8
56977     1
56978     3
56982   -12
56984     1
56985     0
56986     0
56987     2
56989     2
56991  -999
56992    -4
56994    -3
56995     0
56996    -6
57001    -3
57002    -5
57003  -999
57004     0
57006   -10
57007     0
57008    -8
57011    -5
57012    -9
57014  -999
57016    -2
57020    -3
57021    -1
57022    -5
57023    -7
57024    -3
57025  -999
57026    -3
57027     0
57028  -999
57029    -3
57030  -999
57031    -4
57032    -4
57033    -8
57034    -4
57035    -7
57036    -6
57037    -6
57038    -1
57039    -8
57040    -6
57041    -7
57042    -8
57043    -6
57044    -9
57045    -8
57046     0
57047    -9
57048  -999
57049  -999
57051     0
57052  -999
57053    -1
57054     0
57055     0
57056     0
57057     1
57060   -10
57061    -3
57063    -1
57065     0
57066    -5
57067     0
57070    -2
57071    -2
57072    -1
57073  -999
57074    -2
57075     0
57076    -5
57077     1
57078     0
57079    -4
57080     0
57081    -7
57082     0
57083    -9
57084  -999
57085    -5
57089    -6
57090   -10
57091   -11
57093    -5
57094  -999
57095    -8
57096   -15
57098    -8
57099    -9
57102     0
57105     0
57106    -3
57110     0
57111     0
57113     0
57119    -4
57124  -999
57126     0
57127     0
57128     1
57129    -2
57131  -999
57132    -6
57134     2
57137     1
57140     0
57143     1
57144     1
57153     1
57154  -999
57155     2
57156     1
57162     0
57169     0
57173     0
57175     0
57176     0
57177    -3
57178     0
57179     0
57180    -1
57181     0
57182    -4
57183    -3
57184    -4
57185    -8
57186    -4
57187     0
57188    -3
57189    -3
57190  -999
57191   -16
57192    -3
57193    -3
57194    -1
57195    -2
57196    -3
57197    -3
57198    -2
57204     1
57206     0
57208     1
57211  -999
57213     0
57216    -9
57217    -8
57231     0
57232     1
57233     0
57237    -9
57238  -999
57242     0
57245     1
57247    -6
57248    -4
57249     0
57251     0
57253     0
57254     1
57256  -999
57257    -1
57259    -1
57260    -1
57261     0
57265     0
57268     0
57271     0
57273     0
57274    -9
57278  -999
57279     0
57281     0
57285  -999
57290     0
57292    -2
57293    -4
57294    -3
57295    -6
57296    -6
57297    -6
57298    -6
57299    -7
57303     0
57304     0
57306    -2
57307     1
57308     0
57309     0
57313     0
57314     0
57315    -2
57317    -5
57318    -6
57320    -6
57324    -4
57326    -6
57328    -4
57329    -1
57333    -7
57343  -999
57345    -4
57348   -10
57349    -9
57351  -999
57352  -999
57353  -999
57355     0
57358  -999
57359  -999
57361     1
57362     1
57363     1
57368    -4
57370     0
57377    -2
57378    -3
57381  -999
57385   -10
57387    -9
57388   -10
57389    -6
57390    -8
57395  -999
57396    -3
57398    -5
57399    -4
57401     1
57402     0
57405     1
57407     1
57408     0
57409   -10
57411     0
57413    -6
57414     0
57415    -3
57416     0
57417     0
57420     1
57425    -3
57426     1
57431    -5
57432   -11
57437    -4
57438    -3
57439  -999
57445  -999
57447    -2
57451  -999
57453  -999
57458    -9
57460     0
57461    -4
57462  -999
57464    -2
57465    -1
57466    -2
57469    -4
57475    -1
57476    -1
57477    -1
57481    -5
57482  -999
57483    -4
57485    -1
57486     0
57489    -2
57491    -2
57492     0
57493  -999
57494    -1
57496    -5
57498    -4
57499    -1
57502  -999
57503  -999
57504  -999
57505    -4
57506   -10
57507    -3
57508    -1
57509    -7
57510    -4
57511    -4
57512  -999
57513    -1
57514    -3
57515  -999
57516     0
57517  -999
57518    -6
57519    -9
57520  -999
57522    -8
57523  -999
57525    -9
57536  -999
57537    -5
57540     1
57541    -4
57543    -1
57544     0
57545     1
57554     1
57558     2
57562     1
57564     1
57565     0
57566     2
57571     0
57573  -999
57574     3
57575     2
57577     2
57581  -999
57582     1
57583     0
57584     2
57585     2
57586     1
57589     2
57590    -1
57595  -999
57598     3
57600    -4
57602  -999
57603    -1
57604  -999
57605    -5
57606     1
57608     1
57609     0
57612  -999
57614     1
57622  -999
57623    -6
57625     0
57633     1
57634     1
57635     1
57636     0
57637     2
57640     1
57642  -999
57643     2
57646     1
57647     2
57649     2
57655     3
57657     2
57658     2
57661     2
57662     2
57663     2
57666     3
57669     3
57671     3
57673  -999
57674     2
57678     2
57679  -999
57680     2
57682     1
57687     2
57688     1
57694     1
57696  -999
57698     3
57699     4
57707    -8
57708   -15
57710     0
57713   -10
57714    -2
57717   -11
57718   -17
57719    -8
57720     2
57722     0
57723     0
57728    -2
57729     1
57731     0
57732     1
57734     0
57735     0
57736     2
57737    -1
57738    -5
57739    -2
57740     2
57741     1
57742     1
57743     1
57744    -4
57745     0
57749  -999
57752  -999
57754    -3
57758  -999
57760     2
57761  -999
57762     3
57763     2
57765  -999
57766     1
57767     0
57768     0
57769     1
57771     2
57772     3
57773     3
57774     2
57776     3
57777     2
57778     2
57779  -999
57780     2
57781     3
57786     3
57789  -999
57792     3
57793     2
57796     2
57798     2
57799     3
57800   -17
57803   -12
57805   -18
57806   -19
57807   -17
57808   -21
57809    -7
57811   -17
57813   -17
57814   -10
57816   -12
57818   -17
57821    -9
57822    -3
57824    -3
57825    -4
57827   -12
57828    -3
57829   -14
57832     0
57834    -9
57835   -12
57837   -13
57839     1
57840     1
57841  -999
57842     0
57844   -12
57845     0
57846    -2
57851     0
57853    -7
57857  -999
57859     1
57860    -3
57865     0
57866     2
57867     0
57868     0
57870     1
57871     0
57872     1
57874     1
57875     1
57876     1
57881     1
57882     1
57883     1
57886     0
57887     0
57889  -999
57891     2
57894     1
57895    -5
57896    -9
57899     1
57900   -11
57902    -2
57903    -9
57905     1
57906     0
57907     0
57908    -4
57909   -16
57910    -6
57911   -15
57912   -19
57913    -7
57914   -10
57915   -21
57916     2
57921    -3
57922   -13
57923   -14
57926    -8
57927     0
57932    -3
57936    -9
57941    -6
57942  -999
57947     2
57948     1
57949     1
57954     0
57955     3
57956     1
57957     1
57958  -999
57960  -999
57962     2
57964  -999
57965     3
57966     2
57969     2
57971     3
57972     0
57973     0
57974  -999
57975     1
57976     0
57978     1
57981     0
57985     0
57988    -3
57989     2
57990     1
57991     2
57992     2
57993     1
57994     2
57995     3
57996     2
58001    -7
58002    -7
58003    -5
58004   -12
58005    -7
58006    -5
58007    -7
58008   -10
58011    -7
58012    -6
58013  -999
58015    -3
58016    -7
58017    -6
58020    -4
58021    -1
58022    -7
58024    -4
58025    -8
58026  -999
58027    -8
58030    -5
58032    -2
58034  -999
58035  -999
58036     0
58038  -999
58040     0
58041  -999
58044     1
58045  -999
58047  -999
58048  -999
58049    -1
58100    -4
58101    -7
58102    -5
58104    -4
58107    -5
58108    -3
58109    -6
58111  -999
58113   -10
58114    -8
58116   -10
58117    -7
58118  -999
58122    -8
58125     0
58126    -5
58127   -14
58128    -9
58129     1
58130  -999
58131    -3
58132    -8
58135  -999
58138    -8
58139    -4
58140    -6
58141    -7
58143  -999
58144  -999
58145  -999
58146     0
58147  -999
58148     0
58150     1
58154     0
58158  -999
58202    -6
58203   -10
58205    -3
58207    -7
58208    -6
58210    -6
58212    -6
58214    -6
58215    -5
58220    -6
58221   -11
58222   -10
58223     0
58224    -4
58225  -999
58230    -2
58234     0
58235  -999
58236    -1
58237  -999
58238     0
58240     0
58241    -2
58242  -999
58243    -4
58244  -999
58245    -5
58246  -999
58247  -999
58249  -999
58250    -2
58251    -6
58254  -999
58255  -999
58257    -5
58259   -10
58264    -7
58265   -14
58268  -999
58269  -999
58301    -6
58306    -8
58311    -3
58314     0
58316    -1
58317     0
58319    -1
58320     0
58321     0
58323     0
58326    -3
58327    -3
58329    -3
58330     0
58331     0
58333  -999
58334    -6
58335     0
58336  -999
58337     1
58338     1
58339  -999
58340    -7
58341    -7
58342  -999
58343    -2
58344  -999
58345    -3
58346    -2
58351  -999
58352  -999
58353  -999
58354  -999
58356  -999
58358   -10
58359  -999
58360  -999
58361   -10
58362   -10
58365    -9
58366   -12
58367    -6
58369    -4
58370  -999
58377  -999
58401     0
58402    -2
58404    -2
58407     0
58408     0
58409     1
58414  -999
58415    -2
58416    -4
58417     0
58418     0
58419  -999
58420    -4
58421     0
58423  -999
58424    -5
58426    -4
58427    -6
58428     0
58429  -999
58431    -1
58432    -7
58433   -13
58435   -11
58436   -14
58437     1
58438    -7
58441   -15
58442    -4
58443   -10
58445  -999
58446   -13
58448  -999
58449   -12
58450  -999
58451    -6
58452   -12
58453  -999
58454   -11
58455   -15
58456   -15
58457   -13
58458   -11
58459   -16
58460   -11
58461    -7
58462    -7
58463    -3
58464    -4
58467    -6
58468   -10
58472    -4
58473  -999
58477     0
58484  -999
58500  -999
58501     1
58502     1
58503     1
58506     2
58507  -999
58508     1
58509     2
58510     1
58512     1
58514     1
58517     1
58519     3
58520  -999
58523     0
58527     2
58529     2
58530    -5
58531     1
58534    -6
58537     2
58542    -9
58543     1
58544     1
58546     1
58547  -999
58548     1
58549     1
58550    -1
58553  -999
58555     1
58556     1
58557  -999
58558     1
58559     1
58562     0
58563     0
58565     1
58567     1
58568     1
58569     1
58570  -999
58600  -999
58601     2
58602     2
58605     3
58606     3
58607     4
58608     3
58609     4
58612     4
58614     2
58615     3
58616     3
58618     3
58619  -999
58620     3
58622  -999
58623  -999
58624     3
58625     3
58626     3
58627     3
58629     3
58631     1
58632  -999
58633     1
58634     2
58635     3
58637  -999
58642     1
58643     0
58644     2
58646     2
58647     3
58652  -999
58653  -999
58654     1
58656     3
58657     2
58658     3
58659     4
58660     1
58664     3
58665     1
58666     2
58667     3
58693     3
58701     4
58704     3
58705  -999
58706     2
58707     3
58710     3
58712     4
58713     3
58714     3
58715     2
58718  -999
58719     1
58724     2
58725     1
58726  -999
58730     3
58731     3
58734  -999
58735     3
58736     4
58737     1
58742  -999
58744  -999
58745     2
58746     3
58747     4
58748     3
58749     4
58750     3
58751     3
58752     3
58754     3
58760     3
58765  -999
58804     1
58806  -999
58813     2
58814     2
58818  -999
58819     2
58820     3
58821     2
58822     2
58823     2
58824     3
58826     3
58828     3
58834     3
58836     3
58837  -999
58839     2
58843  -999
58844     2
58845     2
58846     2
58847     1
58848     1
58853  -999
58903     2
58905     1
58906     2
58907     2
58911     2
58912     1
58917     1
58918     0
58921     2
58923     0
58926     0
58927  -999
58928     1
58929     2
58931     2
58932     0
58933     3
58934     0
58935     1
58936  -999
58938  -999
58940  -999
58941     1
58942     1
58944     2
58946     1
59001  -999
59004    -4
59007     0
59012    -4
59015     1
59017     0
59021     0
59022     1
59023    -2
59025     1
59027    -1
59031     0
59033     1
59034    -1
59037     1
59038     0
59041   -12
59044  -999
59045   -13
59046    -8
59047     0
59051    -5
59052     1
59053  -999
59055  -999
59057     1
59058     2
59059     1
59061  -999
59063     2
59064     1
59065     1
59071     2
59072     2
59074     1
59075     3
59081     3
59082     3
59087     2
59088  -999
59090     1
59091     1
59092  -999
59093     1
59094     1
59096     1
59097  -999
59099     0
59102     1
59106     0
59107  -999
59109     0
59113  -999
59114     2
59116  -999
59117     0
59122     1
59124     0
59125     0
59126     0
59127     1
59129  -999
59130     1
59131     2
59133     2
59134     1
59137     1
59205   -12
59209    -9
59211     0
59213     1
59215    -7
59218     1
59224    -8
59227    -4
59228   -10
59229   -13
59230     0
59235     1
59237    -3
59238     1
59241    -2
59242     1
59246    -1
59249     1
59254     1
59255     2
59256     2
59264     0
59265     1
59266     1
59268     1
59269     2
59270     1
59271     2
59276     1
59278     0
59279     2
59280  -999
59284     2
59285     2
59287     2
59288     1
59289  -999
59290     1
59293     1
59294     1
59297    -3
59298    -2
59303     0
59304  -999
59306  -999
59310     0
59312     1
59313     0
59314     1
59315     1
59316     1
59317     1
59318     1
59319     0
59320     1
59321     1
59322     2
59324     1
59417    -7
59419    -3
59421    -5
59425    -3
59426    -7
59427    -1
59429    -1
59431    -1
59432  -999
59435  -999
59441     0
59446    -1
59448     1
59449     0
59451  -999
59452     3
59453    -7
59454     4
59456     0
59457     1
59462     1
59469     0
59470     0
59471     0
59473     1
59475     1
59476     1
59477     2
59478     1
59480     1
59481     2
59485  -999
59487     0
59488  -999
59492    -1
59493    -3
59500     1
59501     1
59502     0
59626    -7
59631     0
59632   -19
59635  -999
59640    -6
59644   -10
59647     0
59650     0
59653     1
59654     1
59655    -8
59656     0
59658     1
59659     1
59663     3
59664     3
59673     0
59750     1
59754    -7
59757    -1
59758    -7
59838   -20
59842    -8
59843   -12
59845    -9
59847   -11
59848     1
59849    -4
59851   -17
59854    -4
59855   -15
59856   -11
59940     0
59941    -6
59945     1
59948   -12
59951    -5
59954    -4
59981    -1
57086    -6
57087    -5
57339   -10
