	56376	-1.8934
	59001	-1.8226799999999999
	56691	-1.6534
	59012	-1.6361100000000002
	56693	-1.6342
	56772	-1.6213
	56387	-1.6029
	59954	-1.5958
	56598	-1.4957
	57800	-1.4924
	57438	-1.4737
	56883	-1.4707
	57916	-1.4689
	57416	-1.4608
	57906	-1.4586
	57606	-1.4442
	56585	-1.4405
	56485	-1.4381
	56373	-1.4223
	56595	-1.4119
	57511	-1.4022
	57425	-1.359
	57811	-1.3547
	56567	-1.3507
	56768	-1.3477
	56891	-1.3355
	56673	-1.3315
	56870	-1.3145
	56783	-1.3075
	57519	-1.3066
	57522	-1.2829
	56881	-1.2739
	56786	-1.2716
	57420	-1.2658
	56279	-1.2581
	57707	-1.2476
	57512	-1.2408
	56578	-1.2353
	56766	-1.2283
	57328	-1.1933
	57513	-1.1925
	56792	-1.1858
	57805	-1.184
	56863	-1.1787
	56871	-1.1787
	57718	-1.1761
	57520	-1.1654
	57525	-1.1622
	56697	-1.1601
	56489	-1.1589
	56487	-1.157
	56774	-1.1511
	56777	-1.135
	56386	-1.1278
	56885	-1.1255
	56889	-1.1225
	57902	-1.1181
	56790	-1.1171
	56882	-1.1168
	57908	-1.0949
	56989	-1.0692
	56480	-1.0606
	56184	-1.0525
	57415	-1.0513
	57413	-1.0501
	57907	-1.0405
	56197	-1.0357
	56586	-1.034
	57909	-1.0308
	56665	-1.0241
	57927	-1.02285
	59004	-1.01133
	56778	-0.993
	57426	-0.9872
	56788	-0.9742
	56582	-0.972
	56190	-0.9709
	56842	-0.9699
	56841	-0.9665
	56594	-0.9657
	56357	-0.9443
	56664	-0.9381
	56844	-0.932
	57803	-0.9307
	56565	-0.9294
	57728	-0.9281
	56571	-0.9259
	56793	-0.9248
	57910	-0.9224
	56652	-0.9158
	56878	-0.9145
	56767	-0.9106
	56876	-0.8996
	56287	-0.8976
	57915	-0.8966
	56781	-0.8947
	57605	-0.889
	56378	-0.8855
	57729	-0.8849
	57714	-0.8841
	56886	-0.8595
	56856	-0.8571
	56880	-0.8571
	56580	-0.8474
	56479	-0.8451
	57510	-0.843
	57414	-0.8422
	57417	-0.8385
	57808	-0.8379
	56872	-0.8318
	57204	-0.8189
	57720	-0.8177
	56188	-0.8097
	57835	-0.8008
	59948	-0.7967
	56670	-0.7949
	56097	-0.788
	57523	-0.7843
	59278	-0.77976
	56669	-0.779
	56462	-0.7774
	56291	-0.7739
	53690	-0.77355597
	56569	-0.7662
	59209	-0.7625700000000001
	57514	-0.7603
	57537	-0.753
	56840	-0.752
	53944	-0.75145818
	56281	-0.7512
	56666	-0.7412
	56382	-0.739
	56273	-0.7357
	56854	-0.7319
	56290	-0.7316
	57809	-0.731
	57708	-0.7268
	56646	-0.7195
	57926	-0.7188
	56875	-0.7172
	56843	-0.7035
	56385	-0.6996
	57636	-0.6974
	56276	-0.6922
	56688	-0.6897
	53680	-0.6871979399999999
	56674	-0.6843
	57814	-0.6766
	56654	-0.6744
	57355	-0.672
	56873	-0.6718
	57612	-0.6712
	56836	-0.6676
	57911	-0.6668
	53688	-0.6626004
	56584	-0.6614
	57813	-0.6607
	59017	-0.64566
	53685	-0.64470219
	56395	-0.641
	57806	-0.6387
	56272	-0.635
	59941	-0.6321
	53771	-0.63063693
	59027	-0.62451
	57807	-0.6245
	53696	-0.6237042899999999
	56183	-0.6214
	56384	-0.6207
	57914	-0.6174
	57317	-0.6158
	57516	-0.6142
	53694	-0.6136719599999999
	53599	-0.61197213
	53772	-0.6116721599999999
	56296	-0.6098
	59951	-0.6067
	56782	-0.6065
	54502	-0.60500616
	56869	-0.6049
	54399	-0.60420624
	56371	-0.6037
	59855	-0.6008
	56671	-0.6004
	56862	-0.5992
	53698	-0.59907342
	53774	-0.59550711
	57326	-0.5953
	56189	-0.595
	57614	-0.59
	57923	-0.5862
	54506	-0.5794420499999999
	56187	-0.5793
	53691	-0.5792754
	57905	-0.5722
	59940	-0.5718
	57816	-0.5714
	56289	-0.5705
	54708	-0.56890977
	53682	-0.56857647
	53693	-0.56774322
	56867	-0.5677
	56651	-0.5669
	54512	-0.56677665
	56383	-0.566
	56096	-0.56511015
	53676	-0.5627770499999999
	57734	-0.5587
	54501	-0.55807752
	57030	-0.55741092
	56785	-0.5572
	54596	-0.5570109599999999
	53792	-0.55624437
	53863	-0.55377795
	53897	-0.55301136
	53596	-0.55184481
	54507	-0.55154484
	56879	-0.5496
	53594	-0.54914508
	57208	-0.5451
	53845	-0.54504549
	54505	-0.54441222
	57022	-0.5436789599999999
	53664	-0.54231243
	53892	-0.5387794499999999
	53781	-0.53871279
	54602	-0.53814618
	59215	-0.53748
	54514	-0.53344665
	59015	-0.53082
	54611	-0.53054694
	53891	-0.53038029
	53798	-0.53031363
	53678	-0.52724727
	56846	-0.5251
	57921	-0.5216
	59213	-0.52146
	53899	-0.52114788
	57034	-0.52031463
	57625	-0.5176
	56996	-0.516
	56592	-0.5144
	53942	-0.5143152299999999
	53854	-0.5139486
	53890	-0.51354864
	57320	-0.5134
	57834	-0.5134
	54594	-0.5130153599999999
	57042	-0.51041562
	56898	-0.5096
	54511	-0.5072826
	53764	-0.50658267
	53924	-0.50568276
	53692	-0.50401626
	59471	-0.50391
	57824	-0.5023
	57029	-0.50184981
	53948	-0.5016164999999999
	54640	-0.50104989
	53931	-0.50078325
	53775	-0.49971669
	53829	-0.49921674
	57518	-0.498
	54410	-0.49708362
	53980	-0.4962837
	54820	-0.49598372999999996
	54620	-0.49505049
	53895	-0.49498383
	54632	-0.49388393999999997
	58760	-0.49311000000000005
	57155	-0.4916175
	57922	-0.4904
	59454	-0.48987
	53926	-0.48945104999999994
	53579	-0.48845115
	57021	-0.48745124999999995
	53787	-0.48651801
	57041	-0.48645135
	56095	-0.48588474
	53955	-0.48441822
	53659	-0.48275171999999994
	57033	-0.48155184
	54513	-0.48115188
	56835	-0.481
	59279	-0.48096
	58938	-0.47871
	53894	-0.47858546999999996
	59663	-0.47781000000000007
	54601	-0.47701896
	57011	-0.47698563
	57016	-0.47688564
	57932	-0.4768
	53674	-0.47598572999999994
	57037	-0.47375261999999996
	53848	-0.47315268
	53996	-0.47271938999999996
	56390	-0.4727
	53865	-0.47268605999999996
	54610	-0.47248608
	53886	-0.47078625
	53857	-0.46905308999999995
	53929	-0.46885311
	53687	-0.46728659999999994
	57025	-0.46725326999999994
	53759	-0.46518680999999995
	56182	-0.4642
	53673	-0.46325366999999995
	53937	-0.46208712
	57154	-0.46125386999999995
	53756	-0.46082058
	54801	-0.46062059999999994
	54631	-0.45998733
	56391	-0.4598
	56441	-0.4592
	57002	-0.45862079999999994
	53695	-0.45838748999999995
	57048	-0.45795420000000003
	53853	-0.45768756
	56186	-0.4555
	53788	-0.45502116
	53658	-0.45475452
	54605	-0.45412125
	57031	-0.45365462999999995
	54636	-0.4529547
	53934	-0.45155483999999996
	57242	-0.45015498
	56775	-0.45
	53938	-0.44998833
	53941	-0.44922174000000004
	57043	-0.44842181999999997
	57038	-0.44772188999999996
	57144	-0.44742192
	59218	-0.44703
	57023	-0.44625537
	54705	-0.44548878
	54433	-0.44408892
	57049	-0.44342232
	59945	-0.4428
	59470	-0.44226
	54412	-0.44072258999999997
	53750	-0.44065593
	57012	-0.44035595999999994
	56285	-0.4402
	53498	-0.44012265
	57006	-0.43902275999999996
	57153	-0.43835615999999994
	56374	-0.4368
	53492	-0.43652301
	53567	-0.43642301999999994
	57003	-0.43642301999999994
	54408	-0.43558977
	54406	-0.43442321999999994
	57913	-0.434
	53577	-0.43235675999999995
	53754	-0.43225676999999996
	54706	-0.43212344999999996
	53797	-0.42979035
	57020	-0.4286238
	54499	-0.42769055999999994
	56297	-0.4274
	53928	-0.42712395000000003
	53486	-0.42685731
	53669	-0.42532412999999997
	54423	-0.42499082999999993
	53850	-0.42369096
	56497	-0.4225
	53738	-0.42239109
	53593	-0.42189114
	57102	-0.42079124999999995
	53794	-0.42069125999999996
	57039	-0.42009132
	53699	-0.41982468
	59654	-0.41724
	57324	-0.4169
	59224	-0.41661
	54405	-0.41589174
	53862	-0.41439189
	53893	-0.41335866
	54319	-0.41282537999999996
	57055	-0.41255874
	53859	-0.4122921
	54597	-0.41182547999999997
	53751	-0.40995899999999996
	54607	-0.40902576
	53796	-0.40615937999999996
	57140	-0.40605938999999996
	53776	-0.4056261
	53950	-0.40505949
	57206	-0.4047
	54800	-0.40302636
	53499	-0.40235976
	57052	-0.40135985999999996
	53564	-0.40075991999999994
	57040	-0.39902676
	53578	-0.39779355
	56286	-0.3968
	57035	-0.39576042
	53780	-0.39542711999999997
	53725	-0.39286071
	59473	-0.39249
	59656	-0.39222
	59288	-0.39195
	57106	-0.39109422
	59655	-0.3906
	53841	-0.38879445
	57004	-0.38836116
	59851	-0.3878
	53945	-0.38776121999999996
	54711	-0.38732792999999993
	57132	-0.38622804
	54523	-0.38566142999999997
	53582	-0.38539479000000004
	53799	-0.38509482
	57007	-0.38459487
	59211	-0.38412
	54608	-0.38169516
	53917	-0.37752891
	53883	-0.37712894999999996
	57900	-0.3768
	56394	-0.3767
	54420	-0.37532913
	53785	-0.37352931
	53757	-0.3729627
	54525	-0.37276272
	53735	-0.37212945
	54603	-0.37136286
	58667	-0.37116
	53663	-0.37112955
	54416	-0.37012965
	57044	-0.36986300999999994
	53947	-0.36942972
	54802	-0.36942972
	54401	-0.36849647999999996
	54713	-0.3679632
	54419	-0.36776321999999995
	59205	-0.367
	57032	-0.36579674999999995
	56976	-0.3641
	54428	-0.36289704
	53925	-0.36249707999999997
	54710	-0.36206379
	57143	-0.36193047
	54707	-0.36189714
	59480	-0.36117
	53651	-0.36116387999999994
	59280	-0.36054
	54398	-0.36036396
	54308	-0.35999733
	57105	-0.35896409999999995
	54528	-0.35713094999999995
	54617	-0.35706428999999995
	53935	-0.35673098999999997
	57045	-0.35543112
	52993	-0.35483117999999997
	53968	-0.35483117999999997
	54702	-0.3536313
	53923	-0.35216477999999996
	54717	-0.35186481000000003
	59856	-0.3513
	53491	-0.35099822999999997
	53748	-0.34699863
	56763	-0.3467
	57731	-0.3436
	57054	-0.34289904
	54703	-0.34133252999999997
	53646	-0.33989934
	56278	-0.3396
	52643	-0.33916608
	54503	-0.33856614
	54518	-0.3372996
	54704	-0.33713295
	56288	-0.3369
	57067	-0.33416658
	59284	-0.33390000000000003
	53930	-0.33373329
	53884	-0.33240009
	56951	-0.3322
	57265	-0.3322
	54725	-0.33090024
	57014	-0.32793386999999996
	54424	-0.32776722
	59664	-0.32625
	54719	-0.32603405999999996
	58918	-0.32544
	57078	-0.32510082
	53740	-0.32433423
	53832	-0.32396759999999997
	54626	-0.32350098
	59462	-0.32292000000000004
	54615	-0.32250108
	54616	-0.31850148
	59476	-0.31815
	54604	-0.31750158
	54726	-0.31580175
	57113	-0.31580175
	57110	-0.31550178
	54515	-0.31543512
	53906	-0.31443522
	59452	-0.31392000000000003
	54613	-0.31336866
	54519	-0.3129687
	54809	-0.31116888
	57719	-0.311
	54728	-0.3109689
	53727	-0.31056893999999996
	56838	-0.3077
	57001	-0.30726927
	56094	-0.30713595
	54803	-0.3056361
	53817	-0.30503616
	57047	-0.30423624
	54723	-0.30353631
	53490	-0.30350298
	57008	-0.30220311
	54633	-0.30203646
	56948	-0.3019
	56381	-0.3018
	53927	-0.30073658999999997
	53588	-0.29823684
	54521	-0.29723694
	58927	-0.29619
	54431	-0.29600372999999996
	53959	-0.29553711
	58754	-0.29394000000000003
	59297	-0.2934
	57233	-0.29337066
	54722	-0.29313734999999996
	54520	-0.29277072
	54301	-0.29120421
	57936	-0.2909
	54612	-0.29010431999999997
	53898	-0.2896377
	53949	-0.28943771999999995
	57439	-0.2886
	57637	-0.2885
	59653	-0.28781999999999996
	54510	-0.28510482
	53860	-0.28367162999999995
	57536	-0.2825
	53953	-0.28183848
	59099	-0.28134
	57216	-0.2809
	57077	-0.27803886
	54709	-0.27623904
	54712	-0.27597239999999995
	54628	-0.27593906999999995
	53773	-0.27493916999999995
	59488	-0.27486
	56596	-0.2728
	54404	-0.27183947999999997
	56093	-0.27160617
	54609	-0.27133953
	59758	-0.2709
	53806	-0.27080624999999997
	53889	-0.27020631
	54714	-0.26887310999999997
	56756	-0.2685
	59487	-0.26712
	59290	-0.26703000000000005
	54622	-0.26670666
	52995	-0.26444022
	53795	-0.26334033
	54805	-0.26207379
	56092	-0.26137386
	59007	-0.2611
	59023	-0.25893
	53487	-0.25877412
	59449	-0.25623
	59485	-0.25578
	57111	-0.25514115
	57268	-0.2548
	57162	-0.25400793
	57623	-0.2533
	57506	-0.2519
	53821	-0.25140819
	57237	-0.2514
	54715	-0.25124154
	54533	-0.25094157
	57156	-0.25014165
	54716	-0.2486418
	59451	-0.24408
	53689	-0.24337565999999997
	53888	-0.24330899999999997
	54318	-0.24280905
	54724	-0.24247575
	53908	-0.24180915
	56752	-0.2408
	56985	-0.2392
	53697	-0.23907609000000002
	57912	-0.2388
	53882	-0.23780955
	54304	-0.2376429
	59289	-0.23742
	54430	-0.23680964999999998
	54527	-0.23660967
	54530	-0.23557643999999997
	57066	-0.23494316999999998
	57127	-0.23494316999999998
	53392	-0.2343099
	56081	-0.23400992999999998
	53896	-0.23374329
	57056	-0.23364329999999997
	56280	-0.2323
	53590	-0.23211012
	53915	-0.23161016999999998
	54623	-0.23161016999999998
	54810	-0.23097689999999999
	52986	-0.22737726
	54645	-0.22727726999999998
	59285	-0.22626000000000002
	54624	-0.22604406
	56954	-0.2255
	56475	-0.2253
	54619	-0.22484417999999998
	54734	-0.22444422
	54429	-0.22437756
	54804	-0.22377761999999998
	54644	-0.22204446
	53517	-0.22167783
	54522	-0.22067793
	54730	-0.22061127
	57329	-0.2203
	54621	-0.21991134
	59287	-0.21951
	59022	-0.21897
	59469	-0.21798
	57134	-0.21767823
	59133	-0.2169
	57057	-0.21674499
	53790	-0.21601172999999999
	54432	-0.21537846
	57124	-0.21534513
	53963	-0.21474518999999997
	54421	-0.21461187
	53810	-0.21437856
	54614	-0.21244541999999997
	52895	-0.21087891
	54718	-0.20834582999999998
	53610	-0.20817918000000002
	53873	-0.20577941999999996
	53914	-0.20427957
	59754	-0.20394
	57343	-0.20344632
	54618	-0.20261306999999998
	57061	-0.20241308999999996
	56071	-0.19941339
	57231	-0.19914675
	54811	-0.19641369
	56192	-0.19611372
	59431	-0.19538999999999998
	53991	-0.19478052
	54821	-0.19431389999999998
	59294	-0.19368000000000002
	53975	-0.19328067
	56091	-0.19324734
	54541	-0.19304736
	53723	-0.19068093
	57634	-0.1905
	54901	-0.19018098
	57074	-0.19018098
	53868	-0.18991434
	57070	-0.18948104999999998
	57051	-0.18891444
	53789	-0.18734793
	56180	-0.1872
	53478	-0.18714794999999998
	53705	-0.18711461999999998
	52656	-0.18651468
	58940	-0.18432
	54701	-0.1843149
	54729	-0.18321500999999998
	56181	-0.1832
	57502	-0.1825
	54731	-0.18184847999999998
	59228	-0.18144000000000002
	54425	-0.18028197
	59093	-0.17991
	57128	-0.17941538999999998
	54606	-0.17778222
	54438	-0.17758224
	56247	-0.1754
	57541	-0.175
	53784	-0.173316
	57065	-0.17304935999999999
	53397	-0.17194947
	54817	-0.17144952
	54311	-0.16994967
	57081	-0.16671666
	59304	-0.16551000000000002
	53993	-0.16525014
	54534	-0.16468353
	57304	-0.1645
	53881	-0.16355031
	53791	-0.16351697999999998
	59025	-0.1629
	52998	-0.16248374999999998
	57217	-0.1619
	57647	-0.1613
	57063	-0.15995067
	54532	-0.15975069
	57732	-0.1572
	56764	-0.1564
	54807	-0.15571775999999998
	56649	-0.1553
	54531	-0.15501783
	56298	-0.1548
	56950	-0.1538
	53576	-0.15351798
	56443	-0.1519
	59087	-0.15129
	53978	-0.14985168
	59493	-0.14949
	57941	-0.1449
	57213	-0.14388561
	52996	-0.1429857
	54812	-0.14201913
	57509	-0.1386
	53877	-0.13851948
	57245	-0.13715295
	54737	-0.13695296999999998
	57082	-0.13571976
	57903	-0.1356
	54808	-0.13471986
	54902	-0.1343199
	56284	-0.1322
	53979	-0.13042029
	54700	-0.129987
	57232	-0.12925373999999998
	59094	-0.12609
	53995	-0.12502083
	59481	-0.12347999999999999
	58931	-0.12339
	59477	-0.12302999999999999
	53974	-0.12298769999999999
	56992	-0.1226
	57084	-0.11872146
	56969	-0.1184
	53903	-0.11728826999999999
	56196	-0.1156
	56082	-0.10782255
	57359	-0.1064
	59446	-0.10493999999999999
	56745	-0.1041
	53614	-0.10355630999999998
	53704	-0.10308969
	54627	-0.10278972
	57075	-0.10252307999999999
	58843	-0.10233
	59475	-0.10134000000000001
	57722	-0.1013
	57085	-0.10048995
	54900	-0.10032329999999999
	53707	-0.09892344
	57137	-0.09795686999999999
	53994	-0.09699029999999999
	59102	-0.09693
	59113	-0.09675
	53992	-0.09655701
	59137	-0.09585
	57431	-0.0954
	57318	-0.0917
	59847	-0.0914
	57071	-0.09139085999999999
	57408	-0.0908
	54439	-0.09079091999999998
	57254	-0.09009099
	57080	-0.08892444
	53976	-0.08542478999999999
	56084	-0.08529147000000001
	57046	-0.08429157
	59096	-0.08343
	59088	-0.08064
	56966	-0.0804
	53982	-0.07995867
	53399	-0.07949205
	59293	-0.07704
	59457	-0.07461000000000001
	57832	-0.0735
	52978	-0.073326
	59848	-0.0733
	59478	-0.07209
	59659	-0.07101
	57306	-0.0689
	57828	-0.0658
	53615	-0.06446022
	52889	-0.06279372
	58665	-0.06273
	54434	-0.06159384
	53972	-0.06139386
	53998	-0.06102723
	57349	-0.0606
	57248	-0.05792754
	53518	-0.057894209999999995
	54830	-0.05746092
	57362	-0.0549
	52884	-0.054861179999999996
	59658	-0.05463
	57079	-0.05246142
	57837	-0.0512
	53910	-0.050261639999999996
	54822	-0.049661699999999996
	56393	-0.0491
	59757	-0.0487
	54823	-0.04786188
	57028	-0.0449955
	59298	-0.0441
	59838	-0.0438
	54833	-0.04322901
	57176	-0.040495949999999996
	57175	-0.04009599
	52652	-0.03949605
	56194	-0.0393
	53916	-0.0386628
	53987	-0.0383295
	56195	-0.0364
	54819	-0.03596307
	58917	-0.03546
	56746	-0.0352
	54903	-0.03396327
	59021	-0.03339
	57723	-0.0327
	58748	-0.03249
	57211	-0.03089691
	57083	-0.03079692
	56079	-0.0301
	58944	-0.029789999999999997
	56970	-0.0284
	53986	-0.02763057
	54906	-0.02239776
	57507	-0.0171
	57717	-0.017
	53985	-0.01306536
	54814	-0.011898810000000001
	58926	-0.01008
	54825	-0.00929907
	56185	-0.0082
	57253	-0.0075
	57745	-0.0057
	57093	-0.00559944
	57713	-0.0038
	57405	-0.0024
	57821	-0.0024
	59092	-0.0022500000000000003
	56851	-0.0020
	52797	-0.0015331799999999999
	53997	-0.00143319
	50136	0.0
	50246	0.0
	50247	0.0
	50349	0.0
	50353	0.0
	50425	0.0
	50431	0.0
	50434	0.0
	50442	0.0
	50445	0.0
	50468	0.0
	50514	0.0
	50524	0.0
	50525	0.0
	50526	0.0
	50527	0.0
	50548	0.0
	50557	0.0
	50564	0.0
	50566	0.0
	50603	0.0
	50618	0.0
	50632	0.0
	50639	0.0
	50646	0.0
	50647	0.0
	50655	0.0
	50656	0.0
	50658	0.0
	50659	0.0
	50673	0.0
	50674	0.0
	50727	0.0
	50739	0.0
	50741	0.0
	50742	0.0
	50745	0.0
	50749	0.0
	50750	0.0
	50755	0.0
	50756	0.0
	50758	0.0
	50767	0.0
	50772	0.0
	50774	0.0
	50775	0.0
	50776	0.0
	50778	0.0
	50779	0.0
	50787	0.0
	50788	0.0
	50832	0.0
	50833	0.0
	50834	0.0
	50838	0.0
	50842	0.0
	50844	0.0
	50851	0.0
	50852	0.0
	50853	0.0
	50854	0.0
	50858	0.0
	50859	0.0
	50861	0.0
	50862	0.0
	50867	0.0
	50871	0.0
	50873	0.0
	50877	0.0
	50878	0.0
	50879	0.0
	50880	0.0
	50884	0.0
	50888	0.0
	50892	0.0
	50913	0.0
	50915	0.0
	50928	0.0
	50934	0.0
	50936	0.0
	50937	0.0
	50939	0.0
	50940	0.0
	50945	0.0
	50946	0.0
	50948	0.0
	50950	0.0
	50953	0.0
	50954	0.0
	50955	0.0
	50956	0.0
	50958	0.0
	50960	0.0
	50962	0.0
	50963	0.0
	50964	0.0
	50965	0.0
	50968	0.0
	50973	0.0
	50978	0.0
	50979	0.0
	50983	0.0
	50985	0.0
	50987	0.0
	51053	0.0
	51058	0.0
	51059	0.0
	51060	0.0
	51068	0.0
	51076	0.0
	51087	0.0
	51133	0.0
	51137	0.0
	51145	0.0
	51156	0.0
	51186	0.0
	51232	0.0
	51238	0.0
	51241	0.0
	51243	0.0
	51288	0.0
	51328	0.0
	51329	0.0
	51330	0.0
	51334	0.0
	51346	0.0
	51352	0.0
	51353	0.0
	51356	0.0
	51357	0.0
	51358	0.0
	51359	0.0
	51365	0.0
	51367	0.0
	51369	0.0
	51377	0.0
	51378	0.0
	51379	0.0
	51430	0.0
	51431	0.0
	51433	0.0
	51434	0.0
	51435	0.0
	51436	0.0
	51437	0.0
	51438	0.0
	51463	0.0
	51465	0.0
	51467	0.0
	51468	0.0
	51469	0.0
	51470	0.0
	51477	0.0
	51482	0.0
	51495	0.0
	51526	0.0
	51542	0.0
	51559	0.0
	51567	0.0
	51568	0.0
	51571	0.0
	51572	0.0
	51573	0.0
	51581	0.0
	51627	0.0
	51628	0.0
	51629	0.0
	51633	0.0
	51636	0.0
	51639	0.0
	51642	0.0
	51644	0.0
	51655	0.0
	51656	0.0
	51701	0.0
	51704	0.0
	51705	0.0
	51707	0.0
	51708	0.0
	51709	0.0
	51711	0.0
	51716	0.0
	51717	0.0
	51720	0.0
	51722	0.0
	51730	0.0
	51765	0.0
	51777	0.0
	51802	0.0
	51804	0.0
	51810	0.0
	51811	0.0
	51814	0.0
	51815	0.0
	51818	0.0
	51826	0.0
	51827	0.0
	51828	0.0
	51829	0.0
	51839	0.0
	51855	0.0
	51886	0.0
	51931	0.0
	52101	0.0
	52112	0.0
	52203	0.0
	52267	0.0
	52313	0.0
	52378	0.0
	52495	0.0
	52575	0.0
	52576	0.0
	52602	0.0
	52607	0.0
	52633	0.0
	52645	0.0
	52657	0.0
	52707	0.0
	52713	0.0
	52737	0.0
	52745	0.0
	52754	0.0
	52765	0.0
	52818	0.0
	52825	0.0
	52833	0.0
	52836	0.0
	52842	0.0
	52853	0.0
	52855	0.0
	52856	0.0
	52862	0.0
	52863	0.0
	52866	0.0
	52868	0.0
	52869	0.0
	52874	0.0
	52875	0.0
	52876	0.0
	52908	0.0
	52943	0.0
	52955	0.0
	52957	0.0
	52963	0.0
	52968	0.0
	52972	0.0
	52974	0.0
	53068	0.0
	53083	0.0
	53149	0.0
	53192	0.0
	53195	0.0
	53231	0.0
	53272	0.0
	53276	0.0
	53289	0.0
	53324	0.0
	53336	0.0
	53337	0.0
	53343	0.0
	53348	0.0
	53352	0.0
	53357	0.0
	53362	0.0
	53367	0.0
	53368	0.0
	53378	0.0
	53384	0.0
	53385	0.0
	53391	0.0
	53419	0.0
	53420	0.0
	53433	0.0
	53446	0.0
	53455	0.0
	53457	0.0
	53463	0.0
	53464	0.0
	53466	0.0
	53467	0.0
	53469	0.0
	53472	0.0
	53475	0.0
	53480	0.0
	53481	0.0
	53483	0.0
	53484	0.0
	53502	0.0
	53505	0.0
	53512	0.0
	53513	0.0
	53522	0.0
	53529	0.0
	53533	0.0
	53543	0.0
	53545	0.0
	53547	0.0
	53553	0.0
	53562	0.0
	53602	0.0
	53644	0.0
	53730	0.0
	53732	0.0
	54012	0.0
	54024	0.0
	54026	0.0
	54027	0.0
	54031	0.0
	54039	0.0
	54041	0.0
	54047	0.0
	54049	0.0
	54063	0.0
	54064	0.0
	54065	0.0
	54069	0.0
	54072	0.0
	54076	0.0
	54080	0.0
	54092	0.0
	54093	0.0
	54094	0.0
	54098	0.0
	54099	0.0
	54102	0.0
	54113	0.0
	54115	0.0
	54117	0.0
	54122	0.0
	54132	0.0
	54134	0.0
	54135	0.0
	54142	0.0
	54154	0.0
	54156	0.0
	54157	0.0
	54161	0.0
	54164	0.0
	54165	0.0
	54169	0.0
	54171	0.0
	54172	0.0
	54181	0.0
	54186	0.0
	54187	0.0
	54192	0.0
	54195	0.0
	54204	0.0
	54205	0.0
	54208	0.0
	54213	0.0
	54214	0.0
	54218	0.0
	54223	0.0
	54225	0.0
	54226	0.0
	54231	0.0
	54234	0.0
	54236	0.0
	54237	0.0
	54243	0.0
	54244	0.0
	54245	0.0
	54248	0.0
	54249	0.0
	54252	0.0
	54254	0.0
	54259	0.0
	54260	0.0
	54261	0.0
	54263	0.0
	54266	0.0
	54267	0.0
	54273	0.0
	54274	0.0
	54276	0.0
	54284	0.0
	54285	0.0
	54286	0.0
	54290	0.0
	54291	0.0
	54292	0.0
	54293	0.0
	54305	0.0
	54313	0.0
	54316	0.0
	54320	0.0
	54321	0.0
	54323	0.0
	54324	0.0
	54325	0.0
	54326	0.0
	54327	0.0
	54328	0.0
	54331	0.0
	54332	0.0
	54333	0.0
	54334	0.0
	54335	0.0
	54336	0.0
	54337	0.0
	54338	0.0
	54339	0.0
	54342	0.0
	54346	0.0
	54347	0.0
	54349	0.0
	54351	0.0
	54353	0.0
	54362	0.0
	54363	0.0
	54365	0.0
	54371	0.0
	54374	0.0
	54377	0.0
	54386	0.0
	54452	0.0
	54453	0.0
	54454	0.0
	54455	0.0
	54470	0.0
	54471	0.0
	54472	0.0
	54474	0.0
	54475	0.0
	54476	0.0
	54483	0.0
	54486	0.0
	54493	0.0
	54494	0.0
	54497	0.0
	54563	0.0
	54568	0.0
	54569	0.0
	54575	0.0
	54579	0.0
	54584	0.0
	54590	0.0
	54660	0.0
	54662	0.0
	55228	0.0
	55248	0.0
	55279	0.0
	55294	0.0
	55299	0.0
	55437	0.0
	55472	0.0
	55493	0.0
	55572	0.0
	55578	0.0
	55585	0.0
	55589	0.0
	55591	0.0
	55593	0.0
	55598	0.0
	55655	0.0
	55664	0.0
	55680	0.0
	55681	0.0
	55690	0.0
	55696	0.0
	55773	0.0
	56004	0.0
	56016	0.0
	56018	0.0
	56021	0.0
	56029	0.0
	56033	0.0
	56034	0.0
	56043	0.0
	56045	0.0
	56046	0.0
	56065	0.0
	56067	0.0
	56106	0.0
	56109	0.0
	56116	0.0
	56125	0.0
	56128	0.0
	56137	0.0
	56151	0.0
	56202	0.0
	56223	0.0
	56227	0.0
	56228	0.0
	56307	0.0
	56312	0.0
	56317	0.0
	56331	0.0
	56434	0.0
	56839	7.0E-4
	54827	8.665799999999999E-4
	56748	0.0022
	54910	0.00326634
	57076	0.00569943
	52982	0.00646602
	57274	0.00953238
	57072	0.0096657
	52984	0.01029897
	53617	0.01119888
	57169	0.011832149999999998
	56074	0.01379862
	56761	0.0148
	57445	0.0172
	53989	0.01779822
	54920	0.01806486
	54905	0.01889811
	53612	0.01929807
	57710	0.021
	53984	0.02126454
	58752	0.02142
	59276	0.02178
	54436	0.02216445
	53988	0.022864379999999997
	54540	0.02443089
	54751	0.02469753
	54818	0.027430589999999998
	56295	0.0288
	58929	0.02898
	57273	0.031463519999999995
	57818	0.0318
	53611	0.033863279999999996
	52424	0.03522981
	54738	0.03742959
	53519	0.03789621
	52983	0.03806286
	54908	0.03902943
	54815	0.0403293
	59306	0.04086
	53618	0.04346231999999999
	54816	0.044362229999999996
	59229	0.04464
	58942	0.045000000000000005
	54904	0.04592874
	54909	0.04626204
	57361	0.0463
	52988	0.04662867
	56984	0.0472
	59106	0.04743
	54806	0.048461819999999996
	52985	0.04852848
	56193	0.0486
	57173	0.049561709999999995
	58839	0.04986
	54744	0.04986168
	58934	0.051120000000000006
	56199	0.0524
	52896	0.05369462999999999
	59266	0.05382
	57271	0.05549445
	57261	0.05612772
	54843	0.056161050000000004
	57090	0.057394259999999996
	52674	0.059560709999999996
	57737	0.061
	56080	0.06229377
	54727	0.06386027999999999
	56739	0.0644
	56593	0.0657
	54914	0.0663267
	57181	0.06649335
	58750	0.06723
	54824	0.06739326
	54736	0.0683265
	57180	0.07035963
	57086	0.07189281
	52787	0.07339266
	59097	0.07344
	56973	0.0747
	57540	0.0752
	59673	0.07812000000000001
	58923	0.08055
	53983	0.08075858999999999
	57333	0.0813
	59314	0.08244
	59269	0.08262000000000001
	54829	0.08459154
	59227	0.08469
	58656	0.08505
	53619	0.08545812
	57738	0.0869
	54828	0.08715795
	59310	0.08946
	54913	0.0939906
	56178	0.0943
	58932	0.09459000000000001
	59322	0.09747
	59131	0.09981
	59453	0.09981
	59268	0.10386000000000001
	57313	0.1039
	59320	0.10512
	57091	0.10632269999999999
	57278	0.1093
	54918	0.11075558999999999
	54912	0.11092223999999999
	57178	0.11175548999999999
	59237	0.11313000000000001
	54911	0.11328867
	57309	0.1186
	59114	0.11915999999999999
	54732	0.11935472999999999
	56757	0.1194
	58907	0.12132000000000001
	56396	0.1218
	57409	0.1225
	54919	0.12918707999999998
	54915	0.12975368999999998
	57517	0.1317
	58936	0.13203
	57368	0.1321
	57857	0.1347
	58844	0.13653
	54749	0.13991934
	57260	0.1402
	58659	0.14184
	58941	0.14238
	56144	0.144
	54916	0.1443189
	54871	0.14478552
	57411	0.1451
	59421	0.14517
	58847	0.14634
	52323	0.14791854
	56380	0.1498
	59109	0.15111
	57087	0.15571775999999998
	56198	0.1564
	54857	0.15725094
	57089	0.15731759999999997
	57370	0.1576
	59500	0.15993
	54853	0.16225044
	58912	0.16443
	54921	0.16471686
	56389	0.1669
	56491	0.168
	59492	0.16947
	59750	0.16956000000000002
	54841	0.17258274
	57402	0.1739
	59843	0.1744
	56961	0.1748
	57182	0.18181514999999998
	59130	0.18198
	57187	0.18328167
	57544	0.184
	57179	0.1843149
	54437	0.18468153
	58928	0.18495
	59091	0.18522000000000002
	54535	0.18548145
	59265	0.1863
	57315	0.1885
	54752	0.18964769999999997
	54753	0.19241409
	58946	0.19566
	54539	0.19724693999999998
	59448	0.19737
	57744	0.2025
	54832	0.20257973999999998
	57285	0.20357964
	59842	0.2063
	56645	0.2079
	57257	0.2104
	52681	0.21071225999999998
	57339	0.211
	56952	0.2113
	54449	0.21254541000000002
	59650	0.21258
	56982	0.2168
	54925	0.22137785999999998
	54831	0.22277771999999998
	52980	0.22767723
	59854	0.2277
	58906	0.22779
	57096	0.23011032
	59640	0.23211
	58658	0.23381999999999997
	57735	0.2349
	59264	0.23589000000000002
	56493	0.2373
	58848	0.23886000000000002
	57348	0.239
	57825	0.2403
	54842	0.24194247
	59321	0.24372
	54844	0.24437555999999996
	54834	0.24740858999999998
	56849	0.2477
	56483	0.2515
	59313	0.25254000000000004
	57094	0.25534112999999997
	57191	0.25657434
	52436	0.26087391
	57460	0.2611
	59230	0.26424000000000003
	59644	0.26451
	57314	0.2661
	58004	0.26707329
	58751	0.26712
	57238	0.26733993
	58749	0.27576
	54837	0.27777222
	59134	0.28350000000000003
	57407	0.2855
	54927	0.28653801
	59501	0.28656000000000004
	57281	0.28920441
	54943	0.29413724999999996
	57095	0.29650368
	57251	0.2988
	59626	0.29907
	58011	0.30610272
	54922	0.30646935
	57461	0.3066
	58003	0.30786920999999995
	59116	0.3105
	59303	0.31383
	57295	0.31440189
	54755	0.31800153
	59038	0.31869000000000003
	58002	0.31906809
	58935	0.32238
	57177	0.32266773
	57736	0.3265
	57469	0.3272
	57185	0.336633
	59235	0.33696000000000004
	59271	0.33696000000000004
	59037	0.33741000000000004
	57988	0.33885
	54938	0.34023264
	57184	0.34209912
	57437	0.3439
	54835	0.34433222999999996
	59090	0.34461
	57297	0.34903175999999997
	58666	0.3492
	59270	0.34947
	56257	0.3498
	59319	0.35019
	59441	0.35037
	59324	0.36063
	54777	0.36509681999999993
	57298	0.36709662
	57643	0.3674
	59315	0.36891
	54923	0.36916308
	57829	0.3738
	54836	0.37856213999999994
	59647	0.37926
	58664	0.38025
	59429	0.38322
	59246	0.38358000000000003
	54778	0.38482818
	58921	0.38754
	56168	0.3889
	54917	0.38919441
	57292	0.39036096
	57363	0.3904
	57188	0.3916275
	56751	0.3955
	59033	0.39636000000000005
	59632	0.39933
	58207	0.40049328
	56946	0.4011
	59317	0.40158
	57995	0.40571999999999997
	59127	0.40698
	59426	0.41075999999999996
	54945	0.41349198
	57194	0.41619170999999994
	57466	0.417
	59417	0.42183000000000004
	58745	0.42354
	54907	0.42532412999999997
	54764	0.42639069
	59502	0.42858
	54849	0.42892377
	52533	0.42922374
	58001	0.43112355
	58660	0.4329
	52885	0.43822283999999995
	52446	0.43908941999999995
	54855	0.44205579
	58828	0.44595
	57640	0.451
	58020	0.45172148999999995
	59122	0.45198
	57256	0.4526
	57545	0.453
	54846	0.45708762
	57739	0.4576
	57249	0.4587
	58646	0.46143000000000006
	58030	0.46422024
	57296	0.46468686000000003
	59435	0.46503000000000005
	57827	0.4696
	54766	0.47185280999999996
	57345	0.4723
	57294	0.47348598000000003
	54939	0.47395259999999995
	59107	0.47556
	58845	0.4797
	52679	0.47998532999999993
	57186	0.48381828
	57293	0.48608471999999997
	58657	0.48771000000000003
	58032	0.48985101
	57197	0.49618370999999994
	59117	0.49959000000000003
	58034	0.49988334
	57189	0.50414958
	57508	0.5109
	57358	0.5124
	57447	0.5129
	57761	0.5132
	56038	0.5151
	59034	0.51903
	56684	0.5209
	59425	0.5265
	54765	0.52651401
	57193	0.52701396
	54929	0.52738059
	57195	0.52748058
	58834	0.5292899999999999
	59312	0.53001
	57098	0.53051361
	57996	0.53154
	57462	0.5327
	59041	0.5369400000000001
	59456	0.53838
	58025	0.5409459
	54935	0.54507882
	57842	0.5461
	54852	0.5466453299999999
	56742	0.5487
	56986	0.549
	54932	0.55317801
	59031	0.5571
	52661	0.55724427
	57183	0.55967736
	56949	0.5668
	58024	0.5725427399999999
	58005	0.57540912
	57432	0.5783
	52447	0.58070859
	57198	0.58304169
	58021	0.58440822
	57377	0.5876
	56496	0.5886
	57390	0.59107422
	56267	0.5911
	57994	0.59724
	56643	0.5992
	57844	0.5999
	59047	0.60138
	58008	0.60307302
	59845	0.6031
	58746	0.60579
	54936	0.6062393699999999
	57989	0.61065
	56975	0.6124
	59318	0.61389
	52784	0.6162383699999999
	57985	0.6212
	58205	0.62130453
	57558	0.6215
	54861	0.6219044699999999
	57942	0.62532
	57603	0.6256
	58208	0.62873712
	54774	0.6293703900000001
	58846	0.63144
	58911	0.63711
	57279	0.6372
	56959	0.6377
	58836	0.6383700000000001
	54940	0.63870279
	57635	0.6435
	56173	0.6452
	58647	0.6475500000000001
	56399	0.6502
	59052	0.65583
	58837	0.65781
	54848	0.65820084
	59254	0.65934
	59249	0.6597
	58903	0.66267
	52418	0.6632003399999999
	59057	0.6642
	58104	0.66503349
	58823	0.66537
	57992	0.66636
	56263	0.6688
	59255	0.66969
	57290	0.6702329699999999
	52557	0.67256607
	54759	0.68006532
	58652	0.68067
	57196	0.6823984200000001
	57308	0.6829
	59124	0.68301
	57760	0.6841
	57299	0.68463153
	58744	0.68562
	54826	0.68969769
	56995	0.6916
	57991	0.6965100000000001
	59256	0.6984
	59849	0.7033
	58022	0.70386294
	57099	0.7046628599999999
	58654	0.70614
	58100	0.71186214
	57505	0.7146
	57840	0.7169
	57851	0.7182
	58821	0.7193700000000001
	58818	0.72045
	54851	0.7218944700000001
	56962	0.724
	56494	0.7246
	57642	0.725
	54863	0.7273272599999999
	58933	0.73161
	56498	0.7323
	57845	0.7354
	57741	0.7364
	57465	0.7379
	57192	0.7393593900000001
	58111	0.73962603
	59316	0.75375
	56944	0.7572
	57396	0.7583241599999999
	58101	0.76222377
	58301	0.7709229
	57762	0.7759
	52546	0.77638902
	58006	0.78238842
	58017	0.7844215499999999
	57307	0.7885
	57259	0.7894
	58742	0.80145
	52515	0.8015198399999999
	59238	0.80325
	57839	0.8063
	57990	0.81063
	58569	0.8109000000000001
	58824	0.8170200000000001
	58007	0.8190847499999999
	57574	0.8197
	58736	0.82224
	59061	0.82908
	57754	0.8327
	59419	0.83718
	57303	0.8542
	58559	0.85446
	57378	0.8557
	57401	0.8668
	58735	0.8849699999999999
	59082	0.88641
	56152	0.889
	56171	0.8904
	57954	0.89973
	58747	0.90342
	57859	0.90738
	59055	0.91422
	59125	0.9245700000000001
	57763	0.9256
	54776	0.93040695
	59635	0.9375300000000001
	59075	0.93816
	58644	0.9463500000000001
	59081	0.9500400000000001
	59126	0.9553500000000001
	58819	0.95823
	57752	0.9656
	59631	0.96588
	57633	0.9664
	56964	0.9683
	58568	0.9685800000000001
	57646	0.9688
	59427	0.9843299999999999
	57974	0.989
	57957	0.99486
	57822	1.0033
	57976	1.0121
	57554	1.0206
	57381	1.0259
	59053	1.02717
	57608	1.03
	58737	1.04544
	56492	1.0536
	56164	1.0554
	58826	1.05885
	58806	1.06569
	57742	1.0785
	57975	1.0918
	56991	1.0967
	57385	1.0987
	57971	1.1012
	57388	1.102
	57846	1.1103
	59044	1.11456
	59063	1.1148
	57649	1.122
	59241	1.1340000000000001
	58730	1.1370600000000002
	56172	1.147
	57464	1.1609
	56755	1.1626
	57978	1.168
	56977	1.1695
	58804	1.17189
	57655	1.1796
	57476	1.1847
	59045	1.19421
	57958	1.21455
	58026	1.2169
	57969	1.2197
	59051	1.22661
	58734	1.23255
	56158	1.2338
	59242	1.23426
	57740	1.2458
	58905	1.2514500000000002
	57993	1.25802
	58731	1.26369
	57577	1.2683
	59064	1.27008
	58642	1.28106
	58040	1.2911
	57389	1.3072
	57662	1.312
	58035	1.3146
	57758	1.317
	58041	1.3239
	57481	1.3263
	57543	1.3275
	57956	1.3276800000000002
	56994	1.3307
	58814	1.35018
	57581	1.3634
	58107	1.3711
	57387	1.3783
	59046	1.38285
	58643	1.38852
	58327	1.3953
	56548	1.4012
	57966	1.4153
	57865	1.4168
	58114	1.4279
	57743	1.46
	59074	1.46484
	56499	1.4767
	57947	1.48527
	57948	1.48896
	57564	1.4921
	57768	1.4997
	57604	1.5058
	56641	1.5116
	57458	1.5161
	57609	1.5168
	59072	1.52712
	57891	1.53207
	56251	1.5382
	57475	1.5548
	58820	1.55655
	56978	1.5591
	57899	1.56735
	57965	1.571
	57896	1.58373
	57799	1.59453
	58718	1.5980400000000001
	58822	1.6121699999999999
	57395	1.6219
	57949	1.6254000000000002
	58012	1.638
	57688	1.6413
	57575	1.6633
	57773	1.6763
	58558	1.69335
	58269	1.7051
	57767	1.7061
	58202	1.7063
	57964	1.70631
	57867	1.719
	59058	1.72287
	58015	1.7236
	58210	1.7288
	56147	1.7351
	58013	1.7396
	57841	1.76
	58117	1.7699
	57870	1.7715
	57777	1.777
	57772	1.7903
	57687	1.7992
	59071	1.8093600000000003
	57483	1.8177
	57883	1.8297900000000002
	58508	1.84131
	57875	1.8487
	57853	1.8558
	58567	1.86849
	56987	1.8754
	58319	1.8758
	59059	1.88253
	57678	1.8852
	57889	1.8872
	57657	1.8884
	59065	1.89486
	57955	1.89531
	57868	1.9007
	58565	1.90296
	58421	1.9152
	58255	1.9293
	58036	1.9521
	58414	1.9555
	56958	1.9579
	57658	1.9651
	57671	1.9705
	58725	1.97325
	58501	1.9768
	58549	1.9845899999999999
	58044	1.9878
	58118	1.9942
	58510	2.00178
	58555	2.00178
	57769	2.0058
	58441	2.0063
	57584	2.0198
	58527	2.03463
	58108	2.0589
	58562	2.0664
	57595	2.0709
	58360	2.0717
	57981	2.0759
	57680	2.0784
	58417	2.0811
	58420	2.085
	58102	2.0862
	58503	2.0873700000000004
	57582	2.0921
	57583	2.0959
	58424	2.1007
	58507	2.10447
	57663	2.1091
	58409	2.1104
	58408	2.1115
	56146	2.1154
	58259	2.1158
	57496	2.1198
	57586	2.1221
	58415	2.125
	57771	2.1267
	58514	2.12706
	57585	2.1284
	56533	2.1311
	58547	2.13741
	58719	2.14407
	57498	2.1449
	58265	2.1491
	57566	2.1494
	57774	2.1509
	58631	2.16162
	58813	2.16261
	58557	2.16378
	56543	2.1681
	58331	2.1837
	58546	2.18475
	57789	2.18556
	58268	2.1913
	58131	2.1961
	57482	2.1964
	58113	2.2005
	58634	2.20356
	57698	2.20374
	57673	2.2059
	58016	2.2085
	57973	2.2105
	58203	2.2109
	57571	2.2113
	58556	2.21148
	57895	2.21328
	58553	2.21571
	58623	2.22498
	58500	2.2302
	58625	2.23164
	58627	2.23281
	57589	2.2337
	58317	2.2373
	58418	2.2401
	56167	2.2531
	58122	2.2578
	58707	2.2586399999999998
	57882	2.2647
	57674	2.2695
	58693	2.27484
	57872	2.2783
	57499	2.2819
	58264	2.2823
	58125	2.2852
	58548	2.2875300000000003
	58416	2.2878
	58337	2.2934
	58404	2.2949
	58407	2.2953
	58257	2.2975
	57493	2.2982
	58427	2.2982
	58254	2.3026
	58632	2.3040000000000003
	58130	2.3055
	57590	2.3067
	58512	2.31246
	58633	2.31318
	57766	2.3147
	57894	2.3157
	58316	2.3208
	58453	2.3216400000000004
	58419	2.327
	58637	2.3283
	58502	2.32911
	58706	2.32929
	57699	2.33217
	58537	2.33316
	57871	2.3368
	57486	2.3371
	58214	2.3374
	58705	2.3391
	58402	2.3463
	58615	2.34693
	58212	2.3511
	57793	2.35548
	58724	2.35773
	57860	2.3609
	58607	2.36538
	58472	2.36925
	58220	2.3697
	58605	2.37303
	57485	2.3774
	57694	2.3800499999999998
	58145	2.3829
	58047	2.3831
	58612	2.38347
	57565	2.3904
	58714	2.39904
	58529	2.40075
	57696	2.40363
	58367	2.404
	58448	2.40444
	57780	2.405
	58563	2.40597
	58550	2.40921
	58401	2.4116
	58606	2.41173
	58468	2.41218
	57573	2.4127
	58329	2.4189
	57972	2.4213
	57682	2.4224
	57598	2.4239699999999997
	58715	2.42514
	58429	2.4255
	58223	2.4268
	58704	2.42973
	57792	2.4336
	58629	2.4358500000000003
	58619	2.44206
	58126	2.4421
	58038	2.4498
	57661	2.4516
	57776	2.4553
	58712	2.4570900000000004
	58506	2.45907
	58140	2.4642
	58626	2.46591
	57887	2.4682
	58620	2.46852
	57494	2.4695
	58477	2.4737400000000003
	58426	2.4747
	58365	2.4751
	58443	2.4773400000000003
	58570	2.4777
	58542	2.48265
	58449	2.48508
	58306	2.4859
	58311	2.4905
	58450	2.4948900000000003
	57489	2.4949
	58320	2.4978
	58544	2.49993
	58338	2.502
	58701	2.50569
	58710	2.50767
	58128	2.5085
	57562	2.509
	58713	2.51037
	58027	2.5118
	58314	2.5167
	57781	2.5185
	58428	2.519
	57798	2.52657
	58215	2.5288
	57796	2.52954
	58624	2.53125
	58423	2.5322
	58517	2.5326
	58334	2.5362
	58343	2.5364
	57786	2.53971
	58601	2.54025
	58609	2.5453799999999998
	57492	2.5462
	58147	2.5506
	57960	2.55663
	58458	2.55681
	56490	2.5584
	58339	2.5602
	57669	2.5624
	58132	2.5701
	57491	2.5717
	58139	2.5734
	58618	2.57454
	58519	2.57652
	58608	2.57724
	57679	2.5848
	57962	2.5948
	58523	2.5979
	58457	2.6053200000000003
	58464	2.60892
	58351	2.6161
	57398	2.6167
	57600	2.6174
	58330	2.6227
	58454	2.62323
	58442	2.6246
	58352	2.6283
	58455	2.63241
	57477	2.6358
	58600	2.63916
	58250	2.6394
	56444	2.6424
	58240	2.6469
	58116	2.6475
	58616	2.6476200000000003
	57399	2.6501
	58484	2.6505
	58509	2.65527
	58148	2.6559
	58335	2.6597
	58467	2.66427
	58433	2.6671
	58354	2.6687
	58435	2.669
	58446	2.66949
	58459	2.67408
	58543	2.6766
	58127	2.6775
	58146	2.6791
	58602	2.68209
	58341	2.6875
	58456	2.68893
	58045	2.6907
	58359	2.6929
	57886	2.693
	58356	2.6945
	58224	2.7018
	58432	2.705
	57666	2.7089
	58154	2.709
	57779	2.7113
	58377	2.7131
	58143	2.7136
	58530	2.7138
	58326	2.715
	58249	2.7152
	58225	2.7182
	58520	2.7209
	58221	2.7226
	58138	2.7246
	58361	2.7249
	58141	2.7279
	58236	2.7295
	58437	2.7437
	58247	2.7473
	58461	2.7556
	58438	2.7597
	58336	2.7807
	58342	2.7818
	58431	2.7925
	58129	2.8048
	58135	2.8073
	58321	2.8111
	58345	2.8133
	58048	2.8156
	58451	2.8189800000000003
	58614	2.82042
	58158	2.8262
	58246	2.8285
	58635	2.8307700000000002
	57778	2.8483
	58358	2.8487
	58251	2.8607
	58462	2.861
	58460	2.8646
	58366	2.8661
	58242	2.8666
	57881	2.8688
	58222	2.8762
	58230	2.8824
	58241	2.8828
	58150	2.8905
	58234	2.9078
	58531	2.9119
	58235	2.9198
	58340	2.9237
	58243	2.938
	58353	2.9495
	58369	2.9537
	58362	2.9578
	57876	2.9603
	58323	2.9668
	58463	2.9671
	58346	2.9711
	58344	2.9713
	58238	2.9731
	58049	2.9796
	58534	2.9803
	58452	2.9864699999999997
	58244	3.0056
	58436	3.014
	58245	3.0241
	58237	3.0636
	57874	3.0718
	57866	3.1338
	58622	3.17934
	58109	3.3521
