	50434	-2.5083
	50247	-2.4995
	50431	-2.4917
	50349	-2.1832
	50353	-2.1205
	50656	-2.0053
	50246	-1.9493
	56976	-1.9185
	54291	-1.8475
	59431	-1.833
	59215	-1.8089
	50445	-1.8067
	59435	-1.7779
	56199	-1.7569
	56748	-1.6712
	50136	-1.6679
	50425	-1.6552
	50655	-1.6538
	59211	-1.6082
	50755	-1.5789
	50468	-1.5516
	50564	-1.5015
	50758	-1.4824
	50442	-1.442
	50647	-1.4392
	56649	-1.4382
	50566	-1.4306
	56296	-1.4001
	50548	-1.3765
	57307	-1.3473
	51437	-1.3321
	59218	-1.3289
	56742	-1.3287
	56756	-1.3197
	56867	-1.285
	56986	-1.2809
	59421	-1.2743
	57309	-1.2696
	50557	-1.2681
	50514	-1.2558
	59213	-1.2537
	51705	-1.2503
	51711	-1.2377
	56021	-1.2322
	56652	-1.2186
	56290	-1.211
	56842	-1.2046
	59209	-1.1986
	59426	-1.196
	50741	-1.1891
	56171	-1.1846
	50527	-1.1728
	51567	-1.1652
	51438	-1.1628
	56004	-1.1495
	56654	-1.1475
	59227	-1.1447
	56291	-1.1422
	59237	-1.1313
	57974	-1.1246
	50639	-1.1152
	56651	-1.1114
	59224	-1.104
	57401	-1.0984
	57318	-1.0981
	59658	-1.0941
	59229	-1.0853
	54099	-1.0828
	57304	-1.0817
	51633	-1.0782
	59429	-1.0724
	56752	-1.071
	59228	-1.0571
	50524	-1.0515
	54290	-1.0506
	56190	-1.0501
	56198	-1.0492
	51642	-1.036
	54286	-1.034
	56152	-1.0237
	50646	-1.0201
	56071	-1.0171
	54263	-1.006
	56862	-1.0013
	50745	-0.9998
	51629	-0.9936
	57932	-0.9861
	51636	-0.9841
	52833	-0.9823
	56567	-0.9821
	56646	-0.978
	56745	-0.9722
	56181	-0.9563
	56189	-0.9469
	56196	-0.9389
	50756	-0.9371
	56288	-0.9333
	56746	-0.9195
	56674	-0.9135
	50739	-0.9105
	51639	-0.9057
	51720	-0.9048
	56950	-0.8953
	56664	-0.8918
	50727	-0.8911
	50750	-0.888
	57317	-0.8851
	50525	-0.8845
	56948	-0.8811
	56125	-0.88
	54259	-0.871
	56755	-0.8534
	52842	-0.8533
	56643	-0.8531
	54195	-0.8515
	59027	-0.8462
	54285	-0.8457
	52652	-0.8455
	50749	-0.8427
	57314	-0.8419
	56378	-0.836
	51568	-0.8283
	57315	-0.8264
	56761	-0.8237
	57326	-0.8182
	59954	-0.8166
	56978	-0.8163
	56065	-0.814
	56187	-0.8078
	56767	-0.8067
	51433	-0.8027
	52546	-0.7981
	56982	-0.7921
	56843	-0.7834
	59004	-0.7822
	54267	-0.7807
	59017	-0.7805
	59655	-0.7684
	54346	-0.759
	56854	-0.7564
	50832	-0.7553
	51628	-0.7544
	53688	-0.7481
	54266	-0.7475
	51644	-0.7474
	54261	-0.7471
	57308	-0.7464
	51627	-0.7462
	56285	-0.7398
	51708	-0.7369
	51814	-0.7358
	58453	-0.7341
	57900	-0.7334
	56074	-0.7333
	50674	-0.7327
	57995	-0.7287
	51717	-0.7276
	51704	-0.7258
	58468	-0.7233
	54249	-0.7231
	50742	-0.7222
	51827	-0.7216
	56197	-0.7196
	56961	-0.7119
	56645	-0.7112
	51334	-0.7111
	57909	-0.7099
	56944	-0.7053
	56757	-0.7039
	51815	-0.7011
	51730	-0.6988
	57313	-0.6979
	56751	-0.694
	50833	-0.6899
	51722	-0.6883
	54837	-0.6806
	56386	-0.6778
	56272	-0.6712
	52436	-0.6686
	57922	-0.6678
	52745	-0.6664
	54353	-0.6663
	54187	-0.6564
	51656	-0.6542
	57328	-0.6461
	57921	-0.6451
	52557	-0.6428
	51156	-0.6426
	52836	-0.639
	57208	-0.6385
	51802	-0.6369
	51145	-0.6361
	51133	-0.6345
	51707	-0.6305
	51709	-0.6283
	56946	-0.6282
	50632	-0.6252
	56840	-0.6224
	51058	-0.6182
	51655	-0.6172
	57303	-0.6155
	56987	-0.6142
	51818	-0.6138
	56164	-0.6063
	57008	-0.6024
	51542	-0.5961
	53682	-0.5911
	51811	-0.588
	56777	-0.5847
	50842	-0.5819
	56835	-0.5815
	57905	-0.5812
	54347	-0.5808
	51243	-0.577
	50834	-0.5725
	58837	-0.5708
	56671	-0.5695
	50838	-0.5671
	52424	-0.5668
	54342	-0.5631
	55589	-0.5623
	51526	-0.5611
	56067	-0.5606
	56768	-0.5582
	56839	-0.554
	56764	-0.5495
	51238	-0.5476
	56188	-0.5467
	59650	-0.5404
	51059	-0.5392
	54829	-0.5369
	56856	-0.5368
	50950	-0.5355
	54822	-0.5334
	53680	-0.5318
	55681	-0.5307
	58557	-0.5304
	56851	-0.5292
	56844	-0.5284
	51241	-0.5264
	56846	-0.526
	56389	-0.5246
	54186	-0.5198
	52908	-0.5192
	56772	-0.5183
	54834	-0.5173
	52533	-0.5066
	55655	-0.5056
	54363	-0.505
	50844	-0.499
	56084	-0.4964
	50772	-0.4938
	56989	-0.4931
	56984	-0.4919
	56665	-0.4905
	54292	-0.4888
	54332	-0.487
	58644	-0.4862
	52957	-0.4838
	51828	-0.4825
	54273	-0.4824
	56849	-0.4812
	56985	-0.4789
	50526	-0.4774
	57923	-0.4759
	56994	-0.4738
	56091	-0.4734
	57839	-0.4725
	52313	-0.4709
	51839	-0.4705
	51716	-0.4697
	54254	-0.4599
	51137	-0.4577
	52866	-0.4551
	51829	-0.454
	54830	-0.4539
	57906	-0.4533
	54169	-0.453
	59235	-0.4512
	56766	-0.4509
	50774	-0.4508
	56951	-0.4449
	56144	-0.4447
	59758	-0.4399
	58558	-0.4358
	53690	-0.4343
	56869	-0.4326
	56670	-0.4324
	57851	-0.428
	57752	-0.4276
	54835	-0.4267
	53457	-0.4265
	52737	-0.4251
	59654	-0.4246
	51810	-0.4229
	57087	-0.4204
	58448	-0.4139
	58544	-0.4114
	51076	-0.4085
	57857	-0.4039
	59425	-0.4
	56836	-0.394
	56185	-0.3939
	54333	-0.3915
	50965	-0.3895
	59007	-0.3882
	56952	-0.3871
	50618	-0.3858
	58923	-0.3819
	56018	-0.3796
	57903	-0.3745
	54831	-0.3736
	59205	-0.3734
	56382	-0.3673
	51495	-0.3672
	57348	-0.3659
	51777	-0.3623
	51931	-0.3622
	52707	-0.3565
	54096	-0.3553
	54824	-0.3548
	56043	-0.3532
	56996	-0.3526
	50892	-0.3515
	50603	-0.3501
	53691	-0.3495
	57573	-0.3486
	54276	-0.3486
	58449	-0.3472
	57985	-0.3461
	51328	-0.3445
	56889	-0.3405
	56178	-0.3394
	56763	-0.3356
	56289	-0.3337
	59417	-0.3325
	53696	-0.3307
	58459	-0.3266
	58932	-0.3261
	57661	-0.3257
	56995	-0.3256
	56838	-0.3235
	52515	-0.3229
	54833	-0.3201
	56841	-0.3182
	56376	-0.316
	58467	-0.3159
	56016	-0.3144
	53695	-0.3122
	56284	-0.3118
	51060	-0.3111
	52645	-0.3108
	57237	-0.3056
	57895	-0.3052
	51087	-0.3008
	54844	-0.2995
	51329	-0.2949
	56281	-0.2918
	51826	-0.2854
	57306	-0.2841
	57907	-0.2827
	50858	-0.2811
	51431	-0.2809
	54386	-0.2794
	51435	-0.2775
	59750	-0.2773
	54923	-0.2761
	56788	-0.2737
	58659	-0.2695
	53987	-0.2676
	52447	-0.2674
	57279	-0.2662
	54301	-0.265
	58633	-0.2641
	55572	-0.264
	59012	-0.264
	50954	-0.2632
	56391	-0.2626
	56792	-0.2607
	53692	-0.26
	56273	-0.2579
	57483	-0.2572
	57204	-0.2527
	51559	-0.2526
	57835	-0.252
	58548	-0.2497
	54181	-0.2496
	57402	-0.2491
	51330	-0.248
	54339	-0.2432
	50854	-0.2382
	57926	-0.2372
	56295	-0.2369
	57180	-0.2362
	51765	-0.2358
	53676	-0.2334
	54252	-0.2317
	57564	-0.2285
	56973	-0.2273
	57908	-0.2272
	56029	-0.2255
	51436	-0.222
	52633	-0.2187
	54728	-0.2187
	58562	-0.2151
	52112	-0.2149
	58935	-0.2143
	50853	-0.2111
	51053	-0.2104
	51186	-0.2079
	56881	-0.2045
	58907	-0.2029
	56195	-0.2009
	52657	-0.1996
	54624	-0.1981
	57834	-0.1964
	57333	-0.1945
	50778	-0.194
	57407	-0.1938
	53596	-0.1933
	58457	-0.1928
	57806	-0.1921
	58556	-0.1914
	54723	-0.1913
	58715	-0.1893
	56045	-0.1881
	56898	-0.1869
	54940	-0.184
	56891	-0.1828
	54821	-0.1803
	51477	-0.1802
	58926	-0.1784
	54932	-0.1699
	56182	-0.1672
	51434	-0.1652
	57646	-0.1642
	50940	-0.1627
	57001	-0.1604
	51358	-0.1594
	57413	-0.1591
	54517	-0.1581
	53697	-0.1573
	57994	-0.1572
	54627	-0.1555
	59644	-0.152
	54825	-0.15
	54737	-0.1468
	50851	-0.1463
	51855	-0.146
	52203	-0.145
	56739	-0.1445
	50859	-0.1419
	57415	-0.1414
	58646	-0.1393
	59656	-0.1381
	54628	-0.1376
	54729	-0.1342
	57004	-0.134
	54374	-0.133
	54724	-0.1287
	54336	-0.1279
	54607	-0.1265
	54644	-0.1258
	53780	-0.1253
	53685	-0.1248
	58635	-0.124
	56878	-0.1234
	56875	-0.1222
	57475	-0.1222
	54499	-0.1203
	54751	-0.117
	58642	-0.1168
	57271	-0.1167
	58104	-0.1119
	56247	-0.1073
	56977	-0.1061
	51232	-0.0987
	57007	-0.098
	57081	-0.0968
	54349	-0.0953
	57469	-0.0941
	51430	-0.091
	51356	-0.0876
	57247	-0.0871
	58109	-0.083
	57740	-0.0826
	53599	-0.0809
	52825	-0.0794
	57405	-0.0788
	57655	-0.0779
	56095	-0.0775
	57093	-0.074
	56128	-0.0733
	54616	-0.0724
	58549	-0.0723
	57837	-0.0696
	59037	-0.0694
	54848	-0.0689
	56093	-0.0676
	54611	-0.0674
	56384	-0.0672
	56870	-0.0652
	59847	-0.0651
	57078	-0.064
	54752	-0.0633
	55294	-0.0599
	57324	-0.0596
	52955	-0.0589
	57966	-0.0587
	50956	-0.0546
	56033	-0.0542
	56371	-0.0542
	56876	-0.0528
	50888	-0.0512
	56885	-0.0504
	59081	-0.0499
	54260	-0.0478
	57295	-0.045
	53693	-0.045
	55773	-0.0414
	52974	-0.0399
	59469	-0.0385
	50862	-0.0349
	53533	-0.0333
	57254	-0.0294
	57485	-0.0278
	50867	-0.027
	55493	-0.0244
	54365	-0.0244
	59238	-0.0237
	57248	-0.0228
	57089	-0.0219
	58632	-0.0213
	56180	-0.0167
	57320	-0.0159
	55248	-0.0153
	51352	-0.0151
	58845	-0.0124
	51068	-0.012
	51377	-0.0118
	54744	-0.0118
	58543	-0.0099
	59842	-0.0086
	58114	-0.0085
	53698	-0.0078
	57914	-0.0064
	57916	-0.0064
	50983	-0.0046
	57096	-0.0030
	57973	-0.0023
	56548	-0.0021
	54753	-0.0011
	52575	-2.0E-4
	58108	6.0E-4
	56092	0.0011
	51469	0.0018
	54157	0.0021
	52446	0.0024
	59280	0.0046
	51367	0.0050
	57964	0.0064
	56688	0.0069
	56871	0.0078
	59951	0.0113
	50968	0.0153
	59094	0.0157
	53699	0.0157
	57657	0.0175
	53694	0.0182
	54154	0.0183
	56675	0.0202
	57460	0.0208
	58637	0.021
	54243	0.0215
	58542	0.0239
	56775	0.0245
	56280	0.0249
	57217	0.0275
	50852	0.0276
	57431	0.0277
	52869	0.0278
	57196	0.0291
	57094	0.0298
	56684	0.03
	57860	0.0308
	57647	0.0309
	56096	0.0311
	57361	0.0327
	51357	0.033
	53784	0.0333
	54505	0.0335
	53917	0.0356
	57432	0.0358
	54722	0.043
	58107	0.0435
	53881	0.0448
	56883	0.0479
	58643	0.0494
	53455	0.052
	57192	0.0533
	56569	0.0538
	59090	0.0562
	54535	0.0585
	52968	0.0606
	56886	0.0607
	59102	0.0644
	50673	0.0653
	58007	0.066
	59664	0.0671
	54398	0.0685
	58912	0.0686
	57936	0.0697
	57853	0.071
	57079	0.0724
	57075	0.0743
	53791	0.0771
	57082	0.0813
	56954	0.0814
	52681	0.0827
	58238	0.0867
	57489	0.0891
	57408	0.09
	57720	0.0904
	57292	0.093
	54156	0.0964
	59647	0.0967
	56184	0.0977
	58048	0.0983
	53797	0.0996
	56669	0.0998
	57186	0.0999
	59063	0.1014
	53979	0.1018
	56592	0.1025
	58205	0.1034
	57206	0.1037
	57137	0.1042
	57086	0.1054
	57445	0.1058
	52101	0.1062
	57976	0.1068
	56673	0.1076
	51467	0.1087
	57420	0.1096
	57355	0.1115
	57887	0.1124
	59117	0.1125
	58929	0.1133
	57414	0.114
	53871	0.119
	53419	0.1212
	58921	0.1242
	56782	0.1249
	58567	0.1253
	55472	0.1257
	54738	0.1273
	53982	0.1283
	54925	0.1285
	54244	0.1289
	58032	0.1319
	56585	0.132
	54335	0.132
	56774	0.1335
	55696	0.1341
	57181	0.1341
	54615	0.1343
	57972	0.1352
	56975	0.1355
	54474	0.1361
	53798	0.1365
	59130	0.1372
	54938	0.1379
	54165	0.1382
	58911	0.1392
	57085	0.1393
	57741	0.1415
	57175	0.1438
	51465	0.1446
	57814	0.1447
	57992	0.1462
	56373	0.1473
	58748	0.1494
	57708	0.1518
	59446	0.1523
	58928	0.1563
	54922	0.1588
	57669	0.1598
	54323	0.1611
	54601	0.1623
	52661	0.1624
	57285	0.1639
	57173	0.1642
	51353	0.1648
	56872	0.1672
	57191	0.1672
	58934	0.1689
	56880	0.1691
	54539	0.1692
	58660	0.1759
	51346	0.1766
	58828	0.177
	52656	0.1773
	58656	0.1779
	56116	0.1784
	54712	0.1784
	58942	0.1806
	52856	0.1809
	50945	0.1831
	53617	0.1843
	59427	0.1849
	57732	0.1862
	58472	0.1869
	57458	0.187
	51288	0.1872
	58706	0.1878
	58100	0.189
	58512	0.1918
	56381	0.1936
	59230	0.1936
	50973	0.1937
	54049	0.1941
	54164	0.1945
	54530	0.1949
	57098	0.198
	53467	0.1984
	54819	0.1988
	56298	0.2004
	54507	0.2005
	57231	0.2006
	58005	0.2023
	53689	0.2026
	57902	0.2027
	57825	0.2041
	51379	0.2043
	57975	0.2052
	56434	0.2053
	59419	0.2053
	54939	0.206
	57636	0.2094
	58047	0.2108
	57083	0.2109
	56992	0.2118
	52986	0.2133
	58419	0.2145
	57818	0.2147
	54404	0.2148
	59448	0.2149
	53908	0.2161
	54731	0.2171
	53612	0.2183
	56595	0.2187
	53984	0.2188
	59015	0.2189
	58903	0.2196
	58918	0.221
	54503	0.2221
	57846	0.2223
	59441	0.2227
	57761	0.2233
	54812	0.2259
	53611	0.226
	59114	0.2261
	59116	0.2276
	53890	0.2297
	57095	0.2313
	50788	0.2315
	56863	0.2325
	58101	0.2327
	56194	0.2335
	58917	0.2336
	57745	0.2344
	56493	0.2362
	57989	0.2378
	58477	0.2386
	52607	0.239
	57417	0.2391
	57896	0.2405
	56297	0.2412
	59088	0.2419
	58202	0.2428
	56873	0.2448
	53518	0.2479
	56962	0.2492
	59246	0.2496
	53789	0.25
	56879	0.2501
	54424	0.251
	53783	0.2527
	58452	0.2532
	59097	0.2541
	51573	0.2551
	57176	0.256
	54419	0.2567
	57090	0.2571
	57195	0.2575
	57808	0.2576
	59093	0.2583
	57251	0.2606
	58652	0.261
	57640	0.2613
	51359	0.2614
	57183	0.2625
	57358	0.2632
	55228	0.2647
	56387	0.2652
	54308	0.2652
	56146	0.2701
	56473	0.2713
	59113	0.2714
	57411	0.2716
	53795	0.2718
	54622	0.272
	57359	0.273
	58224	0.2775
	57635	0.2785
	58215	0.2803
	58634	0.2805
	56383	0.2816
	59456	0.2834
	57426	0.2842
	58819	0.2846
	58141	0.2849
	57978	0.2875
	57169	0.2876
	57377	0.2909
	52988	0.2981
	56959	0.2988
	57913	0.2995
	53988	0.3028
	58906	0.3029
	57779	0.3031
	58001	0.3062
	57185	0.3065
	59626	0.3069
	54645	0.308
	51482	0.3096
	57789	0.3139
	56193	0.3152
	51571	0.3155
	53972	0.3155
	57464	0.3162
	54534	0.3163
	54811	0.3164
	56586	0.3165
	57494	0.317
	57105	0.3174
	58150	0.3174
	54719	0.3179
	56263	0.3185
	52818	0.3197
	56991	0.3199
	59653	0.3221
	57242	0.3229
	54602	0.3229
	57002	0.3293
	54832	0.3321
	59106	0.3323
	53590	0.3329
	58247	0.333
	58020	0.3333
	54597	0.3337
	57729	0.3344
	57155	0.3355
	59451	0.3363
	58026	0.3372
	57194	0.3373
	54604	0.338
	57265	0.3391
	54636	0.3391
	56444	0.3393
	57177	0.3393
	50962	0.3398
	57807	0.3399
	58705	0.3419
	50978	0.3424
	57074	0.3432
	54047	0.3435
	58008	0.3439
	56969	0.3441
	58625	0.3464
	59941	0.3469
	52963	0.3469
	53886	0.3475
	56396	0.3491
	59940	0.3491
	58848	0.3507
	58203	0.3508
	57072	0.3555
	54726	0.3566
	54603	0.3582
	53687	0.3611
	58436	0.3631
	51365	0.3639
	56575	0.3641
	57091	0.3648
	56097	0.3676
	57679	0.3695
	54408	0.3696
	57329	0.372
	53517	0.3735
	53644	0.3743
	54511	0.3745
	53976	0.3761
	51804	0.3765
	51378	0.3766
	54514	0.3779
	59087	0.3783
	53367	0.3786
	58752	0.3794
	58647	0.3803
	57278	0.3806
	54816	0.3823
	57723	0.3837
	57910	0.3838
	57409	0.3843
	57259	0.3849
	56374	0.3857
	58537	0.3861
	58341	0.3862
	58927	0.3893
	59449	0.3893
	52643	0.3894
	58210	0.3898
	56578	0.3921
	54841	0.3925
	51572	0.3932
	57734	0.3961
	56186	0.3964
	53519	0.3965
	57294	0.3985
	58746	0.3987
	54596	0.4011
	57362	0.4013
	57845	0.4019
	50946	0.4024
	56287	0.4028
	57525	0.4028
	59134	0.4059
	57461	0.4063
	54828	0.4066
	57349	0.4073
	57439	0.4075
	54618	0.4078
	58015	0.4129
	57981	0.4154
	53420	0.416
	54475	0.4174
	59001	0.4202
	58531	0.4207
	51369	0.4233
	58931	0.4243
	56034	0.4244
	58418	0.4248
	57728	0.4276
	53878	0.428
	57268	0.4291
	54506	0.4295
	53995	0.4302
	57179	0.4306
	58846	0.4311
	59092	0.4315
	58111	0.432
	59125	0.4321
	53992	0.4327
	54613	0.4331
	53357	0.4332
	54416	0.4333
	58017	0.4335
	52674	0.4354
	57778	0.4358
	52853	0.4359
	57554	0.4363
	57744	0.4369
	59109	0.4369
	56443	0.4371
	57687	0.4384
	56276	0.4394
	53723	0.443
	57189	0.4437
	57803	0.4486
	54818	0.4541
	53998	0.4568
	58118	0.4575
	53469	0.4588
	59137	0.4591
	54406	0.4636
	57129	0.4665
	57948	0.4667
	55664	0.4682
	56279	0.4687
	57969	0.4693
	56278	0.4698
	56492	0.4702
	58025	0.471
	51470	0.4711
	53776	0.4719
	53994	0.4727
	57482	0.4758
	53618	0.4768
	57249	0.4782
	54623	0.4796
	56480	0.4809
	57477	0.4809
	54494	0.481
	54072	0.4815
	57829	0.4837
	56781	0.484
	53610	0.4842
	57811	0.4851
	57941	0.4869
	57889	0.4872
	57634	0.4901
	53614	0.4906
	51463	0.4911
	58435	0.4921
	57574	0.4934
	56966	0.4996
	56183	0.4997
	54619	0.5021
	57899	0.503
	58102	0.5039
	54527	0.505
	53983	0.5069
	53505	0.5071
	56267	0.5085
	53433	0.5085
	53978	0.5089
	54569	0.509
	57447	0.5097
	54431	0.5121
	57799	0.5124
	53498	0.5128
	50878	0.5153
	54605	0.5155
	58823	0.5157
	55680	0.516
	58030	0.5164
	54528	0.5167
	54921	0.5177
	53973	0.5182
	59021	0.5186
	54620	0.519
	56394	0.5196
	57290	0.5206
	57541	0.5225
	54802	0.5227
	58208	0.5229
	52323	0.5236
	54914	0.5243
	54809	0.5245
	59131	0.5266
	57216	0.5272
	58814	0.5277
	57011	0.5297
	58154	0.5313
	53873	0.5324
	57996	0.5354
	58021	0.5362
	53705	0.5363
	59124	0.5364
	50787	0.5364
	56079	0.5367
	59057	0.5378
	57743	0.5386
	59031	0.5395
	56478	0.5402
	54810	0.5414
	59754	0.5421
	58049	0.5422
	53788	0.5423
	58707	0.5448
	57707	0.5456
	57988	0.5464
	58520	0.5467
	59071	0.5495
	58714	0.5496
	54749	0.5524
	57245	0.5529
	57866	0.5535
	53727	0.5535
	58570	0.5549
	53499	0.5559
	53997	0.5566
	59096	0.5581
	58132	0.5604
	54502	0.5604
	57658	0.5605
	53343	0.5615
	58044	0.5617
	54423	0.5633
	57736	0.567
	57486	0.5684
	53892	0.5688
	54910	0.5728
	58843	0.5733
	56317	0.5736
	51581	0.5758
	59270	0.5763
	54439	0.5764
	56357	0.5769
	58207	0.5779
	53895	0.5779
	57021	0.578
	58004	0.5792
	57871	0.5839
	58818	0.5843
	58334	0.5845
	57809	0.5879
	57649	0.5891
	56038	0.5905
	54523	0.5912
	58446	0.5916
	57110	0.5936
	57033	0.594
	59072	0.5956
	59133	0.5959
	57387	0.5975
	57339	0.5976
	50913	0.5995
	54913	0.5999
	58344	0.6041
	57714	0.6043
	58140	0.6046
	57080	0.6048
	57126	0.6049
	57678	0.6055
	59038	0.6056
	57949	0.6059
	58265	0.6068
	53707	0.6069
	54512	0.6089
	59082	0.6122
	57389	0.6135
	56970	0.6137
	59640	0.6141
	58122	0.6149
	59107	0.6155
	57874	0.618
	57128	0.619
	59843	0.6208
	51701	0.6215
	58441	0.6217
	58006	0.6223
	58127	0.6228
	54433	0.6236
	54814	0.6237
	53777	0.624
	54804	0.6254
	58016	0.6258
	54706	0.6271
	54803	0.6271
	59091	0.6273
	53927	0.6274
	57737	0.6281
	57162	0.6294
	53512	0.6296
	53993	0.631
	56778	0.6314
	53889	0.6317
	54935	0.6334
	57256	0.6336
	58041	0.6336
	53896	0.634
	57233	0.6343
	57731	0.6356
	54438	0.6382
	57575	0.6384
	53615	0.6384
	53925	0.6388
	57719	0.6398
	54434	0.6409
	54421	0.6428
	57769	0.6435
	57886	0.6468
	50928	0.6469
	57261	0.648
	54483	0.6491
	58462	0.6494
	59271	0.651
	58113	0.6511
	54541	0.6513
	57437	0.6537
	56490	0.6542
	54525	0.6553
	56571	0.6561
	54908	0.6564
	52874	0.6571
	54420	0.6591
	59052	0.6593
	54455	0.6606
	57099	0.6609
	50960	0.6616
	57006	0.6617
	59851	0.6625
	54919	0.6629
	58002	0.664
	59075	0.6642
	53475	0.6656
	54428	0.6667
	54617	0.668
	57368	0.6681
	53522	0.6685
	54915	0.6688
	54701	0.6689
	57438	0.671
	58329	0.6713
	56494	0.6719
	57396	0.6736
	53619	0.6736
	53472	0.6758
	57947	0.6778
	53897	0.6781
	54716	0.6787
	57492	0.679
	53464	0.681
	57178	0.6811
	58464	0.6836
	53348	0.6865
	53588	0.6889
	56462	0.6899
	53573	0.6903
	53732	0.6915
	57481	0.6928
	58003	0.6945
	54098	0.6957
	50949	0.6995
	54614	0.7024
	58616	0.7056
	54902	0.7069
	58529	0.7071
	56949	0.7087
	57876	0.7094
	50939	0.71
	53829	0.7113
	53879	0.7121
	57493	0.7122
	53337	0.7122
	58519	0.7132
	58438	0.7134
	58463	0.7139
	57666	0.7148
	54521	0.7153
	59632	0.7183
	53704	0.7188
	53937	0.7198
	54594	0.7213
	54069	0.7215
	57558	0.7218
	54522	0.7223
	57465	0.7226
	58500	0.7247
	53770	0.7267
	53899	0.7277
	57891	0.7284
	57042	0.7289
	56958	0.7291
	57832	0.7295
	57345	0.7299
	58426	0.7303
	56474	0.7321
	54486	0.7328
	54142	0.7346
	57739	0.7351
	57385	0.7358
	54245	0.7383
	57257	0.7386
	57642	0.7388
	54161	0.7394
	58747	0.7406
	53272	0.7408
	58936	0.7409
	57771	0.7414
	57102	0.7421
	50963	0.7441
	54918	0.7441
	58336	0.7444
	58011	0.7445
	57213	0.7446
	59025	0.745
	57260	0.7458
	57991	0.7458
	54610	0.7466
	54900	0.7484
	56158	0.7488
	58730	0.7488
	58214	0.7491
	57040	0.7492
	57841	0.7518
	58022	0.7525
	50776	0.7531
	54134	0.7533
	58040	0.7537
	54568	0.7545
	50936	0.7548
	58369	0.755
	53996	0.7558
	54318	0.7597
	58737	0.7603
	58027	0.7625
	57872	0.7629
	57119	0.7639
	58145	0.7676
	56046	0.7691
	58130	0.7695
	57957	0.7703
	53660	0.7703
	54172	0.7707
	58117	0.7718
	53646	0.7729
	57047	0.7739
	54231	0.774
	52985	0.775
	54515	0.7754
	55299	0.7757
	57798	0.7763
	59322	0.7797
	53763	0.7797
	54331	0.7808
	54912	0.7815
	57076	0.7856
	53810	0.7867
	50884	0.7877
	56785	0.7887
	54518	0.7891
	56106	0.79
	54234	0.7907
	57399	0.7929
	58143	0.7992
	56584	0.8044
	58839	0.807
	58230	0.8087
	57055	0.8092
	54717	0.8106
	53894	0.8112
	54608	0.8113
	56786	0.8114
	57754	0.8137
	53774	0.8152
	57512	0.8153
	54905	0.8159
	57821	0.8172
	58612	0.8206
	57299	0.8213
	57071	0.8226
	57198	0.8227
	53336	0.8228
	58624	0.8232
	59303	0.8234
	57045	0.8239
	58665	0.8246
	58246	0.8253
	58826	0.8276
	53658	0.8278
	57540	0.8282
	59074	0.8282
	58367	0.8292
	57828	0.8293
	57378	0.8298
	59321	0.8299
	53980	0.83
	54907	0.8311
	58138	0.8313
	58311	0.8315
	58941	0.8317
	50880	0.8323
	53593	0.8335
	57070	0.8373
	54708	0.8386
	58946	0.8404
	50934	0.8407
	52978	0.8453
	58713	0.8454
	57057	0.8463
	57840	0.8467
	56393	0.8479
	54903	0.848
	57522	0.8525
	54080	0.8534
	54713	0.8547
	53492	0.855
	54904	0.8562
	54806	0.8574
	53832	0.8579
	54640	0.8589
	57883	0.8605
	58484	0.8608
	54575	0.8612
	58754	0.8614
	58362	0.862
	56882	0.8632
	53772	0.8635
	54519	0.8641
	58301	0.8648
	54901	0.8652
	59290	0.8658
	57111	0.8667
	59058	0.8679
	58844	0.8681
	54311	0.8686
	52982	0.8692
	57722	0.87
	54911	0.8702
	53276	0.8728
	57065	0.8733
	54449	0.8738
	57520	0.8743
	54621	0.8755
	53773	0.8757
	53681	0.8762
	58530	0.8763
	52998	0.8772
	57153	0.8787
	57044	0.8792
	53915	0.8809
	58626	0.8815
	50948	0.8816
	58629	0.8846
	57014	0.8855
	55578	0.8856
	54429	0.8883
	59023	0.8884
	59268	0.8891
	57912	0.8892
	57868	0.8908
	59854	0.8919
	57297	0.8922
	54135	0.8945
	57942	0.8965
	55279	0.8977
	57612	0.8994
	59034	0.9016
	59099	0.9032
	54917	0.9063
	54855	0.9075
	57662	0.9082
	56399	0.9089
	58146	0.9094
	57253	0.9112
	58429	0.913
	54076	0.9135
	52876	0.9139
	56487	0.9161
	53794	0.9166
	57054	0.9188
	54041	0.92
	57511	0.9207
	57671	0.9212
	59242	0.9243
	58460	0.9245
	54710	0.9246
	53821	0.9267
	57606	0.9271
	54920	0.9286
	54852	0.9292
	56483	0.9299
	57566	0.9305
	57735	0.9308
	58502	0.9309
	52418	0.9311
	59453	0.9318
	57416	0.9325
	58824	0.9349
	54237	0.9351
	58125	0.9364
	50877	0.9373
	58358	0.9382
	58147	0.939
	53289	0.9393
	52980	0.944
	58243	0.9467
	57510	0.947
	57800	0.9499
	57827	0.9516
	58609	0.9524
	52679	0.9544
	57786	0.9545
	53771	0.9545
	58736	0.9556
	57390	0.9558
	58264	0.9559
	59457	0.956
	56598	0.9567
	59122	0.9568
	54759	0.9575
	57637	0.9579
	54102	0.9581
	56491	0.9589
	59285	0.9598
	57113	0.9604
	58615	0.9622
	56580	0.9624
	57738	0.9639
	57805	0.965
	58249	0.9653
	53778	0.9667
	57614	0.9675
	58450	0.9675
	57674	0.9697
	57274	0.9703
	58212	0.9736
	59065	0.9737
	58622	0.9756
	54714	0.9757
	58035	0.9796
	54520	0.9805
	59051	0.9824
	57513	0.9825
	58257	0.9849
	58306	0.9878
	58012	0.9902
	52895	0.9908
	57193	0.9949
	57056	0.9953
	58131	1.0003
	57127	1.0015
	58534	1.0015
	50985	1.0018
	53930	1.0025
	50879	1.0036
	56790	1.0047
	54540	1.0053
	53923	1.0083
	53399	1.0097
	57063	1.01
	57718	1.01
	58847	1.0104
	57545	1.0105
	56257	1.014
	57016	1.0152
	59948	1.0165
	54709	1.0175
	58255	1.0204
	57476	1.0215
	52993	1.0237
	58259	1.0253
	59856	1.0254
	57012	1.0274
	57544	1.0314
	56380	1.0317
	54764	1.0323
	57381	1.0335
	58220	1.0347
	58139	1.0394
	57496	1.0395
	54700	1.0408
	58268	1.0439
	53941	1.0481
	53378	1.0482
	57605	1.0487
	58602	1.0488
	53486	1.0496
	54626	1.0496
	54606	1.0498
	57971	1.0503
	54064	1.0515
	57053	1.0534
	57625	1.0539
	58461	1.0576
	54454	1.0584
	57927	1.0609
	58744	1.0627
	50958	1.0645
	56533	1.0654
	53888	1.0658
	50871	1.0663
	58242	1.0673
	54094	1.0678
	58618	1.0682
	57020	1.0684
	53906	1.0692
	53959	1.0728
	58148	1.0743
	58523	1.0812
	57577	1.0817
	53574	1.0818
	58614	1.085
	54531	1.0858
	56489	1.0868
	57663	1.0874
	57298	1.0885
	58944	1.0888
	57565	1.0895
	58731	1.0895
	58234	1.0934
	58806	1.094
	57694	1.0952
	58836	1.0952
	58417	1.0956
	58361	1.096
	58667	1.0971
	57038	1.0982
	54827	1.0989
	54820	1.1028
	56390	1.1038
	53678	1.1051
	57882	1.1091
	58735	1.1113
	54704	1.1132
	53970	1.1133
	57273	1.1137
	56499	1.1144
	59324	1.1152
	59126	1.1169
	50775	1.1182
	56793	1.1185
	57965	1.1218
	58509	1.1223
	58365	1.1225
	57029	1.1231
	58749	1.1236
	57875	1.1238
	59127	1.1247
	50873	1.1261
	54662	1.1279
	53491	1.1281
	58366	1.1283
	54849	1.1311
	54122	1.1314
	56964	1.1354
	58254	1.1354
	54711	1.1367
	57398	1.1368
	57894	1.1379
	58409	1.1401
	57571	1.1428
	56168	1.1465
	56441	1.1479
	57609	1.1481
	56395	1.149
	57517	1.1492
	52984	1.1495
	53748	1.1498
	57717	1.1499
	55690	1.1524
	59264	1.1525
	57506	1.1588
	58250	1.1674
	58377	1.1692
	57865	1.1742
	53384	1.1745
	54425	1.1748
	59293	1.1757
	54436	1.1782
	50955	1.1784
	53903	1.1805
	57867	1.1813
	57604	1.1839
	57562	1.1876
	54026	1.1885
	53751	1.1886
	56496	1.1908
	58331	1.1927
	54432	1.1962
	53553	1.197
	56593	1.1976
	53916	1.1977
	57777	1.1982
	58337	1.2008
	58327	1.2018
	53580	1.2021
	57643	1.2024
	57363	1.2033
	58342	1.2055
	53565	1.2064
	59849	1.2077
	54766	1.2098
	57713	1.2114
	53562	1.2137
	58821	1.2162
	56192	1.217
	58222	1.2175
	56783	1.2226
	58359	1.2245
	57370	1.226
	57143	1.2307
	56582	1.2323
	53488	1.2332
	57766	1.2344
	52787	1.2349
	58335	1.236
	58323	1.2396
	58933	1.2414
	57388	1.2423
	53484	1.2425
	54702	1.2431
	58508	1.2476
	53578	1.249
	56147	1.2545
	58517	1.2611
	57600	1.2709
	53893	1.2714
	57523	1.275
	54063	1.2789
	58343	1.2806
	57844	1.2809
	53750	1.281
	53924	1.281
	58569	1.2827
	56693	1.2846
	56691	1.2856
	57491	1.2876
	54590	1.2883
	57581	1.2986
	57035	1.3007
	53947	1.301
	58834	1.3032
	57543	1.3074
	50964	1.3082
	57024	1.3099
	58339	1.31
	58804	1.3111
	57043	1.3125
	53584	1.3131
	57824	1.3133
	59312	1.3174
	58510	1.3178
	57466	1.3188
	56498	1.319
	57032	1.3196
	59945	1.3209
	58360	1.3223
	58241	1.3225
	59855	1.3235
	58725	1.3239
	54633	1.3257
	58503	1.3265
	58356	1.3268
	58038	1.3286
	54453	1.3335
	54846	1.3415
	59249	1.3422
	57598	1.3435
	54039	1.3439
	56251	1.3479
	57498	1.3484
	54204	1.3511
	53967	1.3538
	58421	1.3543
	54205	1.3569
	57742	1.3575
	52995	1.3596
	59053	1.364
	58710	1.3649
	58432	1.3656
	52765	1.3698
	59845	1.3727
	58600	1.3763
	53392	1.3785
	58158	1.3801
	58240	1.3806
	53490	1.3811
	58223	1.3816
	58742	1.3832
	54707	1.3837
	59022	1.3854
	59663	1.388
	57762	1.3883
	53768	1.3897
	58126	1.3913
	53806	1.3916
	58501	1.3925
	54906	1.4021
	57760	1.4062
	56596	1.4064
	57296	1.4086
	54327	1.4086
	54319	1.4128
	58221	1.4129
	58718	1.4132
	54705	1.4182
	59320	1.4191
	57187	1.421
	59452	1.4211
	53935	1.4252
	59269	1.4256
	59254	1.4263
	58712	1.4267
	58527	1.427
	58507	1.4278
	52896	1.4302
	57507	1.4329
	58013	1.4349
	59255	1.4396
	53769	1.447
	57022	1.4492
	52862	1.4505
	58351	1.4529
	53928	1.4538
	57822	1.4557
	57536	1.4561
	58340	1.4573
	58321	1.4584
	59045	1.4604
	59033	1.4614
	53949	1.4617
	58437	1.4692
	58719	1.4701
	57395	1.4706
	56497	1.4742
	57710	1.4746
	59838	1.4786
	54325	1.4787
	53760	1.4788
	58129	1.4805
	58251	1.4819
	53931	1.487
	54092	1.4945
	54316	1.4949
	57031	1.4957
	57509	1.4986
	59471	1.4993
	56697	1.5002
	57767	1.5012
	50937	1.5013
	53582	1.5016
	53669	1.502
	59241	1.5027
	53944	1.5046
	59266	1.5057
	53957	1.5088
	54324	1.5092
	54765	1.5103
	53674	1.5128
	53478	1.5163
	59319	1.5179
	58704	1.5198
	58330	1.5214
	57990	1.522
	58135	1.5244
	57508	1.5272
	53397	1.5352
	59304	1.5371
	57993	1.5436
	52996	1.5436
	53483	1.5445
	58225	1.5497
	58427	1.5512
	58724	1.5565
	53487	1.5597
	53368	1.563
	59064	1.5631
	58244	1.5654
	57518	1.5665
	57781	1.5723
	52983	1.575
	57758	1.578
	57603	1.5829
	54223	1.5874
	53926	1.5893
	58404	1.5917
	58608	1.5969
	54430	1.599
	58905	1.6066
	57060	1.6091
	53817	1.6096
	57027	1.6139
	53585	1.6174
	54113	1.6204
	57537	1.6224
	52884	1.6244
	56594	1.6246
	58514	1.6248
	54218	1.6248
	57792	1.6333
	57514	1.6366
	57870	1.638
	57915	1.6387
	57425	1.6433
	57608	1.6456
	58314	1.6547
	57956	1.6548
	54320	1.6548
	58236	1.6598
	59462	1.6605
	53481	1.6618
	52797	1.6629
	57682	1.6655
	52885	1.6682
	58352	1.6689
	58345	1.6691
	57813	1.6712
	57505	1.6726
	53659	1.6731
	57502	1.6756
	52889	1.6786
	59454	1.6845
	57772	1.6848
	58237	1.6858
	53950	1.686
	53666	1.6885
	53962	1.6984
	54065	1.7009
	59055	1.7022
	57768	1.7078
	57623	1.7135
	54214	1.715
	59265	1.7179
	54853	1.7232
	53756	1.7243
	57816	1.7295
	57962	1.7314
	58316	1.7326
	57583	1.7356
	59046	1.7408
	57954	1.7428
	57688	1.7473
	54313	1.7476
	53938	1.7489
	54703	1.7512
	57516	1.7526
	57773	1.7589
	53577	1.7604
	59256	1.7627
	53966	1.7643
	58269	1.7672
	57590	1.7704
	57026	1.7745
	59313	1.7828
	53914	1.783
	53845	1.7846
	56167	1.789
	58407	1.7956
	54328	1.8024
	57796	1.8029
	54305	1.8103
	57519	1.8118
	53757	1.8134
	58693	1.8138
	58245	1.8146
	59284	1.8147
	59315	1.8155
	54031	1.8228
	59848	1.8258
	57699	1.828
	58619	1.8311
	53850	1.8313
	57793	1.8377
	53841	1.8418
	53862	1.855
	58751	1.8604
	53861	1.8675
	59276	1.8738
	59041	1.8817
	57584	1.8829
	58822	1.8862
	51468	1.8978
	57582	1.8987
	57774	1.8997
	59047	1.9051
	54321	1.9126
	54226	1.9132
	53954	1.9183
	58433	1.9244
	53575	1.9261
	59278	1.9271
	58235	1.9315
	59279	1.9334
	53868	1.9335
	53856	1.9342
	53753	1.9352
	53963	1.9461
	57595	1.9464
	57633	1.9548
	58701	1.9551
	54225	1.9573
	57859	1.9672
	58620	1.9747
	59310	1.9802
	57881	1.9825
	59288	1.983
	58326	1.9896
	53848	1.993
	57763	1.9964
	52784	1.9978
	58606	1.9979
	59481	1.9979
	57585	2.0081
	53192	2.0116
	59473	2.0148
	58601	2.0274
	56080	2.0304
	53857	2.0424
	57589	2.0451
	58734	2.0587
	57780	2.0711
	57499	2.0764
	53869	2.077
	59316	2.0938
	53945	2.0938
	57960	2.1051
	58605	2.1157
	56641	2.1214
	59061	2.1254
	58431	2.1369
	53910	2.1372
	58666	2.1395
	59470	2.1512
	58408	2.152
	54132	2.1538
	58346	2.1556
	58420	2.1568
	59044	2.165
	54027	2.1803
	59317	2.1906
	57586	2.2026
	57911	2.2119
	58442	2.2176
	53767	2.2194
	58820	2.227
	54024	2.2313
	59289	2.2566
	53864	2.2682
	53764	2.2734
	54115	2.2774
	58424	2.2797
	58401	2.283
	59318	2.2847
	59287	2.2874
	54871	2.2944
	58402	2.2964
	59306	2.2972
	58354	2.2991
	54777	2.3102
	54117	2.3115
	53956	2.3153
	58415	2.3218
	58813	2.3223
	59502	2.3267
	59500	2.3379
	59314	2.3453
	54778	2.3498
	59480	2.3515
	53860	2.3621
	59477	2.3688
	57698	2.406
	54213	2.413
	53865	2.4728
	54943	2.4888
	57696	2.4889
	53852	2.5049
	54861	2.5107
	57673	2.5216
	54863	2.5262
	59485	2.5442
	58317	2.5527
	58319	2.5768
	57955	2.5899
	58416	2.5919
	59294	2.599
	59059	2.6532
	59487	2.6614
	59298	2.6661
	59475	2.6762
	59476	2.7157
	59297	2.7436
	54826	2.7511
	59478	2.7672
	58414	2.7814
	59501	2.7961
	57842	2.8581
	58664	2.859
	59488	2.9022
	57680	3.075
	59673	3.2062
	59493	3.5828
