	56384	-2.04458795
	52784	-2.0254836000000003
	56390	-1.9241864499999999
	56396	-1.9160886499999998
	56386	-1.83830715
	52656	-1.7674104000000002
	56382	-1.7472068999999997
	56493	-1.6536559999999998
	56394	-1.6022988999999999
	56399	-1.5935617999999998
	56592	-1.5885539499999997
	56395	-1.5539251999999997
	56593	-1.54018025
	57004	-1.5117578
	56485	-1.49244585
	56584	-1.42851585
	56257	-1.4190329
	56976	-1.4105089
	57604	-1.3735360499999998
	56443	-1.3727901999999998
	59249	-1.36203085
	58438	-1.33027675
	56380	-1.3243099499999997
	53908	-1.3225786000000002
	59001	-1.3181006
	59254	-1.3107628
	56489	-1.2955414499999998
	59004	-1.28710805
	56462	-1.2789196499999997
	56378	-1.2568637999999999
	56459	-1.2451433
	56389	-1.2430123
	56491	-1.2405616499999998
	56381	-1.2124324499999999
	59441	-1.2111232
	56492	-1.18089365
	52679	-1.1788322
	58659	-1.17723415
	56091	-1.1698015
	59065	-1.1365866
	52674	-1.1270685999999999
	56496	-1.1259138499999999
	56473	-1.125168
	56383	-1.12484835
	59012	-1.1229730500000001
	59276	-1.1205593
	59255	-1.10906985
	56838	-1.1074807
	59476	-1.0832910000000002
	56499	-1.0712537
	56944	-1.0629427999999999
	56594	-1.0614510999999998
	58543	-1.05963625
	57800	-1.0554843
	57805	-1.0548449999999998
	58555	-1.05345705
	56147	-1.0497306
	59246	-1.0359814999999999
	56835	-1.03470705
	59023	-1.03434015
	52447	-1.0334100000000002
	56843	-1.0332153499999999
	56247	-1.0224537999999999
	57020	-1.0151624000000001
	59007	-1.00913505
	58559	-1.0058579
	59242	-1.00421655
	59064	-0.99900285
	59473	-0.9959132500000001
	59431	-0.9838444999999999
	59271	-0.9729343500000001
	59626	-0.9705206000000001
	52993	-0.9652608
	59241	-0.9645345000000001
	59280	-0.96347245
	59294	-0.9593208000000001
	57027	-0.9583714000000001
	56497	-0.9515980499999999
	59044	-0.9485072000000001
	59285	-0.948121
	56357	-0.9475491499999998
	52557	-0.9398445000000001
	56674	-0.9378530999999999
	58542	-0.9367281
	56441	-0.9355089999999999
	56387	-0.9303945999999998
	59059	-0.92446625
	59055	-0.92137665
	58550	-0.9196387500000001
	58565	-0.9185767
	58544	-0.91712845
	56849	-0.9164365499999999
	59838	-0.906
	57907	-0.9057815499999998
	58658	-0.90419075
	52643	-0.9000908000000001
	56281	-0.8892663
	58834	-0.88700485
	59631	-0.88468765
	59435	-0.8816946
	58643	-0.88121185
	58642	-0.8789912
	56856	-0.8728575999999999
	56846	-0.8710462499999999
	56880	-0.8707265999999999
	59487	-0.86943275
	58652	-0.86885345
	59058	-0.8683707
	59015	-0.86055015
	59469	-0.8602605
	59480	-0.8591984500000001
	57508	-0.8590061
	57803	-0.8586864499999999
	59025	-0.85572265
	56788	-0.8551702999999999
	58562	-0.8546606
	57707	-0.8508017499999999
	59478	-0.8506055
	59235	-0.8503158500000001
	56693	-0.8502689999999999
	59284	-0.84703315
	56842	-0.8466462999999999
	59021	-0.8463573000000001
	59230	-0.84606765
	56839	-0.8440890999999999
	59266	-0.8404677500000001
	59264	-0.838054
	58654	-0.8365092
	56393	-0.8351389
	56595	-0.8324751499999999
	59238	-0.8306196499999999
	53937	-0.8242143000000001
	59046	-0.8239577
	59047	-0.82347495
	57909	-0.82331185
	56480	-0.8192629499999999
	56297	-0.81819745
	56684	-0.8158533499999999
	56844	-0.8158533499999999
	52533	-0.8157422
	52546	-0.8156491
	58750	-0.8058063
	58531	-0.8049852499999999
	57517	-0.803387
	56950	-0.8018953
	58657	-0.79624785
	58644	-0.7919031000000001
	58737	-0.7913238
	58530	-0.7898551499999998
	59228	-0.78813765
	58547	-0.78543425
	56840	-0.7850603999999999
	58557	-0.7849514999999999
	59485	-0.78446875
	54701	-0.7838089
	58666	-0.7835998
	56373	-0.7820769999999999
	56984	-0.7805852999999999
	59270	-0.7791585000000001
	59288	-0.7772275000000001
	58620	-0.77211035
	59017	-0.7696966000000001
	58556	-0.76921385
	52681	-0.7685405000000001
	52661	-0.7675164000000001
	56666	-0.76662725
	56487	-0.76470935
	58754	-0.7625519
	53856	-0.7614649
	56836	-0.7609800999999998
	58660	-0.7609105500000001
	56885	-0.76044735
	59635	-0.75917265
	59027	-0.7589795500000001
	58646	-0.75820715
	56669	-0.7492596
	59941	-0.7467
	59462	-0.7453660000000001
	59653	-0.74314535
	57908	-0.7373259999999998
	58548	-0.7319455500000001
	57032	-0.7250628000000001
	58664	-0.7247043000000001
	57507	-0.7243268999999999
	57026	-0.7206871
	59034	-0.7192009500000001
	59278	-0.7171734000000001
	56752	-0.71633565
	56951	-0.716016
	59033	-0.71456655
	59268	-0.7139872500000001
	57016	-0.7135184
	56841	-0.7119671
	52652	-0.7117495
	52436	-0.7081186
	59453	-0.7080977
	56565	-0.7048282499999999
	56889	-0.7029103499999999
	56992	-0.7016317499999999
	56582	-0.7008859
	56598	-0.6965173499999999
	53925	-0.695457
	56872	-0.6949190999999999
	56867	-0.6943863499999998
	59279	-0.6878222
	59269	-0.6856981000000001
	56985	-0.68522305
	59287	-0.6847326
	57600	-0.68266585
	58665	-0.6762362000000001
	59256	-0.67575345
	56946	-0.6731828999999999
	57609	-0.6636999499999999
	56778	-0.6614624
	56739	-0.6580528
	58449	-0.6571193
	58520	-0.6516598
	58567	-0.6504573499999999
	56757	-0.6471847
	59031	-0.646885
	59041	-0.6455333
	59421	-0.6436988499999999
	53692	-0.6419245
	57603	-0.6410047999999999
	59481	-0.6356852
	56371	-0.6329069999999999
	56994	-0.6318415
	59096	-0.627575
	58558	-0.6263198500000001
	59094	-0.6256440000000001
	56862	-0.6231043999999999
	58527	-0.6212027
	58837	-0.60836155
	58693	-0.6015065
	54716	-0.5991915999999999
	57807	-0.5944424499999998
	56948	-0.592418
	56863	-0.5892215
	56665	-0.58890185
	57916	-0.58378745
	56772	-0.5836808999999998
	54808	-0.580013
	56761	-0.5793123499999999
	59057	-0.57785175
	57608	-0.57696825
	56596	-0.5760093
	57132	-0.5746132
	59940	-0.5745
	57708	-0.5721735
	57927	-0.571576
	59471	-0.571576
	57614	-0.56908355
	58748	-0.56510715
	53927	-0.5640929
	56267	-0.5639691499999999
	57905	-0.56290365
	59037	-0.5594107
	56886	-0.5585351
	54512	-0.5582276
	57175	-0.5553415
	57958	-0.55429355
	56745	-0.5525682999999999
	59022	-0.5451213
	56675	-0.5443639499999999
	58448	-0.5439627
	59297	-0.5415489499999999
	54708	-0.5305769
	58523	-0.5280617999999999
	59229	-0.5258113
	59429	-0.5229148
	56569	-0.5210294999999999
	56854	-0.5207098499999999
	54833	-0.5201497
	56978	-0.5186854
	56870	-0.51495615
	54807	-0.5076743
	56763	-0.50621905
	57408	-0.50366185
	56881	-0.49492474999999997
	58905	-0.49250155
	59093	-0.49134295000000006
	58818	-0.48844645000000003
	59211	-0.48526030000000003
	56989	-0.4843763
	59673	-0.4825569
	57995	-0.48110865
	59451	-0.48062590000000005
	58667	-0.47589495000000004
	58459	-0.4757984
	58369	-0.4757
	59087	-0.47454325
	58519	-0.47415704999999997
	59227	-0.47077779999999997
	56691	-0.46594315
	59475	-0.46334345
	57809	-0.46327939999999995
	56882	-0.46306629999999993
	56982	-0.45986979999999994
	59324	-0.45986765
	59038	-0.45977110000000004
	53682	-0.45702790000000004
	56991	-0.45432919999999993
	58656	-0.4541712
	54901	-0.4540487
	58602	-0.4503092
	59088	-0.44789545
	57992	-0.44731615
	54812	-0.443156
	56871	-0.4404776999999999
	59097	-0.44026800000000005
	54830	-0.4396182
	59470	-0.43939905
	57605	-0.43706809999999996
	57902	-0.43589605
	59237	-0.43534395000000004
	57029	-0.43449770000000004
	56973	-0.43408469999999993
	59209	-0.43341295
	58546	-0.4333164
	56755	-0.43237989999999993
	59265	-0.43225435
	54810	-0.43123920000000004
	56279	-0.42865064999999997
	56748	-0.42705239999999994
	54624	-0.42639800000000005
	57906	-0.42609344999999993
	57034	-0.42556010000000005
	59099	-0.4238545
	54715	-0.42220850000000004
	54718	-0.42118440000000007
	56190	-0.41842184999999993
	53680	-0.41373640000000006
	54903	-0.4097331
	57197	-0.4069401
	54902	-0.4046126
	56790	-0.40339829999999993
	56290	-0.40329174999999995
	56873	-0.40180004999999996
	54499	-0.4010748
	54806	-0.40098170000000005
	54814	-0.40005070000000004
	58921	-0.39865495
	58731	-0.39614465
	58623	-0.3956619
	57113	-0.3950233
	57806	-0.39210399999999995
	57857	-0.392
	56649	-0.39167779999999996
	53994	-0.3915786
	56697	-0.38656339999999995
	56777	-0.38645684999999996
	54711	-0.3856202
	58903	-0.38368969999999997
	54636	-0.3831065
	53992	-0.38282720000000003
	54817	-0.3815238
	54900	-0.37873080000000003
	59845	-0.3777
	58752	-0.3732623
	58259	-0.37292499999999995
	57038	-0.3726793
	56987	-0.37026124999999993
	59426	-0.3697865
	56898	-0.3696219499999999
	59847	-0.3682
	57606	-0.36578615
	56975	-0.36525339999999995
	56391	-0.36482719999999996
	54829	-0.3643003
	59632	-0.36235215000000004
	56376	-0.36195035
	56746	-0.36109794999999995
	54811	-0.36039010000000005
	54815	-0.36029700000000003
	59318	-0.35964875
	58537	-0.35858670000000004
	58820	-0.3568488
	54805	-0.3558282
	57988	-0.35520745000000004
	59205	-0.35502459999999997
	59452	-0.35443505
	54824	-0.3527559
	58435	-0.35150845
	59659	-0.35076615
	56195	-0.35065604999999994
	57989	-0.3481593
	53993	-0.3473561
	56878	-0.3466071499999999
	59655	-0.34516625
	54818	-0.3451217
	57127	-0.34428380000000003
	58568	-0.34043530000000005
	52446	-0.337953
	54732	-0.3364634
	58632	-0.3329044
	58746	-0.33184235
	56751	-0.3290264
	59317	-0.32836655000000003
	56883	-0.32710849999999997
	59102	-0.32624244999999996
	56287	-0.32348579999999993
	54821	-0.3232432
	58719	-0.32286319999999996
	57506	-0.32103515
	54714	-0.3208226
	59293	-0.32064255
	59488	-0.31735985
	57071	-0.3164469
	54707	-0.3145849
	54607	-0.31272289999999997
	52896	-0.3122574
	58472	-0.31214615
	58706	-0.31185650000000004
	54717	-0.3113264
	59289	-0.31069789999999997
	54712	-0.3092782
	58360	-0.30611815
	56793	-0.30515919999999996
	53934	-0.30499560000000003
	58454	-0.30490490000000003
	54834	-0.30434390000000006
	59224	-0.30345665000000005
	56876	-0.30302819999999997
	56580	-0.30228235
	58760	-0.3020084
	58730	-0.29776020000000003
	56490	-0.29450419999999994
	56851	-0.2932256
	56095	-0.2929857
	53995	-0.2920547
	58918	-0.29138790000000003
	54803	-0.2900996
	56298	-0.28811119999999996
	56197	-0.2851278
	59074	-0.2844363
	58744	-0.28356735
	58457	-0.28298805000000005
	56792	-0.28203785
	56962	-0.2819313
	59493	-0.28125015000000003
	58911	-0.2790295
	56891	-0.2778824
	57993	-0.27680885
	58446	-0.27642265
	54822	-0.2760415
	59654	-0.27565025
	59842	-0.2753
	58819	-0.27526405000000004
	59663	-0.2745882
	59417	-0.27429855000000003
	58600	-0.27130550000000003
	56986	-0.26839945
	59316	-0.2676366
	58824	-0.26744350000000006
	58569	-0.26580215
	59658	-0.26454700000000003
	59425	-0.26174705000000004
	54816	-0.2601214
	54724	-0.2576077
	58570	-0.25730575
	54819	-0.2572353
	57714	-0.25529379999999996
	54519	-0.25379060000000003
	57119	-0.2525803
	54911	-0.24820460000000003
	58634	-0.247168
	58821	-0.24668525000000002
	58367	-0.2454
	57086	-0.2421531
	58265	-0.23984404999999998
	53989	-0.23908079999999998
	58269	-0.23728685
	58906	-0.23693370000000002
	54827	-0.235543
	53696	-0.2352637
	54628	-0.2338672
	58366	-0.2329
	57176	-0.2323776
	54621	-0.2266985
	56756	-0.22290259999999998
	59419	-0.22235465000000001
	58534	-0.22130434999999998
	54825	-0.22120560000000003
	53985	-0.2211125
	54611	-0.21952980000000002
	54912	-0.2184126
	58742	-0.218203
	56278	-0.2177882
	53690	-0.21748160000000002
	53782	-0.2167368
	56764	-0.21544409999999997
	58823	-0.21520994999999998
	58647	-0.21241000000000002
	54502	-0.2111508
	57900	-0.21022314999999997
	54823	-0.21012670000000003
	54910	-0.20873020000000003
	54843	-0.2084509
	54602	-0.20761300000000002
	58549	-0.20536185
	54725	-0.2052855
	59640	-0.2044929
	57814	-0.20361704999999997
	53983	-0.2034235
	54802	-0.2032373
	56768	-0.20255154999999997
	53596	-0.202027
	58631	-0.20034125
	58725	-0.20014815000000002
	54737	-0.1999788
	56782	-0.19988779999999998
	54753	-0.19942020000000002
	59075	-0.19589995
	53899	-0.19551
	56767	-0.19328169999999997
	54706	-0.1923446
	53998	-0.19141360000000002
	54809	-0.1873172
	53806	-0.1868517
	57949	-0.18556910000000001
	54503	-0.1848035
	58822	-0.18479669999999998
	54738	-0.18182430000000002
	57156	-0.1809864
	54921	-0.1802416
	59456	-0.1801623
	57673	-0.1796
	56664	-0.17921709999999996
	57894	-0.1791968
	54616	-0.1790313
	56959	-0.17783194999999996
	58467	-0.177652
	53848	-0.1754004
	54751	-0.171304
	53866	-0.17121090000000003
	58463	-0.1708
	58735	-0.1701211
	57994	-0.16973490000000002
	54709	-0.1692558
	54596	-0.16702140000000001
	54617	-0.16702140000000001
	59213	-0.16635565000000002
	57035	-0.16553180000000003
	54804	-0.1651594
	59319	-0.1639419
	54719	-0.16301810000000003
	58377	-0.16291495
	54627	-0.1626457
	56670	-0.16227564999999997
	54904	-0.1621802
	57021	-0.1620871
	58484	-0.15998335
	54828	-0.1558494
	54518	-0.15557010000000002
	53688	-0.1549184
	58734	-0.15361105
	56977	-0.15257959999999998
	53991	-0.1522185
	58477	-0.15110075
	56475	-0.15023549999999997
	53750	-0.1487738
	57679	-0.1466
	56954	-0.14629314999999998
	58455	-0.1438595
	57723	-0.14309665
	56875	-0.14053944999999998
	58749	-0.1394182
	56766	-0.1389412
	58814	-0.1369079
	58718	-0.1353631
	54506	-0.1329468
	57030	-0.1329468
	59644	-0.13256315000000002
	58456	-0.13227350000000002
	56879	-0.12988444999999998
	57910	-0.12956479999999998
	54905	-0.1279194
	58529	-0.12773565
	54515	-0.12708150000000001
	54800	-0.12354370000000002
	58828	-0.12329435000000001
	58356	-0.12327834999999998
	56478	-0.12306524999999999
	54727	-0.12130930000000001
	53777	-0.12121620000000001
	59856	-0.1197
	57033	-0.1144199
	57083	-0.112651
	56295	-0.11230369999999998
	57525	-0.11027924999999998
	54597	-0.1067857
	54918	-0.1058547
	54835	-0.1049237
	57883	-0.10205335
	58622	-0.1002189
	59427	-0.09896375
	54820	-0.09840670000000001
	54723	-0.0980343
	54730	-0.0971033
	56286	-0.09536224999999998
	58606	-0.09471555000000001
	57514	-0.09408364999999999
	59848	-0.0935
	56785	-0.09259194999999999
	54644	-0.09179659999999999
	57110	-0.0907725
	54841	-0.09040010000000001
	58912	-0.0890191
	59304	-0.088826
	54914	-0.0879795
	56688	-0.08790374999999999
	53974	-0.0877002
	57134	-0.08546580000000001
	53944	-0.08453480000000001
	53695	-0.08118320000000001
	57024	-0.08043840000000001
	57808	-0.07959284999999999
	54713	-0.0795074
	54505	-0.0789488
	58714	-0.07888135
	53693	-0.07820400000000001
	54398	-0.07690060000000001
	57502	-0.07671599999999999
	54605	-0.07624890000000001
	54831	-0.0755041
	57006	-0.0746662
	53832	-0.07122150000000001
	56671	-0.07064264999999999
	59650	-0.069516
	59477	-0.06864705
	59954	-0.0674
	56092	-0.06684580000000001
	58615	-0.06536435
	53896	-0.0653562
	54615	-0.0653562
	54726	-0.06377350000000001
	56251	-0.06062694999999999
	53997	-0.059770199999999996
	54752	-0.059677100000000004
	54837	-0.0581875
	53893	-0.0580944
	54416	-0.056418600000000006
	57768	-0.0563
	58715	-0.0532956
	58458	-0.052137
	54913	-0.051856700000000006
	54604	-0.050832600000000006
	59218	-0.050785300000000005
	56483	-0.0507178
	54433	-0.0489706
	54618	-0.04701550000000001
	57253	-0.046562349999999995
	59082	-0.04431645000000001
	54916	-0.0439432
	54722	-0.0399399
	57106	-0.0374262
	58451	-0.037268300000000004
	57796	-0.0363028
	57298	-0.0356573
	57085	-0.03528490000000001
	53691	-0.0341677
	59757	-0.0337
	57722	-0.0330305
	59045	-0.032923549999999996
	59754	-0.032344250000000005
	58509	-0.0320546
	53898	-0.030723000000000004
	53392	-0.029792000000000003
	54631	-0.029605800000000005
	53868	-0.0258818
	54601	-0.025695600000000002
	57911	-0.0253589
	59945	-0.025
	56952	-0.024719599999999994
	57022	-0.024392200000000003
	58468	-0.02056515
	58362	-0.0196
	54613	-0.015827
	54915	-0.015827
	53872	-0.0156408
	53980	-0.015361500000000002
	54801	-0.013499500000000001
	54710	-0.0129409
	58633	-0.0125515
	57903	-0.010015699999999999
	59454	-0.009558450000000001
	57031	-0.0058653
	59758	-0.0051
	57991	-0.00434475
	57081	-0.0031654
	54594	-0.0026999
	53931	-4.6550000000000004E-4
	50136	0.0
	50246	0.0
	50247	0.0
	50349	0.0
	50353	0.0
	50425	0.0
	50431	0.0
	50434	0.0
	50442	0.0
	50445	0.0
	50468	0.0
	50514	0.0
	50524	0.0
	50525	0.0
	50526	0.0
	50527	0.0
	50548	0.0
	50557	0.0
	50564	0.0
	50566	0.0
	50603	0.0
	50618	0.0
	50632	0.0
	50639	0.0
	50646	0.0
	50647	0.0
	50655	0.0
	50656	0.0
	50658	0.0
	50659	0.0
	50673	0.0
	50674	0.0
	50727	0.0
	50739	0.0
	50741	0.0
	50742	0.0
	50745	0.0
	50749	0.0
	50750	0.0
	50755	0.0
	50756	0.0
	50758	0.0
	50767	0.0
	50772	0.0
	50774	0.0
	50775	0.0
	50776	0.0
	50778	0.0
	50779	0.0
	50787	0.0
	50788	0.0
	50832	0.0
	50833	0.0
	50834	0.0
	50838	0.0
	50842	0.0
	50844	0.0
	50851	0.0
	50852	0.0
	50853	0.0
	50854	0.0
	50858	0.0
	50859	0.0
	50861	0.0
	50862	0.0
	50867	0.0
	50871	0.0
	50873	0.0
	50877	0.0
	50878	0.0
	50879	0.0
	50880	0.0
	50884	0.0
	50888	0.0
	50892	0.0
	50913	0.0
	50915	0.0
	50928	0.0
	50934	0.0
	50936	0.0
	50937	0.0
	50939	0.0
	50940	0.0
	50945	0.0
	50946	0.0
	50948	0.0
	50950	0.0
	50953	0.0
	50954	0.0
	50955	0.0
	50956	0.0
	50958	0.0
	50960	0.0
	50962	0.0
	50963	0.0
	50964	0.0
	50965	0.0
	50968	0.0
	50973	0.0
	50978	0.0
	50979	0.0
	50983	0.0
	50985	0.0
	50987	0.0
	51053	0.0
	51058	0.0
	51059	0.0
	51060	0.0
	51068	0.0
	51076	0.0
	51087	0.0
	51133	0.0
	51137	0.0
	51145	0.0
	51156	0.0
	51186	0.0
	51232	0.0
	51238	0.0
	51241	0.0
	51243	0.0
	51288	0.0
	51328	0.0
	51329	0.0
	51330	0.0
	51334	0.0
	51346	0.0
	51352	0.0
	51353	0.0
	51356	0.0
	51357	0.0
	51358	0.0
	51359	0.0
	51365	0.0
	51367	0.0
	51369	0.0
	51377	0.0
	51378	0.0
	51379	0.0
	51430	0.0
	51431	0.0
	51433	0.0
	51434	0.0
	51435	0.0
	51436	0.0
	51437	0.0
	51438	0.0
	51463	0.0
	51465	0.0
	51467	0.0
	51468	0.0
	51469	0.0
	51470	0.0
	51477	0.0
	51482	0.0
	51495	0.0
	51526	0.0
	51542	0.0
	51559	0.0
	51567	0.0
	51568	0.0
	51571	0.0
	51572	0.0
	51573	0.0
	51581	0.0
	51627	0.0
	51628	0.0
	51629	0.0
	51633	0.0
	51636	0.0
	51639	0.0
	51642	0.0
	51644	0.0
	51655	0.0
	51656	0.0
	51704	0.0
	51705	0.0
	51707	0.0
	51708	0.0
	51709	0.0
	51711	0.0
	51716	0.0
	51717	0.0
	51720	0.0
	51722	0.0
	51730	0.0
	51765	0.0
	51777	0.0
	51802	0.0
	51804	0.0
	51810	0.0
	51811	0.0
	51814	0.0
	51815	0.0
	51818	0.0
	51826	0.0
	51827	0.0
	51828	0.0
	51829	0.0
	51839	0.0
	51855	0.0
	51886	0.0
	51931	0.0
	52101	0.0
	52112	0.0
	52203	0.0
	52267	0.0
	52313	0.0
	52378	0.0
	52495	0.0
	52575	0.0
	52576	0.0
	52602	0.0
	52607	0.0
	52633	0.0
	52645	0.0
	52657	0.0
	52707	0.0
	52713	0.0
	52737	0.0
	52745	0.0
	52754	0.0
	52765	0.0
	52818	0.0
	52825	0.0
	52833	0.0
	52836	0.0
	52842	0.0
	52853	0.0
	52855	0.0
	52856	0.0
	52862	0.0
	52863	0.0
	52866	0.0
	52868	0.0
	52869	0.0
	52874	0.0
	52875	0.0
	52876	0.0
	52908	0.0
	52943	0.0
	52955	0.0
	52957	0.0
	52963	0.0
	52968	0.0
	52972	0.0
	52974	0.0
	53068	0.0
	53083	0.0
	53149	0.0
	53192	0.0
	53195	0.0
	53231	0.0
	53272	0.0
	53276	0.0
	53289	0.0
	53324	0.0
	53336	0.0
	53337	0.0
	53343	0.0
	53348	0.0
	53352	0.0
	53357	0.0
	53362	0.0
	53367	0.0
	53368	0.0
	53378	0.0
	53384	0.0
	53385	0.0
	53391	0.0
	53419	0.0
	53420	0.0
	53433	0.0
	53446	0.0
	53455	0.0
	53457	0.0
	53463	0.0
	53464	0.0
	53466	0.0
	53467	0.0
	53469	0.0
	53472	0.0
	53475	0.0
	53480	0.0
	53481	0.0
	53483	0.0
	53484	0.0
	53502	0.0
	53505	0.0
	53512	0.0
	53513	0.0
	53522	0.0
	53529	0.0
	53533	0.0
	53543	0.0
	53545	0.0
	53547	0.0
	53553	0.0
	53562	0.0
	53602	0.0
	53644	0.0
	53730	0.0
	53732	0.0
	54012	0.0
	54024	0.0
	54026	0.0
	54027	0.0
	54031	0.0
	54039	0.0
	54041	0.0
	54047	0.0
	54049	0.0
	54063	0.0
	54064	0.0
	54065	0.0
	54069	0.0
	54072	0.0
	54076	0.0
	54080	0.0
	54092	0.0
	54093	0.0
	54094	0.0
	54096	0.0
	54098	0.0
	54099	0.0
	54102	0.0
	54113	0.0
	54115	0.0
	54117	0.0
	54122	0.0
	54132	0.0
	54134	0.0
	54135	0.0
	54142	0.0
	54154	0.0
	54156	0.0
	54157	0.0
	54161	0.0
	54164	0.0
	54165	0.0
	54169	0.0
	54171	0.0
	54172	0.0
	54181	0.0
	54186	0.0
	54187	0.0
	54192	0.0
	54195	0.0
	54204	0.0
	54205	0.0
	54208	0.0
	54213	0.0
	54214	0.0
	54218	0.0
	54223	0.0
	54225	0.0
	54226	0.0
	54231	0.0
	54234	0.0
	54236	0.0
	54237	0.0
	54243	0.0
	54244	0.0
	54248	0.0
	54249	0.0
	54252	0.0
	54254	0.0
	54259	0.0
	54260	0.0
	54261	0.0
	54263	0.0
	54266	0.0
	54267	0.0
	54273	0.0
	54274	0.0
	54276	0.0
	54284	0.0
	54285	0.0
	54286	0.0
	54290	0.0
	54291	0.0
	54292	0.0
	54293	0.0
	54305	0.0
	54313	0.0
	54316	0.0
	54320	0.0
	54321	0.0
	54323	0.0
	54324	0.0
	54325	0.0
	54326	0.0
	54327	0.0
	54328	0.0
	54331	0.0
	54332	0.0
	54333	0.0
	54334	0.0
	54335	0.0
	54336	0.0
	54337	0.0
	54338	0.0
	54339	0.0
	54342	0.0
	54346	0.0
	54347	0.0
	54349	0.0
	54351	0.0
	54353	0.0
	54362	0.0
	54363	0.0
	54365	0.0
	54371	0.0
	54374	0.0
	54377	0.0
	54386	0.0
	54452	0.0
	54453	0.0
	54454	0.0
	54455	0.0
	54470	0.0
	54471	0.0
	54472	0.0
	54474	0.0
	54475	0.0
	54476	0.0
	54483	0.0
	54486	0.0
	54493	0.0
	54494	0.0
	54497	0.0
	54563	0.0
	54568	0.0
	54569	0.0
	54575	0.0
	54579	0.0
	54584	0.0
	54590	0.0
	54660	0.0
	54662	0.0
	55228	0.0
	55248	0.0
	55279	0.0
	55294	0.0
	55299	0.0
	55437	0.0
	55472	0.0
	55493	0.0
	55578	0.0
	55585	0.0
	55589	0.0
	55591	0.0
	55593	0.0
	55598	0.0
	55655	0.0
	55664	0.0
	55680	0.0
	55681	0.0
	55690	0.0
	55696	0.0
	55773	0.0
	56004	0.0
	56016	0.0
	56018	0.0
	56021	0.0
	56029	0.0
	56033	0.0
	56034	0.0
	56043	0.0
	56045	0.0
	56046	0.0
	56065	0.0
	56067	0.0
	56106	0.0
	56109	0.0
	56116	0.0
	56125	0.0
	56128	0.0
	56137	0.0
	56151	0.0
	56202	0.0
	56223	0.0
	56227	0.0
	56228	0.0
	56307	0.0
	56312	0.0
	56317	0.0
	56331	0.0
	56342	0.0
	56434	0.0
	58453	9.655E-5
	54700	0.0015827
	56280	0.00266375
	59449	0.0036689
	53966	0.004375700000000001
	53979	0.0044688
	54513	0.0044688
	59290	0.00473095
	58637	0.00588955
	57091	0.0079135
	53599	0.0080997
	54399	0.0091238
	56775	0.009802599999999998
	57257	0.009802599999999998
	53986	0.0098686
	54619	0.0125685
	57678	0.0138
	58462	0.0166
	57065	0.0172235
	54511	0.0200165
	56494	0.020777249999999997
	58563	0.0218203
	56869	0.022162399999999995
	57518	0.0253589
	53687	0.026719700000000002
	57039	0.0269059
	59303	0.0278064
	57090	0.0303506
	53674	0.0304437
	58826	0.0334063
	53954	0.0336091
	53699	0.0337022
	56289	0.034309099999999995
	58601	0.0343718
	56774	0.03558769999999999
	57048	0.0373331
	54908	0.037519300000000005
	54612	0.039102000000000005
	59116	0.040744100000000005
	54622	0.041895
	54603	0.0449673
	54729	0.0457121
	54406	0.048318900000000005
	54620	0.04859820000000001
	57926	0.04954574999999999
	59310	0.0500129
	54645	0.0515774
	56498	0.051676749999999994
	58612	0.0525232
	54832	0.0526015
	54728	0.0527877
	54614	0.0538118
	54836	0.054370400000000006
	57077	0.0553945
	56742	0.0556191
	57996	0.05628865
	52424	0.0589323
	58361	0.059
	53694	0.059677100000000004
	56969	0.06137279999999999
	58365	0.0615
	53857	0.0622839
	58933	0.0629506
	58836	0.0648816
	57093	0.0673113
	54514	0.0686147
	58464	0.06990220000000001
	59492	0.0702884
	53698	0.0711284
	57256	0.07149505
	59500	0.0729918
	59843	0.0739
	53874	0.0739214
	59215	0.07424694999999999
	58813	0.0758883
	54419	0.0777385
	57094	0.0788557
	57259	0.08065834999999999
	56186	0.0807649
	58931	0.08158475000000001
	56543	0.08246969999999999
	52998	0.0825797
	57070	0.0826728
	53763	0.08406930000000001
	54530	0.0841624
	57213	0.0857451
	53773	0.08816570000000001
	59448	0.08872945
	59501	0.08892255
	53889	0.0895622
	57680	0.0908
	57162	0.0909587
	54610	0.09123800000000001
	59851	0.0917
	56479	0.09195265
	53958	0.09244830000000001
	56654	0.09440329999999998
	54909	0.09440340000000001
	58452	0.0969362
	54906	0.1001756
	58843	0.10031545000000001
	58426	0.10186179999999999
	58460	0.1029
	57191	0.1039927
	59656	0.1050464
	58804	0.10514295
	57002	0.10594780000000001
	58268	0.10601725
	54431	0.1067857
	54623	0.10706500000000001
	53871	0.11069590000000001
	58747	0.11141870000000001
	53666	0.1118131
	57128	0.1118131
	54632	0.11563020000000002
	57012	0.1157233
	57078	0.11628190000000001
	56652	0.11720499999999999
	53759	0.1175853
	54920	0.11935420000000001
	58635	0.11981855000000001
	57041	0.11981970000000002
	58461	0.1235
	58928	0.1249357
	57281	0.1252195
	58712	0.12522535
	58751	0.1278322
	57042	0.1291297
	53996	0.1335054
	56786	0.13489229999999997
	54507	0.1354605
	57612	0.1370233
	53950	0.138719
	52418	0.1397431
	52885	0.1403948
	57519	0.14267044999999998
	57776	0.1428
	58450	0.1430871
	57811	0.14309665
	57505	0.14426869999999997
	57111	0.14747040000000003
	57087	0.1481221
	57792	0.1496525
	56567	0.1504486
	57813	0.1519403
	58607	0.1519697
	58625	0.1521628
	57891	0.15660410000000002
	59948	0.1573
	56781	0.15822674999999997
	53788	0.1590148
	58745	0.15950060000000002
	54510	0.1602251
	54744	0.16050440000000002
	58839	0.1610454
	54517	0.16273880000000002
	54626	0.1651594
	56961	0.16930794999999998
	54844	0.16953510000000002
	57261	0.16990750000000002
	56995	0.17079964999999997
	54736	0.1727005
	53978	0.1733522
	58806	0.17350035
	57296	0.1741901
	54731	0.1766107
	59052	0.1774589
	57798	0.17755545
	58917	0.1803554
	57509	0.18049569999999998
	57271	0.1809864
	54606	0.1821036
	53941	0.18433800000000003
	52515	0.18573450000000002
	53879	0.19066880000000003
	53945	0.19141360000000002
	57915	0.19232275
	53770	0.1923446
	53964	0.1935549
	57211	0.1940204
	59446	0.1942586
	53884	0.1953238
	57075	0.19551
	54412	0.1962548
	57173	0.1966272
	54764	0.1980237
	57895	0.19956885
	57028	0.19960640000000002
	58251	0.20319084999999998
	56084	0.20640270000000002
	54528	0.2079854
	53988	0.2081716
	57063	0.21804020000000002
	57040	0.2196229
	53789	0.22344
	54705	0.2239055
	54734	0.22399860000000002
	53795	0.2248365
	57247	0.2283743
	58352	0.23004144999999998
	57793	0.23085105
	58436	0.23132004999999997
	58224	0.23217244999999997
	59750	0.23229930000000001
	53982	0.23544990000000002
	56144	0.23845889999999997
	58264	0.24069644999999995
	56291	0.24208159999999998
	53754	0.24252550000000003
	54640	0.24522540000000004
	57072	0.2464357
	56646	0.24687634999999997
	56949	0.24954009999999996
	57361	0.25103179999999997
	57889	0.2515
	57777	0.2517
	54527	0.2539768
	52797	0.2551871
	56964	0.25571999999999995
	57674	0.2571
	57066	0.25751460000000004
	52980	0.2577939
	56970	0.26051474999999996
	57231	0.2608662
	54318	0.264404
	57169	0.265335
	59053	0.2670573
	56189	0.26733395
	57043	0.2716658
	58705	0.27256065
	57914	0.27276799999999995
	57124	0.2752967
	53689	0.2753898
	54749	0.2761346
	54704	0.2762277
	53704	0.27669320000000003
	56996	0.27692345
	57076	0.27706559999999997
	57957	0.27738815
	58517	0.27912605
	57699	0.27931915
	53768	0.27957930000000003
	58353	0.28054614999999994
	57037	0.2827447
	56586	0.28352954999999996
	59321	0.28385699999999997
	59106	0.28395355
	58724	0.28646385
	57242	0.28646869999999997
	58927	0.28665695
	56643	0.2872588
	57180	0.287679
	58707	0.29032585000000005
	57713	0.29045529999999997
	56783	0.29141425
	53875	0.29186850000000003
	56081	0.2929857
	59457	0.29573265000000004
	57268	0.29652864999999995
	53957	0.29736140000000005
	57818	0.29961859999999996
	59664	0.3004636
	54421	0.3011785
	57362	0.3019627
	58003	0.3023888
	54501	0.3024819
	57719	0.30249544999999994
	53956	0.3039715
	53869	0.304437
	54917	0.3049025
	53897	0.3050887
	57079	0.30546110000000004
	53829	0.30667140000000004
	56966	0.30718365
	53769	0.30723000000000006
	54755	0.3075093
	59090	0.3095393
	59092	0.31040825
	53894	0.3121643
	53895	0.3125367
	59091	0.31523575000000004
	57781	0.3168
	57780	0.318
	57948	0.3203529
	53984	0.3204502
	58605	0.32160805000000003
	53790	0.32221910000000004
	54608	0.32221910000000004
	53970	0.3224053
	56199	0.3241251
	58354	0.32455129999999993
	57096	0.32603620000000005
	59502	0.32662865
	57007	0.3269672
	54521	0.3282706
	53883	0.32873610000000003
	58109	0.33243599999999995
	57187	0.33367040000000003
	57899	0.33773190000000003
	59061	0.337925
	53892	0.34353900000000004
	57637	0.34500889999999995
	57008	0.3468906
	57774	0.3498
	54609	0.35359380000000007
	58923	0.35443505
	58624	0.3554971
	56958	0.3569425
	57710	0.35768835
	57023	0.3590867
	54702	0.3598315
	53588	0.3602039
	57011	0.3613211
	54922	0.36253140000000006
	53968	0.3629038
	54424	0.3638348
	57972	0.3643
	54919	0.36644160000000003
	57044	0.3667209
	56296	0.3688761
	58202	0.36898264999999997
	54703	0.3691415
	57687	0.3713
	57188	0.3732379
	57154	0.3735172
	54765	0.3736103
	54759	0.37631020000000004
	57003	0.3764964
	59306	0.3769312
	53948	0.3784515
	56276	0.38027694999999995
	57586	0.38123589999999996
	59298	0.38127595
	53917	0.383572
	58934	0.38571725
	54852	0.3858995
	59647	0.3875517
	53784	0.3875753
	58443	0.3892896
	58627	0.38938615
	53865	0.38990280000000005
	56673	0.38997299999999996
	58500	0.3918909
	58847	0.39363435
	53938	0.3976301
	53926	0.3990266
	59109	0.39933080000000004
	53778	0.4034954
	57978	0.4039
	57025	0.4048919
	57265	0.40638169999999996
	57766	0.4086
	57981	0.4096
	57181	0.4128985
	57014	0.4134571
	57799	0.4138133
	56183	0.4159712
	58220	0.4202331999999999
	53791	0.4204396
	53967	0.42053270000000004
	58926	0.4232752
	57126	0.4247222
	58404	0.43024889999999993
	57395	0.4341912499999999
	57786	0.4362129
	53987	0.43729070000000003
	54907	0.43738380000000004
	57516	0.43792049999999993
	54420	0.4380355
	56284	0.43824014999999994
	54842	0.44632140000000003
	59113	0.44924715
	53798	0.45004540000000004
	59849	0.4513
	53796	0.4579589
	53877	0.46028640000000004
	57887	0.4605
	57233	0.4656862
	59071	0.4663365
	54540	0.46810680000000005
	53972	0.4684792
	53949	0.46903780000000006
	57189	0.46903780000000006
	58203	0.4700985999999999
	59117	0.47135710000000003
	57816	0.47414749999999994
	57177	0.4750893
	53783	0.47546170000000004
	58011	0.47639270000000006
	59855	0.4786
	57192	0.47946500000000003
	57245	0.4800236
	57273	0.4800236
	57912	0.48011429999999994
	58736	0.48062590000000005
	59114	0.48168795000000003
	53794	0.48216490000000006
	57082	0.48607510000000004
	57896	0.48912230000000007
	53947	0.4904508000000001
	57769	0.4907
	57671	0.4936
	59107	0.49491529999999995
	53810	0.4957575
	53929	0.49817810000000007
	54766	0.4986436
	57055	0.4994815
	57155	0.49994700000000003
	54304	0.5024607
	57973	0.5039
	57696	0.50833575
	58100	0.5093501
	57195	0.5094432000000001
	58343	0.51069415
	58002	0.5113052
	58205	0.5119569
	58148	0.51389065
	57053	0.5154016
	53878	0.5168912000000001
	57698	0.5178942
	53664	0.5183808
	58846	0.5187631500000001
	53785	0.5192187
	58250	0.5290207499999999
	59081	0.52996295
	56192	0.5302045000000001
	53797	0.5302976
	54533	0.5320665
	58701	0.5330525500000001
	57285	0.5356974000000001
	53924	0.5370008000000001
	57932	0.53797095
	57589	0.5389299
	57047	0.5411903
	53863	0.5422144000000001
	54851	0.5430523
	58257	0.5543796499999999
	54846	0.554876
	57129	0.5563656
	57105	0.5592517
	59131	0.5604727500000001
	54301	0.5626033
	57731	0.5640757
	57178	0.5650239
	59312	0.5655899
	53799	0.5686548
	53792	0.5694927000000001
	56585	0.5700425
	53518	0.5710754
	53787	0.5729373999999999
	58629	0.5731208
	57080	0.5731236000000001
	53953	0.5743339000000001
	57772	0.5756
	54429	0.5761959
	57153	0.5761959
	57496	0.5766486
	53955	0.5767545000000001
	56094	0.5768476
	56578	0.5793123499999999
	53594	0.5826198
	59315	0.585093
	53981	0.5854128000000001
	54539	0.5863438000000001
	54923	0.5869024
	57469	0.5870905
	57974	0.5883
	58241	0.58954115
	57084	0.5904402
	57144	0.5909057000000001
	58004	0.5926746
	58626	0.59387905
	58940	0.5939755999999999
	57729	0.59465555
	53886	0.5997502
	58154	0.6017944
	59314	0.6021823500000001
	57623	0.6029664499999999
	57140	0.6038466
	57074	0.6066396
	53862	0.6067327
	53491	0.6091533
	53885	0.6092464
	53697	0.609805
	58514	0.6111615
	57095	0.6119463
	52889	0.6135290000000001
	53963	0.6167875
	57054	0.6175323
	57990	0.6188855
	53852	0.6204184
	54428	0.6208839
	54633	0.6240493
	58441	0.6248092
	53928	0.6248872000000001
	57260	0.6292842999999999
	57194	0.6296353
	57761	0.6324
	54525	0.6357799
	54855	0.6371764000000001
	54438	0.6391315000000001
	57407	0.6434554499999999
	59072	0.64659535
	53685	0.6484415
	57067	0.6504897000000001
	57718	0.6518729
	53975	0.6519793
	57583	0.6535776999999999
	58437	0.65496285
	53662	0.6550516000000001
	58146	0.6553890499999999
	57511	0.6561349
	53677	0.6561688
	58907	0.658471
	57976	0.6595
	56571	0.6603969
	53942	0.6625927
	58713	0.66436055
	53660	0.6654788
	53864	0.6668753000000001
	53959	0.6670615000000001
	57881	0.6709
	57057	0.6714372
	57377	0.6715846499999999
	53764	0.6726475000000001
	57293	0.6746026
	59126	0.67536725
	57143	0.6754405000000001
	58249	0.6758466499999999
	53973	0.6796300000000001
	57198	0.6829816000000001
	58609	0.6837671000000001
	56194	0.6853295999999999
	58619	0.68714635
	57682	0.6892
	53859	0.6925709
	53584	0.6929433
	57732	0.6932142999999998
	57193	0.6941536
	57001	0.6962949
	57396	0.697319
	56272	0.7000335
	58048	0.7001400499999999
	57186	0.7005775
	56288	0.7014186499999999
	58614	0.70375295
	53923	0.7043946000000001
	57184	0.7075600000000001
	57060	0.7093289
	53961	0.7106323
	58235	0.71079505
	57853	0.7115
	58214	0.7123932999999999
	57882	0.7135
	57254	0.7142632
	58008	0.7148218000000001
	54774	0.7171493
	53781	0.7175217
	53890	0.7176148000000001
	57636	0.7188928499999999
	52988	0.7233870000000001
	57348	0.7244334499999999
	54531	0.7270179000000001
	57763	0.7277
	57789	0.7297249
	54423	0.7304626
	56187	0.7343426
	57052	0.7348383
	57872	0.7381
	58101	0.7389347
	54436	0.7390278
	52982	0.7424725
	58359	0.7431862499999999
	54927	0.7447069000000001
	59051	0.7455591
	57839	0.7456368999999999
	53771	0.7465689
	53775	0.7510377
	54925	0.7523411000000001
	54434	0.7543893
	59124	0.7548279000000001
	57666	0.7559
	54535	0.7585788
	57056	0.7612787
	57522	0.7618324999999999
	53617	0.7627683000000001
	57249	0.7715285499999999
	57475	0.7719547499999999
	54522	0.7719852
	53854	0.7738472000000001
	53935	0.7743127000000001
	57089	0.7744058
	53679	0.7746851
	57513	0.7754709
	57969	0.7788
	57886	0.7795
	53891	0.7828779
	54541	0.7842744
	58111	0.7849261
	53930	0.7872536000000001
	57688	0.7892
	57359	0.7897485999999999
	57182	0.7901397
	58710	0.79412375
	57368	0.79880535
	58107	0.7996577499999998
	54849	0.8001945
	57232	0.8034530000000001
	58117	0.805518
	53767	0.8065253
	56184	0.8077555499999999
	58020	0.8100631
	57821	0.8134026999999999
	54932	0.8142526000000001
	57251	0.8145747499999999
	58845	0.8154613000000001
	58126	0.8156402499999998
	54534	0.8163939
	53786	0.8165801
	53962	0.8197455
	58341	0.8207546499999999
	58135	0.82118085
	58230	0.8219266999999999
	57137	0.8221661
	58141	0.8232052999999999
	58442	0.8248035499999999
	53753	0.8314761
	58243	0.8324751499999999
	57274	0.8331519000000001
	58503	0.83351615
	53821	0.8374345
	58608	0.83911605
	58104	0.8409723
	57779	0.8432
	57737	0.8457938999999999
	57049	0.848141
	58143	0.8529327499999999
	54432	0.8530753000000001
	54408	0.8540063
	57294	0.8545649000000001
	57248	0.8547511000000001
	58508	0.86267425
	53873	0.8636887
	59063	0.8642
	56374	0.8652925499999999
	58932	0.8654742
	58108	0.8660383999999999
	57720	0.8678497499999999
	53817	0.8704850000000001
	57290	0.8710436
	53882	0.8745814000000001
	53705	0.87514
	57975	0.8755
	53888	0.8755124000000001
	58005	0.8767227000000001
	57742	0.8796767999999999
	58240	0.8797833499999999
	53707	0.8824949
	56181	0.8887335499999999
	58212	0.8888400999999999
	58929	0.89067375
	58013	0.8925693499999999
	57196	0.8936669
	57185	0.8944117
	57051	0.8951565
	54532	0.8983219
	57694	0.8984943
	57846	0.899
	57299	0.9014873000000001
	57061	0.9024183000000001
	54425	0.9032562
	57355	0.9050357
	57971	0.9065
	59133	0.9089217
	53976	0.9101456000000001
	53492	0.9107042
	57460	0.9141989999999999
	58127	0.9178217
	58844	0.9181905
	53965	0.9229934
	56074	0.9261588000000001
	53678	0.9287656000000001
	53906	0.9293242
	57871	0.9308
	57582	0.9316731999999999
	58338	0.9320993999999999
	57773	0.9344
	57762	0.9344
	57279	0.9373203499999999
	58432	0.9387054999999999
	57292	0.9401238000000001
	58942	0.94532105
	54439	0.9458029000000001
	57476	0.9468032999999998
	54935	0.9527854000000001
	54848	0.9552060000000001
	59125	0.9556519
	57370	0.9557534999999999
	58207	0.9573473
	58704	0.9583553
	57717	0.9596958499999998
	57985	0.9648
	59854	0.9719
	58113	0.9723752999999998
	56196	0.9741866499999999
	58001	0.974757
	53880	0.9748500999999999
	57956	0.9765067000000001
	57876	0.9809
	59122	0.9827824500000001
	53756	0.9830429000000002
	54405	0.9839739
	53614	0.9849049000000001
	57966	0.989
	58246	0.9913411999999999
	57278	0.9932591
	57595	0.9958162999999999
	57179	0.9967286000000001
	59130	0.99687875
	57481	1.0005045
	54437	1.0005457
	53517	1.0025008
	53780	1.0047352
	57842	1.0056
	57954	1.00634065
	57295	1.0085523
	58208	1.0097626
	54449	1.0103212
	54523	1.0139521
	54945	1.0181415999999999
	57537	1.0182983499999998
	57520	1.020749
	53915	1.0252172
	58242	1.0290598999999998
	54826	1.0291274
	57767	1.0306
	57734	1.0316170999999998
	58221	1.0324695
	53853	1.0347134
	58616	1.0392642
	57936	1.0453620499999998
	58006	1.0528679
	57045	1.052961
	53397	1.0558471000000003
	58237	1.0570825499999998
	57498	1.0623034999999998
	58145	1.0659261999999998
	58245	1.0665654999999998
	57297	1.0674846
	57758	1.0676
	56651	1.0698685499999998
	57466	1.0698685499999998
	57216	1.0701881999999998
	58433	1.0704012999999999
	56263	1.0705078499999998
	53575	1.0726050999999999
	57385	1.0728519499999998
	53618	1.0747464000000002
	57778	1.0762
	57512	1.0795646
	53881	1.0811703000000001
	53673	1.0834047
	56273	1.0841462499999999
	58114	1.0863838
	58132	1.0865969
	54308	1.0901079
	57499	1.09927635
	54857	1.1016523
	53772	1.1025833
	57922	1.10311215
	57870	1.1073
	53776	1.1091003000000001
	57771	1.119
	57760	1.1191
	57947	1.11930415
	57860	1.1195
	54943	1.1201792000000002
	58351	1.1230369999999998
	58007	1.1235308000000002
	58158	1.1245286999999997
	58210	1.1245286999999997
	58021	1.1249273
	57874	1.1252
	53499	1.1252066
	57841	1.1255
	53676	1.1262307
	58345	1.1322002999999998
	57387	1.1324134
	57183	1.1330270000000002
	57389	1.1353968
	57102	1.1366579
	58941	1.1418003
	54861	1.1419645999999999
	58236	1.14274875
	56385	1.14509285
	58501	1.14658455
	58129	1.1473303999999998
	58138	1.15276445
	53576	1.1549055
	56185	1.1588377999999997
	54929	1.1596536000000002
	58311	1.1674683499999998
	58407	1.1690665999999998
	58510	1.1708618499999999
	58128	1.1760988999999997
	58935	1.1831237000000001
	57238	1.185163
	57378	1.1856883999999999
	58026	1.1888848999999997
	57098	1.188887
	57099	1.1914938000000002
	58027	1.19666305
	57835	1.2011381499999998
	58238	1.20241675
	57625	1.20241675
	58323	1.2030560499999998
	57581	1.2040149999999998
	53916	1.2064829000000001
	57964	1.20677845
	57204	1.2097687
	57741	1.21094075
	53585	1.2118827
	57566	1.2123
	58234	1.21285865
	53748	1.2129068
	58416	1.2131783
	57834	1.21520275
	58938	1.21817135
	53578	1.2227754
	53577	1.2315268000000001
	58936	1.2360331
	54863	1.2379507
	53486	1.2395334
	57598	1.24115025
	58034	1.2423264
	57477	1.2459957
	57585	1.2465
	57510	1.2508969999999997
	59313	1.25177075
	58408	1.2522821499999999
	52996	1.2530329000000002
	54853	1.2533122
	54430	1.2546156
	57425	1.25803585
	58418	1.2592078999999998
	58301	1.2609464000000001
	59951	1.2655
	54940	1.2681151000000002
	58102	1.2687974
	58618	1.27011525
	57875	1.2713
	53774	1.2743528000000002
	53593	1.2753769
	58247	1.2767886499999999
	57483	1.27955895
	56158	1.2822227
	58358	1.2830750999999998
	58012	1.2866977999999998
	58215	1.28829605
	58015	1.2885091499999999
	57590	1.28872225
	52995	1.2893419000000002
	53579	1.2911108
	58342	1.2931973499999998
	59137	1.2947355
	57409	1.2955414499999998
	58049	1.3022540999999999
	52895	1.3030276
	58337	1.3042785499999998
	58025	1.3060068
	57851	1.3092
	56168	1.31386805
	57913	1.3232444499999998
	57493	1.3242033999999998
	52884	1.3258371
	58147	1.3282522999999997
	58428	1.3288916
	58130	1.3316618999999998
	53611	1.3325403
	56082	1.3333782
	58335	1.3343256499999998
	53567	1.335054
	57866	1.3354
	57523	1.3399728
	53850	1.3400814
	58255	1.3413579499999997
	56096	1.3449226
	58131	1.3474312999999998
	58118	1.34881645
	58346	1.3514802
	54777	1.3544188000000001
	57343	1.3554429000000001
	53590	1.3561877000000002
	57461	1.3591518
	57482	1.3633072499999999
	57921	1.3637334499999998
	53841	1.3641012000000001
	57438	1.36842165
	56180	1.3724705499999998
	56198	1.3725770999999998
	58125	1.3730033
	56093	1.3808592000000002
	57405	1.3821665999999997
	57363	1.387281
	58419	1.3881333999999999
	57955	1.3955337
	57388	1.3967639499999998
	58429	1.3972966999999998
	58244	1.39804255
	58339	1.4051813999999998
	58402	1.4056075999999997
	53914	1.410465
	57738	1.4113612999999998
	52978	1.4143752000000003
	57824	1.41572985
	53860	1.4168889
	57416	1.4173281
	58329	1.4289420499999999
	56172	1.4289420499999999
	56285	1.4326713
	58116	1.4373595
	57643	1.4382
	53665	1.4444465000000002
	57489	1.4450311
	58150	1.4455638499999999
	54936	1.4484498000000001
	57743	1.4515
	58421	1.45195685
	58512	1.45433265
	53580	1.4545944000000002
	58139	1.45792365
	58024	1.4606459
	57390	1.4627872
	57736	1.4687917499999998
	58122	1.4702834499999997
	58506	1.4713254500000001
	58223	1.4735865
	57735	1.4811515499999997
	53612	1.486807
	58848	1.48754585
	58038	1.4878642
	59320	1.49913185
	58035	1.5045925499999997
	57825	1.5068300999999997
	56097	1.5091742
	57965	1.511
	58944	1.51264885
	58032	1.5165059
	54401	1.5214402000000002
	57398	1.52206675
	57584	1.5241
	52984	1.5245125
	58331	1.5281400999999997
	53845	1.5289813
	58140	1.53101695
	57462	1.5326151999999997
	53751	1.5340087
	58423	1.5366640999999999
	53519	1.5440635000000003
	53757	1.5478806
	58017	1.5483461
	58254	1.5517941999999998
	53910	1.5553286000000002
	57822	1.56362125
	58030	1.5641731
	58946	1.5664272000000001
	58502	1.56922715
	53574	1.5840965
	54311	1.5847482
	58225	1.5919635499999998
	52323	1.5966650000000002
	58336	1.6044299
	58507	1.60533685
	53498	1.6205917
	56188	1.6210517
	57345	1.6356490499999998
	57868	1.6377
	57662	1.6408
	57657	1.6447
	57426	1.65610665
	57486	1.6566393999999998
	58344	1.6572786999999998
	58409	1.6644175499999998
	54939	1.6645349
	57574	1.6651
	57465	1.66612235
	58022	1.6663969
	53565	1.6758931000000001
	57307	1.6807196999999998
	58316	1.6851947999999997
	57402	1.6940384499999999
	57640	1.6986
	57304	1.6990462999999998
	53619	1.7030783
	57399	1.7040541499999997
	56071	1.7108056
	53488	1.7113642000000002
	57739	1.7159877499999998
	59322	1.7162728
	58306	1.7286671999999998
	53669	1.7358495
	58222	1.7402811499999997
	58330	1.7442235
	58321	1.7484855
	59127	1.75305835
	58340	1.7532802499999998
	54938	1.7534454000000002
	58041	1.7555177999999998
	57317	1.7600994499999998
	56193	1.7640417999999998
	53490	1.7672242000000002
	54776	1.7783962
	57046	1.7784893000000002
	53760	1.7870545
	57634	1.7875893499999997
	57635	1.7986705499999998
	57451	1.8018670499999998
	57865	1.8031
	57577	1.8051
	56645	1.8117761999999997
	57859	1.8156227500000002
	54319	1.8207567
	53735	1.8219670000000001
	57485	1.8282914499999998
	57960	1.8341603499999999
	54410	1.8438455
	58417	1.8465114999999999
	58401	1.8654773999999996
	59134	1.86563565
	54404	1.8687963
	57642	1.8688
	57571	1.8699524999999997
	53725	1.8713099999999998
	58320	1.8716572999999996
	58420	1.8782633999999998
	58431	1.8842301999999997
	57306	1.8862546499999997
	58319	1.8879594499999999
	58427	1.8963769
	57318	1.8991471999999998
	56444	1.9010650999999998
	58016	1.90245025
	58414	1.90713845
	57669	1.9109
	58415	1.9115069999999998
	56164	1.9219488999999998
	57923	1.934948
	57655	1.9389
	57413	1.9404885999999997
	57381	1.9412344499999998
	57349	1.9435785499999998
	57754	1.947
	53659	1.9483036999999999
	57962	1.9542
	57845	1.9629
	58036	1.9708553499999997
	57437	1.9743714999999997
	53658	1.9793991000000002
	57536	1.9899277999999998
	58045	1.9985583499999997
	53610	1.9987639000000001
	58326	2.0121967499999998
	57565	2.0124
	56146	2.01411465
	57649	2.0198
	53740	2.0209217
	57417	2.0210404
	58040	2.0279661499999997
	57401	2.03435915
	57661	2.0381
	57844	2.0411783499999996
	57328	2.0477844499999995
	57573	2.0489564999999996
	57837	2.0536447
	56167	2.0585459999999998
	57744	2.0591
	57491	2.06568485
	57558	2.0692
	58424	2.0711188999999997
	57492	2.0835852499999996
	57431	2.09146995
	58314	2.0924289
	57313	2.0926419999999997
	57564	2.0929
	58047	2.10532145
	57544	2.1156
	52985	2.1160699
	57867	2.1202
	57728	2.1235415
	56533	2.1347292499999995
	57941	2.14292725
	53903	2.1453033
	57494	2.1494331499999997
	54871	2.151541
	57326	2.1562523499999995
	57324	2.16115365
	53663	2.1657853
	57309	2.1670138999999997
	57663	2.1689
	56038	2.171489
	53681	2.1829157
	57752	2.1843
	57339	2.19588895
	53738	2.2015357
	58317	2.2038802
	57237	2.2108059499999997
	58334	2.2210347499999994
	52983	2.2229487000000003
	57315	2.2256164
	57414	2.2279605
	57562	2.2322
	58327	2.233288
	53727	2.2528338
	57658	2.2601
	57575	2.272
	57432	2.27708005
	57832	2.2845385499999997
	57411	2.29988175
	53564	2.3127902000000002
	57320	2.3239620499999996
	53582	2.3295482000000005
	57942	2.3336135
	57217	2.3363218499999996
	54778	2.3568265
	53573	2.3621332
	52986	2.3762844000000003
	56080	2.3978836
	57745	2.4088
	57464	2.4163408999999993
	56079	2.43221685
	57445	2.4388229499999996
	57439	2.45480545
	56178	2.47504995
	57633	2.4768613
	57447	2.47995125
	57647	2.47995125
	57303	2.49273725
	57206	2.50168745
	57358	2.5133013999999996
	57740	2.5144
	53487	2.5254306000000004
	57308	2.5299232
	53646	2.5347406
	53651	2.5557812
	57840	2.59076325
	57329	2.6029099499999995
	57829	2.606213
	57458	2.61249945
	57333	2.6200645
	57827	2.6220889499999998
	57554	2.6267
	56641	2.6524556999999995
	57314	2.65703735
	57540	2.6585290499999994
	53615	2.6773698
	57415	2.70818135
	57541	2.7724309999999996
	53723	2.7807108000000005
	53478	2.7914173
	56182	2.7954458
	53399	2.8076167
	57646	2.8394
	57545	2.8892097999999993
	56548	2.893898
	56171	2.9234123499999995
	56152	2.94067345
	57208	2.9812689999999997
	57828	2.9910715999999997
	58044	3.0223972999999993
	57420	3.0662958999999996
	57543	3.1170136999999993
	56173	3.8729859499999995
