	53348	-2.8432
	53457	-2.5373
	53433	-2.5018
	53861	-2.3974
	53748	-2.3907
	54236	-2.3805
	53757	-2.3692
	50877	-2.324
	54156	-2.2478
	56198	-2.2303
	54122	-2.2282
	53543	-2.173
	59750	-2.1662
	53853	-2.165
	53446	-2.154
	56286	-2.0989
	53864	-2.0973
	56290	-2.0937
	54248	-2.0694
	56196	-2.0685
	56194	-2.057
	54065	-2.0436
	53859	-2.0048
	53845	-1.99
	53863	-1.9666
	53841	-1.9614
	53352	-1.9312
	53884	-1.9211
	53399	-1.9186
	53575	-1.8973
	57926	-1.89
	54069	-1.8849
	53083	-1.8828
	54157	-1.8805
	56021	-1.8762
	54223	-1.8595
	53337	-1.8581
	53584	-1.8548
	53455	-1.8541
	54616	-1.8482
	53767	-1.8403
	54943	-1.8362
	56291	-1.8268
	54154	-1.8169
	54532	-1.8165
	56276	-1.8147
	56199	-1.7867
	53850	-1.7762
	56197	-1.7741
	54809	-1.766
	54453	-1.7583
	56038	-1.7438
	59945	-1.7403
	53878	-1.7341
	54613	-1.7335
	57317	-1.7327
	59849	-1.7261
	54161	-1.7127
	55472	-1.7088
	53941	-1.7056
	54805	-1.6975
	54237	-1.6897
	56190	-1.6866
	54534	-1.6807
	53866	-1.6738
	53856	-1.6627
	54804	-1.6563
	53957	-1.6559
	54437	-1.6551
	54325	-1.6532
	56296	-1.6396
	54846	-1.6389
	58026	-1.6337
	56441	-1.6263
	53963	-1.6241
	54064	-1.6154
	57274	-1.6088
	53753	-1.608
	57153	-1.607
	53781	-1.6049
	54231	-1.5915
	58036	-1.5905
	54331	-1.5858
	53565	-1.5837
	53868	-1.5817
	53874	-1.5805
	52982	-1.5802
	55572	-1.577
	57411	-1.5751
	54335	-1.5646
	53860	-1.5632
	54857	-1.5626
	53954	-1.5465
	53562	-1.5446
	53357	-1.5393
	53947	-1.5393
	54525	-1.5384
	56851	-1.5315
	55294	-1.5311
	54249	-1.5267
	50873	-1.5233
	53512	-1.5207
	53582	-1.5204
	54945	-1.5202
	53966	-1.5158
	53385	-1.5132
	54333	-1.5093
	53857	-1.5023
	53384	-1.5021
	57154	-1.5021
	53773	-1.5012
	58035	-1.5011
	57279	-1.4992
	54169	-1.4974
	59658	-1.4952
	56966	-1.4935
	54517	-1.4887
	54320	-1.4843
	53707	-1.4833
	54619	-1.4819
	56186	-1.4815
	57989	-1.481
	50871	-1.4805
	53875	-1.4755
	58024	-1.4737
	59266	-1.4665
	53854	-1.4645
	54142	-1.4643
	50963	-1.463
	53487	-1.4602
	55279	-1.4602
	54800	-1.4594
	53890	-1.4593
	51058	-1.4572
	50767	-1.4524
	54701	-1.4502
	53794	-1.4428
	53785	-1.4415
	53578	-1.44
	53564	-1.4375
	57082	-1.4369
	57318	-1.4253
	50557	-1.4204
	50939	-1.419
	57462	-1.4185
	53673	-1.4183
	56164	-1.4149
	54420	-1.4128
	54522	-1.4055
	53579	-1.4049
	53871	-1.4017
	54012	-1.3984
	53362	-1.397
	59842	-1.3963
	54597	-1.3961
	54273	-1.3926
	56189	-1.3857
	57361	-1.383
	56693	-1.3696
	53964	-1.3666
	57176	-1.366
	50945	-1.3576
	54337	-1.3546
	59757	-1.3517
	53764	-1.3478
	56569	-1.3456
	54027	-1.3442
	53829	-1.3404
	53778	-1.3356
	54605	-1.3354
	53895	-1.3349
	53869	-1.3318
	56272	-1.331
	54172	-1.3301
	50948	-1.3301
	57273	-1.3297
	56273	-1.3287
	53774	-1.3286
	57231	-1.3218
	57242	-1.3184
	59470	-1.3154
	53517	-1.3142
	54521	-1.3126
	57281	-1.3124
	56084	-1.3117
	56065	-1.3092
	56533	-1.3086
	59268	-1.3082
	54186	-1.3071
	54612	-1.3068
	54802	-1.3043
	54164	-1.3042
	56181	-1.3004
	53669	-1.2982
	54428	-1.2948
	56490	-1.2944
	56745	-1.2919
	59656	-1.2917
	53784	-1.2898
	53576	-1.2883
	54334	-1.2878
	56297	-1.2836
	56584	-1.2834
	57173	-1.281
	54263	-1.2785
	54049	-1.2784
	54837	-1.2782
	50880	-1.2763
	53888	-1.274
	53276	-1.2715
	53791	-1.2633
	56331	-1.2622
	54863	-1.2609
	53756	-1.2591
	53980	-1.2583
	54844	-1.2544
	57216	-1.2493
	56128	-1.2489
	56289	-1.2469
	57713	-1.241
	53961	-1.2401
	52607	-1.2382
	54820	-1.2348
	57265	-1.2339
	54620	-1.2303
	53796	-1.2302
	58030	-1.2284
	55578	-1.2281
	56109	-1.2262
	53798	-1.2242
	56391	-1.2229
	56976	-1.2173
	56144	-1.2159
	53735	-1.2152
	53378	-1.2148
	54832	-1.2145
	50946	-1.2142
	53769	-1.2102
	53891	-1.2073
	56188	-1.2064
	58113	-1.2034
	54324	-1.2029
	53754	-1.1956
	57084	-1.1945
	50879	-1.1942
	54601	-1.1932
	56543	-1.1892
	58013	-1.1869
	53463	-1.1827
	54539	-1.1814
	56281	-1.1809
	50936	-1.1774
	53788	-1.1772
	54316	-1.1769
	53467	-1.1768
	53574	-1.1757
	53697	-1.1754
	53699	-1.1729
	58131	-1.1719
	53272	-1.1716
	53996	-1.1673
	57075	-1.163
	54636	-1.1598
	58021	-1.1576
	52983	-1.1562
	52876	-1.1552
	57309	-1.1536
	53967	-1.1507
	57055	-1.1501
	53976	-1.1444
	56202	-1.1439
	50659	-1.1438
	56125	-1.1427
	53795	-1.142
	57006	-1.1415
	53488	-1.1409
	57012	-1.1395
	53881	-1.1357
	53930	-1.1317
	57409	-1.1285
	57625	-1.1282
	53689	-1.1274
	57348	-1.1264
	54853	-1.1255
	59855	-1.1252
	56147	-1.1244
	57623	-1.1238
	53663	-1.1209
	54304	-1.1208
	53962	-1.1202
	54801	-1.1196
	53685	-1.1173
	59854	-1.1171
	57233	-1.1101
	53740	-1.1067
	59653	-1.1046
	57189	-1.1029
	57460	-1.1019
	56497	-1.0984
	57314	-1.0974
	57859	-1.0953
	56016	-1.0939
	56187	-1.0938
	57237	-1.0907
	50954	-1.0903
	58041	-1.0885
	54855	-1.0873
	54835	-1.0836
	53420	-1.0814
	56079	-1.0809
	57425	-1.0792
	57155	-1.0787
	54332	-1.0751
	53419	-1.0739
	53590	-1.0737
	57378	-1.0732
	56247	-1.0721
	52968	-1.0712
	54076	-1.0696
	59269	-1.0691
	52972	-1.069
	54305	-1.0675
	55299	-1.0672
	57081	-1.0664
	53872	-1.0663
	54204	-1.0594
	53899	-1.0585
	54115	-1.0572
	56171	-1.0518
	53848	-1.0505
	53984	-1.0495
	54244	-1.0495
	56029	-1.049
	54503	-1.0475
	54535	-1.0414
	57178	-1.0393
	53862	-1.0392
	53950	-1.038
	53985	-1.0367
	52869	-1.035
	57853	-1.0347
	53585	-1.0316
	53953	-1.0297
	57093	-1.0266
	57717	-1.0262
	57867	-1.0261
	52998	-1.0259
	53886	-1.0256
	50888	-1.0229
	53529	-1.0225
	53792	-1.0211
	57851	-1.0205
	57195	-1.0197
	53343	-1.0187
	55591	-1.0183
	57458	-1.0181
	54412	-1.016
	57008	-1.0147
	53968	-1.0123
	57175	-1.0098
	54351	-1.0053
	53705	-1.0024
	53289	-1.002
	53580	-0.9988
	55585	-0.9985
	54134	-0.9934
	54755	-0.9934
	57445	-0.9927
	53998	-0.9887
	54645	-0.9854
	50940	-0.9842
	53759	-0.9841
	58130	-0.9836
	56492	-0.9824
	53799	-0.981
	54430	-0.9789
	50953	-0.9786
	57070	-0.9778
	54319	-0.9776
	57313	-0.9774
	59655	-0.9711
	59426	-0.967
	54921	-0.9653
	57328	-0.9652
	54919	-0.9628
	53677	-0.9624
	59276	-0.9603
	56116	-0.959
	57278	-0.9585
	59754	-0.9577
	53877	-0.9568
	54313	-0.9557
	54511	-0.9549
	56152	-0.9544
	53955	-0.9541
	57180	-0.9532
	54506	-0.9525
	57119	-0.9508
	53391	-0.9507
	53892	-0.9501
	54609	-0.9482
	54527	-0.9479
	50949	-0.9474
	57320	-0.9465
	57868	-0.944
	50884	-0.9438
	56151	-0.9433
	59475	-0.9414
	53975	-0.9411
	54842	-0.9391
	58906	-0.9387
	53149	-0.9374
	57736	-0.9374
	57464	-0.9368
	50776	-0.9366
	50960	-0.9362
	53533	-0.9339
	56195	-0.9337
	56381	-0.932
	50928	-0.9311
	56373	-0.9305
	54260	-0.9271
	57156	-0.9253
	57543	-0.9223
	56043	-0.9167
	54738	-0.9165
	54181	-0.9134
	52889	-0.9109
	54523	-0.9092
	56045	-0.9092
	54318	-0.9086
	57251	-0.9083
	55589	-0.907
	56158	-0.9068
	54594	-0.9063
	57889	-0.9056
	57196	-0.9051
	57426	-0.9045
	57415	-0.9038
	54421	-0.9031
	56284	-0.9018
	59845	-0.9004
	59851	-0.8997
	56593	-0.8995
	54831	-0.8986
	50656	-0.8967
	55773	-0.8925
	53738	-0.889
	57268	-0.8885
	51437	-0.8882
	53195	-0.8877
	57846	-0.8869
	54323	-0.8853
	57198	-0.8845
	56285	-0.8841
	56973	-0.8836
	53770	-0.8835
	53662	-0.8799
	59477	-0.8795
	56854	-0.879
	53553	-0.8777
	57710	-0.8764
	58122	-0.8754
	57102	-0.8751
	53880	-0.8738
	57014	-0.8732
	53727	-0.8718
	54342	-0.8714
	53973	-0.871
	56251	-0.871
	53615	-0.87
	57635	-0.8683
	55680	-0.8673
	57063	-0.867
	57640	-0.8661
	57162	-0.8647
	58022	-0.8611
	54711	-0.8568
	53865	-0.855
	57669	-0.8536
	50854	-0.8532
	58008	-0.8528
	53787	-0.8525
	53618	-0.8515
	57021	-0.8511
	57085	-0.8505
	54766	-0.8501
	53894	-0.843
	52995	-0.8416
	57087	-0.84
	54633	-0.8398
	53750	-0.8394
	56295	-0.8381
	58047	-0.8379
	52895	-0.8358
	53573	-0.8344
	57413	-0.8329
	50468	-0.8328
	50878	-0.8316
	58666	-0.8313
	54606	-0.831
	59265	-0.8309
	54610	-0.8302
	54622	-0.8301
	58107	-0.83
	50775	-0.8293
	57871	-0.8292
	53567	-0.8289
	53965	-0.8263
	53906	-0.8243
	54632	-0.8242
	55598	-0.8242
	50962	-0.8211
	53068	-0.8201
	57800	-0.8147
	53882	-0.8144
	54094	-0.814
	54252	-0.8124
	53599	-0.8123
	57071	-0.8098
	58104	-0.8097
	58025	-0.8092
	57432	-0.8076
	57077	-0.807
	59469	-0.8059
	56004	-0.8051
	50658	-0.8051
	54243	-0.8042
	57113	-0.802
	54710	-0.7987
	54777	-0.7985
	57646	-0.7972
	56767	-0.7968
	54301	-0.7956
	52908	-0.7916
	54705	-0.7906
	57773	-0.7906
	52765	-0.7905
	53397	-0.7896
	51328	-0.7894
	57307	-0.7886
	57636	-0.7877
	59044	-0.7865
	54533	-0.7864
	53873	-0.7846
	57886	-0.783
	58006	-0.7824
	57295	-0.7815
	52988	-0.7808
	54438	-0.7804
	56962	-0.7802
	53782	-0.7789
	54806	-0.7782
	56137	-0.7748
	58656	-0.7745
	50934	-0.7745
	53602	-0.7719
	54927	-0.7717
	57872	-0.7707
	57111	-0.7705
	54631	-0.7701
	57090	-0.766
	54501	-0.7656
	56106	-0.7655
	57194	-0.7648
	54455	-0.7647
	53367	-0.7637
	54918	-0.7627
	53687	-0.7619
	53772	-0.7616
	57188	-0.7615
	58116	-0.7614
	53682	-0.7613
	52875	-0.7607
	53790	-0.7596
	53192	-0.7591
	56389	-0.7576
	58032	-0.7568
	57355	-0.7566
	57315	-0.7562
	57037	-0.7552
	53889	-0.7515
	53949	-0.7514
	54623	-0.751
	54063	-0.7508
	57179	-0.7508
	57144	-0.7504
	59034	-0.7499
	56665	-0.7487
	53336	-0.746
	57722	-0.7451
	53502	-0.7444
	57324	-0.744
	57447	-0.7437
	54425	-0.7432
	57292	-0.7429
	53464	-0.7428
	53513	-0.7424
	52984	-0.742
	50750	-0.7413
	57437	-0.7412
	57124	-0.7402
	54640	-0.7397
	53545	-0.7396
	59074	-0.7394
	53690	-0.7388
	54274	-0.7387
	53768	-0.737
	57192	-0.7361
	54704	-0.7317
	55593	-0.7305
	59951	-0.7271
	56386	-0.7266
	59663	-0.7266
	51329	-0.7265
	50913	-0.7262
	57002	-0.7258
	57865	-0.7249
	57564	-0.7241
	54225	-0.7234
	57663	-0.7234
	56193	-0.7226
	53942	-0.7207
	53817	-0.7204
	56898	-0.7199
	53992	-0.7187
	53948	-0.7186
	54429	-0.7183
	57304	-0.7181
	56046	-0.7157
	53970	-0.7129
	53897	-0.7124
	57634	-0.7123
	57298	-0.7118
	57780	-0.7117
	52885	-0.7114
	57193	-0.7112
	54531	-0.7111
	53959	-0.7089
	54187	-0.7079
	54939	-0.7047
	53989	-0.7044
	53466	-0.7041
	53898	-0.7041
	54218	-0.7035
	50987	-0.703
	57662	-0.7025
	54841	-0.7017
	59134	-0.7017
	53821	-0.7014
	57043	-0.7014
	54861	-0.7004
	53982	-0.7002
	54266	-0.6998
	57232	-0.6996
	53974	-0.6992
	54208	-0.6975
	53832	-0.6972
	59843	-0.6968
	57143	-0.6957
	56371	-0.6928
	52963	-0.6918
	53777	-0.6915
	56565	-0.6912
	53693	-0.6883
	54828	-0.6873
	51133	-0.6871
	57091	-0.686
	56383	-0.6849
	57086	-0.6847
	53577	-0.6846
	59856	-0.6832
	55664	-0.6822
	57922	-0.6798
	50548	-0.6795
	54848	-0.6776
	53956	-0.6765
	56018	-0.6744
	57902	-0.6737
	54327	-0.6727
	59848	-0.6694
	56094	-0.6693
	59001	-0.669
	57297	-0.6676
	57027	-0.667
	50968	-0.6668
	53478	-0.6645
	57060	-0.6631
	58125	-0.6623
	57657	-0.6616
	57408	-0.6613
	56970	-0.6601
	51356	-0.6596
	58569	-0.6595
	57414	-0.6577
	54432	-0.6565
	57022	-0.6564
	54821	-0.656
	57637	-0.6548
	53981	-0.6523
	59941	-0.6519
	50739	-0.6513
	52884	-0.6512
	54507	-0.6506
	57177	-0.6496
	59659	-0.6491
	54615	-0.6487
	54815	-0.6479
	57465	-0.6476
	53893	-0.6475
	56856	-0.6441
	57358	-0.6437
	53945	-0.6431
	50618	-0.6431
	54213	-0.6408
	54436	-0.6398
	50950	-0.6373
	56596	-0.6362
	50844	-0.6362
	56067	-0.6325
	56869	-0.6318
	54852	-0.6317
	54584	-0.6298
	57416	-0.6278
	58034	-0.6263
	56074	-0.6257
	56280	-0.6245
	57253	-0.6233
	54812	-0.623
	58501	-0.623
	54915	-0.6209
	57054	-0.62
	50858	-0.6199
	52985	-0.6196
	56443	-0.6185
	57866	-0.614
	54778	-0.6135
	53475	-0.6129
	57186	-0.6123
	53324	-0.6114
	50978	-0.6102
	59264	-0.6074
	57860	-0.6065
	57606	-0.6057
	53879	-0.603
	52446	-0.6014
	58101	-0.6009
	54024	-0.6005
	56192	-0.6004
	56592	-0.5998
	51642	-0.5989
	56846	-0.5989
	58114	-0.5973
	56844	-0.5966
	53983	-0.5949
	59279	-0.5949
	57589	-0.5914
	54906	-0.5904
	57079	-0.5887
	53518	-0.5879
	56575	-0.5861
	55696	-0.5851
	57720	-0.5845
	58109	-0.5845
	56870	-0.5838
	57184	-0.5836
	53704	-0.583
	57566	-0.58
	57359	-0.5784
	50647	-0.5784
	56996	-0.5774
	57181	-0.5772
	57076	-0.5714
	53519	-0.5686
	57387	-0.568
	51353	-0.5666
	54807	-0.5666
	54935	-0.5643
	54530	-0.5628
	53997	-0.5592
	54528	-0.5588
	57368	-0.5579
	58017	-0.5579
	54026	-0.5571
	50867	-0.5539
	57362	-0.5537
	53491	-0.5529
	53730	-0.5529
	59090	-0.5528
	57522	-0.5521
	57870	-0.5515
	59249	-0.5515
	54261	-0.5504
	52447	-0.5503
	56173	-0.5495
	54339	-0.5492
	53991	-0.5484
	57562	-0.5479
	54908	-0.5464
	53988	-0.5438
	54843	-0.5421
	57140	-0.5421
	57290	-0.5405
	59954	-0.5397
	57191	-0.5387
	53469	-0.5379
	51243	-0.5375
	54737	-0.5374
	57183	-0.5364
	57595	-0.5364
	57080	-0.5358
	55681	-0.5351
	57187	-0.534
	57586	-0.5337
	54254	-0.5289
	57363	-0.5282
	50859	-0.5274
	54434	-0.527
	54512	-0.5248
	57674	-0.5244
	53484	-0.5242
	57185	-0.5241
	57735	-0.523
	54041	-0.5215
	57988	-0.5215
	58108	-0.5203
	56080	-0.5201
	53674	-0.5184
	50861	-0.5164
	54617	-0.5152
	57326	-0.5142
	56288	-0.5137
	56034	-0.5124
	58015	-0.5116
	56499	-0.5108
	57249	-0.5103
	56839	-0.5099
	57046	-0.5098
	50965	-0.5088
	53732	-0.5063
	54234	-0.5042
	51068	-0.504
	50842	-0.5033
	59650	-0.5026
	54510	-0.5013
	50832	-0.5009
	50745	-0.5002
	59480	-0.4974
	54541	-0.4971
	56279	-0.4962
	56317	-0.4954
	56582	-0.4941
	59431	-0.4935
	57011	-0.4906
	56670	-0.4901
	59280	-0.4901
	52784	-0.4899
	56643	-0.4899
	56380	-0.4893
	57197	-0.4889
	57083	-0.4887
	54505	-0.4885
	57213	-0.4844
	50788	-0.4842
	57072	-0.4817
	57285	-0.4816
	54624	-0.4814
	56082	-0.4783
	57493	-0.478
	54938	-0.4754
	57731	-0.4745
	55655	-0.4743
	50915	-0.471
	57708	-0.4693
	53614	-0.4691
	58126	-0.4687
	54439	-0.4672
	52943	-0.4667
	54113	-0.4658
	56384	-0.4655
	57094	-0.4655
	53786	-0.4636
	50603	-0.4632
	57582	-0.4628
	53644	-0.462
	58409	-0.4617
	57056	-0.4611
	58100	-0.4611
	53806	-0.46
	53903	-0.4594
	53987	-0.4574
	54386	-0.4574
	51931	-0.4549
	54851	-0.4545
	58605	-0.4539
	53499	-0.4519
	57329	-0.4515
	58016	-0.4508
	53666	-0.45
	56390	-0.4495
	57752	-0.4492
	57985	-0.4465
	50425	-0.4463
	55493	-0.4462
	57042	-0.4459
	58500	-0.4456
	54753	-0.445
	59224	-0.4445
	52656	-0.4443
	57405	-0.444
	54423	-0.4437
	54575	-0.4426
	51352	-0.441
	54749	-0.4409
	57655	-0.4409
	57004	-0.44
	53617	-0.4366
	58508	-0.4355
	54714	-0.4353
	59473	-0.4347
	54039	-0.4346
	57990	-0.4333
	59256	-0.4326
	57033	-0.429
	56989	-0.4272
	57649	-0.4253
	56378	-0.4242
	57687	-0.4239
	59478	-0.4235
	50756	-0.4234
	56843	-0.4224
	54518	-0.4212
	56223	-0.4209
	57296	-0.4192
	54932	-0.4179
	52986	-0.4173
	50353	-0.417
	56444	-0.4151
	54214	-0.4121
	54336	-0.4112
	57565	-0.4103
	52978	-0.4091
	54621	-0.4091
	57832	-0.4086
	57395	-0.4085
	50964	-0.4064
	54776	-0.4063
	57407	-0.4054
	52657	-0.4053
	57026	-0.405
	54849	-0.4047
	50632	-0.4045
	54092	-0.4044
	57057	-0.4017
	56975	-0.4012
	57247	-0.4009
	56228	-0.4006
	53908	-0.4005
	59215	-0.4002
	57822	-0.3994
	59213	-0.3989
	57106	-0.3945
	57994	-0.3943
	57045	-0.3929
	52866	-0.3924
	53610	-0.3904
	58464	-0.3871
	57294	-0.3862
	59452	-0.3829
	52868	-0.3825
	57743	-0.3818
	59091	-0.3815
	57714	-0.3814
	54702	-0.381
	57254	-0.3809
	53679	-0.3807
	57132	-0.3795
	53978	-0.3788
	57679	-0.3788
	57541	-0.3785
	57110	-0.3775
	57678	-0.377
	54226	-0.3754
	53651	-0.3745
	57661	-0.3742
	56751	-0.3737
	54098	-0.3729
	59435	-0.3721
	54603	-0.3707
	51137	-0.3704
	57875	-0.3704
	56312	-0.3703
	57028	-0.3693
	50834	-0.3684
	54072	-0.3663
	54814	-0.3646
	57078	-0.364
	54608	-0.3632
	51076	-0.3629
	58111	-0.3629
	57048	-0.3624
	57127	-0.3621
	53775	-0.3618
	57461	-0.3616
	57439	-0.3607
	57001	-0.3598
	50787	-0.3596
	57642	-0.359
	57271	-0.3573
	54328	-0.3569
	56357	-0.3566
	58040	-0.3562
	58712	-0.354
	54410	-0.3533
	53480	-0.352
	57343	-0.3512
	57974	-0.3498
	57041	-0.3496
	50514	-0.3496
	57345	-0.3494
	57020	-0.3479
	53883	-0.3474
	55690	-0.3466
	54338	-0.3426
	57061	-0.3421
	59082	-0.3418
	57614	-0.341
	53789	-0.3398
	56376	-0.3398
	52996	-0.3392
	57035	-0.3364
	54259	-0.3362
	53676	-0.3361
	53780	-0.3352
	54406	-0.3351
	57554	-0.3348
	57260	-0.3339
	58451	-0.3338
	54568	-0.3329
	56697	-0.3328
	54408	-0.332
	58004	-0.332
	59242	-0.3317
	50833	-0.3308
	58713	-0.3304
	59481	-0.3304
	57420	-0.3285
	58038	-0.3281
	54706	-0.3274
	57571	-0.3274
	53688	-0.326
	56267	-0.3249
	54404	-0.3233
	58002	-0.3229
	54900	-0.3228
	54165	-0.3205
	56774	-0.32
	50646	-0.3197
	50955	-0.3181
	51436	-0.3175
	54135	-0.317
	53931	-0.3151
	50851	-0.3145
	58503	-0.3138
	57741	-0.3132
	54080	-0.3115
	51145	-0.3101
	51060	-0.3088
	53896	-0.3082
	56071	-0.3071
	53994	-0.3062
	57671	-0.3054
	54353	-0.3048
	59107	-0.304
	52853	-0.3039
	57066	-0.3035
	59238	-0.3024
	57257	-0.3005
	56257	-0.3003
	56387	-0.2946
	57647	-0.2941
	58102	-0.2937
	51526	-0.2916
	53910	-0.2913
	56395	-0.2895
	52957	-0.2873
	52855	-0.2838
	57740	-0.2804
	58452	-0.2803
	57991	-0.2794
	51430	-0.279
	57293	-0.2784
	57469	-0.2777
	58456	-0.2756
	53231	-0.2754
	52681	-0.2752
	58011	-0.2734
	56183	-0.2721
	54321	-0.2719
	52533	-0.2717
	57052	-0.2674
	56496	-0.2671
	54660	-0.2667
	53368	-0.2661
	59047	-0.2647
	59022	-0.2622
	58502	-0.2613
	54911	-0.2606
	53505	-0.2605
	59427	-0.2598
	52787	-0.2593
	57600	-0.259
	54513	-0.2582
	53934	-0.2578
	58020	-0.2563
	54590	-0.2553
	54829	-0.2541
	57477	-0.253
	53986	-0.2508
	57349	-0.2504
	54909	-0.2499
	54827	-0.2488
	54824	-0.2481
	56278	-0.2479
	57126	-0.2437
	54716	-0.2414
	57739	-0.2411
	56841	-0.241
	53972	-0.2375
	59072	-0.2375
	53691	-0.2364
	58441	-0.2362
	57245	-0.2354
	50772	-0.2354
	51567	-0.2341
	54519	-0.2341
	50673	-0.234
	59045	-0.2336
	58629	-0.2334
	57558	-0.2333
	57509	-0.233
	56167	-0.2328
	50674	-0.2302
	57238	-0.23
	57007	-0.2254
	53392	-0.2252
	57995	-0.2221
	59004	-0.222
	57385	-0.2217
	54803	-0.2189
	54929	-0.2163
	53915	-0.2121
	56483	-0.2098
	57777	-0.209
	57483	-0.2085
	57976	-0.2078
	54431	-0.2068
	50525	-0.2067
	53763	-0.206
	54736	-0.2041
	57536	-0.2041
	56491	-0.2029
	57857	-0.2024
	57099	-0.1984
	54401	-0.1982
	57771	-0.1981
	52546	-0.1961
	57053	-0.1958
	54470	-0.1957
	57658	-0.1954
	51777	-0.1948
	54520	-0.1946
	54047	-0.1926
	54833	-0.1926
	57789	-0.1924
	53995	-0.1911
	56092	-0.1908
	56146	-0.1904
	57728	-0.1903
	57038	-0.1902
	59241	-0.1898
	53958	-0.187
	56757	-0.1862
	53698	-0.1852
	51633	-0.1839
	54611	-0.183
	51828	-0.1828
	54604	-0.1826
	54276	-0.1809
	57169	-0.178
	53483	-0.1777
	54774	-0.1776
	56761	-0.1768
	51465	-0.1745
	57688	-0.1745
	57803	-0.1745
	57431	-0.1739
	51358	-0.1735
	53481	-0.1719
	56739	-0.1712
	50526	-0.1712
	59847	-0.1695
	57476	-0.1669
	51238	-0.1665
	50524	-0.1654
	57598	-0.165
	54117	-0.1639
	57496	-0.1626
	52645	-0.1624
	53925	-0.1622
	56654	-0.1582
	51839	-0.1577
	57723	-0.1561
	58408	-0.1559
	54291	-0.1552
	54914	-0.1529
	58407	-0.1522
	58760	-0.1521
	51059	-0.1512
	54904	-0.148
	57605	-0.148
	51818	-0.1478
	58003	-0.1468
	57835	-0.1466
	51232	-0.1461
	54916	-0.1449
	53522	-0.1446
	52974	-0.1428
	57738	-0.14
	59451	-0.1399
	58665	-0.1393
	59246	-0.1389
	53658	-0.1383
	59492	-0.1371
	50973	-0.1351
	50655	-0.1314
	56473	-0.1313
	51644	-0.1312
	54267	-0.1309
	57370	-0.1308
	59315	-0.1303
	57978	-0.1295
	57402	-0.1293
	54602	-0.1281
	57698	-0.1279
	56494	-0.1255
	59046	-0.1238
	54751	-0.1228
	57680	-0.1219
	57217	-0.1211
	58458	-0.1192
	57519	-0.1183
	50639	-0.1183
	53810	-0.1173
	54715	-0.1169
	54626	-0.1165
	59270	-0.1161
	57732	-0.116
	54416	-0.1153
	58509	-0.1122
	50774	-0.1103
	53923	-0.1082
	57206	-0.1074
	57577	-0.1044
	58600	-0.104
	57581	-0.1029
	57923	-0.1028
	57583	-0.1025
	58472	-0.1016
	56984	-0.1015
	58007	-0.0998
	57517	-0.0993
	56951	-0.0992
	54913	-0.0989
	56961	-0.0984
	56095	-0.0973
	50247	-0.097
	57772	-0.0944
	56462	-0.0939
	54502	-0.0937
	54707	-0.0933
	59237	-0.0922
	52874	-0.0911
	51495	-0.0906
	56097	-0.0898
	54923	-0.0889
	53594	-0.087
	52652	-0.0858
	59462	-0.0849
	59488	-0.0799
	57308	-0.0782
	53619	-0.0774
	54811	-0.0774
	54713	-0.0772
	58358	-0.0755
	59041	-0.0746
	57545	-0.0735
	51346	-0.0733
	53771	-0.0707
	56263	-0.0694
	53678	-0.0689
	52418	-0.0685
	57699	-0.0677
	50566	-0.0663
	50958	-0.0661
	56298	-0.0659
	54454	-0.0653
	59075	-0.0645
	54540	-0.0631
	59209	-0.062
	58510	-0.0607
	52576	-0.0583
	57769	-0.0575
	54830	-0.0569
	57899	-0.0562
	54286	-0.0552
	56673	-0.055
	57941	-0.0546
	57333	-0.0535
	54093	-0.0521
	59940	-0.0521
	59493	-0.0517
	53944	-0.0515
	50985	-0.0499
	52674	-0.0485
	54903	-0.0483
	54405	-0.0438
	56474	-0.0438
	54493	-0.0434
	56875	-0.0423
	54708	-0.0414
	56952	-0.041
	58710	-0.0399
	56091	-0.0382
	52980	-0.0377
	59664	-0.0357
	52557	-0.0347
	54569	-0.0346
	57182	-0.0325
	57417	-0.0323
	59071	-0.0307
	59126	-0.0304
	52707	-0.03
	53885	-0.0296
	54424	-0.0271
	56498	-0.0266
	54825	-0.0254
	57129	-0.0246
	57098	-0.0244
	57377	-0.0244
	50445	-0.0244
	54514	-0.0239
	58012	-0.0224
	54920	-0.0216
	58044	-0.0202
	59441	-0.0194
	53646	-0.0185
	56571	-0.0182
	57537	-0.0162
	53993	-0.0158
	51855	-0.0122
	51241	-0.0118
	57718	-0.0118
	54497	-0.0094
	52836	-0.0092
	57024	-0.0092
	59059	-0.0092
	57781	-0.0069
	57811	-0.0061
	57574	-0.0046
	57590	-0.0040
	56434	-0.0025
	56493	-0.0020
	56399	-0.0018
	52863	-0.0014
	57067	5.0E-4
	53612	0.0014
	53852	0.0018
	57895	0.0026
	58455	0.0027
	58417	0.0029
	54347	0.0035
	54099	0.0047
	56096	0.0048
	57643	0.0056
	57887	0.0057
	53914	0.0061
	52797	0.0065
	53797	0.0068
	58462	0.0079
	58404	0.0080
	53665	0.0085
	58929	0.0090
	50852	0.0097
	58132	0.0102
	59758	0.0104
	57074	0.011
	51629	0.0118
	53751	0.0119
	59211	0.0119
	57845	0.0121
	53680	0.0132
	59429	0.0163
	58005	0.0167
	58135	0.0168
	56585	0.0178
	57065	0.0178
	53588	0.018
	52993	0.0188
	53695	0.0198
	54836	0.0203
	57248	0.0204
	57401	0.0204
	59065	0.0211
	57034	0.0216
	53593	0.0218
	57499	0.0223
	57673	0.0224
	57049	0.0251
	51656	0.0281
	57451	0.0294
	54452	0.0303
	54834	0.0323
	57633	0.0324
	53783	0.0331
	57798	0.0346
	54912	0.0363
	51829	0.0371
	50431	0.0373
	58203	0.0389
	58463	0.0404
	54662	0.0409
	51802	0.0426
	58402	0.0433
	54205	0.0434
	57734	0.0453
	59278	0.0463
	57256	0.0465
	54096	0.0469
	57096	0.0471
	55437	0.0488
	57003	0.0488
	59127	0.0488
	56396	0.0491
	57778	0.0496
	57137	0.051
	56393	0.0528
	59227	0.0531
	56487	0.0555
	50979	0.0564
	59051	0.058
	51814	0.0587
	56394	0.0592
	57768	0.0593
	57719	0.0595
	59097	0.0596
	50527	0.0623
	52856	0.0631
	57047	0.067
	50956	0.0699
	54901	0.0707
	59131	0.0716
	56489	0.0731
	52436	0.0736
	57829	0.0741
	56081	0.0771
	57981	0.0782
	52896	0.0808
	57707	0.0827
	54729	0.0848
	56792	0.0851
	52495	0.087
	56862	0.0876
	56691	0.0882
	54399	0.0887
	58401	0.0889
	58514	0.0891
	59109	0.0894
	54171	0.0895
	56093	0.0897
	57016	0.09
	57339	0.0908
	54810	0.0927
	51469	0.0937
	59316	0.0937
	57896	0.0938
	52862	0.095
	59023	0.0951
	51434	0.0957
	54764	0.0959
	58935	0.0967
	59318	0.0971
	57821	0.0974
	54819	0.1001
	56763	0.1039
	51467	0.1046
	53498	0.1059
	54808	0.1065
	57916	0.1072
	53917	0.1075
	57540	0.1075
	56227	0.1077
	57261	0.1092
	50853	0.1108
	52378	0.1112
	58460	0.1114
	59425	0.1132
	58207	0.1137
	57031	0.114
	50742	0.1149
	53696	0.1155
	59218	0.1164
	57666	0.119
	52323	0.1191
	59310	0.1209
	57306	0.1211
	56180	0.1212
	57573	0.1238
	56775	0.1241
	51369	0.1247
	59055	0.1255
	50442	0.1259
	52754	0.1271
	54563	0.1286
	57390	0.1287
	57947	0.1298
	51431	0.1321
	51730	0.1335
	53486	0.1336
	54377	0.1349
	51810	0.1366
	51628	0.1381
	57475	0.14
	59303	0.1407
	58442	0.1427
	54618	0.145
	57774	0.1456
	51701	0.1458
	57039	0.1471
	51357	0.1475
	58001	0.1493
	57051	0.1502
	51359	0.1508
	53490	0.1533
	56594	0.1545
	58718	0.1557
	50838	0.1559
	56168	0.1563
	57682	0.1563
	59288	0.1575
	50349	0.1591
	54449	0.1603
	54905	0.1603
	57876	0.1608
	51330	0.1624
	57973	0.1636
	52842	0.1645
	58664	0.166
	57481	0.1669
	53979	0.1683
	57388	0.1695
	54293	0.1703
	57030	0.1724
	54910	0.1729
	51573	0.1732
	56652	0.1743
	51716	0.1745
	57514	0.1755
	57882	0.1758
	50741	0.1778
	57799	0.1814
	56382	0.1817
	58608	0.1832
	51087	0.1848
	57975	0.1853
	54290	0.1855
	56836	0.1876
	57839	0.1879
	58615	0.1884
	51156	0.1887
	54922	0.1905
	54614	0.1924
	57438	0.1938
	51720	0.1945
	59304	0.1946
	57891	0.1968
	57955	0.1991
	53611	0.2
	58461	0.2006
	54759	0.2012
	59088	0.2025
	56742	0.2037
	56184	0.2044
	54765	0.2045
	51711	0.205
	58202	0.2062
	57908	0.207
	57029	0.2075
	57303	0.2124
	57932	0.2125
	51826	0.2133
	54494	0.2133
	56840	0.2135
	59017	0.2167
	54472	0.2179
	58520	0.2225
	57910	0.2232
	59229	0.2241
	56664	0.2264
	57502	0.2289
	51581	0.2297
	58454	0.2304
	57089	0.231
	54871	0.2321
	53664	0.2332
	53681	0.2347
	50564	0.2367
	56985	0.2372
	54717	0.2382
	52633	0.2388
	58625	0.2394
	56287	0.241
	51568	0.2423
	59453	0.2485
	58512	0.2487
	56849	0.2501
	51571	0.252
	51704	0.2535
	54476	0.2549
	57584	0.2553
	57612	0.2558
	54363	0.2578
	54816	0.2583
	57520	0.2634
	57996	0.2634
	51572	0.2636
	56879	0.2636
	57883	0.2704
	59230	0.2715
	57971	0.272
	54102	0.277
	57544	0.2773
	57105	0.2776
	51542	0.2777
	54326	0.2794
	58658	0.2794
	56646	0.2807
	57498	0.2818
	57942	0.285
	59125	0.2852
	54724	0.286
	54475	0.2861
	59124	0.288
	54308	0.2886
	58903	0.2886
	57259	0.289
	59254	0.2902
	52679	0.2948
	51707	0.2961
	55248	0.2964
	50778	0.2965
	57964	0.2975
	58567	0.3007
	58735	0.3007
	57742	0.3011
	57972	0.3019
	58519	0.3019
	53926	0.3026
	58707	0.3027
	58907	0.3028
	59092	0.3041
	58706	0.306
	59298	0.3072
	58667	0.3088
	58517	0.3091
	57807	0.3111
	59058	0.3112
	57696	0.3118
	58450	0.3144
	58467	0.3165
	54371	0.3173
	54823	0.3179
	54818	0.3191
	59476	0.3194
	57095	0.3202
	58118	0.3208
	53547	0.3244
	58367	0.3248
	58923	0.3248
	59487	0.3253
	57518	0.329
	51433	0.3308
	57792	0.3335
	57786	0.3336
	53938	0.3341
	54515	0.3346
	51709	0.3351
	59096	0.3352
	57900	0.3363
	57204	0.3431
	57513	0.3439
	51636	0.3482
	57761	0.3497
	51708	0.3548
	59033	0.3565
	51639	0.3589
	54292	0.3594
	57694	0.3599
	51559	0.3603
	53694	0.3613
	54728	0.3624
	52661	0.3625
	57960	0.3637
	58117	0.3667
	53472	0.3671
	57834	0.3672
	58701	0.3696
	53927	0.3697
	54433	0.3709
	59501	0.371
	52737	0.376
	54752	0.3762
	59063	0.3778
	52313	0.3787
	59654	0.3803
	58836	0.3808
	57381	0.383
	57389	0.3831
	57134	0.3832
	59255	0.3845
	58804	0.3847
	56485	0.3852
	57763	0.3853
	51463	0.3854
	58530	0.3901
	57779	0.3917
	54703	0.3922
	58745	0.3953
	54917	0.3956
	58911	0.3996
	51827	0.4011
	51717	0.4037
	57921	0.4081
	57903	0.4085
	58327	0.4087
	52713	0.4097
	56878	0.4103
	54822	0.4106
	53937	0.4111
	59102	0.4118
	52101	0.4126
	56969	0.4132
	58361	0.4149
	54284	0.4152
	59454	0.4158
	52424	0.4178
	57927	0.4178
	58436	0.4193
	57511	0.421
	57737	0.4239
	58714	0.4242
	54726	0.4264
	58905	0.4267
	58619	0.4268
	58659	0.4281
	53659	0.4292
	57966	0.4294
	50937	0.4316
	58635	0.4322
	58917	0.4324
	56867	0.4334
	56756	0.4351
	57299	0.4365
	56987	0.4367
	59471	0.4367
	58045	0.4368
	51477	0.4372
	57874	0.4388
	57516	0.4418
	56651	0.4424
	54192	0.4457
	59130	0.4473
	54596	0.4477
	56645	0.4477
	56178	0.4487
	57485	0.4521
	57992	0.4537
	50246	0.4537
	53723	0.4559
	56666	0.4562
	57525	0.4567
	57023	0.4584
	54925	0.46
	58719	0.4658
	51377	0.4674
	53760	0.4675
	54902	0.472
	54579	0.474
	57936	0.4748
	58311	0.4754
	51468	0.4789
	57128	0.4811
	56475	0.4825
	50755	0.4825
	58484	0.4828
	59031	0.4828
	58265	0.4841
	57766	0.4848
	58369	0.4873
	54362	0.4931
	51365	0.4946
	57948	0.4956
	57466	0.4958
	56995	0.4967
	51367	0.4969
	57211	0.4983
	53776	0.5011
	59228	0.5017
	50758	0.5058
	51811	0.5065
	59094	0.507
	51655	0.5076
	53928	0.51
	58205	0.5125
	58143	0.5214
	57907	0.5217
	56172	0.5235
	58446	0.5246
	57915	0.5284
	56586	0.5301
	59113	0.5313
	56374	0.5336
	57913	0.5336
	56842	0.5364
	58612	0.5383
	58704	0.5388
	58548	0.5399
	56478	0.5438
	57505	0.5449
	54195	0.5458
	54471	0.5461
	58556	0.5464
	56578	0.5473
	58736	0.5477
	57396	0.548
	57760	0.5508
	56777	0.5526
	59116	0.5583
	56598	0.5591
	57729	0.5618
	54718	0.5623
	58339	0.5639
	51378	0.5682
	52818	0.5732
	57604	0.5743
	57507	0.5755
	58642	0.5773
	59064	0.5781
	54719	0.5823
	59081	0.5831
	57208	0.5861
	54817	0.5871
	56766	0.5874
	59122	0.5915
	57958	0.5916
	57512	0.5944
	59449	0.5959
	53725	0.5968
	58570	0.5997
	54346	0.5998
	57585	0.6002
	54031	0.6006
	58839	0.6007
	59446	0.602
	57032	0.6023
	59037	0.6023
	57956	0.6026
	58362	0.6028
	56994	0.6054
	51705	0.6074
	54285	0.6084
	54398	0.6084
	56950	0.6095
	59057	0.6104
	57793	0.6108
	54727	0.6158
	51815	0.6165
	56764	0.6189
	57399	0.6204
	58602	0.6219
	52833	0.6242
	50862	0.6251
	56580	0.6254
	59038	0.6263
	56944	0.6288
	58223	0.6306
	58301	0.636
	58340	0.6364
	50749	0.6367
	56986	0.6373
	57510	0.6398
	59271	0.6464
	51053	0.6464
	58129	0.6472
	59485	0.6484
	58128	0.6497
	59289	0.6506
	58616	0.652
	57828	0.6529
	57894	0.6532
	58365	0.6534
	57842	0.6576
	51334	0.6625
	57482	0.6639
	59284	0.6659
	50136	0.6721
	58329	0.6743
	58334	0.6745
	58027	0.6747
	57816	0.6779
	59117	0.6794
	57523	0.6821
	59099	0.6853
	51186	0.6897
	54349	0.6907
	56674	0.6938
	54483	0.6958
	58531	0.6983
	57814	0.7051
	51722	0.7053
	58468	0.7072
	52955	0.7099
	53916	0.7107
	58426	0.7124
	57813	0.7137
	59052	0.7155
	59053	0.7159
	58927	0.7181
	59087	0.7225
	58734	0.7254
	56748	0.7299
	56675	0.7324
	58614	0.7332
	58477	0.7338
	56595	0.7341
	57609	0.7351
	58547	0.7355
	58421	0.7363
	51482	0.7381
	59417	0.7395
	59025	0.7409
	57040	0.7417
	58429	0.7447
	59314	0.7454
	54474	0.748
	57744	0.749
	56964	0.7522
	54644	0.7525
	57914	0.7547
	58609	0.7565
	57486	0.7585
	56669	0.7618
	58048	0.7618
	58534	0.7641
	54499	0.7665
	58921	0.7685
	56752	0.7689
	56185	0.781
	58323	0.7814
	57840	0.7822
	56885	0.7825
	59306	0.7825
	59205	0.7866
	58336	0.7881
	56978	0.7888
	56881	0.7912
	59457	0.7959
	54722	0.7964
	58647	0.7981
	59324	0.7989
	59312	0.7996
	58607	0.8022
	59021	0.8023
	56948	0.803
	57824	0.8045
	53924	0.8051
	57494	0.8086
	57841	0.8093
	57025	0.811
	57575	0.8114
	58527	0.8139
	59137	0.817
	58269	0.8175
	57603	0.8202
	53492	0.8206
	56772	0.8216
	57844	0.822
	54734	0.8227
	56688	0.8287
	58438	0.83
	54132	0.8324
	58523	0.8333
	51379	0.8335
	58626	0.8335
	56982	0.8338
	58555	0.8354
	58453	0.8355
	53596	0.8356
	59007	0.837
	59320	0.84
	57767	0.8414
	58317	0.8436
	58141	0.8446
	58359	0.8461
	57491	0.8498
	52515	0.8508
	57809	0.852
	59290	0.8568
	57745	0.8581
	57962	0.8595
	51435	0.862
	57508	0.864
	57489	0.8653
	51765	0.8671
	58632	0.869
	54826	0.8709
	51804	0.8733
	54936	0.8816
	50779	0.8817
	54311	0.8819
	51438	0.8862
	54419	0.8894
	58331	0.8919
	56641	0.8932
	51470	0.8953
	57911	0.8959
	56480	0.8984
	56992	0.8991
	58928	0.9016
	50434	0.9016
	54723	0.9041
	58627	0.9049
	57806	0.9101
	50727	0.9107
	55228	0.9131
	57754	0.9136
	57805	0.9148
	57825	0.9149
	58356	0.9204
	58338	0.9228
	58926	0.9231
	54907	0.9276
	54365	0.9283
	58837	0.9297
	58537	0.93
	57954	0.9344
	58643	0.9351
	56991	0.936
	52112	0.9362
	57776	0.9399
	59297	0.94
	54709	0.9409
	58335	0.9413
	52643	0.942
	57492	0.9458
	58705	0.9532
	57881	0.9539
	58326	0.9566
	58563	0.9571
	54627	0.9583
	58822	0.9588
	58936	0.9595
	59419	0.9627
	58208	0.9659
	51288	0.968
	59313	0.9741
	58618	0.9746
	58737	0.9752
	50892	0.9771
	56871	0.9776
	58543	0.9832
	58366	0.9869
	58418	0.9912
	58150	0.9972
	54712	1.0073
	56788	1.009
	57608	1.0092
	58138	1.012
	56649	1.013
	58568	1.0249
	56567	1.0262
	58377	1.0273
	56746	1.0293
	56863	1.0295
	58544	1.031
	57965	1.0322
	54700	1.034
	58565	1.0395
	52203	1.0421
	58222	1.0433
	59061	1.0462
	58220	1.0469
	58631	1.0481
	58637	1.0494
	58715	1.0508
	56793	1.0526
	58657	1.0545
	57762	1.0572
	56959	1.0599
	57758	1.06
	59012	1.0603
	58432	1.0618
	58431	1.0624
	58824	1.0655
	57506	1.0686
	53692	1.07
	58459	1.0723
	58623	1.0737
	58127	1.0754
	58319	1.0759
	58725	1.0786
	57906	1.0801
	58529	1.0845
	56786	1.107
	58352	1.1095
	57398	1.1099
	59317	1.1174
	58731	1.1183
	56886	1.1184
	59948	1.1208
	58415	1.1228
	58342	1.1242
	58419	1.1243
	56977	1.1249
	58844	1.1277
	57957	1.1281
	58316	1.1295
	58934	1.13
	58606	1.1307
	58620	1.1312
	56684	1.1331
	58646	1.1353
	58255	1.1376
	59673	1.1377
	52575	1.1486
	58214	1.1506
	58693	1.1532
	58337	1.1572
	54940	1.1634
	56785	1.1681
	57827	1.1682
	52825	1.1707
	59635	1.1742
	56671	1.1746
	58448	1.1751
	58558	1.1752
	58752	1.1784
	54486	1.1838
	54731	1.1842
	58264	1.1851
	58944	1.1859
	58345	1.1923
	57796	1.1988
	58246	1.2008
	58215	1.2029
	58549	1.2039
	59502	1.2046
	56768	1.2059
	59456	1.2087
	58550	1.2145
	58427	1.215
	58321	1.2224
	56835	1.2269
	58443	1.2282
	54628	1.2347
	57993	1.2351
	58428	1.2352
	58557	1.2373
	58049	1.2384
	58416	1.2416
	59321	1.2441
	59235	1.2677
	58813	1.2688
	58601	1.2698
	57909	1.2719
	58354	1.2841
	59631	1.2843
	56479	1.286
	54374	1.2887
	58306	1.2902
	59293	1.2903
	58147	1.2916
	58330	1.2962
	58314	1.2986
	59294	1.304
	58420	1.3052
	58821	1.3055
	54732	1.3069
	56182	1.3073
	58320	1.308
	58562	1.3105
	56882	1.3179
	59106	1.3243
	58634	1.3248
	58433	1.3284
	58730	1.3399
	57808	1.3406
	58236	1.3418
	53929	1.3454
	58932	1.353
	56876	1.3551
	58259	1.359
	57818	1.3624
	58435	1.3688
	58346	1.3691
	56838	1.3736
	56755	1.3762
	58742	1.3772
	56548	1.3787
	58724	1.3799
	58210	1.3814
	58622	1.3831
	58624	1.385
	56946	1.387
	56778	1.3936
	56883	1.3976
	58946	1.4009
	54730	1.4131
	57969	1.4178
	53935	1.4188
	59322	1.4242
	58818	1.4252
	58660	1.427
	58140	1.4326
	58221	1.435
	58542	1.4384
	54607	1.4416
	58457	1.446
	58652	1.4676
	59027	1.4693
	58823	1.4712
	58843	1.4822
	59015	1.4832
	58828	1.4942
	59421	1.5101
	58257	1.5175
	56873	1.5199
	58245	1.5209
	59133	1.5221
	58820	1.5246
	57905	1.5259
	58449	1.5351
	57949	1.5364
	59114	1.5439
	59093	1.5548
	58633	1.5635
	58938	1.569
	58644	1.5722
	51627	1.5742
	58146	1.5757
	58414	1.5873
	58230	1.6032
	58546	1.6061
	58212	1.6084
	58353	1.6122
	58834	1.6128
	58344	1.6135
	58145	1.6136
	56385	1.6216
	58748	1.6263
	59285	1.6551
	57912	1.6592
	58848	1.6648
	58819	1.6809
	58240	1.6814
	58933	1.6816
	58751	1.7001
	59647	1.7039
	58507	1.7132
	58826	1.7165
	58351	1.7181
	58244	1.7183
	58249	1.728
	58254	1.7418
	58360	1.7442
	58423	1.7586
	59644	1.761
	56958	1.7653
	59640	1.7722
	58224	1.7759
	58559	1.8009
	58424	1.8187
	58846	1.8294
	58343	1.8305
	56954	1.8344
	58814	1.8344
	58237	1.8428
	58341	1.8476
	59500	1.8502
	58234	1.8593
	56790	1.8968
	54744	1.9205
	57837	1.9247
	57044	1.9325
	59448	1.9371
	58247	1.9576
	56889	1.9662
	58268	2.0073
	56880	2.0166
	58242	2.0356
	59632	2.0361
	58806	2.0398
	56891	2.0586
	54725	2.0655
	58847	2.0696
	58931	2.0758
	58912	2.1133
	58139	2.1135
	56783	2.1603
	58750	2.1674
	56781	2.1718
	56872	2.1777
	58654	2.1809
	59626	2.1858
	58918	2.1888
	58940	2.2062
	58942	2.2185
	59838	2.2446
	58235	2.2776
	59319	2.3222
	58754	2.3256
	58243	2.3277
	58241	2.3433
	58250	2.4358
	59287	2.4558
	58225	2.4707
	56782	2.4852
	58746	2.4907
	58238	2.5213
	58749	2.5295
	58941	2.5744
	58154	2.582
	58744	2.6094
	58148	2.7084
	58506	2.7933
	56949	2.8209
	58251	2.8302
	58437	2.8867
	58845	3.0484
	58747	3.0517
	58158	3.057
