	52784	-1.9561
	53970	-1.4856
	58015	-1.4763
	57198	-1.4677
	54419	-1.4605
	53397	-1.4496
	57294	-1.4465
	57054	-1.4339
	58104	-1.4254
	53973	-1.4102
	53886	-1.4007
	57285	-1.398
	57169	-1.3843
	53962	-1.3811
	57176	-1.371
	53890	-1.3569
	53573	-1.3467
	57053	-1.3439
	54826	-1.3428
	57295	-1.3364
	57055	-1.3354
	53899	-1.3277
	53873	-1.3273
	57297	-1.3253
	57056	-1.3167
	57179	-1.3151
	57045	-1.3108
	56494	-1.3074
	56766	-1.2933
	53499	-1.293
	53950	-1.2878
	53878	-1.2873
	57195	-1.287
	57196	-1.2738
	57605	-1.2621
	57281	-1.2607
	53965	-1.2592
	54901	-1.2581
	57032	-1.2484
	57186	-1.2414
	58012	-1.238
	54753	-1.2373
	57197	-1.2336
	57271	-1.2335
	53491	-1.2309
	54398	-1.2276
	53580	-1.2271
	57178	-1.223
	53956	-1.2198
	54828	-1.2194
	57292	-1.2173
	57274	-1.2144
	54752	-1.2139
	57362	-1.2135
	58013	-1.2124
	57033	-1.212
	53967	-1.209
	56641	-1.2087
	54804	-1.2066
	54827	-1.2043
	53512	-1.2002
	53898	-1.1996
	57290	-1.1994
	57273	-1.1954
	54820	-1.1932
	57177	-1.1928
	54809	-1.1924
	57192	-1.1921
	54802	-1.191
	53889	-1.1889
	54800	-1.1865
	57043	-1.1855
	53954	-1.1846
	54923	-1.182
	57193	-1.1795
	58003	-1.1787
	58100	-1.1773
	57078	-1.1747
	57261	-1.1744
	57378	-1.1737
	54399	-1.1727
	57245	-1.1721
	54501	-1.1672
	54922	-1.1667
	53949	-1.1545
	54751	-1.153
	57040	-1.1507
	53481	-1.1487
	53517	-1.1436
	54903	-1.1419
	57188	-1.1387
	58006	-1.1358
	58011	-1.1311
	58017	-1.1291
	58007	-1.1268
	54749	-1.1262
	53980	-1.122
	54902	-1.1214
	56841	-1.1214
	58005	-1.1208
	57057	-1.1195
	57026	-1.1183
	54810	-1.1174
	53588	-1.1171
	54915	-1.1159
	58102	-1.1136
	54608	-1.1122
	57029	-1.1117
	54819	-1.1097
	54522	-1.109
	54406	-1.1089
	54620	-1.1088
	52787	-1.1087
	53993	-1.1084
	56197	-1.1059
	53966	-1.1024
	53879	-1.0958
	57194	-1.0948
	53897	-1.0887
	53893	-1.0867
	57044	-1.0852
	57047	-1.0852
	57242	-1.0824
	57707	-1.0823
	54917	-1.0815
	54321	-1.0787
	54900	-1.0782
	58001	-1.0767
	57016	-1.073
	57279	-1.0659
	53593	-1.0624
	53498	-1.059
	53483	-1.0584
	53868	-1.0576
	57807	-1.0494
	58339	-1.0475
	53892	-1.0456
	53798	-1.0424
	57175	-1.0422
	58021	-1.0421
	54907	-1.0416
	54835	-1.0398
	57137	-1.0381
	54912	-1.0378
	54925	-1.0376
	57051	-1.0363
	54610	-1.036
	56184	-1.0359
	53680	-1.0349
	57317	-1.0339
	54913	-1.0329
	57377	-1.0304
	54806	-1.03
	57093	-1.0295
	57022	-1.0289
	57143	-1.0288
	53978	-1.0283
	53694	-1.0274
	57298	-1.0272
	54640	-1.0255
	54814	-1.023
	57189	-1.0191
	54606	-1.0182
	54617	-1.0149
	53896	-1.0147
	57042	-1.0146
	53490	-1.0134
	54602	-1.0122
	57293	-1.0113
	54706	-1.0109
	54404	-1.0047
	57060	-1.0042
	53992	-0.9979
	57808	-0.9957
	58238	-0.9956
	57636	-0.994
	54803	-0.9938
	54604	-0.9913
	54935	-0.9913
	53689	-0.9891
	53964	-0.9861
	56862	-0.9859
	56767	-0.9858
	54825	-0.9851
	53599	-0.9821
	54832	-0.981
	54701	-0.9807
	57081	-0.98
	57187	-0.9774
	57625	-0.9756
	57070	-0.9749
	57083	-0.9732
	57024	-0.9709
	57105	-0.9704
	54603	-0.9701
	54831	-0.9693
	57606	-0.9689
	53995	-0.9671
	57359	-0.9631
	57248	-0.9624
	58002	-0.9617
	54428	-0.96
	57265	-0.9595
	58321	-0.9594
	54416	-0.9589
	53963	-0.9583
	57074	-0.9575
	54811	-0.9574
	53957	-0.9569
	57411	-0.9569
	54918	-0.9561
	57095	-0.9555
	53972	-0.9551
	56185	-0.9549
	54301	-0.9547
	57090	-0.953
	56768	-0.9517
	53399	-0.9507
	54722	-0.9492
	57031	-0.9474
	54704	-0.9463
	57096	-0.9437
	54626	-0.9412
	58020	-0.9409
	57249	-0.9382
	54821	-0.9348
	58205	-0.9337
	54613	-0.9335
	54621	-0.9329
	57800	-0.9318
	57094	-0.9302
	56844	-0.9279
	57370	-0.9278
	54724	-0.9225
	58306	-0.9222
	53895	-0.9218
	53690	-0.9209
	54841	-0.9206
	57708	-0.9187
	57006	-0.9154
	57361	-0.9138
	53871	-0.9136
	53944	-0.9136
	57091	-0.9129
	57082	-0.9128
	57071	-0.9119
	53976	-0.9113
	57035	-0.9097
	56849	-0.9089
	57087	-0.908
	58107	-0.9077
	53979	-0.9056
	57128	-0.9047
	53856	-0.9032
	58008	-0.9022
	54837	-0.9009
	57063	-0.9008
	56748	-0.9007
	57309	-0.9007
	54423	-0.9004
	54744	-0.9001
	58207	-0.8994
	57296	-0.8992
	54632	-0.8975
	53974	-0.8948
	53692	-0.8939
	57183	-0.8934
	57409	-0.8932
	58108	-0.8932
	57368	-0.893
	54719	-0.8915
	54833	-0.8886
	53615	-0.8862
	54713	-0.8841
	54614	-0.884
	53695	-0.8838
	53794	-0.883
	56952	-0.8821
	57099	-0.8813
	57385	-0.8805
	53688	-0.8798
	54616	-0.8789
	57390	-0.8761
	57191	-0.8743
	56948	-0.8736
	57085	-0.8735
	58323	-0.8708
	57254	-0.8701
	54511	-0.8697
	54908	-0.8688
	58004	-0.868
	53797	-0.8644
	53945	-0.8644
	53941	-0.8628
	54906	-0.8591
	57027	-0.8585
	57805	-0.8581
	54624	-0.8577
	53682	-0.8559
	58111	-0.8497
	54921	-0.8483
	53596	-0.8471
	54433	-0.8471
	53989	-0.8462
	57313	-0.846
	54914	-0.8453
	58101	-0.8452
	57153	-0.8447
	53861	-0.8429
	53988	-0.8411
	56842	-0.8402
	57247	-0.8399
	57634	-0.8398
	57231	-0.8392
	58336	-0.838
	54904	-0.8378
	56739	-0.8375
	53378	-0.836
	57777	-0.8359
	56839	-0.8339
	53697	-0.8325
	57314	-0.8323
	53996	-0.8297
	54505	-0.8297
	58016	-0.8292
	54830	-0.8286
	53857	-0.8277
	54834	-0.8223
	54726	-0.8221
	56838	-0.8221
	58030	-0.8191
	57002	-0.8187
	54723	-0.8186
	54601	-0.8166
	54711	-0.8166
	58114	-0.8136
	54846	-0.8132
	54731	-0.8129
	57098	-0.8126
	53998	-0.812
	54824	-0.8107
	53983	-0.8103
	53699	-0.804
	58311	-0.8037
	56297	-0.8027
	56840	-0.8012
	54816	-0.8001
	51642	-0.7996
	54705	-0.7978
	57129	-0.7971
	54738	-0.7959
	57089	-0.7954
	57162	-0.7924
	57079	-0.7914
	51655	-0.7856
	54503	-0.7854
	57086	-0.7848
	56976	-0.7811
	53619	-0.7807
	54412	-0.7804
	57447	-0.7758
	58113	-0.7758
	54729	-0.7742
	53384	-0.7726
	54812	-0.7716
	58246	-0.7692
	57076	-0.7664
	53698	-0.7651
	58230	-0.7646
	54708	-0.7624
	56298	-0.7617
	53997	-0.7614
	58250	-0.7604
	53987	-0.7557
	57038	-0.7548
	53611	-0.7547
	58027	-0.7546
	53392	-0.7544
	54717	-0.7541
	54737	-0.7519
	53986	-0.7504
	57407	-0.7496
	53795	-0.7495
	57065	-0.7495
	56851	-0.7493
	57007	-0.7488
	54323	-0.7483
	56296	-0.7457
	56567	-0.7457
	54709	-0.743
	53947	-0.741
	56836	-0.7393
	54596	-0.7381
	56474	-0.7378
	54615	-0.737
	53618	-0.7369
	53984	-0.7369
	54499	-0.7359
	57080	-0.7347
	57803	-0.7339
	56782	-0.7337
	58109	-0.7324
	56867	-0.7313
	57395	-0.7302
	57012	-0.7292
	57020	-0.7282
	54424	-0.7281
	57363	-0.7278
	57173	-0.7275
	54622	-0.7272
	53985	-0.7244
	54325	-0.7235
	54728	-0.7233
	54920	-0.7228
	54386	-0.7218
	57127	-0.7218
	57633	-0.7206
	56289	-0.7177
	56291	-0.7172
	54507	-0.7166
	52862	-0.7152
	54905	-0.7144
	53982	-0.7132
	54844	-0.7129
	54429	-0.7128
	54716	-0.7127
	56496	-0.7112
	58330	-0.7099
	53753	-0.7075
	57614	-0.7073
	56854	-0.7066
	53773	-0.706
	57119	-0.7026
	56290	-0.7011
	57720	-0.7011
	54514	-0.7006
	53924	-0.7005
	56152	-0.6979
	54633	-0.6971
	54597	-0.6967
	57402	-0.6938
	57008	-0.6931
	57014	-0.6928
	57461	-0.6915
	54932	-0.6907
	57251	-0.6889
	54938	-0.6879
	57260	-0.685
	57806	-0.6847
	53617	-0.6846
	57328	-0.6845
	53959	-0.6833
	54431	-0.6832
	57381	-0.6832
	59502	-0.6825
	54712	-0.6816
	53935	-0.6784
	56777	-0.6772
	58257	-0.677
	57256	-0.6752
	54700	-0.6751
	53487	-0.674
	53693	-0.6729
	54521	-0.6679
	57900	-0.6672
	56751	-0.6655
	57389	-0.6646
	54611	-0.6643
	56761	-0.6591
	54822	-0.6586
	56652	-0.6585
	57731	-0.6583
	54408	-0.6564
	56835	-0.6564
	54619	-0.6548
	56571	-0.6548
	57268	-0.6547
	51288	-0.6521
	53584	-0.6515
	57333	-0.6512
	54910	-0.6511
	57021	-0.6505
	56764	-0.6486
	54318	-0.6475
	53994	-0.6462
	58316	-0.6443
	53860	-0.6441
	56065	-0.644
	56843	-0.6429
	57004	-0.6398
	54852	-0.6397
	53522	-0.6375
	53488	-0.6373
	57213	-0.6365
	54919	-0.6359
	58022	-0.6333
	57460	-0.6332
	57326	-0.6329
	57126	-0.6319
	56643	-0.6296
	56946	-0.6285
	58331	-0.6261
	57072	-0.6257
	56199	-0.6251
	57687	-0.6246
	57809	-0.6236
	56846	-0.6221
	53518	-0.6216
	54520	-0.6203
	58025	-0.6189
	57910	-0.6171
	54327	-0.614
	53678	-0.6137
	53484	-0.6131
	57253	-0.612
	53770	-0.6117
	57405	-0.6095
	52974	-0.6067
	56665	-0.6063
	54506	-0.6061
	53931	-0.6056
	57318	-0.605
	57401	-0.604
	54534	-0.6035
	58236	-0.6034
	58237	-0.6034
	53771	-0.6009
	58249	-0.5991
	56691	-0.5986
	53674	-0.5958
	52889	-0.5945
	57439	-0.5945
	58202	-0.5929
	54607	-0.5922
	53938	-0.5872
	58334	-0.5854
	57349	-0.5845
	57257	-0.5837
	57814	-0.5818
	57722	-0.5815
	57315	-0.5812
	57278	-0.5797
	56742	-0.5791
	54568	-0.579
	53533	-0.5785
	54628	-0.5771
	58241	-0.5767
	53864	-0.5766
	54732	-0.576
	54225	-0.5738
	57388	-0.5736
	53475	-0.5729
	57637	-0.5719
	53789	-0.5712
	56548	-0.571
	53585	-0.5698
	57299	-0.5677
	59501	-0.5676
	51353	-0.5655
	57537	-0.5646
	53783	-0.564
	54605	-0.5621
	53691	-0.5619
	57903	-0.5615
	51365	-0.5608
	58122	-0.5601
	53681	-0.5597
	57818	-0.5586
	54308	-0.5572
	57155	-0.5568
	53612	-0.5566
	53784	-0.5565
	53865	-0.5563
	53756	-0.5556
	56944	-0.5545
	59133	-0.5538
	53850	-0.5537
	57387	-0.5534
	54710	-0.5445
	53467	-0.5436
	58247	-0.5436
	57217	-0.5415
	58148	-0.5408
	54421	-0.5395
	56772	-0.5363
	56443	-0.5358
	53772	-0.5349
	57233	-0.5328
	58335	-0.5323
	54102	-0.5298
	54618	-0.5294
	51367	-0.5292
	53791	-0.5282
	59306	-0.5282
	56190	-0.5269
	54703	-0.5254
	57517	-0.5247
	54027	-0.5242
	53582	-0.5227
	57408	-0.5226
	58210	-0.5207
	53937	-0.5201
	51329	-0.5198
	56189	-0.5184
	57348	-0.5177
	56391	-0.5176
	56444	-0.5173
	56675	-0.5168
	56071	-0.5144
	53778	-0.514
	56492	-0.5129
	58343	-0.5116
	58244	-0.511
	54759	-0.5103
	57871	-0.5079
	58344	-0.5065
	56745	-0.5058
	58326	-0.5057
	57694	-0.503
	54432	-0.4996
	53881	-0.4992
	53669	-0.496
	53687	-0.4956
	58026	-0.4956
	57237	-0.4949
	53869	-0.4945
	54594	-0.494
	57216	-0.4936
	53419	-0.4927
	56295	-0.4917
	53590	-0.4911
	57512	-0.49
	54502	-0.4898
	53769	-0.4888
	57608	-0.4867
	56478	-0.4845
	54662	-0.4834
	57514	-0.4826
	54871	-0.4824
	56575	-0.4794
	57813	-0.4789
	53469	-0.4779
	56396	-0.4769
	56651	-0.4767
	58235	-0.4747
	58255	-0.4732
	57870	-0.4699
	53676	-0.4697
	54530	-0.4694
	56949	-0.4672
	54311	-0.4671
	58118	-0.4652
	54320	-0.4645
	57355	-0.4642
	59500	-0.464
	51430	-0.4638
	53519	-0.4597
	57640	-0.4597
	54644	-0.4596
	53888	-0.4591
	53750	-0.4583
	58342	-0.4554
	52765	-0.4552
	58301	-0.4551
	57540	-0.4545
	57464	-0.4535
	56684	-0.4514
	54627	-0.4498
	56389	-0.4494
	54134	-0.4483
	54512	-0.4481
	56281	-0.4447
	56671	-0.4447
	57595	-0.4445
	56951	-0.4431
	54848	-0.4422
	56497	-0.442
	53646	-0.4405
	56094	-0.4403
	56688	-0.44
	57786	-0.4394
	58500	-0.4394
	57761	-0.4392
	56441	-0.4384
	56697	-0.4382
	57902	-0.4381
	58245	-0.4366
	57679	-0.4365
	58351	-0.4365
	58138	-0.4363
	58212	-0.4362
	53272	-0.4354
	58341	-0.4329
	53862	-0.4327
	56950	-0.4312
	56490	-0.43
	54434	-0.4298
	56654	-0.4283
	56092	-0.4275
	57760	-0.4267
	53788	-0.4249
	53926	-0.4239
	58208	-0.4233
	57732	-0.4221
	57696	-0.4212
	53492	-0.4197
	57781	-0.4179
	57483	-0.4172
	59137	-0.417
	58268	-0.4169
	57766	-0.4155
	57075	-0.4135
	53472	-0.4096
	54636	-0.4093
	51656	-0.4091
	58420	-0.4053
	53704	-0.4041
	53757	-0.4036
	58203	-0.4026
	53614	-0.3995
	53767	-0.3971
	56186	-0.3969
	57445	-0.3963
	57536	-0.3956
	59127	-0.392
	57908	-0.3899
	53763	-0.3894
	56774	-0.3875
	56756	-0.386
	57324	-0.3859
	57586	-0.3856
	53610	-0.3829
	56693	-0.3814
	53852	-0.3813
	59093	-0.3813
	58044	-0.381
	58340	-0.3802
	51435	-0.3793
	54455	-0.3786
	53457	-0.377
	58242	-0.3767
	59107	-0.3759
	57956	-0.3747
	53768	-0.3727
	57482	-0.3727
	57584	-0.3712
	54940	-0.371
	59315	-0.3689
	57481	-0.3679
	54319	-0.3669
	54702	-0.3649
	56491	-0.3637
	56978	-0.3632
	56752	-0.3617
	58264	-0.3606
	56757	-0.3567
	54939	-0.3536
	54214	-0.3534
	56746	-0.3531
	57585	-0.3519
	58667	-0.3509
	53927	-0.3481
	51433	-0.3471
	50431	-0.3451
	56645	-0.3435
	56793	-0.3435
	57425	-0.3427
	57181	-0.3404
	57758	-0.3402
	59314	-0.3393
	53565	-0.3386
	53925	-0.3381
	58472	-0.3364
	54430	-0.3361
	54527	-0.3335
	56649	-0.3335
	57909	-0.3331
	57992	-0.3297
	57799	-0.3283
	58032	-0.3278
	53685	-0.3273
	56569	-0.327
	58221	-0.3269
	58038	-0.3265
	58234	-0.3259
	57320	-0.3247
	57846	-0.3229
	57465	-0.3213
	53659	-0.3212
	59130	-0.321
	57259	-0.3191
	57417	-0.3189
	57516	-0.3186
	51438	-0.3171
	59310	-0.3169
	57811	-0.3159
	53934	-0.3157
	54453	-0.3143
	57001	-0.3138
	54849	-0.3127
	56183	-0.3125
	59092	-0.3111
	57476	-0.311
	58666	-0.3104
	59316	-0.3102
	53845	-0.31
	57698	-0.3098
	59317	-0.3079
	58259	-0.3076
	57768	-0.3071
	54518	-0.3069
	52874	-0.3068
	58240	-0.3055
	54943	-0.3052
	58656	-0.3051
	57329	-0.3039
	53575	-0.3022
	57678	-0.3015
	57414	-0.3006
	59303	-0.3006
	50945	-0.2984
	58606	-0.2975
	56181	-0.2963
	57906	-0.2958
	54039	-0.2947
	59124	-0.2935
	58127	-0.2928
	56386	-0.2918
	56188	-0.2912
	59051	-0.2901
	58931	-0.2899
	56399	-0.2888
	58150	-0.2879
	51437	-0.2871
	54714	-0.2847
	57502	-0.2845
	56595	-0.2844
	58140	-0.2842
	54515	-0.2815
	58463	-0.2806
	57772	-0.2803
	57306	-0.2793
	51644	-0.2775
	58659	-0.2775
	58936	-0.2756
	57510	-0.2743
	58923	-0.2736
	50349	-0.273
	57180	-0.2699
	57905	-0.2693
	54517	-0.2675
	58047	-0.2674
	58424	-0.2674
	59125	-0.2674
	59131	-0.2671
	54707	-0.267
	54855	-0.266
	56670	-0.2651
	54829	-0.2644
	58917	-0.2624
	53658	-0.2607
	58141	-0.2604
	53777	-0.2586
	59090	-0.2574
	53553	-0.2532
	57860	-0.2529
	57763	-0.2524
	52978	-0.2519
	56074	-0.2499
	54535	-0.2491
	54438	-0.2486
	56038	-0.2473
	54115	-0.2443
	57699	-0.244
	57204	-0.2436
	53660	-0.2423
	58944	-0.2416
	57842	-0.2413
	59063	-0.2401
	57505	-0.2399
	56863	-0.2398
	53780	-0.2381
	50442	-0.2368
	58329	-0.236
	53707	-0.2353
	56580	-0.2353
	57345	-0.2353
	57780	-0.2351
	57308	-0.2348
	59626	-0.2345
	58225	-0.2343
	53928	-0.2341
	53748	-0.2338
	56080	-0.2333
	58941	-0.2325
	58147	-0.2316
	54528	-0.2312
	56958	-0.2298
	52998	-0.2295
	53578	-0.2294
	59061	-0.229
	51356	-0.2284
	57923	-0.2256
	51468	-0.2224
	57921	-0.2211
	57762	-0.2196
	57990	-0.2193
	57789	-0.2186
	53289	-0.2185
	59052	-0.2183
	53192	-0.2172
	57954	-0.2172
	56273	-0.2166
	58048	-0.2165
	56584	-0.216
	58132	-0.2156
	56775	-0.2152
	53420	-0.2142
	57913	-0.2113
	57520	-0.2107
	58693	-0.2086
	57767	-0.2075
	53368	-0.2051
	54026	-0.2047
	53776	-0.2038
	56278	-0.2036
	57957	-0.2034
	59109	-0.2015
	57796	-0.2007
	50136	-0.2
	56195	-0.1975
	57966	-0.1972
	56489	-0.197
	57420	-0.1963
	57976	-0.196
	56381	-0.1954
	59487	-0.1939
	56383	-0.1936
	59290	-0.1919
	57642	-0.1914
	56279	-0.1906
	57723	-0.1901
	59126	-0.1899
	53723	-0.1898
	57396	-0.1889
	56669	-0.185
	54778	-0.1849
	57793	-0.1841
	52988	-0.1806
	58942	-0.1798
	58319	-0.1796
	59304	-0.1785
	53562	-0.1768
	54223	-0.1762
	58618	-0.176
	54305	-0.1756
	57779	-0.1756
	56164	-0.1754
	58928	-0.1747
	56473	-0.1744
	53574	-0.1741
	50548	-0.1737
	59081	-0.1731
	57853	-0.1723
	56781	-0.1722
	56664	-0.172
	58921	-0.1705
	59082	-0.1702
	58146	-0.1679
	53841	-0.1669
	58935	-0.1659
	57438	-0.1653
	59091	-0.165
	57469	-0.164
	58314	-0.1634
	54205	-0.1628
	57398	-0.1615
	58730	-0.1606
	54122	-0.1603
	59319	-0.16
	58946	-0.1594
	57798	-0.1583
	53806	-0.158
	56786	-0.1566
	57754	-0.1549
	58251	-0.1549
	56785	-0.1543
	57623	-0.1543
	56870	-0.1535
	58040	-0.1534
	50246	-0.1533
	58848	-0.1532
	58126	-0.1529
	51567	-0.1527
	57985	-0.1525
	59321	-0.1517
	50434	-0.1503
	53923	-0.1489
	57771	-0.1488
	54218	-0.1485
	54324	-0.1484
	57011	-0.1481
	56961	-0.1467
	56792	-0.1463
	53513	-0.145
	57399	-0.1439
	54234	-0.1438
	59097	-0.1438
	59106	-0.1433
	52985	-0.1432
	59312	-0.1428
	58145	-0.1425
	52968	-0.1413
	57955	-0.1411
	57989	-0.1408
	54237	-0.1406
	59015	-0.1399
	59318	-0.1399
	57111	-0.1398
	58429	-0.1398
	59287	-0.1388
	54117	-0.1387
	57740	-0.1376
	53848	-0.1369
	52963	-0.1366
	57778	-0.1364
	56586	-0.1359
	57745	-0.134
	57927	-0.1334
	58220	-0.1333
	50954	-0.1325
	54439	-0.1323
	59059	-0.1315
	56755	-0.1302
	58845	-0.1302
	53336	-0.1298
	53829	-0.1298
	57525	-0.1293
	57872	-0.1292
	59122	-0.1291
	58154	-0.1265
	59087	-0.126
	57941	-0.1256
	54328	-0.1246
	57769	-0.1244
	54861	-0.1198
	50514	-0.1186
	52984	-0.1184
	57413	-0.1174
	58929	-0.1168
	54425	-0.1165
	58327	-0.1157
	57477	-0.1156
	58843	-0.1155
	58748	-0.1148
	57988	-0.1141
	57582	-0.1137
	53810	-0.1128
	58911	-0.1123
	53760	-0.1117
	57942	-0.1111
	56180	-0.1105
	53930	-0.1101
	56598	-0.1101
	58129	-0.1091
	57688	-0.106
	50353	-0.1053
	52995	-0.1051
	58847	-0.1044
	57426	-0.1038
	53666	-0.1035
	52982	-0.103
	54519	-0.1024
	58932	-0.1018
	59074	-0.1014
	54531	-0.0987
	59481	-0.0976
	58369	-0.0974
	58049	-0.0972
	59476	-0.0964
	59322	-0.0948
	59134	-0.0944
	56178	-0.094
	58408	-0.0922
	58905	-0.0919
	57358	-0.091
	59218	-0.0907
	58501	-0.0901
	57993	-0.09
	59324	-0.0899
	59088	-0.0871
	58143	-0.0852
	59320	-0.0849
	57658	-0.0846
	56287	-0.0845
	59117	-0.0843
	54181	-0.0838
	57206	-0.0803
	51377	-0.0799
	57742	-0.0795
	57889	-0.079
	56393	-0.0788
	57499	-0.0787
	56987	-0.0754
	59102	-0.0749
	56371	-0.0748
	59075	-0.0747
	58265	-0.0736
	59094	-0.0736
	56596	-0.0732
	56384	-0.0724
	53894	-0.0701
	53751	-0.0699
	57773	-0.0696
	57416	-0.0688
	57895	-0.0686
	57415	-0.0672
	59114	-0.0668
	57974	-0.0664
	59116	-0.0657
	57590	-0.0656
	56285	-0.0643
	56856	-0.0634
	56382	-0.0606
	59044	-0.0602
	59045	-0.0601
	56168	-0.0595
	57113	-0.0586
	57915	-0.0584
	58224	-0.0584
	58254	-0.0579
	56872	-0.0578
	59478	-0.0572
	57887	-0.0564
	52986	-0.056
	57489	-0.052
	57926	-0.0507
	59096	-0.0504
	57844	-0.0477
	58746	-0.0474
	54486	-0.0468
	59293	-0.0455
	56975	-0.0433
	57816	-0.0425
	52868	-0.0417
	56594	-0.0411
	56198	-0.0401
	54204	-0.0397
	58139	-0.039
	58903	-0.0381
	54041	-0.0379
	57969	-0.0371
	51431	-0.037
	56171	-0.0362
	53915	-0.0359
	54313	-0.0352
	56585	-0.0337
	59053	-0.0331
	53832	-0.0327
	57837	-0.0316
	59280	-0.0313
	52866	-0.0303
	59313	-0.0303
	58846	-0.0292
	57899	-0.0287
	53916	-0.0286
	56493	-0.0285
	53917	-0.0283
	58705	-0.0275
	57991	-0.0267
	59012	-0.0267
	51633	-0.026
	58912	-0.025
	58813	-0.0245
	58345	-0.0242
	59419	-0.0242
	57647	-0.0229
	58442	-0.0229
	52980	-0.0222
	56357	-0.0219
	50844	-0.0212
	56582	-0.0211
	58416	-0.0211
	56081	-0.0206
	58605	-0.0204
	57744	-0.0199
	59209	-0.0192
	59025	-0.0146
	58417	-0.0137
	59071	-0.012
	53357	-0.0117
	59417	-0.0086
	59064	-0.0081
	56196	-0.0074
	50858	-0.0068
	57792	-0.0055
	52983	-0.0048
	57437	-0.0039
	58035	-0.0025
	53908	-0.0016
	57646	-9.0E-4
	57882	-9.0E-4
	51053	0.0
	51058	0.0
	51059	0.0
	51060	0.0
	51068	0.0
	51076	0.0
	51087	0.0
	51133	0.0
	51137	0.0
	51145	0.0
	51156	0.0
	51186	0.0
	51241	0.0
	51243	0.0
	51346	0.0
	51352	0.0
	51357	0.0
	51358	0.0
	51378	0.0
	51379	0.0
	51470	0.0
	51482	0.0
	51495	0.0
	51526	0.0
	51542	0.0
	51571	0.0
	51572	0.0
	51573	0.0
	51581	0.0
	51701	0.0
	51704	0.0
	51705	0.0
	51707	0.0
	51708	0.0
	51709	0.0
	51711	0.0
	51716	0.0
	51717	0.0
	51765	0.0
	51777	0.0
	51802	0.0
	51804	0.0
	51810	0.0
	51811	0.0
	51814	0.0
	51815	0.0
	51818	0.0
	51826	0.0
	51827	0.0
	51828	0.0
	51829	0.0
	51839	0.0
	51855	0.0
	51931	0.0
	52101	0.0
	52112	0.0
	52203	0.0
	52313	0.0
	52323	0.0
	52418	0.0
	52424	0.0
	52436	0.0
	52446	0.0
	52447	0.0
	52515	0.0
	52533	0.0
	52546	0.0
	52557	0.0
	52575	0.0
	52607	0.0
	52633	0.0
	52643	0.0
	52645	0.0
	52652	0.0
	52656	0.0
	52657	0.0
	52661	0.0
	52674	0.0
	52679	0.0
	52681	0.0
	52707	0.0
	52737	0.0
	52745	0.0
	52818	0.0
	52825	0.0
	52833	0.0
	52836	0.0
	52842	0.0
	52908	0.0
	53505	0.0
	55228	0.0
	55248	0.0
	55279	0.0
	55299	0.0
	55472	0.0
	55572	0.0
	55578	0.0
	55589	0.0
	55655	0.0
	55664	0.0
	55680	0.0
	55681	0.0
	55690	0.0
	55696	0.0
	55773	0.0
	56004	0.0
	56016	0.0
	56018	0.0
	56021	0.0
	56029	0.0
	56033	0.0
	56034	0.0
	56043	0.0
	56045	0.0
	56046	0.0
	56067	0.0
	56106	0.0
	56116	0.0
	56125	0.0
	50940	0.0013
	57475	0.0015
	57774	0.0019
	56280	0.0023
	56480	0.0023
	57458	0.0023
	59473	0.0030
	57978	0.0039
	58570	0.0040
	58352	0.0041
	56592	0.0056
	57541	0.0058
	51434	0.0059
	58664	0.0079
	54113	0.0088
	59022	0.0094
	50956	0.0124
	58243	0.0134
	57657	0.0143
	56578	0.0169
	57713	0.0176
	53348	0.0186
	58839	0.0189
	58131	0.0198
	58418	0.0217
	56673	0.0223
	58125	0.0228
	52895	0.0237
	54316	0.0247
	57710	0.0258
	57973	0.0266
	54024	0.0272
	57208	0.028
	54213	0.0283
	58820	0.03
	58744	0.0302
	58041	0.0306
	54132	0.032
	57513	0.0324
	54777	0.0331
	58130	0.0338
	56091	0.0348
	58222	0.0351
	51720	0.0352
	52896	0.0354
	57307	0.0362
	58558	0.0381
	59477	0.0382
	58751	0.0398
	57635	0.0399
	53817	0.0404
	57729	0.0412
	56788	0.0417
	57912	0.0422
	57466	0.0424
	57738	0.0432
	56483	0.0435
	56646	0.0441
	57508	0.0441
	59027	0.0441
	58737	0.046
	57655	0.0473
	59475	0.0501
	57492	0.0504
	53732	0.0518
	59284	0.054
	54420	0.0546
	57714	0.0548
	59021	0.0567
	57743	0.0572
	59065	0.0577
	58128	0.0593
	57739	0.0597
	54031	0.06
	59055	0.061
	58906	0.0613
	57994	0.0616
	57663	0.0617
	57936	0.0618
	58819	0.062
	59480	0.0622
	59046	0.0627
	50445	0.0631
	51359	0.0631
	58414	0.0634
	59485	0.0641
	50632	0.0648
	58601	0.0651
	53337	0.0652
	57544	0.0653
	57916	0.0667
	52797	0.0682
	57554	0.0682
	58821	0.0696
	56194	0.0699
	50842	0.0703
	58934	0.0729
	58117	0.0744
	57523	0.0745
	58752	0.0758
	57491	0.0762
	57948	0.0805
	57839	0.0811
	56790	0.0825
	59041	0.0829
	58933	0.0833
	56962	0.0841
	59285	0.0842
	57827	0.0853
	58427	0.0855
	59493	0.0857
	54454	0.0864
	58484	0.0889
	59113	0.0899
	58612	0.0923
	57996	0.0928
	57841	0.0938
	58844	0.0942
	59673	0.0947
	59268	0.0963
	57972	0.0965
	56487	0.098
	54374	0.0994
	58626	0.0998
	54336	0.0999
	56885	0.1001
	51636	0.1005
	53727	0.1009
	57511	0.1017
	59271	0.1024
	58707	0.1045
	59488	0.1048
	58824	0.1051
	59270	0.106
	59038	0.1066
	52996	0.1068
	56284	0.1073
	58804	0.1094
	57894	0.1124
	58366	0.1129
	58360	0.1138
	57995	0.1159
	58706	0.1165
	59289	0.1214
	58926	0.1218
	51465	0.1225
	58624	0.1238
	56533	0.1242
	58701	0.1242
	58747	0.1249
	53577	0.1255
	53276	0.1287
	57486	0.1295
	52993	0.1307
	57719	0.1308
	58826	0.1346
	54049	0.1348
	56783	0.1351
	56498	0.1361
	57914	0.1368
	59099	0.1373
	59017	0.1397
	54853	0.1436
	57828	0.1458
	57865	0.146
	57922	0.1483
	57960	0.1483
	57965	0.1483
	50939	0.1484
	57947	0.1505
	54226	0.1511
	50779	0.1543
	58409	0.1543
	57734	0.1555
	59298	0.1556
	57431	0.1581
	56147	0.1582
	57824	0.1583
	57868	0.1589
	59047	0.1593
	53455	0.1634
	58214	0.164
	57829	0.1658
	57835	0.1663
	58736	0.1698
	53906	0.1717
	58715	0.1735
	58569	0.1766
	50742	0.177
	53433	0.177
	50892	0.1775
	59294	0.1792
	56158	0.1804
	57875	0.1845
	58907	0.1864
	58619	0.1874
	58543	0.1897
	56097	0.1903
	59297	0.1913
	57522	0.193
	52885	0.1936
	54436	0.1948
	58223	0.1956
	58712	0.1987
	59241	0.1988
	58704	0.2001
	51334	0.2011
	54231	0.2015
	57891	0.2027
	59288	0.2047
	53644	0.2089
	58836	0.2092
	56096	0.2093
	59279	0.2099
	54047	0.2101
	57662	0.2114
	58431	0.2132
	58837	0.2137
	57851	0.2144
	58754	0.2149
	57896	0.2154
	57485	0.2155
	56380	0.2163
	59242	0.2168
	59058	0.2173
	58749	0.2184
	59663	0.2185
	56272	0.2193
	57859	0.2193
	58135	0.2196
	57649	0.2208
	58415	0.2214
	58714	0.2227
	54541	0.2265
	58509	0.229
	57964	0.2303
	56977	0.2311
	58477	0.2316
	56966	0.2331
	53705	0.2341
	51369	0.2375
	57881	0.2381
	57737	0.239
	54540	0.2407
	57752	0.2414
	58927	0.242
	56095	0.2428
	57883	0.2436
	51730	0.2442
	56876	0.2445
	59847	0.2454
	50862	0.2463
	50833	0.2476
	57303	0.2476
	59235	0.2479
	50425	0.2504
	59427	0.2512
	57304	0.2525
	57728	0.2526
	59435	0.253
	56247	0.255
	57573	0.2551
	57507	0.2553
	59269	0.2568
	58734	0.2574
	56276	0.2594
	58615	0.2632
	58269	0.2637
	59057	0.2637
	57589	0.2652
	58806	0.2662
	50838	0.2686
	57496	0.2701
	58725	0.2729
	56989	0.2738
	50655	0.2746
	50928	0.2755
	54766	0.2778
	59264	0.2783
	57682	0.2789
	59215	0.2805
	51436	0.2808
	57603	0.2821
	50527	0.2823
	58814	0.2828
	56192	0.2839
	56187	0.2847
	56869	0.2851
	59469	0.2869
	59229	0.2889
	59034	0.2896
	56875	0.2903
	58337	0.2959
	58710	0.2973
	57845	0.2974
	59033	0.2975
	56593	0.2977
	56763	0.2994
	50834	0.3017
	57840	0.3021
	59456	0.3024
	57971	0.3032
	57825	0.3034
	59431	0.305
	50936	0.3062
	57907	0.3071
	58158	0.3092
	58629	0.3096
	57545	0.3109
	58818	0.3123
	52869	0.3124
	59031	0.3138
	58918	0.3142
	50745	0.3151
	54332	0.3173
	58735	0.3174
	58600	0.3179
	59266	0.3209
	56395	0.3211
	56964	0.324
	59238	0.3259
	56873	0.3264
	58616	0.3272
	59656	0.3281
	58834	0.3286
	58460	0.3289
	56390	0.329
	56886	0.3303
	56193	0.3305
	58665	0.3329
	50468	0.333
	57564	0.333
	54142	0.3333
	58365	0.3347
	56986	0.3376
	58517	0.3388
	50946	0.3417
	58544	0.3433
	56973	0.3438
	57671	0.3446
	57832	0.345
	54064	0.3461
	50948	0.3462
	56882	0.3465
	50603	0.3511
	56954	0.3512
	59246	0.3512
	58823	0.3528
	57981	0.3532
	52955	0.3562
	58441	0.3567
	51568	0.3593
	54244	0.3612
	53486	0.3624
	57857	0.3627
	59454	0.363
	50727	0.3637
	59001	0.3638
	51639	0.3659
	59849	0.366
	58354	0.3663
	57432	0.3682
	57822	0.3684
	57558	0.3701
	58433	0.3717
	50564	0.3718
	52884	0.374
	58367	0.3759
	57834	0.3793
	54494	0.3798
	54154	0.38
	57577	0.3811
	57975	0.3841
	58625	0.3854
	54273	0.3855
	57876	0.3895
	58401	0.3905
	57735	0.3908
	50937	0.3934
	50949	0.3935
	59004	0.395
	56889	0.3973
	59037	0.3973
	59276	0.3979
	54099	0.3982
	56387	0.3991
	57643	0.3992
	54539	0.4009
	59256	0.4012
	59230	0.4018
	57339	0.4023
	57609	0.4053
	58356	0.4056
	50913	0.4057
	57717	0.408
	58718	0.4122
	50854	0.4127
	53821	0.4139
	54764	0.4141
	57867	0.4167
	51232	0.4168
	56984	0.4186
	59265	0.4193
	59845	0.4278
	52957	0.428
	54286	0.4292
	54569	0.4299
	56182	0.4301
	50778	0.4305
	54575	0.4345
	59278	0.4411
	50950	0.4415
	50985	0.4423
	57583	0.444
	56144	0.4456
	57741	0.4458
	58828	0.4464
	54135	0.4471
	50749	0.4476
	56880	0.4478
	59848	0.4487
	58346	0.449
	58719	0.4496
	59462	0.4502
	57886	0.4507
	54252	0.4528
	59470	0.4546
	56499	0.4547
	59237	0.4571
	58377	0.4572
	54863	0.4578
	58215	0.4599
	59471	0.4605
	51722	0.4617
	57932	0.4617
	50557	0.4623
	54523	0.4631
	54186	0.4647
	50526	0.4652
	57598	0.4656
	59211	0.4663
	50247	0.4666
	57600	0.468
	59228	0.4683
	56871	0.4688
	50647	0.4699
	50852	0.4737
	59664	0.4752
	56881	0.4762
	59023	0.4771
	56992	0.4827
	59255	0.4836
	54292	0.4857
	57498	0.4871
	54590	0.4872
	58635	0.4907
	57821	0.4927
	58637	0.4948
	50739	0.4964
	56995	0.5005
	54285	0.5009
	58358	0.5037
	50646	0.5046
	53343	0.5068
	54261	0.5076
	58724	0.5115
	51477	0.512
	58404	0.5131
	59457	0.5145
	58614	0.5189
	58731	0.5218
	59453	0.5226
	59249	0.5244
	57575	0.5258
	59072	0.5283
	50832	0.5308
	53903	0.536
	57736	0.5365
	59854	0.5376
	54475	0.5382
	54342	0.5397
	50934	0.5406
	57506	0.5406
	54291	0.5421
	52856	0.5424
	57680	0.5426
	58407	0.5455
	54765	0.5466
	54169	0.548
	57866	0.5483
	57673	0.5522
	58537	0.553
	56079	0.5568
	54249	0.5584
	59452	0.5596
	58622	0.5601
	59754	0.5611
	58822	0.5626
	56093	0.5634
	59426	0.5639
	54157	0.5643
	59855	0.565
	58634	0.5656
	58608	0.5681
	59451	0.5681
	54365	0.5711
	56778	0.5714
	59658	0.5739
	59446	0.5752
	57949	0.5753
	58549	0.5753
	56378	0.5797
	59650	0.5801
	57574	0.5808
	59421	0.5832
	50788	0.5866
	58448	0.589
	57874	0.5895
	56376	0.5913
	59254	0.5917
	58646	0.5918
	58742	0.5934
	58602	0.5947
	56996	0.5952
	57604	0.5986
	58527	0.5991
	50566	0.6015
	53764	0.6015
	58426	0.6031
	54276	0.6074
	54333	0.6079
	53696	0.6113
	54474	0.6114
	58713	0.617
	59425	0.6207
	54156	0.6225
	58519	0.6245
	56898	0.6249
	51463	0.628
	54266	0.6319
	59940	0.6324
	54335	0.633
	59758	0.6346
	51328	0.6348
	58362	0.6348
	58642	0.6348
	56288	0.6364
	59632	0.6377
	58421	0.638
	53464	0.6393
	59213	0.6401
	56883	0.6408
	53910	0.6437
	57518	0.6449
	57718	0.6457
	59640	0.6464
	54076	0.6487
	50618	0.651
	50879	0.6513
	58548	0.6518
	52853	0.6522
	57543	0.6547
	56373	0.6567
	58461	0.6582
	58660	0.6594
	54449	0.6644
	54290	0.6645
	53914	0.6678
	59205	0.6709
	57494	0.6724
	58644	0.6826
	50674	0.6851
	54245	0.6861
	59655	0.6869
	56257	0.6902
	56394	0.6919
	50741	0.693
	56991	0.6958
	59856	0.6973
	51467	0.6979
	59429	0.6987
	54065	0.6994
	58567	0.7006
	57661	0.7014
	58467	0.7016
	54254	0.7022
	57962	0.7034
	58633	0.7117
	50639	0.713
	57612	0.7135
	59954	0.7143
	54187	0.7152
	59448	0.7152
	57674	0.7195
	56878	0.72
	58652	0.7203
	56982	0.7205
	58542	0.7205
	59224	0.7214
	50983	0.7218
	52855	0.7239
	56263	0.729
	57110	0.7297
	56267	0.7325
	56374	0.7343
	57562	0.735
	58514	0.7355
	51469	0.7364
	58647	0.7368
	54243	0.7414
	50888	0.7418
	59227	0.7433
	50524	0.744
	58317	0.7455
	58450	0.7468
	59653	0.7496
	54069	0.7497
	59750	0.7535
	54063	0.7607
	50774	0.7613
	56970	0.7616
	54195	0.7635
	57669	0.7669
	50756	0.7671
	58453	0.7677
	59441	0.7697
	57509	0.7727
	51627	0.7796
	59838	0.7798
	56891	0.7843
	58361	0.7888
	50775	0.7964
	59007	0.7966
	58402	0.7968
	58432	0.7978
	54161	0.8003
	54096	0.8061
	56879	0.816
	58508	0.8169
	59851	0.8187
	51238	0.8231
	58449	0.8267
	58419	0.8272
	58512	0.8299
	56959	0.8309
	59449	0.8356
	50755	0.8398
	50878	0.8441
	51559	0.8446
	58468	0.8461
	50525	0.8462
	59647	0.8487
	56251	0.8533
	51629	0.8629
	50978	0.8655
	56167	0.8667
	54401	0.8673
	54349	0.8692
	58462	0.8705
	59654	0.872
	58436	0.8732
	59951	0.8762
	50787	0.8767
	50758	0.8788
	59644	0.8805
	57565	0.8879
	58438	0.8917
	58435	0.8955
	58529	0.8966
	50656	0.8976
	50772	0.9014
	56994	0.9035
	50776	0.9044
	58643	0.9059
	54164	0.9107
	50851	0.912
	50955	0.9128
	58534	0.9236
	57493	0.9386
	58359	0.9406
	58507	0.944
	57566	0.9455
	54260	0.9484
	58530	0.9487
	50871	0.9489
	58437	0.9503
	56985	0.9557
	58632	0.9559
	54363	0.9633
	58459	0.9723
	58510	0.9742
	58446	0.975
	59945	0.9973
	56462	0.9989
	54331	1.007
	54263	1.0072
	50673	1.0107
	58502	1.0177
	58464	1.0207
	51628	1.0239
	50853	1.0293
	58523	1.0367
	56969	1.0382
	54346	1.0384
	57666	1.0591
	50968	1.0625
	58457	1.0642
	58531	1.0647
	50750	1.066
	50963	1.083
	54080	1.0927
	59842	1.0984
	58562	1.1001
	58503	1.1015
	57581	1.1034
	58520	1.1078
	59843	1.1216
	58620	1.128
	54098	1.157
	50877	1.1625
	50958	1.1728
	59948	1.1743
	51330	1.1747
	57571	1.1845
	54353	1.1849
	58557	1.1929
	54165	1.2064
	59941	1.212
	54347	1.2256
	50867	1.3208
	58609	1.3329
	54259	1.3335
	58452	1.3436
	58556	1.3641
	50873	1.3826
	50965	1.4078
	50973	1.4186
	54267	1.4581
	50880	1.479
	54092	1.5095
	56146	1.5347
	50964	1.6011
	54339	1.6192
	50960	1.7099
	50884	1.7251
	50962	1.7683
	57185	1.8405
	54483	2.1501
	57102	2.8048
