	57608	-2.6470800000000003
	57359	-2.5840799999999997
	52972	-2.53315269
	56950	-2.5027199999999996
	54569	-2.45005569
	54113	-2.40007878
	57995	-2.37984
	59124	-2.35932
	57438	-2.29608
	57722	-2.2723199999999997
	58647	-2.18532
	58044	-2.1505199999999998
	57345	-2.10348
	57509	-2.09856
	54530	-2.08241082
	57603	-2.0766
	54528	-2.07647532
	58011	-2.05190235
	59046	-2.0351999999999997
	54907	-2.01818871
	57738	-2.0132399999999997
	56227	-2.00477448
	57698	-2.00112
	54334	-1.99480284
	57682	-1.97628
	58012	-1.96128
	51804	-1.9422143100000002
	57778	-1.9368
	52784	-1.90375227
	51482	-1.8992412900000002
	59246	-1.88472
	59290	-1.8759599999999998
	57604	-1.86072
	54333	-1.85994828
	59427	-1.8584399999999999
	57098	-1.8511185
	58041	-1.8288
	58003	-1.81946817
	54213	-1.80035586
	58002	-1.78990938
	51352	-1.7896719600000002
	51058	-1.77898806
	54906	-1.7759016
	54226	-1.77507063
	54925	-1.76604867
	57385	-1.76604
	57772	-1.76328
	53502	-1.7439686100000003
	57761	-1.74396
	51365	-1.73459052
	59241	-1.73208
	57609	-1.71108
	57095	-1.7081372000000001
	57096	-1.7074211000000001
	54320	-1.69838397
	58004	-1.68128345
	54064	-1.66823163
	54575	-1.6652638800000001
	57891	-1.6614
	58339	-1.65396
	54225	-1.64781351
	59229	-1.64448
	59044	-1.6409999999999998
	54324	-1.61896698
	56317	-1.61647407
	51241	-1.61647407
	54917	-1.6072146900000002
	57089	-1.59964805
	57511	-1.5975599999999999
	57093	-1.5959482
	57872	-1.587
	54915	-1.5712455600000002
	57099	-1.56169475
	59640	-1.55976
	58269	-1.5591599999999999
	54622	-1.5586623
	54923	-1.5404996700000002
	57513	-1.5297599999999998
	54662	-1.52767899
	57259	-1.5157199999999997
	54533	-1.51295895
	57192	-1.51061295
	58036	-1.5058799999999999
	51377	-1.5046492500000002
	58341	-1.4994
	57523	-1.49004
	54579	-1.4828066100000001
	57506	-1.48248
	59264	-1.48152
	58265	-1.4813999999999998
	57094	-1.4801787
	58433	-1.4761199999999999
	58013	-1.47528
	54905	-1.47117303
	54613	-1.46048913
	59097	-1.4481600000000001
	54534	-1.44648135
	54619	-1.44173295
	55228	-1.4381716500000001
	57600	-1.4380799999999998
	59456	-1.43736
	57803	-1.43436
	57754	-1.4304
	57720	-1.42944
	58731	-1.42776
	57835	-1.4257199999999999
	54535	-1.4257071000000001
	57671	-1.4254799999999999
	54909	-1.42368903
	51886	-1.41894063
	59647	-1.41768
	59454	-1.40808
	57183	-1.4047495
	59125	-1.40292
	56496	-1.40004
	57492	-1.39896
	57752	-1.39068
	57519	-1.3851600000000002
	54245	-1.38154698
	51133	-1.37442438
	57268	-1.37028
	59134	-1.36392
	58008	-1.36142545
	57763	-1.3599599999999998
	59254	-1.35672
	54252	-1.35317529
	54612	-1.3521069000000001
	54927	-1.34902044
	56949	-1.34472
	58547	-1.3414799999999998
	57249	-1.34016
	53517	-1.33584363
	59655	-1.32696
	54328	-1.3236165
	54335	-1.32207327
	54914	-1.32183585
	54336	-1.3206487500000001
	53512	-1.3183932600000001
	54920	-1.3182745500000002
	54132	-1.3159003500000002
	59116	-1.3145999999999998
	51495	-1.3033170900000002
	57875	-1.299
	59047	-1.29876
	54486	-1.2939390000000002
	54438	-1.29334545
	54483	-1.29227706
	58259	-1.2920399999999999
	57193	-1.2849221
	57744	-1.28424
	57771	-1.2836400000000001
	57090	-1.2801481
	57773	-1.27908
	58517	-1.27896
	52679	-1.26556731
	54523	-1.26283698
	57086	-1.2608134
	51369	-1.2607002
	57256	-1.25988
	57398	-1.2572400000000001
	57760	-1.2565199999999999
	54540	-1.2557143800000001
	59255	-1.2546000000000002
	54470	-1.25025372
	57874	-1.24776
	54047	-1.24657371
	57195	-1.24637205
	54337	-1.24503048
	58415	-1.24476
	59256	-1.2426000000000001
	57719	-1.24212
	59102	-1.2408
	54027	-1.2393324000000001
	57674	-1.2332400000000001
	59096	-1.2306000000000001
	56669	-1.22916
	58402	-1.2267599999999999
	57388	-1.2229199999999998
	56396	-1.2202799999999998
	54065	-1.21986396
	56756	-1.2159600000000002
	58666	-1.2149999999999999
	59109	-1.2149999999999999
	59074	-1.20924
	54531	-1.20823038
	54584	-1.2030071400000002
	58301	-1.2020932000000002
	54325	-1.2013452
	54321	-1.2006329400000002
	51059	-1.20003939
	54603	-1.198971
	57832	-1.19856
	54475	-1.19695293
	58569	-1.18692
	51329	-1.18223289
	51346	-1.18128321
	57673	-1.18068
	57871	-1.1768399999999999
	57605	-1.17228
	59209	-1.1712
	57713	-1.1706
	57867	-1.1682
	54115	-1.16549478
	57865	-1.1627999999999998
	57516	-1.161
	59045	-1.15992
	57498	-1.1526
	57669	-1.14996
	58001	-1.14874375
	54904	-1.14721344
	59227	-1.14624
	53696	-1.1431773
	56873	-1.14264
	51367	-1.13118759
	58016	-1.1292
	54916	-1.1257269300000001
	54563	-1.1256082200000002
	58113	-1.12476
	58030	-1.1226404700000001
	54423	-1.12169079
	59304	-1.11672
	59319	-1.1128799999999999
	57776	-1.1081999999999999
	58735	-1.10628
	54472	-1.1030533200000001
	57786	-1.101
	58020	-1.10091654
	57182	-1.0987361
	57718	-1.098
	58255	-1.0961999999999998
	57067	-1.09455885
	52607	-1.09035135
	57731	-1.0836
	58116	-1.08012
	54214	-1.07978616
	57696	-1.0795199999999998
	57606	-1.07868
	54623	-1.07646228
	54161	-1.07586873
	58035	-1.07136
	57710	-1.06704
	54218	-1.06304805
	57417	-1.06284
	54453	-1.06174224
	57510	-1.05924
	57520	-1.05804
	58362	-1.0565
	59059	-1.0562399999999998
	57181	-1.0483704
	54568	-1.04559768
	56966	-1.0449599999999999
	54316	-1.0422738
	57191	-1.04180615
	54122	-1.04013702
	58005	-1.035958
	59293	-1.035
	54614	-1.03313313
	54517	-1.03123377
	58725	-1.02888
	57663	-1.02576
	54455	-1.0254169800000001
	54541	-1.02470472
	54231	-1.0214995500000001
	58548	-1.01952
	59419	-1.01808
	58320	-1.01796
	51435	-1.0160388900000001
	54918	-1.01461437
	54313	-1.01271501
	57298	-1.0099396999999999
	58102	-1.00968
	54323	-1.00879758
	58633	-1.0063199999999999
	58818	-1.0062
	57762	-1.005
	57297	-1.0037335
	56788	-1.00332
	58556	-1.00248
	58338	-0.9997199999999999
	57522	-0.9992399999999999
	54342	-0.99740142
	56499	-0.99696
	58734	-0.99696
	59065	-0.9961199999999999
	59107	-0.9959999999999999
	58823	-0.9949199999999999
	56751	-0.9935999999999999
	58843	-0.9932399999999999
	54039	-0.99051624
	56976	-0.99048
	58429	-0.987
	56045	-0.98588655
	57796	-0.9822
	52787	-0.9803071800000001
	57909	-0.97944
	58401	-0.9787199999999999
	59644	-0.97368
	52656	-0.97330329
	57087	-0.9704348500000001
	59249	-0.9702
	58264	-0.96756
	58477	-0.9648
	57299	-0.9645867
	57598	-0.96276
	58821	-0.96276
	56946	-0.9624
	53195	-0.9595329300000001
	57736	-0.9566399999999999
	59653	-0.9538800000000001
	58337	-0.9519599999999999
	59094	-0.9516
	57415	-0.951
	58356	-0.9499199999999999
	54911	-0.9418451400000001
	53602	-0.9414890100000001
	57075	-0.9414328
	59057	-0.9403199999999999
	57437	-0.93696
	57708	-0.9356399999999999
	58249	-0.9356399999999999
	54660	-0.93484125
	57296	-0.9328396
	59033	-0.93012
	56954	-0.92868
	59122	-0.9267599999999999
	54331	-0.92486961
	57566	-0.92292
	57265	-0.9206399999999999
	58111	-0.9201885000000001
	57942	-0.9199199999999998
	52876	-0.91940895
	58637	-0.9193199999999999
	54102	-0.91834056
	56755	-0.9168
	57962	-0.9159599999999999
	59058	-0.91584
	54267	-0.91311732
	58463	-0.9125
	57091	-0.9117146500000001
	51137	-0.90836892
	54430	-0.9081315000000001
	57184	-0.9058665
	58365	-0.905
	58416	-0.89328
	58017	-0.88999295
	59114	-0.8898
	57469	-0.8883599999999999
	53419	-0.8879508
	56881	-0.88764
	57486	-0.88752
	57777	-0.87672
	54610	-0.87501141
	57395	-0.8749199999999999
	54849	-0.8737056
	54645	-0.87156882
	54826	-0.86575203
	54332	-0.86527719
	57502	-0.8652
	58745	-0.86496
	54319	-0.8636152500000001
	54134	-0.8575610400000001
	59316	-0.8560800000000001
	52868	-0.85494942
	59127	-0.84792
	58905	-0.8472
	57821	-0.846
	57477	-0.84564
	56752	-0.84432
	58241	-0.84432
	57512	-0.8434799999999999
	58335	-0.84324
	58507	-0.84324
	54454	-0.8430784200000001
	58336	-0.8426400000000001
	58214	-0.8418
	57955	-0.8374799999999999
	54827	-0.8373803400000001
	58268	-0.8358
	59071	-0.8327999999999999
	57143	-0.83203839
	57860	-0.83112
	58918	-0.82524
	57834	-0.82332
	58846	-0.82092
	59297	-0.82068
	58906	-0.81972
	51430	-0.819099
	54921	-0.81518157
	54254	-0.81280737
	56399	-0.81204
	58542	-0.8112
	57780	-0.8068799999999999
	57248	-0.80687187
	56889	-0.80628
	51542	-0.8050912200000001
	57734	-0.8009999999999999
	59289	-0.79992
	59313	-0.79992
	54476	-0.7951195799999999
	54527	-0.7939324799999999
	56948	-0.7881600000000001
	54590	-0.78811569
	58404	-0.786
	57186	-0.78591975
	58414	-0.78588
	57565	-0.78372
	57732	-0.78228
	57253	-0.78048
	54919	-0.77565114
	51463	-0.7737517800000001
	58927	-0.7709999999999999
	58207	-0.7705236
	58158	-0.7704
	59224	-0.7661999999999999
	59449	-0.76572
	58737	-0.7623599999999999
	57889	-0.76068
	59448	-0.7551599999999999
	54932	-0.7545207600000001
	57881	-0.75252
	58367	-0.7514
	57661	-0.75012
	54362	-0.74727945
	54818	-0.7454988
	57363	-0.74496
	59500	-0.74496
	51571	-0.74466783
	53992	-0.7433118000000001
	59022	-0.7375200000000001
	59242	-0.73644
	59451	-0.73404
	58514	-0.73284
	58820	-0.73176
	59131	-0.72924
	54908	-0.7284045600000001
	51356	-0.7273361700000001
	57518	-0.7269599999999999
	54452	-0.72448713
	59228	-0.7238399999999999
	58546	-0.72144
	59099	-0.7209599999999999
	58424	-0.71964
	51431	-0.71962002
	57499	-0.71952
	51358	-0.71950131
	53231	-0.71736453
	57723	-0.7162799999999999
	54807	-0.71617743
	54940	-0.71095419
	50879	-0.7103606400000001
	59317	-0.71016
	57825	-0.7089599999999999
	58040	-0.70848
	57595	-0.70728
	57743	-0.7034400000000001
	57634	-0.70188
	59310	-0.6985199999999999
	51434	-0.6970651200000001
	54244	-0.69647157
	54848	-0.6963528600000001
	58101	-0.69545245
	59088	-0.69384
	57271	-0.6924687
	59061	-0.6922799999999999
	58311	-0.68904
	58693	-0.6884399999999999
	53995	-0.6884108
	54620	-0.68365089
	57326	-0.6824399999999999
	57646	-0.67992
	51328	-0.67866507
	50775	-0.67735926
	56854	-0.6738
	57328	-0.6738
	58484	-0.67356
	58257	-0.6716399999999999
	54935	-0.6707115
	53433	-0.66691278
	57077	-0.66585365
	57494	-0.66336
	58319	-0.66276
	53986	-0.6621537999999999
	58006	-0.6616764
	56594	-0.6612
	59051	-0.6584399999999999
	59055	-0.6574800000000001
	54346	-0.65634759
	58634	-0.6556799999999999
	58027	-0.65484
	54815	-0.65266758
	59205	-0.6516000000000001
	51477	-0.6505308000000001
	57822	-0.65016
	51567	-0.6474443400000001
	54243	-0.64495143
	58343	-0.64476
	59492	-0.64128
	57257	-0.6392399999999999
	53983	-0.63888055
	57445	-0.6372
	54929	-0.63664173
	57505	-0.6364799999999999
	58442	-0.636
	57973	-0.6342
	57381	-0.63384
	56395	-0.6324
	58015	-0.63216
	54349	-0.63118107
	54626	-0.63070623
	57846	-0.6282
	57508	-0.62556
	54751	-0.6231087900000001
	57489	-0.62064
	54910	-0.61990362
	59271	-0.61932
	57699	-0.6170399999999999
	57882	-0.61608
	50884	-0.61432425
	53446	-0.61384941
	57426	-0.6137999999999999
	58366	-0.6119
	58643	-0.6110399999999999
	58247	-0.61044
	59303	-0.60804
	57839	-0.60576
	56247	-0.6052799999999999
	54286	-0.60352164
	57742	-0.6003599999999999
	59659	-0.6003599999999999
	53276	-0.59580549
	58804	-0.5950799999999999
	53730	-0.59366871
	51145	-0.5933125800000001
	57625	-0.5930399999999999
	54237	-0.5922441900000001
	57792	-0.58848
	54260	-0.58785192
	50873	-0.58702095
	51470	-0.5863086900000001
	50524	-0.58607127
	57057	-0.5854777200000001
	54093	-0.5844093300000001
	54752	-0.58357836
	57936	-0.58356
	58361	-0.5835
	51777	-0.57882996
	58736	-0.57684
	59064	-0.576
	57809	-0.57588
	57491	-0.57504
	59318	-0.57444
	53348	-0.5742002700000001
	54363	-0.57289446
	57405	-0.57144
	51243	-0.5709951
	59012	-0.5688
	53614	-0.56767122
	59113	-0.56724
	54187	-0.56612799
	54353	-0.5660092800000001
	57389	-0.5638799999999999
	56674	-0.56364
	59298	-0.56364
	57740	-0.56268
	50948	-0.56102346
	59238	-0.56028
	57414	-0.5594399999999999
	54617	-0.55769958
	53513	-0.5567499
	58100	-0.55581295
	58024	-0.5549692500000001
	58210	-0.55248
	54609	-0.54998343
	51931	-0.54986472
	56872	-0.5491199999999999
	59322	-0.54816
	54819	-0.54618471
	58407	-0.54528
	58351	-0.54504
	57574	-0.53928
	57185	-0.53886525
	57180	-0.5385072
	57996	-0.5376
	50978	-0.53692533
	53707	-0.53668791
	59072	-0.53508
	53993	-0.532301
	57735	-0.53208
	58007	-0.5320623
	52797	-0.53098983
	58431	-0.53064
	57737	-0.5267999999999999
	57662	-0.5264399999999999
	58377	-0.5226
	54031	-0.52196787
	56584	-0.52164
	57666	-0.5179199999999999
	53519	-0.5163885
	58907	-0.51468
	59421	-0.5136
	54606	-0.51223365
	57085	-0.5110567
	54722	-0.50985945
	57399	-0.50952
	51378	-0.50772267
	57390	-0.50664075
	56593	-0.501
	51238	-0.50000652
	59269	-0.49884
	59270	-0.49859999999999993
	57717	-0.49595999999999996
	57541	-0.49488
	54326	-0.49466457
	57278	-0.49416
	52643	-0.49312134
	58629	-0.49235999999999996
	58021	-0.49229037000000003
	57887	-0.49067999999999995
	58625	-0.48912
	57990	-0.48756
	56673	-0.48660000000000003
	58202	-0.48660000000000003
	58602	-0.48660000000000003
	52895	-0.4843368
	58558	-0.48227999999999993
	58623	-0.48227999999999993
	58814	-0.48227999999999993
	58323	-0.4818
	51359	-0.48148776000000004
	58334	-0.4812
	51379	-0.48030066000000005
	52602	-0.47982582
	58567	-0.4788
	57129	-0.47424645000000004
	59754	-0.47375999999999996
	52874	-0.46759869
	51467	-0.46724256000000003
	54936	-0.46700514000000004
	57343	-0.46605546000000003
	56592	-0.46488
	58523	-0.46343999999999996
	52963	-0.46095093
	51655	-0.46071351
	57976	-0.45863999999999994
	57416	-0.45792
	58369	-0.4563
	57324	-0.45443999999999996
	55294	-0.45418446
	53336	-0.45359091
	57851	-0.45336
	51232	-0.45204768000000006
	56688	-0.45167999999999997
	57558	-0.4458
	52884	-0.44551863
	57741	-0.44148
	58912	-0.44064000000000003
	53324	-0.44029539
	59480	-0.43896
	55696	-0.43792119
	59452	-0.43439999999999995
	51469	-0.4332915
	58326	-0.43211999999999995
	54725	-0.43103600999999997
	52896	-0.42984891
	59320	-0.42876
	58917	-0.42816
	58933	-0.42707999999999996
	54471	-0.42699987000000006
	57279	-0.4266
	59453	-0.42636
	58468	-0.42539999999999994
	59493	-0.42312
	50880	-0.42296373000000004
	59041	-0.42252
	54205	-0.42237018000000004
	56962	-0.42168
	50937	-0.42047082
	53693	-0.41963985
	56781	-0.41879999999999995
	54939	-0.41584113
	57361	-0.41484
	58329	-0.41447999999999996
	57902	-0.414
	57083	-0.41307035000000003
	53420	-0.41287338
	53699	-0.41121144
	54499	-0.40859982
	52885	-0.40776885000000007
	58624	-0.40607999999999994
	58503	-0.40284
	50934	-0.40266432
	59092	-0.40247999999999995
	54604	-0.40195206000000006
	58819	-0.40140000000000003
	50954	-0.40052754
	54259	-0.39767850000000005
	54808	-0.39744108
	50526	-0.39613527
	54755	-0.39566043
	57496	-0.3936
	59075	-0.39348
	57992	-0.39252
	51573	-0.39008106000000003
	59117	-0.38964
	53518	-0.38925009000000005
	57988	-0.38892
	57906	-0.38843999999999995
	52968	-0.38806299000000005
	57965	-0.38711999999999996
	59126	-0.38292
	57274	-0.38287479999999996
	50727	-0.37476747
	57728	-0.3744
	58342	-0.37428
	55437	-0.3715623
	58601	-0.3696
	55773	-0.36811971
	58834	-0.36684
	58238	-0.36528
	59034	-0.36528
	57729	-0.36432
	54922	-0.3620655
	57295	-0.36186920000000006
	57231	-0.36135324
	53791	-0.36123453000000005
	58606	-0.35988
	59025	-0.35951999999999995
	56493	-0.35808
	57657	-0.35772
	58154	-0.35711999999999994
	57870	-0.35591999999999996
	54248	-0.35577387000000005
	57362	-0.35568
	53998	-0.35554365
	57281	-0.35315665
	58025	-0.35185644
	50425	-0.35185644
	53457	-0.35114418000000003
	58420	-0.35015999999999997
	57793	-0.34968
	58926	-0.34896
	56772	-0.34836
	57370	-0.34764
	58345	-0.3474
	58208	-0.34575695
	57333	-0.34572
	56842	-0.34487999999999996
	57462	-0.34115999999999996
	57921	-0.34104
	58331	-0.33804
	57198	-0.33716375
	51633	-0.33678027000000005
	59235	-0.33515999999999996
	50987	-0.33511833
	58632	-0.33492
	56793	-0.33468
	57774	-0.33312
	53948	-0.33143832
	58563	-0.32927999999999996
	51855	-0.32799573
	59053	-0.32736
	50603	-0.32633379
	57649	-0.32604
	58744	-0.32544
	51087	-0.32194152
	53994	-0.31878385
	54291	-0.31802409000000004
	57517	-0.31764
	56875	-0.31644
	54063	-0.31588731000000003
	54615	-0.31481892
	57974	-0.31464
	51353	-0.31208859000000005
	58500	-0.30972
	57991	-0.30912
	54117	-0.30852729
	51829	-0.30757761
	53352	-0.30734019
	57779	-0.30612
	59473	-0.30528
	54437	-0.30366018000000006
	56757	-0.30204
	54236	-0.30199824000000003
	57040	-0.30104856
	57254	-0.29938662
	59321	-0.29832
	59446	-0.29796
	58719	-0.29784
	58460	-0.2957
	59211	-0.29135999999999995
	57348	-0.29052
	57481	-0.2904
	56777	-0.29028
	58707	-0.28896
	52546	-0.2884653
	54377	-0.28775304
	58344	-0.2868
	57586	-0.28632
	57941	-0.285
	59091	-0.28476
	56959	-0.2838
	59106	-0.28212
	56785	-0.282
	57907	-0.2814
	57461	-0.28008
	57883	-0.27924
	58353	-0.27887999999999996
	56944	-0.27408
	59294	-0.2736
	57958	-0.273
	59087	-0.2724
	52576	-0.26721621
	57949	-0.2658
	58408	-0.26508
	57612	-0.26448
	57966	-0.26208
	57055	-0.25748199
	58550	-0.25655999999999995
	59441	-0.25644
	53611	-0.25368327
	57044	-0.25308972
	57260	-0.25295999999999996
	56748	-0.25236
	59285	-0.24659999999999999
	57853	-0.24383999999999997
	57048	-0.24347421000000002
	50983	-0.24098130000000004
	58358	-0.24012
	57575	-0.23903999999999997
	58237	-0.23867999999999998
	57053	-0.23848839
	58317	-0.23736
	50985	-0.23730129
	54706	-0.23611419
	54080	-0.23540193
	56782	-0.23412
	54172	-0.23255288999999998
	59635	-0.23207999999999998
	57642	-0.23135999999999998
	57285	-0.23070355
	57636	-0.22764
	54208	-0.22364964
	59093	-0.22271999999999997
	53704	-0.22020705000000002
	59856	-0.21948
	57798	-0.21912
	54135	-0.21462768
	56786	-0.21384
	59425	-0.21336000000000002
	54715	-0.21154122
	57868	-0.20868
	54938	-0.2065554
	58026	-0.20543999999999998
	54728	-0.20429991
	59037	-0.20376
	58748	-0.20196
	53988	-0.2012241
	54723	-0.20097603000000003
	57972	-0.1986
	58032	-0.19622763000000001
	57781	-0.19548
	58306	-0.19512
	50527	-0.19504053000000002
	51642	-0.19492182000000002
	54339	-0.19456568999999999
	52974	-0.19420956
	57339	-0.19416
	59081	-0.1938
	56312	-0.1934973
	54234	-0.19254762000000003
	57039	-0.19242891
	53873	-0.18898632
	50525	-0.1875618
	58570	-0.18575999999999998
	51068	-0.18483147000000003
	58122	-0.18144
	58828	-0.1812
	50632	-0.18008307
	56598	-0.17975999999999998
	57811	-0.17712
	54439	-0.1768779
	59082	-0.17628
	59213	-0.17532
	50928	-0.17474112
	58203	-0.17268
	57431	-0.1722
	58251	-0.17136
	59284	-0.17112
	53367	-0.1709424
	58553	-0.16812
	56664	-0.16656
	52652	-0.16631271
	51433	-0.16476948000000002
	56996	-0.16356
	51559	-0.16334496
	58549	-0.16032
	53697	-0.15990237
	53989	-0.15754200000000002
	53357	-0.15657849
	59650	-0.1554
	54828	-0.15515397000000003
	58472	-0.1548
	57153	-0.15420429
	58354	-0.15191999999999997
	56768	-0.15144
	51827	-0.1507617
	57679	-0.1452
	57975	-0.14376
	57585	-0.14076
	57688	-0.13824
	53959	-0.13711005
	58316	-0.13656
	58461	-0.136
	57038	-0.13509198
	52267	-0.1329552
	50655	-0.13164939
	57680	-0.13164
	57413	-0.12972
	54497	-0.12963132000000002
	54842	-0.12666357
	57420	-0.12576
	57866	-0.12431999999999999
	59052	-0.12348
	59268	-0.12156
	58205	-0.12137895
	52657	-0.12060936
	56878	-0.1188
	51828	-0.11764161
	51330	-0.1163358
	58034	-0.11609838
	57349	-0.11532
	54855	-0.11301192000000002
	56985	-0.1122
	54851	-0.11051901
	58215	-0.10824
	50888	-0.10778868000000001
	52681	-0.10731384
	57476	-0.10632
	53790	-0.10612674
	57562	-0.10451999999999999
	57960	-0.10404
	53881	-0.10292157
	57261	-0.09989595
	51765	-0.09852930000000001
	54900	-0.09631545
	57824	-0.09563999999999999
	56871	-0.09527999999999999
	57554	-0.09395999999999999
	51636	-0.0902196
	59137	-0.08688
	53689	-0.08677701
	56879	-0.08628000000000001
	52978	-0.08606475
	51357	-0.08523378000000001
	56116	-0.08511507
	54636	-0.08452152
	57306	-0.08436
	52101	-0.08321571
	58438	-0.08292
	57317	-0.08195999999999999
	58929	-0.08171999999999999
	57845	-0.08136
	57584	-0.08016
	58559	-0.07703999999999998
	58928	-0.07692
	53149	-0.07680537
	57899	-0.07392
	58427	-0.07296
	54076	-0.07063245
	52515	-0.06920793
	54338	-0.06908922
	53698	-0.0688518
	58426	-0.06792
	59485	-0.06767999999999999
	58635	-0.06095999999999999
	58615	-0.05832
	57989	-0.05412
	58360	-0.05316
	57173	-0.0522753
	57507	-0.051719999999999995
	59631	-0.051719999999999995
	54474	-0.05033304
	57658	-0.04944
	54285	-0.04914594
	57432	-0.04584
	57571	-0.04272
	58246	-0.039119999999999995
	54449	-0.03881817
	52745	-0.038580750000000004
	57633	-0.03576
	59431	-0.03576
	57033	-0.035375580000000004
	58243	-0.03396
	53610	-0.033832350000000004
	58467	-0.02736
	56869	-0.02676
	58220	-0.0246
	57411	-0.024480000000000002
	57396	-0.02351195
	57080	-0.0171864
	59276	-0.01644
	51826	-0.01555101
	54700	-0.01507617
	56984	-0.011159999999999998
	54156	-0.01104003
	57978	-0.01104
	56575	-0.00984
	59501	-0.00924
	53617	-0.00819099
	58813	-0.00732
	58107	-0.00564
	58530	0.0012
	59265	0.00216
	56004	0.0023742
	57844	0.006959999999999999
	54943	0.00771615
	59417	0.00972
	57994	0.00984
	54518	0.009852930000000001
	58607	0.01044
	56975	0.01056
	58936	0.01068
	56969	0.010920000000000001
	57964	0.010920000000000001
	51568	0.01127745
	57493	0.01164
	58230	0.01236
	58921	0.01368
	57056	0.013844599999999999
	50946	0.014601330000000001
	58836	0.016679999999999997
	57042	0.017687790000000002
	57623	0.02088
	59130	0.02328
	58646	0.024480000000000002
	56883	0.027
	56034	0.029677500000000002
	50973	0.030033630000000002
	58605	0.03084
	58352	0.03288
	54601	0.03454461
	52765	0.03668139
	54608	0.03703752
	53884	0.03727494
	52674	0.038580750000000004
	57859	0.0402
	57176	0.04069835
	56761	0.04548
	59656	0.04752
	54406	0.04784013
	57308	0.048
	53782	0.04914594
	58751	0.05064
	57029	0.05235111
	54494	0.05318208
	54913	0.057930480000000006
	56961	0.059039999999999995
	59001	0.059039999999999995
	59324	0.06132
	57637	0.06372
	57915	0.06492
	57126	0.06493437
	58509	0.06552
	51436	0.06576534
	58544	0.06744
	51722	0.06766470000000001
	58147	0.06816
	59007	0.06888
	58664	0.07116
	58942	0.07164
	56223	0.07371891000000001
	57251	0.0744
	58730	0.07524
	59502	0.07584
	54293	0.07751763
	57758	0.07812000000000001
	59654	0.07955999999999999
	57799	0.08136
	58543	0.08471999999999999
	58022	0.08630217
	56492	0.0876
	57947	0.08868
	54436	0.09045702000000001
	57273	0.09058664999999999
	53788	0.09152541
	53810	0.09152541
	51716	0.09591768
	54041	0.09651123
	57789	0.09803999999999999
	58826	0.09816
	59941	0.09863999999999999
	54727	0.09995382
	57232	0.10256544000000001
	57081	0.1028797
	57049	0.10375254
	52862	0.10541448
	52863	0.10612674
	54327	0.10719513000000001
	57037	0.10743255
	53533	0.10850094
	58508	0.10944
	57045	0.11146869
	50844	0.11253708
	50755	0.11479257
	57581	0.11831999999999998
	59429	0.11856
	54532	0.11894742
	56846	0.11903999999999999
	58462	0.1208
	56774	0.12288
	57948	0.12288
	52436	0.1258326
	58627	0.1284
	58626	0.12888
	50955	0.13046229
	58454	0.13284
	58903	0.13319999999999999
	53792	0.13592295000000001
	57886	0.13716
	54432	0.13758489000000002
	56851	0.13835999999999998
	58143	0.13848
	57905	0.13943999999999998
	51465	0.14090877000000002
	57132	0.14138361
	54817	0.14166845
	56491	0.14184
	52323	0.14280813
	58631	0.14448
	58724	0.1464
	59288	0.14784
	57315	0.14867999999999998
	58718	0.14904
	57144	0.15016815
	57985	0.15036
	58654	0.15059999999999998
	51802	0.15111783
	58923	0.1518
	50756	0.15289848
	58150	0.159
	57175	0.16016770000000002
	54092	0.16192044
	57194	0.16434495
	58701	0.16548
	50779	0.16643142
	54351	0.16904304
	59279	0.16956000000000002
	54945	0.17023014
	57032	0.17141724
	57245	0.17343531
	59266	0.18
	57156	0.18356029999999998
	56876	0.18984
	57514	0.1914
	59215	0.19224
	58450	0.19824
	54539	0.19860183
	57179	0.19919515
	52661	0.19978893
	57927	0.20016
	56964	0.20052
	57425	0.20076
	59470	0.20184
	58667	0.20232
	57908	0.20256
	53985	0.2031337
	54512	0.20394378000000002
	57687	0.20448
	58555	0.20532
	57060	0.20679282
	54624	0.20691153
	54724	0.20703024
	58612	0.21
	58314	0.21072
	57041	0.21094767
	53492	0.21130379999999999
	58131	0.21144
	53272	0.213678
	57816	0.21372
	57458	0.22032000000000002
	57465	0.22032000000000002
	54434	0.22032575999999998
	54026	0.22234383
	53879	0.22483674000000003
	54525	0.22483674000000003
	53980	0.22661739
	54832	0.23219676
	57739	0.23304
	58510	0.23651999999999998
	50871	0.24050646
	59469	0.24192
	58117	0.24228
	57402	0.24287999999999998
	57247	0.24359292
	56843	0.24924
	57640	0.25044
	54412	0.25083423
	58245	0.25092
	56856	0.25164
	52889	0.25629489
	58557	0.25704
	59133	0.261
	53878	0.261162
	56228	0.26151813
	56267	0.26184
	56840	0.26436
	56487	0.26616
	50566	0.26733492000000003
	52869	0.26769105000000004
	59626	0.26784
	54912	0.26887815000000004
	50892	0.26923428
	52855	0.26923428
	57169	0.269731
	56867	0.26976
	54165	0.27338913000000004
	50956	0.27445752
	52980	0.27469494
	54186	0.27493236
	56790	0.27587999999999996
	56595	0.27864
	57137	0.27873108
	51526	0.27979947
	54774	0.2801556
	56989	0.2802
	53593	0.28205496
	57540	0.28332
	58148	0.2868
	56951	0.28824
	54732	0.28882143
	53343	0.29095821000000005
	53795	0.29879307
	57573	0.30072
	54290	0.30342276
	57408	0.3066
	54718	0.30935826
	57993	0.31451999999999997
	57910	0.31655999999999995
	57614	0.31764
	59954	0.31788
	58330	0.31883999999999996
	55655	0.31909248
	53612	0.32752089
	50434	0.32870799
	52875	0.32942025
	54822	0.32965767
	56863	0.32987999999999995
	58565	0.33047999999999994
	57536	0.3312
	58236	0.33155999999999997
	59951	0.33276
	54764	0.33333768
	58449	0.33383999999999997
	54621	0.33654285
	57162	0.33692505
	58520	0.3372
	51839	0.34129125
	53799	0.34390287
	54142	0.34449642
	57447	0.34559999999999996
	58443	0.34692
	53961	0.34710804
	59488	0.348
	57900	0.34836
	58704	0.34836
	56880	0.35064
	59090	0.35196
	57293	0.35220185
	57047	0.35280612000000006
	56106	0.35292483
	58822	0.35351999999999995
	57841	0.35424
	53289	0.35684225999999997
	58130	0.36084
	51438	0.36111582000000003
	50940	0.36242163000000005
	53770	0.36337131
	56178	0.36456
	59457	0.36648
	57912	0.3666
	54169	0.36740745
	58944	0.36779999999999996
	57482	0.36828
	54596	0.3691881
	54726	0.36966294000000005
	52986	0.37025649000000005
	57911	0.37104
	56763	0.37343999999999994
	54716	0.37536102
	56649	0.37668
	51711	0.37726038000000006
	59945	0.378
	58600	0.3804
	51156	0.38070297
	56898	0.38255999999999996
	59462	0.38304
	51060	0.38331459000000007
	57035	0.38485782
	54098	0.38557008
	56641	0.38855999999999996
	59855	0.393
	58244	0.39348
	53991	0.39564525
	57439	0.3972
	58451	0.3996
	59306	0.40007999999999994
	51707	0.40100238
	59031	0.40115999999999996
	56891	0.40212
	53695	0.40325787
	58126	0.40440000000000004
	54276	0.40468239
	51810	0.40468239
	58432	0.40475999999999995
	54154	0.4048011
	50349	0.4059882
	56586	0.41279999999999994
	58109	0.41279999999999994
	56994	0.41579999999999995
	53984	0.41605410000000004
	59435	0.42119999999999996
	58562	0.42479999999999996
	54157	0.42711858
	55279	0.42866181
	53950	0.42925536
	53997	0.42930195000000004
	59475	0.43116
	54049	0.43435989
	57140	0.43459731
	51644	0.43720893000000005
	54837	0.43756506
	59237	0.43956
	54749	0.43982055000000003
	53895	0.44480637
	57857	0.44483999999999996
	56046	0.44706186
	57807	0.4506
	57387	0.45167999999999997
	57981	0.45431999999999995
	54594	0.45667737
	56882	0.45815999999999996
	56479	0.45888
	57197	0.45985554999999995
	53384	0.46000125000000003
	57589	0.46068
	58946	0.46271999999999996
	56038	0.46428
	52982	0.46439352
	58327	0.46475999999999995
	59426	0.46871999999999997
	58752	0.47063999999999995
	53705	0.47210967000000004
	57913	0.47375999999999996
	57313	0.47531999999999996
	58824	0.47663999999999995
	53899	0.47673936000000006
	54701	0.47685807
	57903	0.47712
	58452	0.47867999999999994
	54519	0.47923227
	58419	0.47952
	58848	0.4806
	57896	0.48095999999999994
	59023	0.4824
	53982	0.48312879999999997
	56666	0.48575999999999997
	56393	0.48732
	58224	0.48744
	52842	0.48813552000000004
	50878	0.48872907000000004
	57582	0.49284
	53594	0.49347747000000003
	56434	0.49395231000000006
	58911	0.49524
	54861	0.49822587
	56684	0.49872
	57134	0.49881942
	52446	0.49893813000000004
	56665	0.50088
	53896	0.50202459
	57485	0.5022
	54801	0.50748525
	56844	0.50844
	57196	0.50998255
	54431	0.5106904200000001
	57177	0.51069865
	53789	0.5127084900000001
	54766	0.51413301
	53543	0.51472656
	59287	0.5161199999999999
	50979	0.51710076
	53894	0.51769431
	59478	0.51828
	59278	0.5202
	58234	0.5204399999999999
	58421	0.5221199999999999
	50776	0.52339239
	52984	0.52362981
	54816	0.52600401
	54308	0.52624143
	54734	0.5275472400000001
	57043	0.52897176
	54804	0.53098983
	57813	0.53652
	53618	0.5365692000000001
	53619	0.53728146
	58932	0.5382
	53694	0.53846856
	57320	0.5388
	50674	0.53941824
	50767	0.53953695
	56697	0.53988
	58254	0.54132
	54759	0.54297954
	54830	0.54654084
	51639	0.5515266600000001
	54852	0.5522389200000001
	54834	0.55271376
	58108	0.55332
	55680	0.5546131200000001
	54386	0.55734345
	54429	0.55769958
	58359	0.5578799999999999
	59038	0.55848
	58125	0.56004
	53783	0.56173572
	53796	0.5626854
	58140	0.56292
	57072	0.5638094
	53965	0.5686209
	58747	0.56868
	50854	0.56897703
	53963	0.57194478
	54072	0.5723009099999999
	58512	0.57264
	57678	0.57384
	51076	0.57408156
	52203	0.57467511
	54266	0.57598092
	54424	0.57681189
	53883	0.57716802
	56783	0.5787599999999999
	54857	0.57942351
	57466	0.57996
	53898	0.58135385
	57956	0.5817599999999999
	58941	0.58188
	53882	0.58227255
	59063	0.58392
	52447	0.58417191
	57027	0.58452804
	57127	0.5851215900000001
	51334	0.58785192
	57926	0.59364
	56970	0.59664
	53885	0.5968738800000001
	56645	0.5982
	54520	0.5982984
	56982	0.60024
	57233	0.6024532499999999
	53596	0.6025719600000001
	50749	0.6028093800000001
	53958	0.6038777700000001
	55572	0.60459003
	50939	0.60459003
	52557	0.60577713
	54195	0.6072016499999999
	52378	0.60827004
	53972	0.60975915
	57969	0.6103200000000001
	58321	0.6113999999999999
	51628	0.61183134
	58760	0.61488
	54829	0.61586748
	57768	0.61656
	53974	0.6165620999999999
	54347	0.61681716
	54633	0.61705458
	54823	0.61883523
	58446	0.61956
	56478	0.62184
	58448	0.62544
	50468	0.62607654
	56029	0.62690751
	56374	0.62892
	58750	0.63216
	57188	0.6325550000000001
	58458	0.63336
	54616	0.6340301100000001
	54012	0.63581076
	50936	0.63711657
	53996	0.63937206
	57808	0.6396000000000001
	53892	0.6410340000000001
	58132	0.64116
	50742	0.64293336
	57971	0.6437999999999999
	54820	0.6455449799999999
	54702	0.64768176
	56152	0.6477599999999999
	57464	0.6477599999999999
	59487	0.6489599999999999
	57837	0.65208
	57189	0.6545154
	53391	0.65456694
	59312	0.65592
	58934	0.65904
	57894	0.66
	56498	0.66084
	58531	0.66288
	56838	0.66348
	53385	0.6660818100000001
	58045	0.6704399999999999
	58346	0.6704399999999999
	54831	0.6720173100000001
	58240	0.6763199999999999
	53651	0.67640958
	58713	0.68052
	53975	0.68270121
	59004	0.6842400000000001
	53871	0.6850754099999999
	57020	0.68566896
	59314	0.68652
	53723	0.68673735
	58418	0.68712
	54902	0.68829145
	57564	0.6889200000000001
	50659	0.68899284
	58145	0.6906
	57355	0.69204
	54707	0.69659028
	54809	0.69659028
	51704	0.69659028
	53797	0.69943932
	53970	0.70050771
	57769	0.70248
	56146	0.7035600000000001
	54607	0.70383159
	57329	0.70392
	57034	0.7050186900000001
	50862	0.71000451
	57714	0.7108800000000001
	53784	0.71356581
	54814	0.71380323
	57128	0.7158213
	55248	0.7170084
	59476	0.71748
	50246	0.7212819600000001
	58742	0.72192
	57814	0.72312
	59757	0.72612
	54503	0.72698004
	53455	0.72698004
	54164	0.73030392
	56033	0.7329155399999999
	52418	0.73730781
	59280	0.7415999999999999
	54731	0.7417000800000001
	53785	0.74538009
	53505	0.7466859
	53862	0.75179043
	54738	0.7534523700000001
	53083	0.75535173
	56147	0.75588
	58118	0.7565999999999999
	57309	0.7576799999999999
	54805	0.7582007700000001
	56151	0.7586756100000001
	56021	0.75998142
	50750	0.76069368
	54096	0.7619994900000001
	57876	0.7635599999999999
	55591	0.7667478900000001
	54249	0.76722273
	58502	0.7682399999999999
	58423	0.7695599999999999
	57745	0.7696799999999999
	58212	0.7704
	56862	0.77544
	54802	0.7766008200000001
	57655	0.7769999999999999
	58457	0.7774800000000001
	50778	0.77838147
	53615	0.7812305100000001
	57358	0.78408
	55593	0.78502923
	58435	0.7876799999999999
	58845	0.7904399999999999
	59632	0.7908000000000001
	56497	0.7916399999999999
	57766	0.7932
	57368	0.798
	57590	0.79944
	59230	0.8011199999999999
	54069	0.80200476
	53877	0.80212347
	56885	0.8081999999999999
	56109	0.8086525200000001
	58223	0.8094
	58568	0.8096399999999999
	54806	0.81233253
	53967	0.81530028
	51730	0.8181493200000001
	56263	0.81912
	53778	0.81992997
	53669	0.82218546
	53798	0.8226603
	57178	0.8227989
	59315	0.8228399999999999
	56745	0.82392
	57155	0.82420353
	54712	0.8244409500000001
	52853	0.8244409500000001
	57806	0.82692
	57046	0.83049516
	52833	0.83108871
	54901	0.833063
	57066	0.8370015500000001
	51814	0.8373803400000001
	54803	0.83856744
	53392	0.8408229300000001
	51629	0.8443842300000001
	53897	0.8464022999999999
	56835	0.8514
	57082	0.85227835
	58847	0.85392
	57407	0.8542799999999999
	59847	0.85644
	51720	0.8638526700000001
	53806	0.8639713800000001
	54765	0.8658707400000001
	56489	0.86592
	58652	0.8679600000000001
	53754	0.8684823600000001
	54719	0.86990688
	54744	0.87002559
	50958	0.87358689
	57840	0.876
	58340	0.8761199999999999
	54273	0.8772669000000001
	57318	0.87888
	59021	0.87888
	52985	0.88415208
	56739	0.88668
	58135	0.8895599999999999
	57024	0.89305533
	59948	0.89484
	56095	0.89804115
	53773	0.8983972800000001
	53529	0.89910954
	53857	0.8993469600000001
	58644	0.89952
	54704	0.8995843800000001
	54821	0.9017211600000001
	53547	0.9043327800000001
	54632	0.9057573000000001
	57922	0.9076799999999999
	57694	0.90852
	57065	0.90980505
	57079	0.9102824500000001
	58047	0.91116
	57932	0.9113999999999999
	56792	0.91248
	54863	0.9125237700000001
	58608	0.91536
	54853	0.9173908800000001
	56578	0.9192
	53685	0.9215457300000001
	53644	0.9258192900000001
	56257	0.9345600000000001
	50787	0.93745287
	54713	0.93769029
	52112	0.9391148100000001
	54171	0.9412515900000001
	59027	0.9415199999999999
	53956	0.9425574000000001
	54510	0.9442193400000001
	54846	0.9448128900000001
	51709	0.9449316000000001
	53781	0.94552515
	58844	0.9468
	58519	0.94704
	50774	0.9476619300000001
	58614	0.9500399999999999
	59664	0.9507599999999999
	53850	0.95098581
	51705	0.9570400200000001
	54515	0.9610761600000001
	58806	0.9642
	50945	0.96499359
	57829	0.96576
	56071	0.9711665100000001
	56764	0.9727199999999999
	52943	0.97294716
	57076	0.97449275
	57074	0.9778345500000001
	53794	0.9805446
	53399	0.98066331
	55493	0.98149428
	54640	0.9831562200000001
	53748	0.9845807400000001
	58453	0.9851999999999999
	56775	0.9859199999999999
	54404	0.9873110700000001
	57800	0.98772
	58141	0.98796
	54711	0.98814204
	56652	0.9887999999999999
	58441	0.99108
	54311	0.9912285
	53893	0.9926530200000001
	54502	0.9926530200000001
	58235	0.99564
	54505	0.9965704500000001
	58837	0.9993599999999999
	57635	0.9997199999999999
	56646	1.00104
	58534	1.00404
	55664	1.00606725
	57647	1.00944
	56675	1.0123199999999999
	55681	1.01556405
	58436	1.02048
	50788	1.0224492299999999
	58104	1.0247391000000001
	54736	1.02814731
	54521	1.02909699
	58940	1.02924
	54703	1.02969054
	59758	1.03104
	58038	1.032
	50639	1.0325395800000001
	57016	1.032777
	56475	1.03536
	57544	1.0404
	57054	1.04096799
	51815	1.04334219
	53751	1.0465473600000001
	53987	1.0509961
	55589	1.0577061
	56080	1.05782481
	59471	1.05984
	58642	1.062
	57409	1.06452
	54420	1.0645912800000001
	52988	1.06494741
	51627	1.06672806
	59940	1.0686
	56778	1.06908
	54410	1.07064549
	58657	1.07208
	59851	1.0729199999999999
	52836	1.07753067
	54753	1.0802610000000001
	58935	1.08108
	57643	1.0812
	50658	1.0823977800000002
	54274	1.08346617
	53727	1.0850094000000001
	54835	1.08750231
	50950	1.08797715
	58048	1.08984
	54261	1.0935565200000001
	50646	1.09391265
	58931	1.09452
	58139	1.0951199999999999
	54506	1.09866105
	56995	1.0992
	54597	1.10079783
	54709	1.10139138
	53660	1.10245977
	59481	1.1035199999999998
	54811	1.10542752
	57767	1.10544
	56307	1.10887011
	57238	1.10887011
	53890	1.10898882
	57818	1.11024
	53522	1.1139746400000001
	58537	1.1141999999999999
	56128	1.11539916
	54836	1.11967272
	57292	1.12224805
	54844	1.12857597
	54501	1.1412779400000002
	54493	1.14222762
	56746	1.14312
	50557	1.14448311
	50431	1.14578892
	58428	1.1483999999999999
	58609	1.15128
	58409	1.1530799999999999
	53968	1.1554044300000001
	56202	1.15587927
	57378	1.15608
	53732	1.15849089
	58456	1.1588399999999999
	53690	1.16003412
	54903	1.1659301499999999
	53863	1.16834382
	53886	1.17249867
	56183	1.17516
	54644	1.17689094
	54825	1.1776032
	56043	1.1811645
	51053	1.18318257
	53861	1.1859129
	53759	1.1866251600000002
	50564	1.18781226
	53691	1.19006775
	54800	1.19054259
	57543	1.19112
	57119	1.1918484
	52533	1.19279808
	57923	1.1946
	57303	1.1956799999999999
	53962	1.1962406700000001
	56742	1.19724
	53687	1.19908971
	53362	1.2053813400000002
	58529	1.20624
	57954	1.20984
	50656	1.210842
	58715	1.21152
	57242	1.2144032999999999
	57483	1.2173999999999998
	53545	1.21820202
	56342	1.22128848
	53757	1.22235687
	51656	1.22473107
	57078	1.2253664499999999
	57026	1.22568075
	56691	1.22832
	54777	1.23327819
	53954	1.23529626
	54401	1.24028208
	56991	1.24272
	50673	1.2438433800000002
	57525	1.245
	58417	1.24596
	54824	1.2512034
	54204	1.2559518
	59017	1.2592800000000002
	56767	1.2611999999999999
	56462	1.2645600000000001
	56585	1.26636
	56978	1.2711599999999998
	54618	1.27458927
	54833	1.27791315
	52825	1.27791315
	50445	1.28337381
	57401	1.28664
	57377	1.28976
	53674	1.29002157
	57213	1.29465126
	57827	1.30236
	52957	1.30711581
	58839	1.3099199999999998
	53763	1.31150808
	58656	1.31232
	54631	1.31376357
	53491	1.31423841
	59673	1.31568
	57957	1.3168799999999998
	53880	1.3175622900000001
	53664	1.3188681
	56091	1.32195456
	56766	1.32384
	53666	1.32444747
	50745	1.32551586
	58746	1.3284
	58129	1.32876
	58710	1.33044
	53865	1.33121394
	56074	1.33133265
	58749	1.33164
	58706	1.33368
	57290	1.33588455
	53750	1.3367933100000002
	54729	1.33750557
	59849	1.33788
	53368	1.3411855799999999
	58754	1.34412
	54305	1.35376884
	50247	1.3564991700000002
	53866	1.35768627
	54398	1.36029789
	53577	1.3611288600000002
	54602	1.36314693
	57914	1.3677599999999999
	56192	1.36943856
	54714	1.37003211
	53764	1.3805973
	51818	1.38403989
	56016	1.3853457
	56185	1.38648
	56171	1.38696
	54627	1.3893818400000002
	54371	1.38985668
	59843	1.39056
	56164	1.39296
	52998	1.39318056
	58665	1.39428
	53945	1.3949612100000002
	53688	1.3994721900000002
	56870	1.40496
	57537	1.40508
	54099	1.40588253
	53869	1.4084941500000001
	53864	1.40968125
	59838	1.4105999999999999
	56987	1.4172
	53498	1.41870321
	58705	1.41972
	57030	1.4204838600000003
	58938	1.42296
	58242	1.4234399999999998
	57031	1.43235486
	58620	1.43268
	54318	1.43947746
	51811	1.4411394
	53676	1.44137682
	56973	1.44324
	53889	1.4443736999999999
	53786	1.4449381200000002
	57023	1.4495678100000002
	55690	1.45099233
	56480	1.4620799999999998
	56952	1.4643599999999999
	53947	1.46523753
	53682	1.46689947
	54511	1.46998593
	56473	1.47828
	50136	1.47948273
	54263	1.48185693
	57842	1.48752
	57895	1.4896800000000001
	59477	1.4913599999999998
	53740	1.4950337400000002
	57052	1.5021563400000002
	57022	1.50381828
	54710	1.5040556999999999
	58501	1.5061200000000001
	52633	1.5067860300000002
	56643	1.50708
	53868	1.5089228099999998
	56571	1.5200399999999998
	53787	1.52245575
	54405	1.5254235
	57707	1.52904
	56094	1.52957835
	53483	1.53159642
	54717	1.53515772
	57307	1.539
	58127	1.5403200000000001
	56836	1.5413999999999999
	56168	1.5466799999999998
	54737	1.55379519
	56394	1.55448
	52866	1.55878101
	56297	1.56
	51572	1.56281715
	56389	1.5637199999999998
	53780	1.56436038
	50514	1.56519135
	53772	1.56851523
	54730	1.57148298
	52983	1.57243266
	57304	1.57476
	54284	1.57777461
	50834	1.57801203
	54776	1.58299785
	53590	1.5949875599999999
	53854	1.5954624000000002
	54812	1.60507791
	59663	1.6075199999999998
	54425	1.60875792
	53944	1.6108947
	50861	1.61125083
	57187	1.6134926500000002
	53599	1.6170676200000003
	56886	1.62348
	50960	1.6276328100000002
	54094	1.63428057
	58146	1.6435199999999999
	58250	1.6436399999999998
	56251	1.64436
	54628	1.6497128699999999
	53775	1.64995029
	58222	1.65576
	52995	1.65612321
	53978	1.6565779999999999
	53068	1.65659805
	54399	1.65731031
	57154	1.6605154800000002
	52818	1.6607529
	58221	1.6623599999999998
	53725	1.66882518
	54611	1.6744045500000002
	50852	1.67749101
	53564	1.6817645700000001
	50867	1.68188328
	58712	1.68708
	53680	1.6881749099999999
	57111	1.69054911
	54292	1.6919736300000001
	56444	1.6926
	53466	1.69292331
	57216	1.69332
	56376	1.6938
	57025	1.69458525
	56483	1.7059199999999999
	54514	1.71227304
	54843	1.7123917499999999
	53378	1.72734921
	53966	1.72758663
	50851	1.72996083
	50853	1.7312666399999999
	57051	1.7335587499999998
	56180	1.73628
	56081	1.7438499
	51717	1.7444434500000001
	50758	1.745037
	56582	1.7451599999999998
	56357	1.74972
	57061	1.7521596000000002
	57314	1.7547599999999999
	56565	1.76088
	58225	1.7623199999999999
	53942	1.76592996
	53949	1.7678293200000001
	54408	1.76984739
	50859	1.7730525600000002
	58616	1.77468
	54181	1.7747145000000002
	51708	1.7797003200000001
	58138	1.78428
	53735	1.79157132
	58464	1.79256
	57007	1.79323326
	54421	1.79786295
	54428	1.7984565
	54522	1.80189909
	58506	1.80252
	53821	1.8058165200000003
	53891	1.8062913600000001
	56670	1.80744
	57294	1.8100621
	56569	1.8130799999999998
	54433	1.8155507400000002
	50741	1.81756881
	58114	1.8297599999999998
	59015	1.8312
	56992	1.8323999999999998
	56671	1.83288
	53658	1.8337133700000001
	54778	1.83430692
	53488	1.8396488700000002
	56548	1.84008
	52737	1.84558437
	50772	1.84748373
	56839	1.8543599999999998
	53499	1.86066054
	53953	1.86362829
	53973	1.86671475
	57217	1.8774
	58459	1.88688
	53979	1.8874008999999998
	56276	1.8897599999999999
	57063	1.8900266
	57110	1.89152514
	57021	1.8922374000000002
	52955	1.8922374000000002
	54374	1.8931870800000001
	53582	1.89508644
	53768	1.89520515
	56485	1.91424
	53567	1.9219149
	53941	1.92203361
	58437	1.92504
	53490	1.92761298
	50442	1.94755626
	52645	1.9500491700000002
	56378	1.9509599999999998
	56958	1.9524
	57545	1.9603199999999998
	54705	1.9619201700000002
	56067	1.96951761
	58455	1.9705199999999998
	53964	1.9711795500000002
	59845	1.9718399999999998
	53665	1.97509698
	50858	1.97984538
	56387	1.98072
	53924	1.9809137700000001
	53955	1.9853060400000002
	53976	1.9854247500000002
	53738	1.98981702
	53480	1.99147896
	56849	1.9937999999999998
	57006	1.99420929
	53585	1.99693962
	53908	2.00477448
	56065	2.00845449
	54841	2.0122532100000003
	54605	2.01486483
	53853	2.01593322
	50838	2.01795129
	53756	2.02792293
	57113	2.03302746
	58049	2.0377199999999998
	53981	2.04762879
	56371	2.04876
	57070	2.0562811500000002
	58128	2.05824
	52707	2.07457596
	53692	2.07552564
	53481	2.08063017
	56543	2.08308
	53397	2.08656567
	56841	2.08956
	53573	2.09226375
	54810	2.09665602
	56288	2.1012
	53771	2.10437217
	53841	2.10449088
	58618	2.109
	56172	2.1176399999999997
	57102	2.1213477
	57028	2.12336577
	56386	2.1246
	56441	2.13312
	53774	2.1415284000000003
	57003	2.14639551
	53938	2.14912584
	50833	2.15007552
	57206	2.15268
	58658	2.15268
	59848	2.17272
	54301	2.17619172
	54416	2.17666656
	53957	2.18034657
	53562	2.1817710900000002
	58660	2.19204
	53753	2.1961350000000004
	53663	2.21014278
	53769	2.21049891
	51468	2.2115673
	59218	2.21196
	53856	2.2131105300000002
	58714	2.22504
	53875	2.22842412
	58527	2.23548
	57008	2.2629687300000003
	56580	2.3014799999999997
	54192	2.30166819
	56567	2.31576
	56184	2.32512
	53760	2.3302773
	53681	2.33217666
	54708	2.34024894
	53486	2.34274185
	57475	2.34372
	53925	2.36078577
	50548	2.36126061
	57577	2.3718
	57805	2.37576
	53469	2.37645549
	53767	2.37764259
	53860	2.39212521
	54507	2.4042336300000002
	52993	2.40767622
	53646	2.41444269
	56082	2.41859754
	56331	2.4197846400000005
	55598	2.4228711
	56273	2.43264
	57460	2.4359999999999995
	53776	2.4380659799999997
	53852	2.43854082
	56096	2.44720665
	56381	2.44872
	57211	2.45421054
	50953	2.4549228000000003
	57828	2.4551999999999996
	53464	2.46014604
	50968	2.4799706100000005
	59750	2.51076
	56284	2.5112399999999995
	50647	2.5134468300000004
	53487	2.51605845
	53859	2.51641458
	59842	2.51904
	53817	2.52579267
	53467	2.52887913
	50739	2.5363578600000003
	53579	2.53896948
	56298	2.54292
	53903	2.55891276
	53472	2.55926889
	53659	2.56805343
	53678	2.57019021
	52996	2.5710211800000002
	54513	2.5733953800000005
	53872	2.5801618500000005
	59854	2.58336
	53832	2.58680961
	59658	2.5946399999999996
	53845	2.59725609
	53888	2.59820577
	56092	2.60259804
	53829	2.60651547
	56384	2.6262
	56382	2.6778
	58622	2.69124
	53914	2.69329248
	57014	2.71501641
	56490	2.7318
	52754	2.73519711
	53848	2.74042035
	53575	2.7602449200000003
	57071	2.76283315
	50964	2.79158436
	53906	2.80582956
	50965	2.8693394100000003
	54871	2.8878581700000003
	56187	2.8933199999999997
	53662	2.9208595500000003
	53584	2.9681061300000002
	56373	2.96868
	53937	2.98626876
	57105	2.9905423200000003
	53588	2.99825847
	53673	3.0212882100000003
	56144	3.0233999999999996
	53917	3.0280546800000003
	56093	3.0325656600000004
	53463	3.03399018
	57124	3.0414689100000003
	56182	3.05808
	57011	3.06343026
	53930	3.06461736
	56272	3.07176
	58619	3.08388
	53926	3.11316975
	53576	3.1192239600000002
	53929	3.1295517299999998
	56380	3.1432800000000003
	53580	3.15163179
	56079	3.1602
	54419	3.17798541
	53578	3.1830899400000003
	53935	3.1832086500000005
	53565	3.1855828500000003
	57583	3.1900799999999996
	53928	3.1954357800000004
	56173	3.19812
	53475	3.23069265
	57012	3.23377911
	57004	3.2411391300000005
	53679	3.2411391300000005
	53484	3.27829536
	53931	3.3025122000000002
	56385	3.318
	57001	3.3228116100000005
	57002	3.34216134
	53677	3.3678027000000004
	53553	3.3748065900000004
	53915	3.38038596
	58659	3.39528
	56285	3.3963599999999996
	56654	3.4057199999999996
	56390	3.42984
	53777	3.4366545
	56651	3.4423199999999996
	53934	3.4473384
	53910	3.4554106800000004
	53927	3.4829514
	50963	3.48686883
	53923	3.49256691
	56383	3.5349600000000003
	56287	3.58068
	56494	3.59376
	56391	3.60156
	56188	3.6098399999999997
	54304	3.6146007900000003
	56193	3.6627599999999996
	50842	3.67383708
	50962	3.7005468300000004
	53874	3.73592241
	56296	3.8362799999999995
	53916	3.8701834200000005
	56181	3.88116
	56289	3.9562799999999996
	56474	3.9697199999999997
	57208	3.9723599999999997
	53478	3.97547919
	56281	3.98568
	56190	4.01784
	56290	4.11456
	56286	4.11468
	53574	4.11508215
	56194	4.15776
	56280	4.21272
	56278	4.25436
	56196	4.28808
	56199	4.38612
	56295	4.4916
	56197	4.49244
	57106	4.5145413
	56279	4.55148
	57204	4.56828
	56186	4.69212
	56189	4.7166
	56198	4.78692
	56195	4.92216
	56291	5.08008
