	57728	-1.7565
	56378	-1.7468
	57723	-1.7243
	56757	-1.6705
	57718	-1.6553
	57719	-1.5751
	56838	-1.4889
	56752	-1.4619
	57807	-1.4258
	56761	-1.3926
	57808	-1.3851
	57745	-1.3763
	57623	-1.3474
	57713	-1.2959
	56835	-1.2911
	56745	-1.2742
	57720	-1.2713
	56763	-1.2695
	56585	-1.2627
	56748	-1.2483
	56842	-1.2247
	56485	-1.2127
	57722	-1.2107
	57734	-1.2063
	57509	-1.1869
	56666	-1.1484
	57811	-1.148
	56475	-1.1471
	56764	-1.1431
	56886	-1.1358
	57816	-1.1344
	56295	-1.1246
	57554	-1.1231
	57809	-1.1201
	56376	-1.1187
	57832	-1.1178
	57731	-1.1146
	57735	-1.1138
	56841	-1.1068
	56296	-1.1022
	56473	-1.1018
	56756	-1.0957
	57519	-1.0953
	56297	-1.0942
	56775	-1.0929
	56669	-1.0916
	56674	-1.0793
	57754	-1.0792
	57637	-1.0672
	57739	-1.0666
	57635	-1.0595
	57762	-1.0568
	56387	-1.055
	56684	-1.0532
	56649	-1.0478
	56291	-1.0418
	57741	-1.0345
	57489	-1.0329
	56384	-1.0274
	57914	-1.018
	56697	-1.0108
	54776	-1.008828
	57825	-1.0085
	58836	-1.00638
	56584	-1.0034
	56395	-1.0007
	56675	-0.9995
	56390	-0.9885
	56279	-0.9784
	57911	-0.975
	56788	-0.9732
	56286	-0.9717
	57525	-0.9701
	56190	-0.9612
	57743	-0.9606
	56371	-0.9599
	57744	-0.9571
	57485	-0.9563
	57545	-0.9537
	57738	-0.9532
	57834	-0.9517
	54751	-0.950886
	59304	-0.9502200000000001
	54778	-0.94554
	57910	-0.9436
	56651	-0.9429
	56673	-0.9311
	57912	-0.9309
	57857	-0.9302
	59303	-0.9251100000000001
	57837	-0.9214
	56487	-0.9183
	57564	-0.9177
	58404	-0.9134
	54806	-0.9130860000000001
	54766	-0.910548
	56843	-0.9032
	57717	-0.9003
	58040	-0.9003
	57818	-0.8898
	58041	-0.8779
	54753	-0.8765820000000001
	57737	-0.8737
	57537	-0.8703
	56199	-0.8703
	54777	-0.8695080000000001
	57643	-0.8676
	57494	-0.8674
	57647	-0.8621
	59116	-0.85851
	57740	-0.8452
	56189	-0.8445
	58725	-0.84438
	59130	-0.8442900000000001
	56251	-0.8439
	57317	-0.8407
	57649	-0.8407
	58013	-0.8403
	56586	-0.84
	56949	-0.8397
	54752	-0.839268
	57573	-0.8376
	58415	-0.8365
	53980	-0.834786
	56575	-0.8342
	57558	-0.8332
	58317	-0.8301
	56836	-0.8289
	54765	-0.82674
	58942	-0.82071
	57636	-0.8193
	57732	-0.8184
	56652	-0.8095
	56891	-0.8095
	58929	-0.8091
	54774	-0.8074080000000001
	56595	-0.8073
	57736	-0.8042
	56594	-0.8
	57498	-0.7978
	53996	-0.788562
	54814	-0.7880760000000001
	56492	-0.777
	54759	-0.775386
	58401	-0.7742
	57318	-0.774
	58336	-0.7728
	56688	-0.7725
	58414	-0.7662
	57760	-0.7644
	59137	-0.7643700000000001
	56768	-0.7635
	54749	-0.762858
	54831	-0.762426
	59107	-0.76059
	57581	-0.7596
	53773	-0.7564320000000001
	56386	-0.7538
	58512	-0.7526700000000001
	58331	-0.7525
	56691	-0.7515
	56755	-0.7504
	56382	-0.7499
	54835	-0.7496820000000001
	59293	-0.74961
	57486	-0.7484
	53894	-0.747846
	58036	-0.7477
	56186	-0.7468
	57900	-0.7421
	54727	-0.7412040000000001
	53892	-0.7410420000000001
	54830	-0.7398540000000001
	56298	-0.7385
	53889	-0.7378020000000001
	58936	-0.73692
	56092	-0.735804
	52656	-0.7324020000000001
	56948	-0.7319
	57493	-0.7292
	54861	-0.7281900000000001
	59940	-0.7263
	56854	-0.7254
	56290	-0.7242
	56479	-0.722
	54808	-0.7219800000000001
	54812	-0.7213860000000001
	54824	-0.719658
	57915	-0.718
	54834	-0.717984
	57806	-0.7176
	56670	-0.715
	59109	-0.71325
	58402	-0.7131
	57678	-0.7126
	58416	-0.7094
	56257	-0.7081
	56739	-0.707
	56380	-0.7067
	57729	-0.7049
	54843	-0.704376
	57604	-0.7037
	54805	-0.70308
	54821	-0.7027019999999999
	53991	-0.7021080000000001
	58938	-0.70191
	54825	-0.699354
	56839	-0.6948
	53899	-0.6921720000000001
	59133	-0.69111
	54737	-0.6902820000000001
	56856	-0.6893
	57609	-0.6873
	54852	-0.68526
	56782	-0.6844
	56178	-0.6833
	57507	-0.6817
	54755	-0.6815340000000001
	59324	-0.68076
	54836	-0.68067
	57905	-0.68
	57761	-0.6795
	57707	-0.6786
	54901	-0.6785640000000001
	56671	-0.6785
	57477	-0.6774
	56489	-0.6747
	58330	-0.6742
	57768	-0.6725
	54828	-0.672138
	54823	-0.671706
	57657	-0.6715
	54809	-0.6704100000000001
	53898	-0.668628
	56766	-0.6683
	58012	-0.6641
	54863	-0.6636060000000001
	57307	-0.6636
	56197	-0.662
	54816	-0.6618240000000001
	57308	-0.6603
	54871	-0.660258
	58927	-0.66024
	56280	-0.6582
	56792	-0.6571
	54844	-0.655722
	56091	-0.655722
	54902	-0.655668
	58026	-0.6542
	54925	-0.651348
	52784	-0.649242
	58934	-0.64908
	56493	-0.6487
	54807	-0.648324
	54935	-0.6456240000000001
	54738	-0.6454620000000001
	56793	-0.6454
	56582	-0.6444
	57846	-0.6428
	54833	-0.6424920000000001
	53993	-0.6423840000000001
	53997	-0.6423300000000001
	56184	-0.6399
	54423	-0.639198
	53988	-0.636066
	53897	-0.6345000000000001
	54829	-0.632718
	54855	-0.6321780000000001
	58419	-0.628
	54732	-0.6246720000000001
	54729	-0.62046
	56844	-0.6202
	54936	-0.616734
	56285	-0.6165
	54923	-0.6157080000000001
	59131	-0.6138
	54826	-0.6129
	58928	-0.6121800000000001
	54837	-0.611118
	53974	-0.607932
	54764	-0.6065820000000001
	56645	-0.6024
	54932	-0.6016140000000001
	58335	-0.6016
	54804	-0.6005340000000001
	53896	-0.59994
	56790	-0.5989
	53989	-0.5975640000000001
	57093	-0.595458
	59001	-0.59526
	54908	-0.591948
	53885	-0.591462
	54822	-0.5908680000000001
	54848	-0.5898960000000001
	56381	-0.5878
	59134	-0.5872499999999999
	54851	-0.5868720000000001
	57544	-0.5863
	56263	-0.5856
	57814	-0.5845
	56742	-0.5842
	57942	-0.58347
	53908	-0.5832
	53893	-0.582984
	58946	-0.58266
	54841	-0.5823900000000001
	58321	-0.582
	53985	-0.58158
	54938	-0.5778540000000001
	54815	-0.5767200000000001
	58926	-0.57672
	57969	-0.5767
	58044	-0.5764
	59673	-0.57618
	54420	-0.5746680000000001
	54827	-0.5736420000000001
	58238	-0.5736
	58045	-0.5728
	57306	-0.5727
	54920	-0.572454
	57475	-0.572
	58032	-0.570726
	56774	-0.5705
	54819	-0.5704020000000001
	54802	-0.569538
	54929	-0.56943
	58834	-0.5685300000000001
	57853	-0.567
	56396	-0.5659
	54842	-0.565434
	54940	-0.564948
	56767	-0.5627
	57606	-0.5624
	56885	-0.5624
	57492	-0.5619
	54744	-0.5616540000000001
	54906	-0.5612760000000001
	56598	-0.5596
	57803	-0.5594
	56883	-0.5581
	53998	-0.5579820000000001
	56287	-0.5573
	56462	-0.5573
	56399	-0.5568
	58038	-0.5561
	53890	-0.5537700000000001
	54818	-0.5537700000000001
	58113	-0.5534
	54311	-0.5527440000000001
	56393	-0.5526
	54725	-0.552366
	53994	-0.55215
	57813	-0.551
	58828	-0.55071
	57090	-0.5497200000000001
	57081	-0.548694
	54429	-0.545616
	56746	-0.5448
	53986	-0.544428
	57642	-0.5433
	54810	-0.541458
	54540	-0.540864
	54904	-0.54
	58821	-0.53658
	54730	-0.5352480000000001
	58047	-0.5331
	54905	-0.533088
	54919	-0.532602
	56578	-0.5318
	57965	-0.5298
	57536	-0.5288
	53895	-0.528606
	57408	-0.5284
	57763	-0.5279
	54811	-0.527634
	57304	-0.5249
	59417	-0.52434
	54922	-0.5226660000000001
	54430	-0.5223960000000001
	58323	-0.522
	58016	-0.5183
	54731	-0.518292
	52998	-0.5180220000000001
	57752	-0.5156
	56273	-0.5155
	57091	-0.512136
	59117	-0.51201
	54912	-0.511434
	57948	-0.51039
	56281	-0.5101
	52988	-0.5099760000000001
	57508	-0.5076
	54803	-0.5076
	53878	-0.505818
	54921	-0.505224
	57003	-0.504792
	57469	-0.5045
	56643	-0.5035
	56851	-0.5023
	54857	-0.501822
	53983	-0.501768
	52982	-0.501444
	54916	-0.501444
	54918	-0.500958
	59041	-0.5003099999999999
	54903	-0.500094
	54913	-0.49847400000000003
	58418	-0.498
	54832	-0.497178
	52995	-0.496962
	54846	-0.496152
	56664	-0.4959
	59310	-0.49545
	56571	-0.4954
	57583	-0.4952
	56840	-0.4941
	59127	-0.49391999999999997
	57954	-0.4932
	54914	-0.49296600000000007
	57957	-0.49140000000000006
	57483	-0.4909
	54722	-0.49010400000000004
	56284	-0.4901
	54734	-0.488808
	58027	-0.4884
	57407	-0.488
	53995	-0.48697200000000007
	57633	-0.4865
	58319	-0.4863
	54319	-0.48535200000000006
	56849	-0.4845
	54939	-0.48389400000000005
	58002	-0.48319200000000007
	53981	-0.480762
	53992	-0.47995200000000005
	54853	-0.479628
	54432	-0.4787640000000001
	57922	-0.477
	54532	-0.4766040000000001
	54900	-0.4766040000000001
	52986	-0.47611800000000004
	56394	-0.4752
	54425	-0.47401200000000004
	54910	-0.473634
	56751	-0.4726
	54907	-0.46980000000000005
	57655	-0.4694
	54421	-0.469206
	57923	-0.4686
	54723	-0.46758600000000006
	57004	-0.46747800000000006
	53781	-0.466722
	57491	-0.4663
	56385	-0.4655
	54927	-0.46521000000000007
	54412	-0.465102
	54715	-0.46450800000000003
	59315	-0.46440000000000003
	54522	-0.46429200000000004
	56272	-0.4637
	53972	-0.463482
	57395	-0.4623
	54911	-0.46213200000000004
	58003	-0.4617
	54541	-0.4617
	54909	-0.461268
	58326	-0.4605
	54533	-0.45835200000000004
	54945	-0.45646200000000003
	57543	-0.4564
	54736	-0.45495
	56480	-0.4546
	58230	-0.4544
	58837	-0.45314999999999994
	58510	-0.45261
	58320	-0.4515
	54917	-0.44998200000000005
	56882	-0.4487
	57071	-0.44847000000000004
	54820	-0.44798400000000005
	57012	-0.44658000000000003
	58429	-0.4457
	59838	-0.4457
	54439	-0.4451220000000001
	54849	-0.444906
	57084	-0.44388
	54539	-0.443772
	53984	-0.442152
	54712	-0.44172
	54531	-0.441504
	59113	-0.43794
	58035	-0.4378
	53975	-0.43756200000000006
	52674	-0.437346
	54915	-0.435618
	54318	-0.43480800000000003
	59063	-0.4348
	54449	-0.43378200000000006
	56665	-0.4336
	57399	-0.4326
	52993	-0.430164
	54434	-0.429678
	57079	-0.428112
	53970	-0.42552000000000006
	54640	-0.42460200000000003
	58917	-0.4239
	54724	-0.42147
	57445	-0.4212
	54817	-0.420498
	53976	-0.41860800000000004
	54534	-0.41844600000000004
	57476	-0.4184
	57083	-0.416934
	54726	-0.41688000000000003
	58822	-0.41607
	58034	-0.41585400000000006
	57072	-0.41445
	53979	-0.41191200000000006
	53873	-0.40888800000000003
	58020	-0.40829400000000005
	57540	-0.4075
	58417	-0.4071
	53987	-0.40527
	57625	-0.4035
	58011	-0.40294800000000003
	53888	-0.40213800000000005
	57460	-0.4007
	56862	-0.3973
	56951	-0.3968
	57824	-0.3962
	57562	-0.3951
	57835	-0.3941
	53880	-0.39252600000000004
	53914	-0.3915
	57496	-0.3897
	54728	-0.38799000000000006
	58514	-0.3879
	57461	-0.3861
	57574	-0.384
	57439	-0.383
	57767	-0.3822
	58944	-0.38169
	56391	-0.3812
	56783	-0.3806
	53886	-0.38059200000000004
	57011	-0.38032200000000005
	57971	-0.3802
	58820	-0.37863
	58030	-0.37854
	53906	-0.37773
	58015	-0.376
	58932	-0.37575
	53882	-0.37557
	54718	-0.37492200000000003
	52515	-0.37378800000000006
	59033	-0.37134
	54436	-0.36963
	54800	-0.368658
	57405	-0.3672
	53928	-0.36682200000000004
	56966	-0.3655
	57378	-0.3646
	57827	-0.3615
	56276	-0.3605
	56976	-0.3603
	54437	-0.360018
	54801	-0.359856
	57001	-0.35856000000000005
	54714	-0.356778
	58823	-0.35541
	57324	-0.3542
	53937	-0.353484
	53866	-0.35272800000000004
	57462	-0.3503
	58111	-0.35019
	54707	-0.350082
	59045	-0.34965
	57742	-0.3494
	54308	-0.348462
	57541	-0.3483
	52984	-0.34711200000000003
	56872	-0.3445
	57565	-0.344
	56786	-0.3432
	53917	-0.34290000000000004
	59319	-0.34218
	53915	-0.341928
	54535	-0.34117200000000003
	58818	-0.3411
	53973	-0.340362
	54416	-0.340254
	53982	-0.339876
	58116	-0.3398
	52889	-0.33895800000000004
	54943	-0.338688
	58021	-0.337932
	54631	-0.33787800000000007
	57309	-0.3376
	57976	-0.336
	59314	-0.33426
	57586	-0.3324
	57571	-0.332
	58340	-0.3305
	58245	-0.3304
	57085	-0.3296160000000001
	54623	-0.32923800000000003
	53927	-0.328482
	59025	-0.32715
	57941	-0.32697000000000004
	53884	-0.326754
	57080	-0.32659200000000005
	57076	-0.32637600000000005
	59663	-0.32499
	52983	-0.32421600000000006
	54499	-0.32335200000000003
	58017	-0.320328
	56781	-0.3183
	57605	-0.3167
	53821	-0.315522
	53926	-0.314064
	58848	-0.31374
	54428	-0.31136400000000003
	58242	-0.3113
	53924	-0.310176
	57966	-0.308
	57663	-0.3078
	56478	-0.3065
	59306	-0.30645000000000006
	57314	-0.3063
	57094	-0.30618
	57851	-0.3057
	52679	-0.30520800000000003
	57002	-0.30520800000000003
	58102	-0.3022
	59097	-0.30078
	57844	-0.3
	53879	-0.299862
	53582	-0.29835
	57612	-0.2972
	54706	-0.29700000000000004
	59126	-0.29646000000000006
	56183	-0.2956
	58408	-0.2941
	57949	-0.29394000000000003
	58940	-0.29142
	59320	-0.29007
	57368	-0.289
	58427	-0.2884
	57805	-0.2882
	58234	-0.2881
	53903	-0.285984
	54632	-0.283932
	56497	-0.2837
	53799	-0.283608
	56373	-0.282
	56474	-0.2813
	56187	-0.2803
	53877	-0.280152
	54419	-0.279774
	53798	-0.27891
	57906	-0.2787
	56543	-0.2787
	58420	-0.2762
	58826	-0.27567
	54716	-0.27561599999999997
	57913	-0.2743
	57575	-0.2738
	54424	-0.273726
	53944	-0.27243
	57481	-0.2724
	59313	-0.27207000000000003
	56593	-0.2719
	53916	-0.271836
	58316	-0.2709
	56548	-0.2671
	59316	-0.26694
	58941	-0.26595
	59031	-0.26514
	57466	-0.2642
	57517	-0.2626
	56569	-0.2616
	58935	-0.26136
	58022	-0.25963200000000003
	57603	-0.2591
	57800	-0.2575
	56772	-0.2572
	58923	-0.25659000000000004
	54398	-0.255744
	56180	-0.2555
	58921	-0.25416
	59023	-0.25389
	53978	-0.25272000000000006
	57842	-0.2513
	53490	-0.25120800000000004
	57096	-0.250938
	57315	-0.2496
	54709	-0.248508
	59317	-0.24678
	59318	-0.24650999999999998
	56641	-0.243
	58025	-0.24278400000000003
	52980	-0.24278400000000003
	53705	-0.24273000000000003
	58337	-0.2419
	57828	-0.2412
	57024	-0.24013800000000002
	54622	-0.24003000000000002
	52323	-0.239868
	58007	-0.23862600000000003
	58424	-0.238
	58235	-0.2373
	56196	-0.2347
	58407	-0.2346
	57007	-0.23166
	58718	-0.2313
	54530	-0.23106600000000002
	56247	-0.231
	54717	-0.23014800000000002
	53883	-0.22977
	58251	-0.2294
	52643	-0.226476
	54525	-0.225666
	54523	-0.22312800000000002
	53486	-0.222588
	57021	-0.22226400000000002
	53959	-0.2214
	58247	-0.2201
	53954	-0.21978
	52652	-0.219456
	58339	-0.2193
	57401	-0.2186
	58006	-0.218538
	57035	-0.21724200000000002
	57482	-0.2164
	53759	-0.215946
	59122	-0.21573
	58236	-0.2153
	57868	-0.2143
	56646	-0.2139
	54399	-0.21389400000000003
	53757	-0.213786
	59125	-0.21276
	54511	-0.212544
	57758	-0.2117
	52681	-0.21114000000000002
	53925	-0.2106
	58734	-0.21033
	59500	-0.20853
	59124	-0.20754
	59493	-0.20664
	59478	-0.20655
	58101	-0.206442
	58508	-0.20592000000000002
	58240	-0.2058
	57464	-0.2047
	54515	-0.20428200000000002
	58428	-0.204
	54431	-0.202338
	53829	-0.20217600000000002
	59847	-0.2015
	58912	-0.20124
	59106	-0.20088
	57077	-0.20028600000000002
	58131	-0.1979
	54520	-0.197154
	58241	-0.197
	57183	-0.19693800000000003
	59650	-0.19548000000000001
	54518	-0.19542600000000002
	57041	-0.195264
	58024	-0.194994
	58911	-0.19449
	58329	-0.193
	58004	-0.19234800000000002
	54645	-0.19143
	54301	-0.19094400000000003
	56846	-0.1906
	59064	-0.18963
	57389	-0.1886
	54628	-0.18797400000000003
	58237	-0.1876
	54502	-0.18684
	53832	-0.186732
	53891	-0.18603
	53841	-0.18532800000000002
	58503	-0.1845
	58517	-0.18306
	57584	-0.1818
	56491	-0.1815
	54433	-0.18127800000000002
	52895	-0.180198
	57303	-0.1801
	53599	-0.179874
	53817	-0.178794
	57082	-0.177606
	54711	-0.17744400000000002
	58126	-0.1768
	57185	-0.17658000000000001
	57771	-0.1747
	53874	-0.173826
	53865	-0.172746
	56081	-0.17269199999999998
	56881	-0.1721
	56565	-0.1699
	57634	-0.1695
	53868	-0.169344
	54438	-0.168966
	54521	-0.168264
	57086	-0.16821
	57099	-0.167778
	53852	-0.166806
	57956	-0.16569
	57182	-0.16453800000000002
	57119	-0.164214
	52447	-0.163944
	58432	-0.1624
	57964	-0.16155
	57126	-0.16140600000000002
	57518	-0.1612
	57195	-0.160056
	53492	-0.160002
	53965	-0.159894
	58146	-0.1595
	58254	-0.1595
	52436	-0.15881399999999998
	57016	-0.15881399999999998
	59044	-0.15876
	57074	-0.158436
	57646	-0.1576
	57661	-0.1576
	58130	-0.157
	58100	-0.15535800000000002
	57187	-0.15525
	53872	-0.154818
	58730	-0.15471000000000001
	53392	-0.15465600000000002
	53853	-0.15449400000000002
	58819	-0.15444
	57065	-0.15427800000000003
	57192	-0.15341400000000002
	58844	-0.15147000000000002
	53942	-0.150606
	59312	-0.14958
	53934	-0.148824
	57070	-0.14877
	57198	-0.14877
	57385	-0.1487
	57191	-0.146124
	54513	-0.14466600000000002
	58311	-0.1439
	54514	-0.142452
	59647	-0.14229
	54705	-0.14223600000000003
	57098	-0.141372
	53806	-0.141048
	56194	-0.1405
	56357	-0.1401
	56964	-0.1396
	54512	-0.13959000000000002
	53961	-0.13926600000000003
	59654	-0.13779000000000002
	54410	-0.13689
	53861	-0.13651200000000002
	58748	-0.13563
	58806	-0.13554000000000002
	53923	-0.13554000000000002
	57921	-0.1333
	57958	-0.13023
	57867	-0.1302
	57087	-0.12965400000000002
	57184	-0.128358
	56870	-0.1254
	54596	-0.12457800000000001
	58255	-0.1244
	57026	-0.12355200000000001
	56496	-0.1226
	54406	-0.12247200000000001
	53957	-0.12106800000000001
	58839	-0.12105
	58147	-0.1203
	57377	-0.1201
	54505	-0.12004200000000001
	57075	-0.11901600000000001
	57134	-0.117504
	59419	-0.11565
	57025	-0.11496600000000001
	53792	-0.114858
	59211	-0.11484
	57042	-0.11421
	56441	-0.1139
	58843	-0.11367
	59055	-0.11358000000000001
	57186	-0.113238
	54597	-0.11151
	59052	-0.1107
	58735	-0.1098
	57438	-0.1097
	58334	-0.1096
	58737	-0.10953
	59640	-0.10926
	56383	-0.1088
	57089	-0.10870200000000001
	57177	-0.10870200000000001
	52896	-0.108108
	54507	-0.107244
	53875	-0.106596
	57566	-0.1059
	59114	-0.10512
	57006	-0.10476
	57193	-0.104004
	59102	-0.10296000000000001
	54624	-0.10281600000000002
	56181	-0.1027
	54594	-0.10189800000000002
	58210	-0.1002
	53857	-0.09963000000000001
	57037	-0.09963000000000001
	57840	-0.0996
	53962	-0.098928
	57022	-0.098442
	58244	-0.0982
	57176	-0.09806400000000001
	52446	-0.09774000000000001
	53968	-0.09757800000000001
	56785	-0.0973
	57067	-0.096822
	58125	-0.0958
	57585	-0.0957
	57396	-0.09552600000000001
	58933	-0.09494999999999999
	57020	-0.094446
	57907	-0.0937
	54615	-0.09207000000000001
	53966	-0.090666
	57078	-0.090504
	56093	-0.090288
	59012	-0.09027
	54704	-0.090126
	53707	-0.089748
	53963	-0.08953200000000001
	57845	-0.0895
	56580	-0.0886
	52546	-0.087426
	57821	-0.0854
	57511	-0.0844
	58109	-0.0844
	53856	-0.08397
	53725	-0.08289
	58139	-0.0827
	54510	-0.08267400000000001
	57582	-0.0822
	54627	-0.081918
	58341	-0.0818
	56374	-0.0817
	58507	-0.08109
	58246	-0.0804
	57173	-0.08024400000000001
	54519	-0.078948
	54708	-0.078408
	59502	-0.07821
	53931	-0.077976
	53397	-0.077598
	58249	-0.0774
	57577	-0.0767
	57290	-0.07619400000000001
	58506	-0.07578
	52787	-0.074898
	57871	-0.0747
	59425	-0.07317
	57292	-0.07279200000000001
	57027	-0.07225200000000001
	58745	-0.07092
	58202	-0.0707
	54527	-0.070524
	57927	-0.07002
	54633	-0.06814800000000001
	53955	-0.068094
	59224	-0.06687000000000001
	59065	-0.06642
	53690	-0.06636600000000001
	53491	-0.06571800000000001
	58243	-0.0644
	54506	-0.06426
	58342	-0.0642
	54601	-0.063558
	57178	-0.06280200000000001
	58931	-0.06264
	57060	-0.062532
	56193	-0.0624
	54703	-0.06183000000000001
	57008	-0.06183000000000001
	54644	-0.061776000000000005
	52996	-0.061398
	56278	-0.0608
	53797	-0.05913
	59659	-0.05823
	57926	-0.0575
	53848	-0.05740200000000001
	58223	-0.0573
	58048	-0.0562
	57640	-0.0561
	58005	-0.055782000000000005
	54619	-0.055296000000000005
	59426	-0.054810000000000005
	53593	-0.054648
	57936	-0.0543
	57865	-0.0539
	57033	-0.053568000000000005
	52557	-0.053352000000000004
	59218	-0.05238
	54710	-0.05216400000000001
	57194	-0.051624
	54528	-0.050760000000000007
	56095	-0.050544000000000006
	58442	-0.0502
	59476	-0.0495
	57889	-0.0491
	53696	-0.048384
	53956	-0.048276
	56879	-0.0481
	57162	-0.047682
	57179	-0.047142
	58158	-0.0467
	57188	-0.046494
	58128	-0.0464
	58008	-0.045792000000000006
	53723	-0.044226
	57402	-0.0441
	54713	-0.044064000000000006
	52985	-0.04401000000000001
	54517	-0.043848
	52885	-0.043686
	53790	-0.04298400000000001
	58001	-0.04276800000000001
	58127	-0.0427
	59492	-0.04221
	53682	-0.042120000000000005
	58212	-0.0407
	57658	-0.0399
	57870	-0.0398
	53794	-0.039366000000000005
	53769	-0.03931200000000001
	53850	-0.03904200000000001
	58122	-0.0384
	57095	-0.037854
	58114	-0.0373
	58338	-0.037
	57189	-0.036126000000000005
	57499	-0.0359
	57974	-0.0358
	59452	-0.03402
	59227	-0.03393
	53795	-0.03375
	58537	-0.032940000000000004
	59421	-0.0324
	53869	-0.032022
	53929	-0.03186
	54404	-0.030618000000000003
	53738	-0.030510000000000002
	57044	-0.030348000000000003
	56198	-0.0303
	52884	-0.029160000000000002
	54719	-0.02862
	57023	-0.02862
	54702	-0.028296
	57175	-0.027054
	58150	-0.0269
	58107	-0.0265
	56592	-0.0249
	57522	-0.0246
	58250	-0.0242
	54616	-0.02376
	53651	-0.022842
	56863	-0.0228
	59488	-0.0207
	53945	-0.020628
	56490	-0.0205
	58104	-0.020196000000000002
	59485	-0.01845
	57181	-0.018414
	57874	-0.0183
	57055	-0.017172000000000003
	56096	-0.017118
	57505	-0.0168
	57955	-0.016649999999999998
	56288	-0.0165
	53859	-0.016092000000000002
	57127	-0.015984
	54611	-0.014958
	54636	-0.014472000000000002
	56567	-0.0138
	53930	-0.013392000000000001
	59469	-0.01197
	53619	-0.011394000000000001
	53910	-0.011340000000000001
	53948	-0.009450000000000002
	53941	-0.009396
	59285	-0.009089999999999999
	59475	-0.009000000000000001
	57034	-0.008910000000000001
	53594	-0.008478
	59477	-0.0076500000000000005
	59297	-0.00729
	58108	-0.0057
	58222	-0.0043
	53695	-0.004158
	59022	-0.00387
	53964	-0.0027
	58143	-0.0016
	57030	-7.56E-4
	58148	-5.0E-4
	57411	-4.0E-4
	52418	-1.62E-4
	50136	0.0
	50246	0.0
	50247	0.0
	50349	0.0
	50425	0.0
	50431	0.0
	50434	0.0
	50442	0.0
	50445	0.0
	50468	0.0
	50524	0.0
	50525	0.0
	50526	0.0
	50527	0.0
	50548	0.0
	50557	0.0
	50564	0.0
	50566	0.0
	50603	0.0
	50632	0.0
	50639	0.0
	50646	0.0
	50647	0.0
	50655	0.0
	50656	0.0
	50658	0.0
	50659	0.0
	50673	0.0
	50674	0.0
	50727	0.0
	50739	0.0
	50741	0.0
	50742	0.0
	50749	0.0
	50750	0.0
	50755	0.0
	50756	0.0
	50758	0.0
	50767	0.0
	50772	0.0
	50774	0.0
	50775	0.0
	50776	0.0
	50778	0.0
	50779	0.0
	50787	0.0
	50788	0.0
	50833	0.0
	50834	0.0
	50838	0.0
	50842	0.0
	50844	0.0
	50851	0.0
	50852	0.0
	50853	0.0
	50854	0.0
	50858	0.0
	50859	0.0
	50861	0.0
	50862	0.0
	50867	0.0
	50871	0.0
	50873	0.0
	50878	0.0
	50879	0.0
	50880	0.0
	50884	0.0
	50888	0.0
	50892	0.0
	50928	0.0
	50934	0.0
	50936	0.0
	50937	0.0
	50939	0.0
	50940	0.0
	50945	0.0
	50946	0.0
	50948	0.0
	50950	0.0
	50953	0.0
	50954	0.0
	50955	0.0
	50956	0.0
	50958	0.0
	50960	0.0
	50962	0.0
	50963	0.0
	50964	0.0
	50965	0.0
	50968	0.0
	50973	0.0
	50978	0.0
	50979	0.0
	50983	0.0
	50985	0.0
	50987	0.0
	51053	0.0
	51058	0.0
	51059	0.0
	51060	0.0
	51068	0.0
	51076	0.0
	51087	0.0
	51133	0.0
	51137	0.0
	51145	0.0
	51156	0.0
	51232	0.0
	51238	0.0
	51241	0.0
	51328	0.0
	51329	0.0
	51330	0.0
	51334	0.0
	51346	0.0
	51352	0.0
	51353	0.0
	51356	0.0
	51357	0.0
	51358	0.0
	51359	0.0
	51365	0.0
	51367	0.0
	51369	0.0
	51377	0.0
	51378	0.0
	51379	0.0
	51430	0.0
	51431	0.0
	51433	0.0
	51434	0.0
	51435	0.0
	51436	0.0
	51438	0.0
	51463	0.0
	51465	0.0
	51467	0.0
	51468	0.0
	51469	0.0
	51470	0.0
	51477	0.0
	51482	0.0
	51495	0.0
	51526	0.0
	51542	0.0
	51559	0.0
	51567	0.0
	51568	0.0
	51571	0.0
	51572	0.0
	51573	0.0
	51627	0.0
	51628	0.0
	51629	0.0
	51633	0.0
	51636	0.0
	51639	0.0
	51642	0.0
	51644	0.0
	51655	0.0
	51656	0.0
	51704	0.0
	51705	0.0
	51707	0.0
	51708	0.0
	51709	0.0
	51711	0.0
	51716	0.0
	51717	0.0
	51720	0.0
	51722	0.0
	51730	0.0
	51765	0.0
	51802	0.0
	51804	0.0
	51810	0.0
	51811	0.0
	51814	0.0
	51815	0.0
	51818	0.0
	51826	0.0
	51827	0.0
	51828	0.0
	51829	0.0
	51839	0.0
	51855	0.0
	51886	0.0
	51931	0.0
	52101	0.0
	52112	0.0
	52203	0.0
	52267	0.0
	52378	0.0
	52576	0.0
	52602	0.0
	52607	0.0
	52633	0.0
	52645	0.0
	52657	0.0
	52707	0.0
	52737	0.0
	52745	0.0
	52754	0.0
	52765	0.0
	52818	0.0
	52825	0.0
	52833	0.0
	52836	0.0
	52842	0.0
	52853	0.0
	52855	0.0
	52862	0.0
	52863	0.0
	52866	0.0
	52868	0.0
	52869	0.0
	52874	0.0
	52875	0.0
	52876	0.0
	52943	0.0
	52955	0.0
	52957	0.0
	52963	0.0
	52968	0.0
	52972	0.0
	52974	0.0
	53068	0.0
	53083	0.0
	53149	0.0
	53195	0.0
	53231	0.0
	53272	0.0
	53276	0.0
	53289	0.0
	53324	0.0
	53336	0.0
	53343	0.0
	53348	0.0
	53352	0.0
	53357	0.0
	53362	0.0
	53367	0.0
	53368	0.0
	53378	0.0
	53384	0.0
	53385	0.0
	53391	0.0
	53419	0.0
	53420	0.0
	53433	0.0
	53446	0.0
	53455	0.0
	53457	0.0
	53463	0.0
	53464	0.0
	53466	0.0
	53467	0.0
	53469	0.0
	53472	0.0
	53475	0.0
	53480	0.0
	53481	0.0
	53483	0.0
	53484	0.0
	53502	0.0
	53505	0.0
	53512	0.0
	53513	0.0
	53522	0.0
	53529	0.0
	53533	0.0
	53543	0.0
	53545	0.0
	53547	0.0
	53553	0.0
	53562	0.0
	53602	0.0
	53644	0.0
	53730	0.0
	53732	0.0
	54012	0.0
	54026	0.0
	54027	0.0
	54031	0.0
	54039	0.0
	54041	0.0
	54047	0.0
	54049	0.0
	54063	0.0
	54064	0.0
	54065	0.0
	54069	0.0
	54072	0.0
	54076	0.0
	54080	0.0
	54092	0.0
	54093	0.0
	54094	0.0
	54096	0.0
	54098	0.0
	54099	0.0
	54102	0.0
	54113	0.0
	54115	0.0
	54117	0.0
	54122	0.0
	54132	0.0
	54134	0.0
	54135	0.0
	54142	0.0
	54154	0.0
	54156	0.0
	54157	0.0
	54161	0.0
	54164	0.0
	54165	0.0
	54169	0.0
	54171	0.0
	54172	0.0
	54181	0.0
	54186	0.0
	54187	0.0
	54192	0.0
	54195	0.0
	54205	0.0
	54208	0.0
	54213	0.0
	54214	0.0
	54218	0.0
	54225	0.0
	54226	0.0
	54231	0.0
	54234	0.0
	54236	0.0
	54237	0.0
	54243	0.0
	54244	0.0
	54248	0.0
	54249	0.0
	54252	0.0
	54254	0.0
	54259	0.0
	54260	0.0
	54261	0.0
	54263	0.0
	54266	0.0
	54267	0.0
	54273	0.0
	54274	0.0
	54276	0.0
	54284	0.0
	54285	0.0
	54286	0.0
	54287	0.0
	54290	0.0
	54291	0.0
	54292	0.0
	54293	0.0
	54305	0.0
	54313	0.0
	54316	0.0
	54320	0.0
	54321	0.0
	54323	0.0
	54324	0.0
	54325	0.0
	54326	0.0
	54327	0.0
	54328	0.0
	54331	0.0
	54332	0.0
	54334	0.0
	54335	0.0
	54336	0.0
	54337	0.0
	54338	0.0
	54339	0.0
	54342	0.0
	54346	0.0
	54347	0.0
	54349	0.0
	54351	0.0
	54353	0.0
	54362	0.0
	54363	0.0
	54371	0.0
	54374	0.0
	54377	0.0
	54386	0.0
	54452	0.0
	54453	0.0
	54454	0.0
	54455	0.0
	54470	0.0
	54471	0.0
	54472	0.0
	54474	0.0
	54475	0.0
	54476	0.0
	54483	0.0
	54486	0.0
	54493	0.0
	54494	0.0
	54497	0.0
	54563	0.0
	54568	0.0
	54569	0.0
	54575	0.0
	54579	0.0
	54584	0.0
	54590	0.0
	54660	0.0
	54662	0.0
	55228	0.0
	55248	0.0
	55279	0.0
	55294	0.0
	55437	0.0
	55493	0.0
	55572	0.0
	55589	0.0
	55591	0.0
	55593	0.0
	55598	0.0
	55655	0.0
	55664	0.0
	55680	0.0
	55681	0.0
	55690	0.0
	55696	0.0
	55773	0.0
	56004	0.0
	56016	0.0
	56021	0.0
	56029	0.0
	56033	0.0
	56034	0.0
	56043	0.0
	56045	0.0
	56046	0.0
	56065	0.0
	56067	0.0
	56106	0.0
	56109	0.0
	56116	0.0
	56128	0.0
	56151	0.0
	56202	0.0
	56223	0.0
	56227	0.0
	56228	0.0
	56307	0.0
	56312	0.0
	56317	0.0
	56331	0.0
	56342	0.0
	56434	0.0
	53688	3.24E-4
	56289	6.0E-4
	57066	0.0016200000000000001
	56146	0.0024
	59322	0.00306
	59074	0.00324
	53938	0.003888
	57197	0.00432
	53786	0.004698
	57063	0.005778
	58220	0.0059
	57213	0.005994000000000001
	59096	0.00612
	53748	0.0064800000000000005
	53785	0.0077220000000000006
	57029	0.009072
	53862	0.010530000000000001
	58531	0.0106
	57841	0.0107
	57903	0.0107
	59099	0.01116
	53673	0.013068
	57049	0.01377
	58555	0.01395
	58221	0.0144
	58225	0.0145
	59061	0.01593
	57902	0.0171
	57196	0.017442000000000003
	59655	0.01764
	54503	0.018684
	58409	0.019
	56876	0.0196
	57465	0.0203
	58520	0.0203
	53499	0.021384000000000004
	59290	0.02187
	57769	0.023
	57113	0.023868000000000004
	57687	0.024
	57169	0.024462
	53617	0.024732
	57156	0.024732
	58118	0.0249
	53680	0.025650000000000003
	53590	0.026028000000000003
	58145	0.0281
	57899	0.028620000000000003
	56975	0.0292
	57994	0.030780000000000002
	53810	0.032616000000000006
	53768	0.03429
	54408	0.034722
	57274	0.035100000000000006
	59451	0.035370000000000006
	53588	0.035694000000000004
	57031	0.036072
	58501	0.0365
	57359	0.0367
	53958	0.037206
	53796	0.038448
	53694	0.038772
	57662	0.0389
	57054	0.04120200000000001
	57211	0.041634000000000004
	53478	0.042336
	56192	0.04293
	53967	0.044658
	56961	0.0463
	59658	0.04716
	58117	0.0479
	54618	0.048438
	53596	0.049302000000000006
	56970	0.051
	58049	0.052
	59072	0.05274
	59249	0.05274
	53614	0.052866
	53575	0.05319000000000001
	56982	0.0533
	53580	0.054378
	59321	0.05589
	57886	0.0575
	57766	0.0579
	58138	0.0585
	57294	0.058752
	58847	0.05886
	58205	0.05918400000000001
	54607	0.060750000000000005
	58421	0.0612
	59501	0.06138
	58905	0.061739999999999996
	53564	0.062316
	57102	0.062316
	59287	0.06309
	57261	0.06388200000000001
	57057	0.06453
	57320	0.0646
	53760	0.064638
	58813	0.06489
	59255	0.06723
	53573	0.068472
	57128	0.068472
	58301	0.070956
	53784	0.07111800000000001
	58154	0.0724
	58207	0.073386
	58845	0.07389000000000001
	53863	0.074466
	57774	0.075
	57040	0.07527600000000001
	58224	0.0784
	53692	0.07857
	53854	0.07927200000000001
	57180	0.07965
	57975	0.0808
	53881	0.08181000000000001
	54602	0.081864
	59284	0.08199000000000001
	53953	0.08213400000000001
	57908	0.0824
	56889	0.0829
	56082	0.08316
	57281	0.083376
	57387	0.0837
	53691	0.08370000000000001
	53791	0.08445600000000002
	57297	0.084564
	57106	0.085104
	57014	0.08586
	53519	0.08775000000000001
	52533	0.08812800000000001
	53727	0.08872200000000001
	57028	0.08915400000000001
	53579	0.08953200000000001
	57124	0.08964000000000001
	57589	0.0898
	58327	0.0911
	58546	0.09171
	53935	0.09261000000000001
	57293	0.092826
	54304	0.09439200000000002
	58530	0.0965
	57326	0.0971
	57839	0.0972
	58345	0.0985
	57313	0.1
	57988	0.10008
	58140	0.1016
	53685	0.10319400000000001
	53787	0.104274
	53698	0.10476
	57105	0.105516
	58523	0.106
	53487	0.106326
	58215	0.1064
	53612	0.10713600000000001
	59071	0.10827
	54612	0.10940400000000002
	57414	0.1096
	58502	0.10962000000000001
	57273	0.10994400000000001
	59644	0.11232
	53660	0.11248200000000001
	54606	0.11421
	58129	0.1182
	57390	0.11826
	54613	0.119232
	53753	0.11950200000000001
	53693	0.11988000000000001
	57110	0.11998800000000001
	57679	0.12
	53565	0.12004200000000001
	58264	0.1209
	53864	0.12112200000000001
	53949	0.12139200000000001
	57296	0.121446
	57238	0.121716
	54610	0.12214800000000002
	58431	0.1222
	57111	0.12231000000000002
	53615	0.122742
	59209	0.12294000000000001
	57233	0.123876
	54405	0.12393000000000001
	58747	0.12437999999999999
	58314	0.1244
	57694	0.12555000000000002
	58500	0.1259
	57129	0.12684600000000001
	58214	0.1274
	54614	0.12884400000000001
	58918	0.12906
	58736	0.12924000000000002
	53618	0.129438
	53666	0.131004
	53751	0.131868
	57216	0.132
	53788	0.132192
	54501	0.132246
	52661	0.134244
	57231	0.13473000000000002
	54617	0.135054
	57872	0.1354
	53611	0.13543200000000002
	56267	0.1362
	59021	0.13734000000000002
	59427	0.13752
	53789	0.14175000000000001
	58693	0.14193
	58203	0.1421
	54700	0.142182
	53646	0.14472000000000002
	57052	0.145368
	53689	0.145476
	58426	0.1459
	57137	0.14607000000000003
	59750	0.14850000000000002
	59480	0.14859
	57271	0.149148
	58306	0.1499
	59429	0.15102000000000002
	59653	0.1512
	57298	0.151956
	54608	0.15206400000000003
	53663	0.152496
	53860	0.152496
	59481	0.15417
	57140	0.15525
	53678	0.15557400000000002
	58647	0.15624000000000002
	58633	0.15804
	56094	0.15854400000000002
	58423	0.1597
	56985	0.1599
	57381	0.1602
	54605	0.161244
	53488	0.161892
	53658	0.165024
	57887	0.1656
	53679	0.165618
	58814	0.16596000000000002
	59004	0.16785
	53518	0.168966
	57822	0.1697
	57032	0.16999200000000003
	57608	0.1721
	58259	0.1739
	53777	0.174852
	53567	0.17560800000000001
	56880	0.1759
	57829	0.1762
	57328	0.1763
	53674	0.176472
	57043	0.177228
	53664	0.17820000000000003
	57295	0.180198
	59457	0.18062999999999999
	56188	0.1814
	58620	0.18162
	57038	0.181872
	54620	0.182736
	57053	0.18279000000000004
	53778	0.18441000000000002
	53704	0.18505800000000003
	54701	0.18538200000000002
	57947	0.18675
	53871	0.187812
	53774	0.189648
	59473	0.19026
	53681	0.19051200000000001
	53610	0.190566
	53947	0.190728
	58558	0.19359
	53764	0.19531800000000002
	53577	0.19575
	53950	0.19639800000000002
	59288	0.19728
	59656	0.198
	57512	0.1986
	57614	0.1993
	57046	0.20034000000000002
	58527	0.20043000000000002
	57932	0.2027
	53498	0.20320200000000002
	57876	0.2035
	57523	0.2044
	56984	0.205
	59053	0.20582999999999999
	57285	0.206712
	57991	0.20736
	58208	0.21087000000000003
	59441	0.21105
	53772	0.21189600000000003
	53517	0.21330000000000002
	57413	0.2138
	57061	0.21389400000000003
	57398	0.2151
	53750	0.215514
	54603	0.21681000000000003
	57417	0.2169
	58632	0.21806999999999999
	58622	0.21861
	54621	0.218646
	56654	0.2191
	53662	0.21934800000000002
	54401	0.219996
	57299	0.22021200000000002
	53782	0.220536
	57045	0.22226400000000002
	56080	0.222966
	53677	0.22404600000000002
	57960	0.22455
	57674	0.2248
	57051	0.22609800000000002
	57232	0.226692
	53676	0.229014
	57132	0.22960800000000003
	53699	0.230904
	58631	0.2313
	53585	0.23284800000000003
	54626	0.233388
	57143	0.23414400000000002
	54604	0.234198
	53780	0.23430600000000001
	59279	0.24245999999999998
	57056	0.24375600000000003
	53399	0.244458
	57447	0.2448
	58544	0.24480000000000002
	59034	0.24525000000000002
	57699	0.24624000000000001
	53740	0.248292
	57978	0.2494
	57520	0.2496
	58906	0.25002
	58724	0.25056
	57048	0.253152
	56389	0.2532
	59051	0.25334999999999996
	57502	0.2545
	53763	0.254772
	53574	0.256284
	57144	0.25677
	58750	0.25686
	57388	0.2569
	56778	0.2575
	57039	0.25785
	57671	0.2589
	53687	0.261036
	58344	0.2621
	59435	0.2628
	57798	0.26307
	56498	0.2641
	52797	0.264492
	53756	0.264654
	58268	0.2654
	57777	0.2658
	54609	0.26595
	53576	0.266868
	58706	0.26973
	53783	0.269838
	53845	0.270594
	57590	0.273
	53770	0.274158
	58557	0.27495
	53754	0.275832
	58556	0.27774
	58660	0.27819
	57669	0.2808
	58542	0.2808
	59453	0.28089
	58433	0.2813
	56873	0.2814
	57242	0.281718
	59058	0.28449
	57154	0.28501200000000004
	58846	0.28521
	53735	0.28528200000000004
	59205	0.2856
	56444	0.2856
	58435	0.2869
	58257	0.287
	57047	0.28722600000000004
	59213	0.28881
	57772	0.2915
	59278	0.29231999999999997
	53775	0.292572
	53578	0.298566
	58548	0.29871
	56867	0.2988
	57595	0.3022
	58657	0.30375
	58549	0.30384
	57995	0.30447
	57355	0.3056
	58567	0.30645000000000006
	57992	0.30906
	59941	0.3097
	58141	0.3105
	58265	0.3106
	56071	0.311526
	56996	0.3164
	58550	0.31716
	58707	0.31716
	58132	0.3172
	58614	0.31905
	53771	0.32113800000000003
	59075	0.32175
	53767	0.32184
	57370	0.3232
	59454	0.32652000000000003
	57990	0.32922
	57217	0.3312
	57358	0.3339
	59229	0.33417
	53665	0.337662
	57780	0.3391
	53584	0.340956
	59487	0.34236
	57206	0.3463
	56898	0.3514
	57962	0.352
	52978	0.35429400000000005
	57204	0.3563
	57510	0.3585
	57896	0.35892
	58438	0.3606
	58742	0.36090000000000005
	56195	0.3623
	59431	0.36450000000000005
	56992	0.367
	59228	0.36774
	58719	0.3699
	57415	0.3729
	58903	0.37341
	59294	0.37467
	53776	0.37600200000000006
	53659	0.37605600000000006
	58646	0.37773
	59462	0.38088000000000005
	56777	0.3819
	59626	0.38196
	56991	0.3831
	59449	0.38709
	57254	0.38950200000000007
	58824	0.39033
	59242	0.39077999999999996
	57513	0.3913
	56494	0.3954
	58731	0.39618
	58715	0.39798
	57153	0.3993840000000001
	57256	0.4016
	59298	0.40554
	53697	0.40802400000000005
	57799	0.40878
	57860	0.4101
	59046	0.41058
	56962	0.4155
	56144	0.4176
	57245	0.42006600000000005
	57773	0.4211
	58135	0.4225
	59215	0.42921
	59289	0.43398000000000003
	57343	0.43459200000000003
	53669	0.435456
	58665	0.43785
	58543	0.43956
	58519	0.44073
	59635	0.44136000000000003
	58534	0.4435
	58436	0.4443
	57778	0.4444
	57253	0.445
	59082	0.44514
	57155	0.447552
	59842	0.4502
	57329	0.453
	59264	0.45648
	58714	0.46269
	59246	0.46512000000000003
	58907	0.46809
	56946	0.4683
	59047	0.46998
	56944	0.473
	58705	0.47475
	59848	0.477
	57859	0.48024
	56483	0.4805
	58623	0.48501000000000005
	57600	0.4888
	58269	0.4892
	57247	0.489456
	59280	0.4913100000000001
	58606	0.49202999999999997
	59088	0.50085
	57251	0.5034
	57257	0.505
	57891	0.5114700000000001
	58658	0.51471
	57682	0.5157
	59448	0.51813
	56969	0.5186
	57688	0.5191
	58601	0.5203800000000001
	57249	0.5205
	58754	0.5211899999999999
	58343	0.5215
	59093	0.52191
	56875	0.5226
	57781	0.5242
	58804	0.52515
	56973	0.5313
	59856	0.532
	59254	0.53424
	57714	0.5396
	57881	0.5396
	58568	0.54252
	58644	0.54288
	59266	0.54495
	57895	0.5450400000000001
	56869	0.5468
	56994	0.5476
	59057	0.5484600000000001
	58634	0.55233
	56878	0.5528
	57875	0.5545
	57409	0.5583
	57883	0.56196
	57363	0.5627
	58749	0.56385
	59238	0.56628
	58746	0.5722200000000001
	56074	0.5732640000000001
	57416	0.5764
	57265	0.58
	57866	0.5808
	59268	0.5850000000000001
	56958	0.5866
	58602	0.59085
	59007	0.5924
	58360	0.593
	57516	0.5935
	59237	0.59517
	57426	0.5957
	58346	0.5989
	57909	0.6062
	56950	0.6067
	57789	0.60768
	57710	0.6086
	58652	0.60975
	58607	0.61038
	59059	0.61065
	58659	0.61146
	58612	0.6148800000000001
	58713	0.61677
	56871	0.6172
	59256	0.62127
	58354	0.6265
	59081	0.62838
	58441	0.6303
	59270	0.63387
	58449	0.63711
	58509	0.65475
	59664	0.65475
	58704	0.66105
	57345	0.6649
	58605	0.67347
	57993	0.6795
	58356	0.6811
	58615	0.6820200000000001
	57708	0.6827
	57420	0.6869
	57989	0.69768
	57506	0.7046
	57973	0.7056
	57680	0.7094
	58559	0.71712
	56954	0.7208
	59754	0.72621
	58608	0.72657
	59092	0.72855
	57339	0.7289
	57698	0.73044
	59094	0.7347600000000001
	57437	0.7366
	57792	0.7382700000000001
	58351	0.7403
	56978	0.7409
	57248	0.7414200000000001
	59269	0.75951
	59265	0.75987
	59241	0.76662
	59945	0.7686
	59845	0.7742
	58712	0.77778
	58565	0.7790400000000001
	58664	0.7790400000000001
	57425	0.7811
	58353	0.784
	58600	0.78705
	58744	0.78741
	57333	0.7892
	57361	0.7897
	57696	0.7907400000000001
	56952	0.7915
	58358	0.7939
	57985	0.7958
	57208	0.7963
	58643	0.7992900000000001
	58654	0.8017200000000001
	59471	0.80487
	58547	0.8082900000000001
	59470	0.8127000000000001
	57673	0.8196
	58667	0.8199000000000001
	57666	0.8224
	57796	0.82908
	59851	0.8334
	59090	0.83934
	57996	0.86328
	56147	0.8633
	58443	0.86481
	58619	0.86994
	57260	0.8834
	59632	0.88632
	59091	0.8886600000000001
	58359	0.8906
	59446	0.89289
	58635	0.89712
	59017	0.89847
	58450	0.9045
	59276	0.9203399999999999
	58642	0.92574
	59948	0.928
	57882	0.9288
	57432	0.9344
	56959	0.9355
	59235	0.93897
	57779	0.9462
	57598	0.9542700000000001
	58710	0.95985
	57362	0.9601
	57793	0.9682200000000001
	56167	0.9713
	57348	0.9725
	58562	0.97263
	58448	0.9843299999999999
	57981	0.9846
	59631	0.98514
	58637	0.98892
	57894	0.9898200000000001
	57431	0.9917
	58446	0.99621
	59087	0.9991800000000001
	58366	1.0038
	57451	1.008
	56499	1.0082
	58760	1.0251000000000001
	58453	1.03473
	57279	1.0391
	57349	1.0392
	58656	1.0475999999999999
	59230	1.0498500000000002
	58461	1.0507
	59456	1.05327
	57268	1.0577
	58462	1.0683
	56097	1.0796
	59843	1.08
	59854	1.0987
	58458	1.10097
	59038	1.10223
	56989	1.1164
	56168	1.1219
	57278	1.1332
	57514	1.1398
	58569	1.14309
	58361	1.1629
	56977	1.1681
	57259	1.1686
	58752	1.18926
	56185	1.1997
	58352	1.2013
	57972	1.2222
	58625	1.22382
	58437	1.2308
	58701	1.28088
	57786	1.28214
	56172	1.2908
	59758	1.309
	58455	1.31418
	59037	1.3237200000000002
	58367	1.3361
	58609	1.33992
	58457	1.35396
	58452	1.39293
	58464	1.40652
	58451	1.45656
	58529	1.4742
	59015	1.49085
	58459	1.4969700000000001
	59271	1.5052500000000002
	56987	1.5186
	58456	1.52379
	56995	1.5261
	56152	1.5302
	58460	1.5346
	58454	1.53855
	56079	1.5503
	58477	1.55349
	58468	1.56204
	58472	1.56528
	58377	1.5729
	58463	1.592
	56164	1.6234
	58624	1.63269
	58666	1.66617
	58616	1.67076
	56171	1.6845
	58362	1.7155
	59027	1.72395
	58369	1.7484
	59849	1.7653
	58365	1.8038
	57776	1.8073
	58618	1.83537
	58467	1.84086
	58484	1.8652499999999999
	58629	1.89585
	59954	1.9209
	58751	1.9740600000000001
	58627	2.00493
	58563	2.10096
	56182	2.1199
	58626	2.15784
	59757	2.1725
	59855	2.1948
	58570	2.29995
	56173	2.4696
	56038	3.7913
