	56263	-1.4548
	54470	-1.4509
	56835	-1.3499
	54455	-1.2935
	56487	-1.279
	56543	-1.2294
	57251	-1.1846
	56378	-1.1825
	56474	-1.1623
	53970	-1.1416
	54338	-1.133
	56371	-1.1316
	56748	-1.0932
	56376	-1.0899
	56475	-1.0787
	56948	-1.0607
	56838	-1.0456
	56021	-1.0397
	54454	-1.0156
	55437	-1.0122
	57254	-1.0063
	56844	-1.0017
	54331	-0.9918
	56548	-0.9901
	56671	-0.9888
	57253	-0.9867
	59941	-0.9739
	54540	-0.94
	57271	-0.9341
	56752	-0.9055
	56492	-0.9035
	56842	-0.8916
	57175	-0.8911
	57261	-0.8904
	56839	-0.886
	57248	-0.8859
	56091	-0.8851
	56247	-0.8802
	56567	-0.8781
	57156	-0.8674
	56582	-0.8645
	56478	-0.8633
	56595	-0.8595
	59848	-0.8586
	56399	-0.8496
	54852	-0.8081
	56840	-0.7962
	57256	-0.7938
	56267	-0.7825
	56396	-0.768
	56082	-0.7632
	57129	-0.7608
	56016	-0.7572
	56257	-0.7536
	56674	-0.7446
	56144	-0.7432
	57247	-0.7415
	54855	-0.7323
	56462	-0.7317
	56757	-0.7276
	56459	-0.7219
	54092	-0.7136
	55773	-0.7128
	56746	-0.7047
	57169	-0.7041
	57260	-0.704
	56761	-0.7007
	56147	-0.693
	57077	-0.6918
	54452	-0.6758
	56843	-0.6744
	56594	-0.6725
	56666	-0.6487
	54436	-0.6441
	56081	-0.6414
	52998	-0.6401
	54471	-0.6373
	57155	-0.6343
	54339	-0.6304
	54453	-0.6286
	56178	-0.6252
	57274	-0.6248
	56592	-0.6234
	59845	-0.6212
	56228	-0.6176
	55585	-0.6145
	57153	-0.6139
	56094	-0.6105
	57001	-0.6104
	56034	-0.6039
	57078	-0.6028
	57106	-0.6028
	56652	-0.5965
	59945	-0.5918
	56651	-0.5893
	57082	-0.5822
	57242	-0.5801
	56851	-0.5787
	56841	-0.5739
	56331	-0.5736
	57154	-0.5685
	57178	-0.5682
	56665	-0.5676
	54846	-0.5672
	57065	-0.5666
	57233	-0.5652
	56646	-0.5565
	56745	-0.5541
	56756	-0.5538
	54449	-0.5508
	56742	-0.5504
	54336	-0.5388
	56387	-0.5365
	57162	-0.5344
	56386	-0.5317
	58116	-0.5306
	57187	-0.5259
	54842	-0.525
	57080	-0.5245
	56192	-0.5231
	56096	-0.5193
	55228	-0.5189
	56569	-0.5175
	55664	-0.5151
	59940	-0.5088
	56688	-0.5046
	57004	-0.4974
	54337	-0.4929
	56693	-0.4928
	55655	-0.4914
	56645	-0.4903
	55589	-0.4857
	56480	-0.4809
	56109	-0.4792
	56018	-0.4755
	56167	-0.4752
	56444	-0.4749
	59842	-0.4672
	56125	-0.4657
	56106	-0.4591
	57144	-0.4584
	56976	-0.4549
	50727	-0.4547
	57066	-0.4534
	56434	-0.4513
	59838	-0.4499
	56071	-0.4443
	56389	-0.4393
	54438	-0.4385
	57268	-0.4366
	50603	-0.4353
	54849	-0.4325
	56669	-0.429
	54098	-0.4257
	56643	-0.4237
	54142	-0.4233
	57232	-0.4203
	56152	-0.4171
	57067	-0.4136
	57265	-0.4134
	56670	-0.4115
	54539	-0.4099
	52863	-0.409
	51708	-0.4083
	54541	-0.406
	54804	-0.4007
	57057	-0.3977
	56493	-0.3942
	54237	-0.392
	57194	-0.3865
	59847	-0.3832
	50956	-0.3813
	55591	-0.3775
	54532	-0.3766
	56168	-0.3753
	57238	-0.3751
	57245	-0.3751
	57045	-0.3735
	56846	-0.3731
	54334	-0.3673
	54248	-0.3641
	56654	-0.3613
	54335	-0.355
	52447	-0.3519
	51633	-0.3509
	54851	-0.3498
	50658	-0.349
	56489	-0.3478
	57127	-0.3465
	54226	-0.3451
	54660	-0.3413
	56307	-0.3412
	57007	-0.3406
	51705	-0.3393
	56485	-0.3379
	56571	-0.3368
	54439	-0.3341
	56443	-0.334
	51704	-0.3325
	57039	-0.3262
	54861	-0.3222
	54662	-0.3216
	52707	-0.3199
	57614	-0.3193
	57143	-0.3167
	58102	-0.31
	54776	-0.3092
	56584	-0.3077
	53885	-0.3056
	56751	-0.3055
	56180	-0.3031
	56394	-0.3028
	53996	-0.3023
	55578	-0.2991
	56691	-0.2986
	58111	-0.298
	59854	-0.2933
	57081	-0.2933
	59843	-0.2921
	50353	-0.2914
	57363	-0.2897
	57273	-0.2869
	54132	-0.2868
	53973	-0.2844
	56641	-0.2836
	57605	-0.2835
	57072	-0.2826
	50618	-0.2816
	57707	-0.28
	55299	-0.2799
	56227	-0.2762
	55248	-0.2758
	56836	-0.2756
	52645	-0.2753
	56193	-0.275
	55279	-0.2745
	54569	-0.2727
	56596	-0.2694
	57075	-0.269
	57179	-0.2682
	57111	-0.264
	54223	-0.2636
	57128	-0.2624
	59849	-0.2616
	56763	-0.2609
	54342	-0.2605
	57046	-0.2601
	56029	-0.2596
	54534	-0.2585
	54332	-0.2584
	56095	-0.2581
	56649	-0.2577
	55593	-0.2576
	52869	-0.2553
	57132	-0.2534
	57056	-0.2532
	54236	-0.2517
	54192	-0.25
	57634	-0.2496
	51709	-0.2488
	54803	-0.2468
	56854	-0.245
	57507	-0.2435
	50431	-0.2415
	52657	-0.2406
	54853	-0.2393
	56273	-0.2386
	57803	-0.232
	51802	-0.2319
	54531	-0.2302
	54476	-0.2252
	53997	-0.2211
	50953	-0.2148
	57084	-0.2082
	50564	-0.2023
	56580	-0.196
	53954	-0.1951
	54349	-0.1937
	54135	-0.1925
	57076	-0.1919
	57048	-0.1916
	50963	-0.189
	54225	-0.1888
	54751	-0.186
	53899	-0.1857
	57140	-0.1842
	57085	-0.1833
	53950	-0.1828
	53788	-0.1815
	57055	-0.1806
	52982	-0.179
	57006	-0.1786
	56183	-0.1784
	58007	-0.178
	56171	-0.1774
	57320	-0.177
	54841	-0.1763
	57281	-0.1759
	53995	-0.1744
	50524	-0.1738
	53866	-0.1709
	53967	-0.1703
	56969	-0.1701
	57196	-0.1687
	50566	-0.1675
	57038	-0.1642
	57231	-0.162
	57195	-0.1595
	57105	-0.1594
	57204	-0.1567
	53879	-0.1548
	53878	-0.1545
	50434	-0.1524
	51711	-0.1502
	51438	-0.1498
	50527	-0.1481
	54483	-0.1476
	54164	-0.1475
	57090	-0.1438
	50425	-0.1433
	54522	-0.1429
	54333	-0.1415
	50526	-0.1391
	53989	-0.1382
	53763	-0.1381
	56977	-0.138
	53773	-0.1367
	54249	-0.1354
	53681	-0.1351
	57060	-0.1321
	54707	-0.1319
	54437	-0.1316
	56357	-0.1282
	56664	-0.1247
	54252	-0.1223
	57176	-0.1184
	58113	-0.1182
	56092	-0.1178
	52980	-0.1164
	54805	-0.1145
	54156	-0.1114
	57198	-0.1093
	53975	-0.109
	54432	-0.1089
	53392	-0.1069
	56684	-0.1032
	57184	-0.1011
	57049	-0.1009
	54533	-0.1006
	54347	-0.0983
	54903	-0.0965
	54363	-0.0961
	53882	-0.0944
	54749	-0.0942
	53981	-0.0912
	53966	-0.0901
	52943	-0.0895
	50973	-0.0871
	56074	-0.0847
	54195	-0.0828
	54568	-0.0817
	54324	-0.0816
	52765	-0.0798
	56764	-0.079
	56223	-0.0781
	54231	-0.078
	57278	-0.0747
	57054	-0.0738
	57071	-0.0717
	54094	-0.0716
	53961	-0.0711
	57211	-0.0708
	54843	-0.0656
	58100	-0.0641
	57014	-0.0635
	57040	-0.0634
	50776	-0.0621
	52323	-0.062
	53893	-0.0607
	57061	-0.0581
	57348	-0.0576
	53888	-0.0565
	56792	-0.0565
	58016	-0.0552
	50779	-0.0544
	57182	-0.0542
	53968	-0.0536
	54472	-0.0535
	55493	-0.0522
	51707	-0.0511
	57189	-0.0502
	53992	-0.0492
	56959	-0.048
	56775	-0.0473
	50888	-0.0457
	54844	-0.0444
	54260	-0.0443
	50468	-0.0434
	50788	-0.042
	57216	-0.0417
	57396	-0.0408
	53896	-0.0401
	56390	-0.0399
	50862	-0.0389
	53676	-0.0382
	50655	-0.0377
	53861	-0.0376
	56954	-0.0373
	56128	-0.0357
	56045	-0.035
	56151	-0.0305
	54493	-0.0303
	53959	-0.0289
	54857	-0.0285
	58005	-0.0276
	50758	-0.0275
	53875	-0.0271
	53984	-0.0223
	56755	-0.0221
	54708	-0.022
	57034	-0.0215
	54165	-0.0205
	56739	-0.02
	50756	-0.0173
	53677	-0.0168
	53994	-0.0164
	57192	-0.0151
	57087	-0.0149
	57070	-0.0136
	53993	-0.0134
	58015	-0.0111
	58101	-0.0108
	54774	-0.0107
	56395	-0.0099
	52957	-0.0096
	54293	-0.0084
	54069	-0.0074
	56383	-0.0055
	54134	-0.0043
	56849	-0.0025
	57029	-0.0019
	54291	1.0E-4
	50442	8.0E-4
	54274	0.0023
	52986	0.0032
	53986	0.0071
	51627	0.0074
	54351	0.0078
	57110	0.0095
	53998	0.0099
	52643	0.0101
	53898	0.0111
	54563	0.0123
	54902	0.0125
	52203	0.0137
	53949	0.0157
	53991	0.0159
	56298	0.017
	56673	0.0175
	50136	0.0179
	54631	0.0183
	53865	0.0216
	57113	0.0261
	54817	0.0263
	54267	0.0269
	54835	0.0277
	54327	0.0293
	57911	0.0295
	51804	0.03
	57079	0.0306
	57119	0.0315
	53962	0.0322
	54871	0.0346
	57083	0.0347
	54171	0.0382
	57043	0.0382
	59954	0.0384
	54900	0.0394
	50673	0.0401
	53897	0.0411
	56093	0.0416
	52737	0.0427
	52862	0.0456
	53697	0.0495
	54820	0.0497
	56498	0.0498
	56856	0.05
	52313	0.0505
	53884	0.051
	52856	0.0511
	53770	0.0518
	56958	0.0518
	57134	0.0522
	54234	0.0534
	57805	0.0534
	56137	0.0606
	57033	0.0615
	50787	0.0617
	51815	0.0633
	57032	0.0634
	56043	0.0639
	52633	0.0655
	56766	0.0662
	54026	0.0684
	56184	0.0701
	54575	0.0704
	53894	0.074
	58006	0.0746
	53958	0.0756
	56949	0.0779
	58131	0.0815
	56190	0.0829
	53963	0.083
	54730	0.0836
	53956	0.0845
	54259	0.0846
	53941	0.0859
	54837	0.088
	58220	0.0892
	53985	0.0895
	57052	0.0902
	54644	0.0922
	50656	0.093
	58104	0.0938
	53868	0.0956
	52825	0.0959
	56084	0.0959
	50979	0.0965
	57290	0.0979
	57051	0.0987
	51636	0.0995
	54365	0.1001
	54047	0.1012
	57063	0.1026
	52446	0.1028
	51811	0.1034
	57197	0.1034
	51717	0.1045
	57099	0.1052
	54113	0.1057
	52674	0.1064
	58001	0.1064
	53957	0.1068
	53864	0.1069
	54362	0.108
	57074	0.1082
	54703	0.11
	53988	0.1111
	54800	0.1115
	54901	0.1128
	56952	0.1135
	53976	0.1165
	50349	0.12
	50775	0.12
	53948	0.1218
	56097	0.1233
	57098	0.1235
	51716	0.1239
	53955	0.1269
	52985	0.1281
	52853	0.1291
	54530	0.1291
	50774	0.1292
	54734	0.13
	56774	0.1301
	53892	0.1306
	57313	0.131
	54093	0.1321
	55472	0.1321
	53944	0.1332
	54169	0.1337
	54917	0.1342
	51814	0.1355
	57191	0.1364
	58301	0.1374
	52754	0.1378
	54617	0.1395
	52557	0.1398
	53964	0.1401
	54039	0.1402
	51087	0.1413
	50987	0.1418
	50557	0.1419
	54622	0.1432
	56961	0.1438
	56578	0.144
	53983	0.1481
	53880	0.1494
	58008	0.153
	54705	0.1532
	54606	0.1573
	59856	0.1574
	56004	0.1603
	50772	0.1614
	54628	0.1636
	51572	0.1654
	53890	0.1663
	57137	0.1671
	57091	0.1676
	54632	0.1688
	57044	0.1692
	54808	0.1695
	53953	0.1706
	57910	0.1712
	52833	0.1718
	54323	0.1719
	54801	0.1738
	50750	0.176
	54619	0.1765
	54810	0.1766
	57053	0.1775
	57824	0.178
	53974	0.1787
	53791	0.1802
	54186	0.1829
	57370	0.1833
	57042	0.1841
	56297	0.1847
	52267	0.1861
	50632	0.1867
	56496	0.1877
	54715	0.1893
	58013	0.1898
	57708	0.1909
	58017	0.1912
	56164	0.1914
	56046	0.1926
	53776	0.1937
	57285	0.1949
	57188	0.1953
	52988	0.196
	54717	0.1965
	57295	0.1986
	50745	0.199
	51186	0.2025
	56975	0.2025
	51701	0.2033
	50778	0.2052
	54627	0.2054
	53768	0.2064
	54732	0.2065
	54049	0.2071
	57047	0.21
	56279	0.2134
	54612	0.2149
	57037	0.2174
	58002	0.2174
	57361	0.2213
	54254	0.2214
	58212	0.2238
	56989	0.2246
	50965	0.2251
	50879	0.2254
	54806	0.2269
	54292	0.2273
	57035	0.2279
	57094	0.2283
	51827	0.2308
	54910	0.2311
	52787	0.2313
	57180	0.2324
	59851	0.2332
	53886	0.2338
	52652	0.235
	54243	0.2358
	56079	0.2358
	57814	0.2364
	50525	0.2366
	54601	0.2379
	56382	0.2383
	57181	0.2406
	56697	0.2422
	57279	0.2439
	54154	0.2462
	54636	0.2465
	50639	0.2475
	54607	0.2475
	55690	0.2486
	52908	0.2501
	51829	0.2507
	54640	0.2534
	55294	0.2538
	53895	0.2539
	50892	0.2549
	53982	0.2565
	54527	0.2565
	50834	0.2569
	50871	0.257
	54528	0.2576
	54752	0.2586
	54828	0.2596
	56116	0.2602
	54377	0.2619
	53874	0.2622
	56593	0.2631
	53488	0.2632
	54832	0.2642
	50646	0.2672
	53231	0.2694
	59757	0.2704
	50247	0.2712
	53891	0.2717
	52546	0.2723
	57306	0.2736
	54525	0.2744
	53782	0.2752
	59948	0.2756
	54027	0.2756
	53790	0.276
	54778	0.2763
	51573	0.2769
	53588	0.2789
	52836	0.2803
	54714	0.2811
	54290	0.2835
	50246	0.2855
	54157	0.2855
	50838	0.2882
	54064	0.2892
	57385	0.2906
	57026	0.291
	58223	0.2924
	53856	0.2925
	54520	0.2925
	54320	0.2928
	54273	0.2938
	53877	0.2939
	54609	0.294
	53914	0.2949
	54701	0.2979
	57185	0.2984
	57608	0.2987
	54624	0.3009
	51810	0.3039
	54729	0.3046
	56772	0.3049
	57089	0.3054
	50755	0.3059
	57303	0.3063
	54518	0.3068
	54700	0.3069
	52978	0.3084
	58342	0.3084
	57186	0.3085
	56978	0.3103
	53698	0.3106
	57362	0.3121
	50985	0.3149
	57604	0.3157
	50844	0.3176
	53336	0.3179
	57102	0.3183
	54517	0.3194
	53799	0.3206
	50833	0.3249
	50884	0.3255
	54181	0.3259
	54614	0.3274
	57217	0.3283
	58004	0.3285
	56966	0.3286
	59640	0.3288
	52112	0.3288
	54821	0.3294
	54633	0.3302
	50948	0.3312
	56287	0.3314
	57183	0.3319
	54608	0.3331
	50928	0.3336
	57390	0.3337
	54506	0.3342
	57027	0.3343
	57381	0.3344
	54909	0.3351
	54731	0.3358
	54906	0.3362
	57257	0.3366
	52656	0.3368
	54826	0.3369
	56946	0.3374
	50659	0.3389
	54626	0.3398
	50741	0.3407
	58108	0.3421
	50852	0.3428
	53666	0.3434
	54325	0.3434
	54718	0.3448
	53689	0.3454
	57294	0.3461
	54737	0.348
	56781	0.3488
	58021	0.3507
	54374	0.3538
	58221	0.3569
	59758	0.3582
	53772	0.3587
	54834	0.3605
	54519	0.3621
	57041	0.3623
	52418	0.3624
	58138	0.3624
	57914	0.3636
	58027	0.3641
	57292	0.3646
	54816	0.3648
	54511	0.3676
	56381	0.3676
	50873	0.3681
	50955	0.3692
	54603	0.3704
	53978	0.3713
	54830	0.3716
	50832	0.373
	58146	0.3731
	54704	0.3735
	56782	0.3741
	54610	0.377
	53693	0.3777
	57008	0.3777
	54371	0.3779
	54702	0.3783
	56951	0.3794
	52884	0.3799
	58148	0.3805
	54914	0.381
	58012	0.3817
	53781	0.3823
	52955	0.3829
	50954	0.3832
	56391	0.3837
	52866	0.3839
	58011	0.384
	57315	0.3855
	50978	0.3858
	53149	0.386
	50880	0.3862
	56598	0.3878
	57206	0.3897
	57020	0.3902
	50949	0.3908
	50861	0.3938
	50940	0.3939
	54319	0.3941
	56984	0.3971
	57343	0.3975
	54738	0.3981
	56285	0.3986
	56585	0.4002
	54823	0.4012
	54836	0.4013
	57606	0.4013
	54621	0.4014
	53883	0.4016
	50647	0.4024
	54187	0.4037
	53420	0.4041
	54706	0.4045
	57304	0.4052
	51828	0.4072
	56777	0.4084
	57025	0.4086
	54807	0.4094
	52661	0.4096
	54736	0.4115
	54521	0.4116
	54431	0.412
	54911	0.4124
	56767	0.4139
	56483	0.4145
	54943	0.4152
	53348	0.4178
	57237	0.4183
	57809	0.4213
	54512	0.4219
	54213	0.4233
	54161	0.4267
	50964	0.4285
	53798	0.4285
	54613	0.4291
	57249	0.4303
	51931	0.4306
	53580	0.4309
	53599	0.4317
	57395	0.4332
	56158	0.436
	54814	0.4363
	53979	0.4365
	51818	0.4367
	54535	0.4379
	50739	0.4394
	53337	0.4397
	53945	0.4406
	57208	0.4426
	54523	0.4437
	56889	0.4445
	53784	0.4459
	54605	0.4463
	54818	0.4472
	54063	0.4478
	57811	0.4478
	53590	0.4493
	58003	0.4508
	53343	0.4514
	51352	0.4526
	54602	0.4534
	59647	0.4536
	56384	0.4563
	53324	0.4588
	54722	0.4594
	57714	0.4597
	54716	0.4598
	56785	0.4606
	54321	0.4615
	58122	0.4616
	59317	0.462
	57326	0.4623
	50853	0.4632
	54604	0.4636
	54286	0.464
	54611	0.4661
	50548	0.4679
	55696	0.4701
	53696	0.4703
	53753	0.4719
	54041	0.4719
	51581	0.4723
	59750	0.4731
	56281	0.4736
	57345	0.4786
	51526	0.4799
	51826	0.4815
	54615	0.4819
	50514	0.4821
	58130	0.4849
	50851	0.4854
	50960	0.4896
	54072	0.4901
	57309	0.4902
	52868	0.4909
	56065	0.4915
	58331	0.4942
	57912	0.4949
	54713	0.4952
	57173	0.497
	54645	0.4993
	57720	0.4993
	56295	0.4996
	56185	0.5003
	54927	0.5009
	58215	0.5018
	54833	0.503
	54276	0.5035
	57807	0.5047
	56586	0.508
	56067	0.5083
	54434	0.5085
	56173	0.5101
	53797	0.5105
	53859	0.5111
	57907	0.5122
	54623	0.5123
	51468	0.5124
	54711	0.5136
	54076	0.5146
	57915	0.5146
	54712	0.5169
	57800	0.5173
	57096	0.5176
	55680	0.5183
	53433	0.5185
	53771	0.5188
	58127	0.5193
	54766	0.5198
	53910	0.5224
	53680	0.5238
	51639	0.5239
	52874	0.5242
	50767	0.5254
	53862	0.5263
	53777	0.5267
	57093	0.5278
	53927	0.5289
	50854	0.5301
	54915	0.5308
	52679	0.5309
	53685	0.532
	54416	0.5339
	52533	0.5343
	54172	0.5345
	53699	0.5349
	54710	0.5357
	54815	0.5361
	54510	0.5372
	54777	0.5407
	50958	0.5438
	50937	0.5443
	54433	0.5451
	56985	0.5459
	57475	0.5479
	53565	0.551
	54905	0.551
	56873	0.551
	54218	0.5515
	57710	0.5531
	50936	0.5539
	59656	0.5542
	53783	0.5553
	57734	0.5564
	58141	0.5576
	54912	0.5601
	54618	0.5606
	56790	0.5625
	53756	0.5639
	54502	0.5654
	54916	0.5655
	53691	0.5658
	54709	0.566
	50934	0.5674
	52424	0.5704
	56778	0.5711
	57902	0.5714
	58025	0.5726
	57808	0.5728
	53785	0.5752
	51571	0.5753
	58147	0.5767
	54921	0.5787
	51839	0.5793
	50946	0.5799
	56195	0.5813
	54065	0.5818
	56863	0.5818
	54316	0.5832
	50983	0.5863
	56783	0.5881
	50878	0.5904
	50858	0.5927
	53596	0.5927
	58225	0.5945
	54115	0.5957
	54620	0.5976
	54719	0.5981
	57021	0.5986
	54474	0.6011
	54507	0.6014
	54824	0.602
	57124	0.602
	53352	0.6029
	57031	0.6031
	51644	0.6035
	54923	0.6036
	56499	0.6075
	56973	0.6091
	53775	0.6096
	52885	0.612
	54503	0.612
	57259	0.6122
	54829	0.613
	57095	0.614
	54475	0.6143
	57293	0.6153
	57408	0.6154
	53673	0.6189
	54031	0.6217
	54515	0.6218
	57908	0.6231
	57333	0.6236
	57476	0.6265
	54398	0.6271
	54811	0.6279
	57723	0.6279
	58150	0.6285
	57903	0.6305
	57030	0.6311
	56881	0.6317
	53695	0.6338
	51477	0.635
	59754	0.6356
	59318	0.6366
	51765	0.637
	56996	0.6373
	54825	0.6394
	54918	0.6416
	53796	0.6421
	54616	0.6431
	56278	0.6447
	56080	0.6477
	51720	0.6494
	56768	0.6502
	57813	0.6558
	56202	0.658
	57508	0.6607
	58222	0.6612
	54596	0.6614
	50945	0.6676
	54285	0.6743
	53368	0.6755
	59653	0.6756
	54080	0.6769
	56867	0.6781
	54579	0.6784
	50867	0.6804
	53378	0.6811
	53860	0.6817
	52797	0.6829
	51467	0.6853
	53692	0.6859
	56146	0.6932
	53930	0.6951
	56880	0.6963
	52896	0.7012
	58048	0.7046
	53582	0.705
	56882	0.7069
	56950	0.7074
	52575	0.7102
	53502	0.7105
	57359	0.7106
	51777	0.7111
	58125	0.7111
	54822	0.7129
	52968	0.7136
	58022	0.7153
	53464	0.7158
	57806	0.7191
	59004	0.7218
	57913	0.7272
	57717	0.7287
	53195	0.7291
	53289	0.7301
	56793	0.7346
	57625	0.7349
	58132	0.7357
	54313	0.7375
	56862	0.7399
	58402	0.7432
	53757	0.7439
	57324	0.7452
	53446	0.7476
	58129	0.7494
	50950	0.751
	56196	0.7525
	52681	0.7532
	53947	0.7556
	58020	0.7567
	53466	0.7596
	54214	0.7596
	57328	0.7625
	53083	0.768
	57297	0.769
	57002	0.7694
	53903	0.7716
	53513	0.7732
	53810	0.7741
	54304	0.7754
	58038	0.7766
	57513	0.7831
	51358	0.784
	56872	0.784
	54764	0.7895
	58107	0.7929
	57022	0.7939
	50915	0.7946
	58214	0.7969
	53682	0.8001
	59654	0.8014
	51433	0.8028
	58143	0.8051
	56181	0.8063
	57821	0.8096
	57729	0.8104
	52607	0.8123
	56964	0.8124
	54929	0.8153
	59488	0.8173
	57388	0.8194
	58024	0.8211
	51642	0.8215
	51436	0.8217
	53857	0.8217
	54594	0.8236
	59951	0.8266
	51567	0.828
	58026	0.8282
	57477	0.83
	57600	0.8301
	59315	0.8314
	56284	0.8322
	53397	0.8331
	57906	0.8338
	59319	0.8352
	53915	0.837
	53533	0.8381
	54386	0.8391
	54919	0.8406
	57458	0.8412
	58128	0.8439
	58224	0.8453
	58145	0.8477
	54301	0.8482
	58035	0.8486
	57318	0.8516
	57718	0.8528
	56898	0.8529
	54284	0.8541
	59001	0.8547
	54318	0.8555
	53942	0.8558
	58323	0.8584
	56994	0.861
	57024	0.8636
	57517	0.8678
	53707	0.8679
	57389	0.8698
	52972	0.8703
	56186	0.8708
	58240	0.871
	58045	0.8711
	54922	0.8714
	57378	0.872
	53483	0.8746
	54920	0.8765
	57713	0.8772
	54925	0.878
	53467	0.8793
	58321	0.8805
	50859	0.8811
	57623	0.8818
	51437	0.8836
	52515	0.8861
	56962	0.8861
	57407	0.8877
	57489	0.8886
	53774	0.8956
	50939	0.8989
	59310	0.9003
	57028	0.9017
	54812	0.9031
	59664	0.9056
	54932	0.9072
	56374	0.9077
	59501	0.9105
	56869	0.915
	51470	0.9162
	57574	0.9171
	58414	0.9178
	53789	0.9181
	53463	0.9196
	58030	0.9205
	58241	0.9221
	56197	0.9226
	59316	0.9229
	56970	0.9265
	51060	0.927
	54311	0.9273
	59493	0.9279
	56533	0.928
	54399	0.9282
	51367	0.9308
	53660	0.9316
	56251	0.9324
	51356	0.9379
	52895	0.9379
	51353	0.9409
	57298	0.9427
	51053	0.943
	58135	0.9438
	54501	0.9483
	56991	0.9483
	51378	0.9537
	53419	0.954
	57011	0.954
	54096	0.9541
	54938	0.9557
	58034	0.9559
	56385	0.9584
	56189	0.9601
	58236	0.9613
	53787	0.9632
	58203	0.9632
	57003	0.9655
	58311	0.9686
	54513	0.9687
	56982	0.9703
	59324	0.9709
	56992	0.9734
	57387	0.975
	53928	0.9757
	57314	0.9776
	53472	0.9781
	53362	0.9791
	56891	0.9797
	56986	0.9813
	57584	0.9831
	57466	0.9851
	51357	0.9871
	59658	0.9892
	56188	0.9923
	51377	0.9962
	57818	0.9975
	58109	0.9976
	53853	0.9999
	57816	1.0004
	51855	1.0011
	57486	1.0012
	54940	1.0015
	57916	1.0068
	58424	1.0116
	59644	1.0121
	52963	1.0124
	57355	1.0136
	57377	1.0163
	58237	1.0183
	57728	1.0187
	52101	1.0206
	57603	1.0215
	54945	1.0221
	57722	1.0235
	57462	1.0239
	54486	1.0257
	51359	1.0267
	51059	1.0308
	54308	1.0334
	53764	1.0354
	57737	1.0392
	53484	1.0446
	53906	1.0451
	57909	1.0452
	51243	1.0461
	54012	1.0462
	57432	1.0471
	53690	1.0482
	54401	1.0511
	58139	1.0523
	53759	1.0542
	56886	1.0548
	57317	1.056
	51232	1.0607
	52495	1.0613
	52818	1.0631
	59650	1.0649
	51542	1.0686
	54410	1.072
	51076	1.0758
	54514	1.078
	58210	1.0795
	58140	1.0803
	57505	1.0806
	57585	1.0872
	58032	1.0926
	53579	1.0932
	51330	1.0937
	59492	1.0954
	59205	1.0955
	59502	1.0961
	53593	1.1027
	58202	1.1151
	51379	1.1191
	57483	1.121
	57506	1.1247
	56885	1.1249
	53576	1.1268
	57922	1.1285
	53662	1.1288
	54102	1.1298
	53367	1.1311
	58208	1.1323
	53492	1.1325
	53738	1.1331
	56380	1.1335
	57465	1.1342
	51156	1.1344
	53543	1.1395
	58320	1.1414
	57512	1.1419
	56199	1.143
	54205	1.1503
	58417	1.1567
	53487	1.1569
	51058	1.1593
	57586	1.1637
	54935	1.1647
	54499	1.1662
	53545	1.168
	53384	1.1694
	53399	1.1745
	57926	1.1782
	56187	1.1801
	53665	1.1803
	51068	1.1808
	53529	1.1868
	58319	1.1899
	57511	1.1907
	59320	1.1957
	57502	1.1962
	53578	1.201
	59021	1.2037
	54765	1.2052
	57514	1.2063
	58118	1.216
	59306	1.2164
	53760	1.2167
	59417	1.2188
	54505	1.2248
	57655	1.2256
	54584	1.2257
	57464	1.2261
	51482	1.2278
	53499	1.2322
	57719	1.2349
	56280	1.2387
	57905	1.239
	53478	1.2391
	58234	1.2396
	58250	1.2427
	59012	1.2429
	59022	1.2435
	51465	1.2445
	57565	1.2463
	58420	1.2472
	58044	1.2491
	51469	1.2502
	56312	1.2532
	59655	1.2549
	53518	1.2551
	58049	1.2565
	54117	1.2629
	58117	1.2653
	53705	1.2664
	53475	1.2683
	59429	1.2771
	57469	1.2771
	58230	1.2798
	57637	1.2806
	53512	1.2812
	59321	1.2834
	58242	1.2844
	58243	1.2846
	56987	1.2881
	53780	1.2931
	59130	1.2945
	59007	1.2961
	53750	1.2967
	57296	1.2981
	53584	1.3019
	59314	1.3022
	58416	1.3025
	57545	1.3034
	58360	1.3204
	54408	1.3225
	51628	1.3232
	57827	1.3236
	53611	1.3249
	56194	1.3258
	57663	1.326
	57451	1.3269
	58316	1.3271
	51334	1.3278
	57516	1.3285
	51559	1.3296
	54208	1.3313
	57510	1.3351
	57485	1.3352
	53767	1.3355
	56883	1.3356
	59462	1.3391
	58238	1.3395
	54404	1.3473
	57308	1.3505
	57492	1.3516
	59425	1.3542
	53663	1.3546
	57923	1.3552
	53391	1.356
	56286	1.3565
	53480	1.3568
	53490	1.3618
	56876	1.3635
	57482	1.365
	57575	1.3692
	58330	1.3697
	51365	1.3725
	58040	1.373
	59659	1.3828
	54597	1.3835
	57566	1.3847
	53519	1.3848
	57307	1.3896
	57738	1.3932
	58251	1.3952
	59209	1.3954
	59313	1.3955
	51369	1.396
	57927	1.3989
	58036	1.3993
	58235	1.3994
	57023	1.4002
	58041	1.403
	53730	1.408
	58942	1.4116
	57368	1.4153
	51568	1.4171
	51655	1.4198
	51629	1.421
	59673	1.4223
	52993	1.4228
	54590	1.4243
	58154	1.4254
	59131	1.4275
	57573	1.4297
	51656	1.4299
	57525	1.4323
	57543	1.4357
	58938	1.4366
	59322	1.4378
	54494	1.438
	59855	1.4386
	53732	1.442
	56878	1.4425
	53567	1.4431
	59626	1.4444
	59297	1.4475
	51463	1.4528
	59448	1.4617
	59017	1.4638
	58415	1.4656
	57329	1.4717
	56296	1.4747
	57509	1.4784
	51288	1.4851
	52876	1.4877
	57409	1.488
	57402	1.4893
	56879	1.4902
	53486	1.4913
	54939	1.4957
	53491	1.498
	59457	1.5006
	53740	1.5012
	58462	1.5037
	59500	1.5057
	57577	1.5107
	57562	1.5179
	57417	1.5182
	57460	1.5238
	53854	1.5256
	57401	1.5262
	56182	1.5275
	58047	1.5293
	59213	1.5375
	58306	1.541
	57541	1.5526
	57839	1.5528
	53704	1.5579
	56276	1.5579
	59456	1.5589
	57646	1.5661
	53615	1.5675
	53926	1.5722
	57612	1.5754
	58500	1.5812
	57829	1.5818
	59487	1.5821
	53651	1.5839
	57582	1.589
	52995	1.5916
	57636	1.5921
	58207	1.595
	53481	1.5997
	53594	1.6035
	59469	1.6048
	53848	1.6058
	57411	1.6065
	59449	1.6113
	54497	1.6113
	58503	1.6148
	57732	1.6162
	57609	1.6172
	57571	1.6219
	59476	1.6308
	54346	1.6322
	56172	1.6325
	57405	1.6343
	58934	1.6359
	59211	1.6429
	57936	1.653
	53908	1.6533
	58408	1.6582
	57595	1.6583
	58336	1.6594
	51238	1.6617
	59127	1.6625
	59312	1.6654
	57414	1.6676
	59475	1.6698
	58246	1.6728
	57825	1.6731
	57499	1.6741
	57522	1.6748
	51241	1.6766
	51137	1.6776
	57494	1.6829
	57662	1.6854
	58936	1.6925
	58423	1.6945
	58409	1.6982
	57590	1.7036
	57731	1.7056
	57581	1.7084
	57544	1.7085
	52889	1.7093
	58407	1.7101
	58158	1.7109
	57339	1.713
	53754	1.7144
	58269	1.7255
	50968	1.7259
	58314	1.7354
	57398	1.7362
	59471	1.7364
	51435	1.7378
	51145	1.7379
	59015	1.7386
	58429	1.7455
	59470	1.7471
	57012	1.7487
	59426	1.7501
	53617	1.7528
	57736	1.7601
	58428	1.7603
	57299	1.7607
	57520	1.761
	53850	1.7612
	57661	1.7638
	57671	1.7654
	58341	1.7659
	57540	1.7665
	58367	1.7669
	58329	1.769
	53937	1.7777
	53881	1.7845
	59298	1.7863
	59125	1.789
	59027	1.7911
	59133	1.7979
	57583	1.8031
	58247	1.8076
	59304	1.8077
	57837	1.8078
	53658	1.8085
	57399	1.8098
	57564	1.8143
	53786	1.8229
	53602	1.8238
	58205	1.831
	58257	1.8379
	57447	1.8407
	57682	1.8457
	59224	1.8469
	53929	1.8488
	57822	1.851
	57941	1.8517
	58334	1.8553
	54406	1.8626
	58419	1.8633
	59137	1.8684
	58404	1.8684
	57439	1.8706
	57438	1.8713
	57647	1.8766
	58361	1.8874
	58327	1.8875
	57921	1.8902
	53917	1.8909
	57834	1.8935
	59122	1.8952
	52996	1.9014
	59126	1.9028
	53517	1.9028
	53751	1.9081
	59480	1.9113
	57493	1.9142
	52576	1.9173
	59485	1.9221
	57589	1.9233
	57633	1.9281
	58929	1.9535
	52784	1.958
	58418	1.9594
	53659	1.9613
	58365	1.9674
	57498	1.9687
	58501	1.9726
	53664	1.9732
	58317	1.9733
	59478	1.9769
	57445	1.9797
	58254	1.9797
	53562	1.9832
	57415	1.9865
	57666	1.9884
	58245	1.9884
	58946	1.9896
	58335	1.9903
	57835	1.9961
	58401	1.9991
	57491	2.0012
	58343	2.0015
	58340	2.0045
	57680	2.0054
	57431	2.0066
	59427	2.0131
	58944	2.0134
	57413	2.0134
	57674	2.0138
	59124	2.0141
	58265	2.0174
	58244	2.0264
	57844	2.0296
	58935	2.0303
	59134	2.0334
	51133	2.0413
	53916	2.0676
	59025	2.0707
	58353	2.0751
	59631	2.0769
	57657	2.0893
	58472	2.0896
	52984	2.0976
	57669	2.1017
	58507	2.1052
	58358	2.1111
	59218	2.1155
	58359	2.1155
	57678	2.1176
	58932	2.1184
	58436	2.119
	58432	2.1226
	57598	2.1236
	57536	2.1267
	58354	2.1271
	57673	2.1275
	58344	2.1281
	58362	2.1307
	58339	2.137
	58431	2.1381
	57358	2.1458
	58427	2.148
	57735	2.1492
	59481	2.1538
	58351	2.1538
	58249	2.1626
	57425	2.1631
	53938	2.1699
	58377	2.1806
	58345	2.1849
	57642	2.1882
	59635	2.1909
	58337	2.1922
	59237	2.1978
	57554	2.1994
	58570	2.2018
	58928	2.2018
	58926	2.2122
	59454	2.2214
	58369	2.2221
	59421	2.2227
	57640	2.2261
	57461	2.2281
	57558	2.2402
	58510	2.2501
	57658	2.2519
	58461	2.2548
	57496	2.2551
	58352	2.2779
	57416	2.2821
	57649	2.2848
	58441	2.285
	58421	2.2852
	53934	2.2946
	58433	2.2951
	57523	2.2984
	58442	2.3031
	58534	2.3101
	59289	2.311
	57832	2.3132
	58255	2.3167
	57744	2.3179
	53612	2.3216
	58338	2.3288
	57743	2.3408
	57740	2.3476
	53646	2.3492
	59452	2.3544
	58426	2.3574
	58460	2.3582
	57426	2.3597
	59269	2.3657
	58477	2.3795
	58346	2.384
	59446	2.3849
	58502	2.3905
	59229	2.3908
	58484	2.3963
	57519	2.3972
	57741	2.3976
	57635	2.4015
	57742	2.4053
	57349	2.4087
	57989	2.4107
	58443	2.4112
	58446	2.4151
	59303	2.4159
	58437	2.416
	58941	2.4189
	58520	2.4227
	53817	2.4243
	53923	2.4265
	57752	2.4273
	58931	2.4356
	57828	2.4364
	53498	2.4369
	57745	2.4405
	59419	2.4409
	58463	2.4464
	59278	2.4503
	59451	2.4574
	57739	2.4576
	58509	2.4661
	58451	2.4674
	57846	2.4785
	51328	2.4917
	59256	2.4998
	58666	2.5019
	57687	2.5041
	53564	2.5048
	57694	2.5091
	52974	2.5125
	53841	2.5194
	59228	2.5196
	58450	2.5207
	53806	2.5239
	57679	2.524
	58664	2.5247
	53727	2.5347
	53829	2.5431
	58665	2.5496
	53821	2.5503
	59431	2.5533
	58453	2.5665
	57688	2.5768
	58600	2.5778
	59116	2.5798
	58940	2.5812
	57643	2.5824
	58454	2.5898
	58264	2.6011
	58667	2.6051
	58918	2.6137
	58601	2.6161
	59435	2.6187
	58438	2.6211
	58605	2.6244
	57771	2.6506
	58837	2.6558
	58602	2.6561
	57699	2.6566
	57696	2.658
	57776	2.6594
	58259	2.6608
	59093	2.6734
	58435	2.6743
	59477	2.6789
	59034	2.6801
	58268	2.6914
	59102	2.6933
	58449	2.6939
	59107	2.6978
	58366	2.7003
	58517	2.7034
	58542	2.7093
	57698	2.7199
	59266	2.7201
	58923	2.7213
	58448	2.7218
	58751	2.7328
	57761	2.7358
	58547	2.7359
	59632	2.7361
	57842	2.7382
	59090	2.7475
	59294	2.7491
	58760	2.7515
	58531	2.7591
	58656	2.7611
	59033	2.7628
	58844	2.7661
	59285	2.7707
	58646	2.7712
	58652	2.7714
	59473	2.7764
	58921	2.7815
	58523	2.7818
	58847	2.7827
	59270	2.7837
	59227	2.7852
	58623	2.7852
	58508	2.7907
	57845	2.792
	58612	2.7971
	58657	2.7978
	58848	2.8019
	58615	2.8022
	58658	2.8022
	57754	2.8047
	58843	2.812
	59092	2.8237
	58549	2.8283
	58634	2.8283
	58846	2.836
	58550	2.8382
	57420	2.8383
	58627	2.8392
	58907	2.8394
	58459	2.8428
	59023	2.8438
	58567	2.8451
	58565	2.8478
	58557	2.8519
	58754	2.8519
	58654	2.8535
	58452	2.8565
	57841	2.8638
	58548	2.8675
	58635	2.8691
	58633	2.8764
	58626	2.8769
	58659	2.8788
	58457	2.8799
	57760	2.8805
	58624	2.8805
	58569	2.8853
	58752	2.8862
	58616	2.8887
	58563	2.8905
	59284	2.8941
	58836	2.8999
	58631	2.9019
	57773	2.91
	58625	2.9143
	58912	2.9162
	58742	2.9205
	58530	2.9209
	59663	2.9218
	58558	2.9221
	58468	2.9224
	57793	2.9228
	51434	2.9231
	57763	2.9265
	58546	2.9272
	58568	2.9379
	58464	2.939
	59088	2.9399
	58736	2.9426
	59265	2.9491
	59453	2.9496
	53735	2.9517
	59249	2.9537
	57796	2.9537
	57995	2.9564
	59087	2.9663
	58905	2.9713
	58467	2.9757
	58828	2.979
	58519	2.9793
	53618	2.9794
	58543	2.9806
	58629	2.9819
	58559	2.9827
	57772	2.9845
	57840	2.985
	53619	2.9868
	58458	2.9885
	59099	2.9906
	59097	2.9949
	58749	2.9965
	57857	3.0041
	59290	3.0134
	58618	3.0153
	59280	3.0207
	58750	3.0238
	59113	3.0258
	53577	3.0272
	58608	3.0336
	57860	3.0337
	53723	3.0343
	59096	3.0355
	57762	3.0371
	58845	3.0385
	59037	3.0405
	58906	3.0432
	58607	3.0454
	57768	3.0462
	58562	3.0486
	57942	3.0537
	59031	3.056
	51431	3.061
	58609	3.0619
	57993	3.0628
	57774	3.0644
	58527	3.0676
	58606	3.0682
	58644	3.0703
	57781	3.0745
	53610	3.0772
	59094	3.078
	58747	3.0784
	59075	3.0801
	58455	3.0828
	58746	3.0847
	57792	3.0917
	59279	3.0919
	53725	3.0936
	58555	3.0939
	57780	3.0965
	57851	3.0989
	58556	3.1055
	58529	3.1071
	58614	3.1092
	58826	3.1111
	58819	3.1205
	58710	3.1206
	59287	3.1237
	57948	3.1246
	58544	3.1254
	57996	3.1343
	58537	3.1378
	59114	3.1445
	58933	3.1462
	57994	3.1484
	57786	3.1503
	59264	3.1518
	57992	3.1529
	58818	3.1551
	58824	3.1584
	58744	3.1604
	58712	3.1617
	59254	3.1672
	58622	3.1703
	59081	3.1776
	58647	3.1778
	59106	3.1824
	57872	3.1856
	59117	3.189
	57973	3.1935
	58911	3.1947
	59288	3.1961
	57867	3.199
	58737	3.201
	57779	3.2014
	58619	3.2025
	58834	3.2054
	59271	3.2071
	59246	3.2084
	57766	3.2138
	57789	3.2169
	58620	3.2198
	51329	3.2253
	58822	3.2293
	59091	3.2339
	57767	3.2358
	57974	3.2358
	58903	3.2359
	59293	3.2404
	57859	3.2411
	58823	3.2428
	59441	3.2474
	57887	3.2498
	57868	3.2503
	58927	3.2532
	58821	3.258
	57896	3.2609
	58701	3.2621
	57758	3.2669
	59082	3.2718
	57990	3.2719
	57853	3.2769
	57991	3.283
	58745	3.2843
	59276	3.2903
	58731	3.2981
	57988	3.3024
	57798	3.3041
	57894	3.3081
	57875	3.313
	58714	3.3135
	58735	3.3138
	57975	3.3289
	58820	3.3318
	58748	3.333
	58730	3.3339
	57886	3.3417
	59238	3.3518
	57871	3.3584
	57972	3.3592
	57769	3.3603
	57882	3.364
	57874	3.3681
	58804	3.3801
	57971	3.3966
	57966	3.4015
	59072	3.4036
	57876	3.4093
	57777	3.4121
	57965	3.413
	57985	3.4161
	58806	3.4164
	57870	3.4365
	59255	3.44
	57981	3.4408
	59235	3.4477
	57958	3.4614
	57889	3.4706
	57881	3.4824
	57891	3.4828
	59057	3.4907
	58813	3.5175
	57799	3.5223
	59071	3.5247
	57883	3.528
	57976	3.5292
	59074	3.5384
	59065	3.5486
	57778	3.5542
	57016	3.6024
	57899	3.6123
	57964	3.6284
	57962	3.6301
	57866	3.6313
	59230	3.6358
	58715	3.6467
	57969	3.6588
	58704	3.6623
	59051	3.6671
	57865	3.6674
	59241	3.6738
	57955	3.6756
	57947	3.6792
	58706	3.6806
	58725	3.6828
	57895	3.6831
	59052	3.6899
	58814	3.7026
	57960	3.7049
	59059	3.7053
	59242	3.7083
	57956	3.7149
	57978	3.7232
	58719	3.7352
	59045	3.7825
	57957	3.7833
	59046	3.7937
	57954	3.8012
	59044	3.8257
	59063	3.8365
	59041	3.857
	59047	3.8652
	59058	3.8695
	59064	3.8972
	59053	3.9422
	59055	3.9442
	59061	3.9685
	59038	3.9912
