50136     1
50137  -999
50246     1
50247  -999
50349     1
50353     1
50425     0
50431   -10
50434   -14
50442     2
50445     0
50468     1
50514    -6
50524   -12
50525    -6
50526    -5
50527   -11
50548     1
50557     1
50564     1
50566     1
50603   -12
50618   -10
50632     0
50639     0
50646    -8
50647     0
50655    -7
50656    -9
50658    -4
50659     1
50673    -9
50674    -1
50727   -13
50739  -999
50741     0
50742     1
50745    -1
50749    -9
50750    -6
50755   -11
50756   -13
50758   -14
50767   -13
50772    -4
50774    -2
50775    -2
50776    -5
50778     1
50779     1
50787     1
50788     1
50832   -19
50833    -8
50834    -9
50838     0
50842   -15
50844    -7
50851    -7
50852    -6
50853   -16
50854    -9
50858   -12
50859    -5
50861   -18
50862    -8
50867     0
50871    -2
50873    -1
50877     0
50878    -8
50879    -1
50880     0
50884     1
50888     0
50892    -2
50913   -10
50915   -11
50924  -999
50928   -19
50934   -12
50936     0
50937   -16
50939   -11
50940    -8
50945  -999
50946   -21
50948   -22
50949   -25
50950   -11
50953     0
50954   -14
50955  -999
50956    -4
50958    -1
50960    -6
50962     0
50963   -13
50964    -4
50965     0
50968    -1
50971  -999
50973  -999
50978    -4
50979   -13
50983     0
50985     0
50987    -8
51053     0
51058  -999
51059  -999
51060  -999
51068     0
51076     0
51087     0
51133    -4
51137    -3
51145    -2
51156     0
51186     0
51232     0
51238  -999
51241     0
51243     0
51288     0
51328    -1
51329     0
51330    -2
51334     0
51346     0
51352     0
51353     0
51356     0
51357     0
51358  -999
51359     0
51365     0
51367     0
51369   -21
51377   -16
51378     0
51379     0
51430   -11
51431    -1
51433  -999
51434    -9
51435    -9
51436    -1
51437     0
51438    -6
51463   -12
51465   -17
51467   -10
51468   -12
51469  -999
51470  -999
51477     0
51482    -4
51495     0
51526     0
51542     1
51559     0
51567     0
51568     0
51571     0
51572     0
51573     0
51581     0
51627     1
51628     1
51629     1
51633     1
51636     0
51639  -999
51642     0
51644     0
51655  -999
51656     0
51701     0
51704  -999
51705     1
51707     1
51708     1
51709     1
51711     2
51716     1
51717     2
51720     1
51722     0
51730     0
51747  -999
51765     0
51777     0
51802     1
51804     0
51810  -999
51811     1
51814     0
51815     1
51818     1
51826     1
51827     0
51828     0
51829     0
51839     1
51848  -999
51855     0
51886     1
51931     1
52101    -9
52112  -999
52118     0
52203     0
52267     0
52313     0
52323     0
52343  -999
52378     0
52418     0
52424     0
52436     0
52441  -999
52446     0
52447     0
52495     0
52515     0
52533     0
52546     0
52557     0
52575     0
52576     0
52602     0
52607     0
52633     1
52643   -10
52645    -1
52652     0
52656   -15
52657   -16
52661     0
52674   -16
52679     0
52681     0
52707     0
52713     0
52737     0
52745     1
52754     2
52765     1
52784   -26
52787   -19
52788  -999
52797     0
52818     1
52825     1
52833     1
52836     1
52842     0
52853    -4
52855     0
52856     1
52862   -15
52863   -10
52866    -6
52868   -12
52869   -11
52874   -14
52875    -5
52876    -8
52884  -999
52885   -23
52889   -19
52895   -12
52896   -14
52908     0
52943    -1
52955     0
52957    -8
52963   -13
52968    -2
52972   -18
52974  -999
52978   -10
52980   -16
52982   -18
52983    -7
52984   -12
52985    -1
52986     0
52988    -3
52993     0
52995     0
52996    -9
52998   -13
53068     0
53083   -22
53149     0
53192   -24
53195     0
53231     0
53272     0
53276    -8
53289    -2
53324     0
53336     0
53337     0
53343   -11
53348    -5
53352   -11
53357     0
53362    -8
53367    -9
53368    -5
53378   -14
53384   -11
53385    -4
53391     0
53392    -7
53397    -5
53399    -3
53419     0
53420     0
53433    -6
53446    -2
53455    -7
53457    -9
53463    -4
53464    -5
53466  -999
53467   -21
53469   -16
53472    -2
53475   -19
53478   -15
53480    -2
53481    -9
53483    -5
53484   -16
53486   -15
53487   -11
53488    -9
53490  -999
53491   -11
53492   -10
53498    -3
53499    -6
53502     0
53505  -999
53512     0
53513     0
53517     0
53518     0
53519     0
53522     0
53529    -9
53533    -2
53543   -14
53545   -14
53547   -12
53553     0
53562   -18
53564   -14
53565   -14
53567    -9
53573   -12
53574   -14
53575   -12
53576    -7
53577    -9
53578  -999
53579    -4
53580   -10
53582   -11
53584   -14
53585   -14
53588   -22
53590   -14
53593    -3
53594  -999
53596   -19
53599   -20
53602   -21
53610     0
53611     0
53612  -999
53614     0
53615     0
53617     0
53618     0
53619     0
53644    -9
53646    -6
53651  -999
53658   -13
53659   -12
53660   -13
53662   -11
53663   -16
53664   -17
53665    -9
53666    -5
53669   -14
53673   -15
53674   -21
53676   -18
53677   -23
53678   -24
53679   -25
53680   -15
53681   -11
53682   -23
53685   -18
53687  -999
53688   -11
53689   -10
53690   -10
53691   -19
53692   -13
53693   -10
53694   -21
53695    -8
53696   -17
53697   -12
53698   -17
53699   -28
53704     0
53705    -8
53707    -3
53723   -26
53725   -15
53727   -17
53730   -22
53732    -9
53735  -999
53738   -11
53740    -5
53748   -19
53750   -10
53751   -13
53753   -24
53754   -16
53756   -22
53757   -16
53759   -21
53760   -17
53763   -19
53764   -16
53767   -21
53768   -18
53769   -20
53770   -26
53771   -20
53772   -18
53773    -9
53774   -32
53775  -999
53776   -20
53777   -18
53778   -23
53780   -20
53781   -16
53782   -24
53783   -17
53784    -4
53785    -5
53786    -8
53787   -17
53788    -9
53789   -22
53790    -9
53791   -19
53792   -10
53794   -13
53795   -13
53796   -11
53797    -5
53798     0
53799    -8
53806    -5
53810   -13
53817     1
53821     1
53829    -2
53832    -4
53841   -16
53845   -19
53848     1
53850   -32
53852   -21
53853   -12
53854  -999
53856     0
53857     1
53859  -999
53860   -12
53861     0
53862   -20
53863   -25
53864    -9
53865    -6
53866    -7
53868     0
53869     1
53871   -13
53872    -9
53873   -23
53874    -9
53875   -12
53877  -999
53878    -7
53879   -14
53880    -7
53881   -22
53882    -1
53883    -8
53884  -999
53885   -15
53886    -2
53887  -999
53888   -18
53889   -12
53890    -1
53891    -7
53892    -1
53893    -7
53894    -3
53895    -2
53896    -4
53897   -18
53898    -5
53899     8
53903     1
53906    -9
53908   -17
53910  -999
53914    -9
53915     2
53916     1
53917    -8
53923     0
53924     2
53925     1
53926     2
53927     3
53928     2
53929     2
53930     0
53931     1
53934     0
53935     0
53937     1
53938     1
53941     0
53942     1
53944     2
53945     3
53947     1
53948  -999
53949     0
53950    -1
53953    -8
53954    -4
53955  -999
53956    -9
53957   -11
53958    -9
53959    -6
53961    -8
53962    -9
53963    -7
53964    -7
53965    -5
53966    -8
53967    -2
53968  -999
53970    -2
53972     0
53973   -12
53974    -5
53975    -6
53976   -13
53978     0
53979    -5
53980     0
53981    -8
53982    -9
53983     0
53984    -5
53985    -6
53986    -7
53987    -4
53988   -10
53989     0
53991     0
53992     0
53993    -2
53994    -5
53995     0
53996    -5
53997     1
53998     1
54012   -12
54024    -8
54026   -11
54027   -23
54031   -12
54039   -12
54041    -7
54047    -5
54049   -13
54063     0
54064  -999
54065     1
54069     0
54072     0
54076     0
54080     1
54092    -3
54093   -10
54094    -3
54096     0
54098    -2
54099     0
54102    -9
54113   -11
54115    -5
54117    -3
54122   -20
54132    -2
54134    -8
54135    -8
54142     2
54154     2
54156     1
54157     2
54161     2
54164     2
54165  -999
54169     4
54171     3
54172     1
54181     1
54186     0
54187     1
54192  -999
54195     1
54204    -8
54205    -7
54208   -13
54213   -15
54214     0
54218     1
54223   -12
54225     0
54226    -4
54231     0
54234     0
54236     2
54237     1
54243  -999
54244     2
54245     3
54248  -999
54249     2
54252     3
54254     0
54259     2
54260  -999
54261     2
54263     2
54266     2
54267     2
54273     2
54274     2
54276     3
54284     2
54285     1
54286  -999
54287  -999
54290     2
54291     0
54292     1
54293     0
54301     2
54304    -7
54305     0
54308    -1
54311     0
54313     0
54316     1
54318     0
54319    -7
54320    -2
54321     0
54323     0
54324     0
54325     0
54326    -3
54327     0
54328     0
54330  -999
54331     2
54332     2
54333     1
54334  -999
54335     3
54336     1
54337     1
54338     3
54339     1
54340  -999
54342     0
54345  -999
54346     1
54347     1
54348  -999
54349  -999
54351     1
54353  -999
54362     2
54363     2
54365     2
54371     2
54374     3
54377     2
54386     2
54398   -21
54399    -8
54401   -12
54404    -1
54405    -9
54406  -999
54408    -8
54410    -8
54412    -9
54416    -8
54419   -10
54420   -16
54421    -7
54423     0
54424    -6
54425    -6
54428   -13
54429    -8
54430    -7
54431   -17
54432     0
54433   -19
54434   -11
54436     1
54437     0
54438     1
54439    12
54449     2
54452  -999
54453     2
54454     3
54455    30
54470  -999
54471     2
54472  -999
54474     1
54475    15
54476     1
54483     3
54486    12
54493    18
54494    16
54497     0
54499   -14
54501   -14
54502   -18
54503   -21
54505   -22
54506   -16
54507   -16
54510   -13
54511   -18
54512   -15
54513   -19
54514   -16
54515   -18
54517   -19
54518   -19
54519    -5
54520    -8
54521    -9
54522   -11
54523   -16
54525  -999
54526    -9
54527   -14
54528   -14
54529     0
54530   -10
54531     1
54532     0
54533     1
54534     0
54535    -2
54539     1
54540     2
54541     2
54563     2
54568     8
54569     8
54575     8
54579    -4
54584     8
54590    -7
54594   -18
54596   -19
54597   -17
54601   -19
54602   -19
54603   -22
54604   -12
54605   -26
54606   -14
54607   -19
54608    -7
54609   -13
54610   -14
54611   -23
54612   -10
54613    -9
54614   -14
54615    -8
54616    -3
54617    -5
54618    -3
54619   -14
54620   -23
54621    -6
54622   -11
54623    -2
54624     1
54626   -21
54627     1
54628     0
54631   -12
54632    -1
54633    -5
54636   -22
54640    -5
54644     1
54645    -6
54646  -999
54660  -999
54662     0
54700    -5
54701    -7
54702    -5
54703    -5
54704    -9
54705    -6
54706     1
54707    -2
54708    -8
54709     0
54710     0
54711   -12
54712     1
54713   -14
54714    -4
54715     0
54716     1
54717     0
54718     9
54719    -9
54722    11
54723     1
54724     1
54725    14
54726     1
54727  -999
54728     1
54729    -5
54730    -6
54731    -6
54732  -999
54734    -1
54736    -9
54737   -12
54738    -4
54744  -999
54749     1
54751     1
54752     1
54753     0
54755   -10
54759    -6
54764    -5
54765    -5
54766     1
54774     0
54776   -10
54777    -8
54778   -15
54800     0
54801     0
54802     0
54803    12
54804     0
54805     0
54806    -2
54807     0
54808     0
54809     2
54810     1
54811     2
54812     1
54814    10
54815    14
54816    11
54817    -5
54818     0
54819    -2
54820    -6
54821     1
54822    -6
54823     0
54824   -14
54825    -4
54826    -3
54827   -11
54828     0
54829    -8
54830     0
54831   -12
54832    -9
54833   -12
54834     0
54835   -14
54836    -8
54837    -4
54841    -6
54842  -999
54843    -3
54844    -1
54846    -1
54848   -14
54849    -8
54851    -8
54852    -7
54853   -11
54855     1
54857    -8
54861    -2
54863    -5
54868  -999
54871   -15
54900     0
54901     1
54902    -5
54903     0
54904     0
54905     1
54906    -6
54907     1
54908    -2
54909    -4
54910     0
54911    -8
54912    -2
54913    -8
54914     0
54915     1
54916     0
54917     0
54918     0
54919     2
54920     0
54921     0
54922     0
54923     1
54925     0
54927     1
54929     0
54932     1
54935    -3
54936     1
54938     1
54939     1
54940    -4
54943     1
54945    -9
54952  -999
55228     0
55248     1
55279     0
55294    -8
55299   -12
55437     0
55472   -10
55493   -11
55572  -999
55578    -2
55585    -8
55589  -999
55591    -6
55593  -999
55597  -999
55598     0
55655     1
55664    -8
55680   -13
55681     0
55690     1
55696     0
55773     1
56004     0
56016    -3
56018    -4
56021     1
56029   -12
56033    -5
56034    -6
56038   -14
56041  -999
56043    -6
56045     0
56046     1
56065    -5
56067     0
56071    -5
56074     0
56075  -999
56079     1
56080    -2
56081    -9
56082   -14
56084     1
56091   -17
56092   -18
56093     0
56094   -13
56095   -16
56096   -15
56097     0
56106     0
56109  -999
56116    -4
56125     0
56128  -999
56132  -999
56137     0
56144   -10
56146   -12
56147     1
56151    -6
56152   -11
56158    -6
56164     0
56167     0
56168    -1
56171     0
56172     0
56173    -6
56178     0
56180     0
56181    -4
56182    -1
56183   -15
56184    -5
56185     0
56186    -5
56187     1
56188     1
56189    -7
56190     1
56192    -6
56193    -7
56194    15
56195     1
56196     1
56197    -7
56198    -2
56199     1
56202    -1
56223     0
56227     0
56228  -999
56247    -5
56251    -5
56257    -6
56263     0
56265  -999
56267   -12
56272     0
56273     1
56276    -3
56278    -7
56279    -4
56280     0
56281     1
56284     0
56285    -3
56286     0
56287     0
56288     1
56289     0
56290    -1
56291     0
56294  -999
56295     1
56296     0
56297     3
56298    -8
56307   -12
56312     0
56317    -6
56331     1
56342  -999
56357     1
56371     1
56373     2
56374    -6
56376     1
56378     0
56380     1
56381     1
56382    -2
56383     2
56384     1
56385     2
56386     2
56387     1
56389     1
56390     0
56391     0
56393    -3
56394    -1
56395    -4
56396    -2
56399     1
56434     1
56441     1
56443     1
56444     1
56459    -6
56462     0
56473  -999
56474  -999
56475     0
56478  -999
56479    -7
56480     0
56483    -3
56485   -10
56487  -999
56489   -10
56490   -15
56491    -8
56492    -5
56493     0
56494     0
56496    -7
56497    -2
56498    -4
56499    -3
56533     2
56543     2
56548     2
56565     0
56567     2
56569  -999
56571    -2
56575  -999
56578  -999
56580  -999
56582    -2
56584  -999
56585     1
56586    -3
56592    -8
56593    -6
56594    -7
56595     0
56596    -4
56598     0
56641     1
56643  -999
56645     1
56646     1
56649     1
56651     1
56652     1
56654     2
56664     1
56665     0
56666     0
56669    -4
56670     0
56671     1
56673     2
56674    -1
56675  -999
56684     1
56688     1
56691     0
56693     1
56697    -1
56739     3
56741  -999
56742    -2
56745     2
56746     0
56748     4
56751     1
56752    -1
56755     2
56756     1
56757     1
56761     1
56763     1
56764    -1
56766    -2
56767     1
56768    -1
56772     0
56774     0
56775    -4
56777     0
56778     2
56781     1
56782     1
56783     1
56785     1
56786     0
56788     2
56790     0
56792     2
56793    -2
56835     1
56836     0
56838    -3
56839     1
56840     1
56841     3
56842     0
56843     1
56844     2
56846     1
56849     1
56851     2
56854     1
56856    -1
56862   -16
56863    -3
56867    -8
56869    -5
56870   -20
56871    -3
56872     2
56873     0
56875    -2
56876    -4
56878    -6
56879    -8
56880     1
56881     0
56882    -4
56883     2
56885     0
56886     0
56889    -2
56891     3
56898     0
56944     3
56945  -999
56946     0
56948     0
56949     1
56950    -4
56951     1
56952     1
56954     1
56958     1
56959     1
56961     2
56962     1
56964     1
56966     0
56969     2
56970    -1
56973   -12
56975   -10
56976   -17
56977     2
56978     3
56982    -4
56984     0
56985    -2
56986     3
56987     3
56989     1
56991  -999
56992     1
56994     0
56995    -7
56996     0
57001   -16
57002   -13
57003  -999
57004   -19
57006   -12
57007    -3
57008    -2
57011   -10
57012    -7
57014  -999
57016     0
57020     1
57021     2
57022     1
57023     3
57024    -6
57025  -999
57026    -2
57027     1
57028  -999
57029     0
57030  -999
57031     1
57032     0
57033    -8
57034     0
57035    -3
57036    -9
57037     0
57038     0
57039    -8
57040     0
57041    -6
57042     0
57043    -4
57044    -5
57045    -7
57046     1
57047    -5
57048  -999
57049  -999
57051     0
57052  -999
57053     0
57054     2
57055     1
57056     1
57057     1
57060    -4
57061     1
57063     1
57065    -1
57066     0
57067     1
57070     1
57071     0
57072    -5
57073  -999
57074    -1
57075     2
57076    -3
57077     2
57078     1
57079    -1
57080     1
57081    -3
57082     0
57083    -6
57084  -999
57085     0
57089    -3
57090    -2
57091    -9
57093    -7
57094   -10
57095    -7
57096    -6
57098    -3
57099    -7
57102     0
57105     1
57106     2
57110     1
57111     1
57113     2
57119     1
57124  -999
57126    -3
57127     1
57128     1
57129     1
57131  -999
57132    -5
57134     2
57137     1
57140     0
57143     0
57144     1
57153     2
57154  -999
57155     2
57156     3
57162     1
57169     2
57173     1
57175     2
57176     4
57177    -5
57178     2
57179     2
57180     0
57181     2
57182    -6
57183     1
57184     1
57185    -4
57186    -8
57187     1
57188    -2
57189     1
57190  -999
57191    -7
57192    -7
57193   -12
57194    -4
57195    -7
57196    -3
57197     0
57198    -9
57204     1
57206     4
57208     5
57211  -999
57213     2
57216     3
57217     3
57231     3
57232     0
57233     1
57237     4
57238  -999
57242     2
57245     2
57247     2
57248     2
57249     2
57251     1
57253     1
57254     1
57256  -999
57257     0
57259    -3
57260     1
57261     4
57265     0
57268     1
57271     1
57273     0
57274    -2
57278  -999
57279    -1
57281     1
57285  -999
57290     0
57292     0
57293     1
57294     1
57295     1
57296     0
57297     1
57298     0
57299     1
57303     2
57304     3
57306     2
57307     1
57308     1
57309     0
57313     2
57314    -7
57315     1
57317     1
57318     0
57320     2
57324     2
57326     1
57328    -5
57329    -7
57333     3
57343  -999
57345    -5
57348   -10
57349    -1
57351  -999
57352  -999
57353  -999
57355     1
57358  -999
57359  -999
57361     0
57362     0
57363     1
57368     1
57370    -1
57377     1
57378    -1
57381  -999
57385     2
57387     1
57388     1
57389     1
57390     2
57395  -999
57396     2
57398     1
57399     1
57401     1
57402     0
57405     2
57407     2
57408     2
57409     0
57411     1
57413     0
57414    -7
57415    -8
57416     0
57417    -6
57420    -9
57425   -12
57426    -2
57431    -7
57432   -10
57437   -10
57438   -12
57439  -999
57445  -999
57447    -4
57451  -999
57453  -999
57458     0
57460     1
57461     1
57462  -999
57464     1
57465     2
57466     1
57469     1
57475     2
57476     1
57477    -1
57481     2
57482  -999
57483     3
57485     1
57486     1
57489     2
57491     1
57492     2
57493  -999
57494     1
57496     1
57498     1
57499     2
57502  -999
57503  -999
57504  -999
57505    -7
57506    -4
57507     1
57508     1
57509    -8
57510   -12
57511    -9
57512  -999
57513    -7
57514     0
57515  -999
57516    -2
57517  -999
57518    -9
57519   -12
57520  -999
57522    -7
57523  -999
57525    -7
57536  -999
57537     0
57540     1
57541     0
57543     1
57544     1
57545     1
57554     2
57558     1
57562     2
57564     2
57565     0
57566     1
57571     1
57573  -999
57574     1
57575     1
57577     1
57581  -999
57582     2
57583     3
57584     1
57585     2
57586     2
57589     1
57590     3
57595  -999
57598     1
57600    -2
57602  -999
57603    -7
57604  -999
57605   -20
57606    -1
57608    -4
57609    -9
57612  -999
57614    -9
57622  -999
57623     0
57625     0
57633     0
57634     1
57635     1
57636     0
57637     1
57640     0
57642  -999
57643     1
57646     0
57647     0
57649     2
57655     3
57657     1
57658     1
57661     1
57662     1
57663     1
57666    -1
57669     1
57671     1
57673  -999
57674    -1
57678     0
57679  -999
57680     1
57682     1
57687    -5
57688   -17
57694    -7
57696  -999
57698    -6
57699     0
57707    -9
57708    -5
57710    -6
57713     0
57714    -2
57717     0
57718    -9
57719    -8
57720    -3
57722     1
57723    -5
57728   -13
57729   -12
57731    -5
57732    -5
57734    -7
57735   -17
57736    -6
57737    -4
57738   -23
57739   -12
57740     0
57741    -7
57742   -14
57743    -4
57744   -17
57745    -5
57749  -999
57752  -999
57754   -15
57758  -999
57760    -7
57761  -999
57762     0
57763     0
57765  -999
57766   -15
57767    -9
57768   -14
57769   -15
57771   -10
57772    -5
57773     0
57774    -5
57776    -6
57777    -7
57778    -5
57779  -999
57780    -4
57781    -3
57786    -9
57789  -999
57792     1
57793    -1
57796    -3
57798    -8
57799     0
57800    -3
57803    -5
57805     0
57806     1
57807     0
57808     1
57809     0
57811    -1
57813     0
57814     1
57816    -4
57818     1
57821     0
57822    -8
57824     0
57825   -12
57827     1
57828     1
57829     1
57832   -13
57834   -15
57835   -15
57837     0
57839    -9
57840   -17
57841  -999
57842   -12
57844   -21
57845    -9
57846   -10
57851    -3
57853    -6
57857  -999
57859    -9
57860    -9
57865   -23
57866    -4
57867   -12
57868   -14
57870   -13
57871   -16
57872   -14
57874    -8
57875   -12
57876     0
57881    -3
57882   -10
57883     0
57886    -1
57887     0
57889  -999
57891    -3
57894     4
57895   -13
57896   -14
57899    -6
57900     1
57902     2
57903     2
57905     3
57906     1
57907     1
57908     0
57909     2
57910     1
57911    -1
57912     0
57913     0
57914    -3
57915    -6
57916     2
57921     1
57922     2
57923     1
57926     1
57927     0
57932    -1
57936    -5
57941   -10
57942     0
57947     0
57948     1
57949    -4
57954    -4
57955     0
57956     1
57957     1
57958    -7
57960    -4
57962    -9
57964    -4
57965     1
57966     0
57969    -5
57971     0
57972    -6
57973   -10
57974  -999
57975    -6
57976   -13
57978   -11
57981    -5
57985    -6
57988    -7
57989     0
57990    -6
57991    -6
57992     0
57993   -11
57994     0
57995   -10
57996     1
58001     0
58002    -2
58003     0
58004    -6
58005    -1
58006     0
58007    -8
58008    -3
58011    -4
58012     0
58013  -999
58015    -8
58016   -10
58017    -7
58020    -2
58021    -5
58022    -5
58024    -2
58025    -3
58026  -999
58027   -12
58030    -5
58032     0
58034  -999
58035  -999
58036    -2
58038  -999
58040   -10
58041  -999
58044     0
58045  -999
58047  -999
58048  -999
58049     1
58100     0
58101    -2
58102    -4
58104     0
58107   -13
58108    -2
58109     1
58111  -999
58113   -10
58114     0
58116    -3
58117    -2
58118  -999
58122   -11
58125   -11
58126    -8
58127    -9
58128   -10
58129   -13
58130  -999
58131   -12
58132    -3
58135  -999
58138   -12
58139    -5
58140     1
58141    -4
58143  -999
58144  -999
58145  -999
58146     0
58147  -999
58148    -8
58150    -1
58154    -2
58158  -999
58202    -5
58203     0
58205     1
58207     1
58208     0
58210    -5
58212    -2
58214    -3
58215    -7
58220    -7
58221   -13
58222   -14
58223    -5
58224    -6
58225  -999
58230     1
58234     0
58235  -999
58236     1
58237  -999
58238     1
58240    -1
58241    -7
58242  -999
58243    -3
58244  -999
58245     1
58246  -999
58247  -999
58249  -999
58250     2
58251     0
58254  -999
58255  -999
58257     1
58259     1
58264     1
58265     0
58268  -999
58269  -999
58301     1
58306     2
58311     2
58314     1
58316     1
58317     2
58319     1
58320     2
58321     1
58323     1
58326     0
58327     0
58329     2
58330     0
58331     0
58333  -999
58334     1
58335     1
58336  -999
58337     2
58338     1
58339  -999
58340     0
58341     1
58342  -999
58343     1
58344  -999
58345    -1
58346    -1
58351  -999
58352  -999
58353  -999
58354  -999
58356  -999
58358     0
58359  -999
58360  -999
58361    -2
58362    -8
58365    -5
58366    -6
58367    -3
58369     0
58370  -999
58377  -999
58401     2
58402     2
58404     2
58407     3
58408     1
58409     1
58414  -999
58415     1
58416     1
58417     1
58418     1
58419  -999
58420     2
58421     3
58423  -999
58424     3
58426     2
58427     1
58428     3
58429  -999
58431     2
58432     1
58433     1
58435     0
58436     0
58437     2
58438    -1
58441     1
58442     0
58443     1
58445  -999
58446     0
58448  -999
58449    -1
58450  -999
58451     0
58452    -2
58453  -999
58454     1
58455     0
58456     0
58457     1
58458     0
58459     1
58460     0
58461    -7
58462    -2
58463     0
58464     1
58467    -6
58468    -1
58472     0
58473  -999
58477     0
58484  -999
58500  -999
58501     1
58502     1
58503     0
58506     1
58507  -999
58508    -8
58509    -5
58510     1
58512     1
58514    -4
58517     0
58519     1
58520  -999
58523     0
58527     2
58529     2
58530     0
58531     1
58534     0
58537     0
58542     0
58543     0
58544    -2
58546   -13
58547  -999
58548    -9
58549    -7
58550    -6
58553  -999
58555   -11
58556   -11
58557  -999
58558    -4
58559    -8
58562     0
58563    -1
58565    -2
58567     2
58568     1
58569     1
58570  -999
58600  -999
58601    -3
58602     0
58605    -3
58606    -7
58607     0
58608    -2
58609    -4
58612     0
58614     1
58615    -1
58616     0
58618     1
58619  -999
58620     1
58622  -999
58623  -999
58624    -1
58625     0
58626    -1
58627     0
58629     0
58631    -7
58632  -999
58633     1
58634    -1
58635     1
58637  -999
58642    -8
58643     0
58644     1
58646    -2
58647     0
58652  -999
58653  -999
58654    -7
58656     2
58657    13
58658     3
58659     2
58660  -999
58664     4
58665     3
58666     1
58667     2
58693   -11
58701    -6
58704    -4
58705  -999
58706    -4
58707     0
58710    -4
58712     0
58713     0
58714    -6
58715    -4
58718  -999
58719    -3
58724    -4
58725     0
58726  -999
58730     1
58731     0
58734  -999
58735     0
58736     1
58737     0
58742  -999
58744  -999
58745     1
58746     1
58747     2
58748     0
58749     1
58750     1
58751     2
58752     2
58754     0
58760     1
58765  -999
58804    -1
58806  -999
58813     0
58814    -5
58818  -999
58819    -7
58820     0
58821     1
58822    -4
58823     1
58824     1
58826     1
58828     0
58834     1
58836    -3
58837  -999
58839     1
58843  -999
58844     1
58845    -4
58846     1
58847     0
58848    -6
58853  -999
58903    -3
58905    -1
58906    -7
58907    -6
58911     0
58912     1
58917    -9
58918     0
58921     1
58923    -5
58926     0
58927  -999
58928     0
58929    -1
58931     1
58932    -9
58933     2
58934    -1
58935     1
58936  -999
58938  -999
58940  -999
58941    -5
58942     0
58944     1
58946     0
59001     0
59004     0
59007     0
59012     1
59015     2
59017    -3
59021     2
59022     1
59023    -7
59025     2
59027     0
59031    -3
59033     1
59034     0
59037    -8
59038     0
59041   -10
59044    -5
59045    -2
59046    -2
59047    -4
59051   -11
59052    -8
59053   -11
59055    -3
59057     0
59058    -1
59059    -9
59061    -6
59063    -2
59064    -4
59065     0
59071     0
59072    -4
59074     1
59075     0
59081    -2
59082     0
59087    -4
59088  -999
59090    -3
59091    -4
59092  -999
59093     1
59094     0
59096     1
59097  -999
59099    -8
59102     0
59106    -7
59107  -999
59109    -1
59113  -999
59114    -6
59116  -999
59117    -7
59122   -17
59124   -16
59125   -10
59126   -21
59127   -17
59129  -999
59130    -1
59131     0
59133   -10
59134   -15
59137     0
59205     1
59209     1
59211    -7
59213    -4
59215     1
59218     1
59224     1
59227     1
59228    -4
59229     0
59230   -12
59235     1
59237     0
59238     1
59241    -8
59242   -12
59246    -5
59249    -2
59254     1
59255     1
59256    -1
59264    -7
59265     1
59266     0
59268    -3
59269     0
59270    -7
59271    -2
59276     1
59278    -3
59279    -8
59280  -999
59284     0
59285     1
59287     0
59288     2
59289  -999
59290     0
59293    -8
59294    -6
59297     1
59298     0
59303    -1
59304  -999
59306  -999
59310     0
59312    -9
59313    -3
59314     0
59315     0
59316    -3
59317    -1
59318    -4
59319    -4
59320   -12
59321   -14
59322   -13
59324    -4
59417    -9
59419     1
59421    -2
59425   -12
59426     0
59427    -5
59429     1
59431     2
59432  -999
59435     0
59441     0
59446     1
59448    -2
59449    -3
59451     1
59452     1
59453     1
59454     1
59456    -4
59457     1
59462     1
59469     1
59470     0
59471     0
59473     1
59475     0
59476     1
59477     1
59478    -2
59480     1
59481     1
59485  -999
59487     1
59488  -999
59492     0
59493     1
59500    -1
59501     1
59502    -2
59626     1
59631     1
59632     1
59635  -999
59640    -5
59644    -9
59647     1
59650     3
59653     0
59654     3
59655     2
59656     1
59658     2
59659     1
59663    10
59664     1
59673     0
59750     1
59754    -2
59757    -1
59758     1
59838    -1
59842     0
59843     2
59845    -4
59847   -12
59848     1
59849   -10
59851     1
59854   -13
59855     0
59856     1
59940     0
59941     1
59945     1
59948     3
59951    -3
59954     0
59981     0
57086    -6
57087    -2
57339    -9
