50136   -29
50246   -16
50349   -25
50353   -15
50425   -14
50431    -4
50434    -9
50442    -3
50445    -2
50468    -9
50514    -9
50524   -11
50525    -9
50526    -9
50527   -16
50548    -7
50557   -12
50564    -7
50566    -2
50603   -17
50618    -9
50632    -5
50639    -7
50646   -18
50647    -6
50655   -14
50656   -10
50658   -18
50673     2
50674     1
50727   -12
50741   -10
50742   -16
50745    -9
50749   -11
50750   -16
50755   -10
50756    -4
50758    -9
50772     1
50774     1
50775     1
50776     1
50778     2
50779     1
50788     2
50832    -7
50833   -13
50834   -10
50838   -10
50842   -10
50844   -13
50851   -10
50852    -8
50853     0
50854    -7
50858     0
50861    -1
50862     0
50867    -3
50871     0
50873     1
50877     0
50878     2
50879     1
50880     2
50884     2
50888     1
50892     0
50913    -8
50915     1
50928    -4
50934    -6
50936    -9
50937    -8
50939    -9
50940    -9
50946     0
50948     0
50949     0
50950    -1
50953     0
50954    -1
50958     1
50960     0
50962    -2
50963   -10
50964    -3
50965     0
50968     1
50978    -7
50979     0
50983     1
50985     1
51053     0
51059  -999
51060  -999
51068     0
51076     0
51087     0
51133   -16
51137   -17
51145    -3
51156     0
51186     0
51232     0
51238  -999
51241   -14
51243     0
51288     0
51328   -12
51329   -13
51330    -6
51334     0
51346     0
51352     0
51353     0
51356   -19
51357     0
51358  -999
51359     0
51365     0
51367     0
51369   -27
51377   -26
51378     0
51379     0
51430   -11
51431   -23
51433  -999
51434   -17
51435   -16
51436   -19
51437   -14
51438    -9
51463   -25
51465   -18
51467   -21
51468     4
51469  -999
51470  -999
51477     0
51482   -17
51495     0
51526     0
51542   -17
51559     0
51567     0
51568     0
51571     1
51572     0
51573     0
51581     0
51627     0
51628     0
51629     0
51633     0
51636     0
51639  -999
51642     0
51644     0
51655  -999
51656     0
51701     1
51704  -999
51705     1
51707     0
51708     0
51709     0
51711     0
51716     0
51717     0
51720     0
51722     0
51730     0
51765     0
51777     0
51802     0
51804     2
51810  -999
51811     0
51814     0
51815     0
51818     0
51826     0
51827     0
51828     0
51829     0
51839     0
51855     0
51886     1
51931     0
52101    -7
52112  -999
52203     0
52267     0
52313     0
52323     0
52378     0
52418     0
52424     0
52436     0
52446     0
52447     0
52495     1
52515     0
52533     0
52546     0
52557     0
52575     0
52576     0
52602     0
52607     0
52633     1
52643     0
52645     1
52652     0
52656    -1
52657    -7
52661     0
52674    -7
52679     0
52681     0
52707     2
52713     0
52737     1
52745     1
52754     0
52765    -7
52784    -8
52787     0
52797     0
52818     1
52825     1
52833     0
52836     1
52842     1
52853    -2
52855     0
52856     1
52862    -2
52863   -16
52866    -2
52868     1
52869     2
52874    -5
52876   -10
52884  -999
52885     1
52889    -1
52895    -2
52896     0
52908     5
52943     1
52955     0
52957     1
52963     0
52968     1
52972    -1
52978    -4
52980     0
52982     0
52983     0
52984     0
52985     2
52986     0
52988     1
52993     0
52995     0
52996    -5
52998     1
53068     0
53083     0
53149     0
53192    -7
53195     0
53231     1
53272     0
53276    -3
53289    -6
53324     0
53336     1
53337     0
53343     1
53348     0
53352    -1
53357     0
53362     0
53367    -3
53368    -5
53378    -4
53384   -11
53385    -2
53391    -6
53392     0
53397     1
53399    -3
53419     0
53420     0
53433    -5
53446    -5
53455    -6
53457   -10
53463    -1
53464    -2
53467   -10
53469    -6
53472    -9
53475   -12
53478    -5
53480    -3
53481   -10
53483     0
53484   -10
53486     0
53487    -2
53488    -6
53491     0
53492     0
53498     0
53499    -4
53502     0
53512     0
53513     0
53517     0
53518     0
53519     0
53522     0
53529    -5
53533   -12
53543    -6
53545   -18
53547    -2
53553     0
53562    -6
53564   -11
53565    -5
53567     0
53573    -6
53574    -7
53575    -3
53576     0
53577     0
53579    -4
53580    -3
53582    -3
53584    -5
53585    -5
53588    -4
53590     0
53593    -2
53596     1
53599     1
53602    -9
53610     0
53611     0
53614     0
53615     0
53617     0
53618     0
53619    -5
53644     1
53646    -3
53651  -999
53658    -6
53659    -8
53660     0
53662     0
53663    -1
53664     0
53665    -3
53666   -10
53669    -3
53673    -5
53674    -5
53676     0
53677    -9
53678    -3
53679    -7
53680    -2
53681    -2
53682     1
53685     0
53688     1
53689    -8
53690     2
53691     0
53692     2
53693    -4
53694    -3
53695    -2
53696     1
53697    -3
53698     1
53699    -6
53704     0
53705     0
53707    -2
53723    -6
53725    -6
53727   -15
53730     1
53732    -6
53735  -999
53738     0
53740     0
53748   -11
53750    -9
53751    -8
53753    -9
53754    -4
53756   -11
53757   -10
53759    -1
53760   -16
53763    -8
53764   -15
53767   -11
53768    -8
53769    -6
53770    -2
53771   -10
53772   -10
53773     0
53774    -6
53776     0
53777   -11
53778    -1
53780     0
53781     0
53782    -5
53783     0
53784    -3
53785     0
53786     0
53787     0
53788    -1
53789    -2
53790     0
53791     0
53792     0
53794     0
53795    -1
53796    -3
53797     0
53798     0
53799    -2
53806     0
53810     0
53817    -1
53821    -2
53829     0
53832    -1
53841    -1
53845    -4
53848     1
53850    -5
53852   -16
53853    -9
53854  -999
53856    -8
53857    -3
53860    -8
53861    -6
53862    -2
53863    -2
53864   -15
53865   -11
53866   -13
53868    -5
53869    -4
53871    -3
53872    -9
53873    -9
53874   -10
53875    -5
53878    -4
53879   -11
53880    -3
53881    -6
53882    -5
53883     0
53885    -3
53886    -2
53888    -1
53889     0
53890    -2
53891    -1
53892     0
53893    -1
53894     0
53895     0
53896     0
53897    -2
53898    -1
53899     0
53903     0
53906     1
53908     1
53914     0
53915     0
53916     1
53917     1
53923     0
53924    -5
53925     1
53926     0
53927     0
53928     1
53929    -6
53930     0
53931     1
53934     1
53935     0
53937     1
53938    -8
53941   -10
53942    -3
53945     0
53947    -2
53948  -999
53949   -17
53950   -11
53953   -11
53954   -15
53955  -999
53956   -14
53957   -15
53958   -18
53959   -18
53961    -2
53962   -10
53963   -13
53964   -19
53965   -10
53966    -8
53967   -15
53970   -16
53972   -13
53973    -2
53974    -2
53975   -19
53976    -2
53978   -15
53979   -10
53980     0
53981    -9
53982    -8
53983     0
53984    -5
53985    -3
53986    -9
53987    -7
53988    -5
53989    -8
53991    -3
53992    -1
53993    -3
53994    -4
53995    -3
53996    -2
53997    -9
53998    -5
54012     0
54024    -2
54026    -2
54027    -3
54031    -6
54039    -3
54041   -10
54047     0
54049     1
54063     0
54065     0
54069     1
54072     0
54076     1
54080     0
54092    -2
54093     1
54094    -4
54096     1
54098     0
54099    -5
54102     1
54113     0
54115     0
54117     0
54122    -2
54132     1
54134    -2
54135    -1
54142     1
54154     1
54156     0
54157     1
54161     1
54164     0
54169    -4
54171     0
54172     1
54181     0
54186     0
54187     0
54195     1
54204     1
54205    -2
54208    -1
54213     1
54214     1
54218     1
54223    -4
54225    -6
54226    -2
54231     1
54234     0
54236     2
54237     1
54244     1
54245     2
54249     0
54252     0
54254     0
54259    -8
54261    -2
54263    -3
54266    -6
54267    -2
54273    -3
54274     0
54276     1
54284     1
54285     0
54290    -4
54291    -6
54292     0
54293     0
54301    -3
54304     0
54305     0
54308     0
54311     1
54313     0
54316     0
54318     0
54319    -3
54320     0
54321    -4
54323     1
54324     0
54325    -1
54326     0
54327    -1
54328    -2
54331     2
54332     1
54333     2
54334  -999
54335     1
54336     2
54337     1
54338     2
54339     1
54342    -4
54346    -5
54347     1
54349  -999
54351   -11
54362    -3
54363     0
54365    -2
54371    -7
54374    -6
54377     0
54386   -13
54398     1
54399     0
54401    -1
54404    -1
54405   -14
54408    -8
54410     0
54412    -1
54416     0
54419     0
54420     0
54421     1
54423    -4
54424     1
54425     1
54428     1
54429     0
54430    -3
54431     0
54432    -6
54433     0
54434     0
54436     0
54437   -13
54438    -6
54439    -5
54449    -3
54453     0
54454     0
54455    -1
54471     2
54474     2
54475     1
54476     2
54483    -7
54486     1
54493    -7
54494    -1
54497     0
54499     0
54501    -4
54502     0
54503     0
54505     0
54506     0
54507     0
54510     1
54511     0
54512     0
54513    -1
54514     0
54515     1
54517     0
54518     0
54519     0
54520     0
54521     0
54522     0
54523    -1
54525  -999
54527     0
54528     1
54530     0
54531    -2
54532    -4
54533    -4
54534    -3
54535    -9
54539    -6
54540    -3
54541    -5
54563     2
54568     1
54569     1
54579     2
54584     2
54590     1
54594     0
54596     0
54597     0
54601     1
54602     0
54603    -5
54604    -2
54605     0
54606     0
54607     2
54608    -4
54609    -4
54610    -4
54611     1
54612     0
54613     0
54614     0
54615     0
54616     0
54617     0
54618     0
54619     0
54620    -2
54621    -7
54622    -3
54623    -2
54624     0
54626     0
54627    -1
54628     0
54631     0
54632     0
54633    -1
54636     0
54640     0
54644    -1
54660  -999
54662     1
54700     0
54701    -4
54702    -1
54703     0
54704     1
54705     0
54706     0
54707     0
54708     1
54709     0
54710     1
54711     0
54712    -2
54713     0
54714     0
54715     0
54716    -2
54717     0
54718     1
54719     0
54722    -3
54723    -2
54724    -4
54725    -3
54726    -2
54727  -999
54728    -2
54729    -9
54730    -4
54731    -9
54734    -9
54736   -14
54737   -10
54738   -11
54744  -999
54749    -2
54751     0
54752     0
54753    -4
54755    -3
54759    -2
54764     0
54765     1
54766     1
54774     1
54776     1
54777     1
54778     1
54800     0
54801     0
54802     0
54803     0
54804     0
54805     0
54806     0
54807    -2
54808    -2
54809     0
54810     0
54811     0
54814    -1
54815     0
54816     0
54817    -2
54818     0
54819    -7
54820     0
54821    -6
54822    -8
54823    -1
54824    -7
54825    -6
54826    -1
54827    -6
54828   -12
54829    -8
54830    -6
54831   -13
54832   -12
54833    -9
54834    -9
54835   -15
54836   -12
54837   -12
54841    -3
54842  -999
54843   -12
54844    -4
54846    -5
54848    -9
54849    -5
54851    -5
54852    -5
54853     0
54855     0
54857     0
54861     0
54863     0
54871     1
54900    -7
54901    -5
54902    -3
54903    -1
54904    -2
54905    -9
54906    -5
54907   -19
54908    -3
54909    -3
54910    -4
54911     0
54912    -6
54913   -11
54914    -5
54915    -6
54916   -12
54917   -12
54918   -12
54919   -14
54920   -14
54921    -7
54922   -17
54923   -16
54925   -16
54927   -17
54929   -12
54932    -7
54935    -9
54936    -9
54938    -9
54939    -6
54940    -9
54943    -4
54945    -6
55228     0
55248     1
55279     1
55294     3
55299     4
55437     0
55472    -8
55493     1
55572  -999
55578     0
55585     1
55591    -4
55598    -4
55655     1
55664   -16
55680   -18
55681   -22
55690     1
55696   -27
55773     1
56004     3
56016     1
56018     2
56021     1
56029     1
56033     4
56034   -13
56038     1
56043     1
56045     0
56046     2
56065     0
56067     1
56071     1
56074     1
56079     2
56080    -4
56081     1
56082     0
56084     0
56091     0
56092     1
56093     2
56094     1
56095     2
56096    -2
56097     0
56106     2
56116     1
56125     0
56137    -3
56144     0
56146     0
56147     0
56151     0
56152    -6
56158     2
56164    -3
56167     1
56168     1
56171     0
56172     0
56173    -6
56178     2
56180    -1
56181     0
56182    -4
56183     1
56184     1
56185    -7
56186     0
56187  -999
56188     1
56189     1
56190     1
56192     0
56193     0
56194    -8
56195    -9
56196     9
56197     2
56198    18
56199     1
56202     2
56223    -2
56227     2
56247   -14
56251    -4
56257   -18
56263     2
56267    -8
56272     1
56273     1
56276     1
56278     2
56279     1
56280     0
56281   -12
56284     1
56285     1
56287     1
56289     2
56290     1
56291     2
56295     0
56296    -3
56297    -5
56298     1
56307    -4
56312     0
56317    -5
56331    -6
56357   -20
56371     0
56373     1
56374     1
56376     0
56378    -1
56380   -12
56381     0
56382     1
56383     1
56384     1
56385     3
56386     0
56387     0
56389     1
56390     2
56393     0
56394     1
56395     0
56396    -4
56399     2
56434     0
56441   -19
56443   -13
56444     0
56459   -29
56462    -9
56473   -10
56474   -19
56475   -22
56478   -20
56479   -20
56480   -10
56483    -5
56485   -17
56487   -18
56489   -15
56490     1
56492     0
56493     1
56496    -6
56497    -3
56499    -5
56533     2
56543   -10
56548   -11
56565   -33
56567   -34
56569   -33
56571   -16
56575   -24
56578   -30
56582   -13
56584   -22
56585   -16
56586   -19
56592    -6
56593    -5
56594   -16
56595   -19
56596    -6
56598    -9
56641     2
56645   -16
56646   -26
56649   -17
56651   -34
56652   -19
56654   -33
56664   -26
56665   -27
56669   -26
56670   -31
56671   -26
56673   -19
56675   -23
56684   -13
56688   -11
56691     1
56693    -3
56697    -9
56739    -6
56742   -12
56745   -14
56746   -15
56748    -8
56751   -18
56752   -23
56755   -20
56756   -19
56757   -21
56761   -22
56763   -18
56764   -19
56766   -11
56767   -15
56768   -14
56772    -9
56774   -10
56775    -9
56777    -6
56778    -7
56781    -7
56782    -6
56783    -8
56785    -6
56786    -8
56788     0
56790   -12
56792    -2
56793   -12
56835   -17
56836    -8
56838   -18
56839   -14
56840    -9
56841    -2
56842   -10
56843    -7
56844    -7
56846    -6
56849    -7
56851   -12
56854   -19
56856   -12
56862    -6
56863    -9
56867    -6
56869   -10
56870    -5
56871   -10
56872    -8
56873    -1
56875    -4
56876    -3
56878    -6
56879     0
56880   -10
56881   -14
56882   -14
56883     1
56885    -4
56886     0
56889    -3
56891    -1
56898    -8
56944    -6
56946    -9
56948    -9
56949    -9
56950   -13
56951   -15
56952   -11
56954   -16
56958    -6
56959   -12
56961    -8
56962     0
56964   -15
56966   -10
56969     1
56970    -8
56973   -10
56975    -4
56976    -6
56977    -6
56978    -8
56982    -6
56984    -1
56985     0
56986   -19
56987    -7
56989   -15
56992     0
56994     1
56995   -12
56996    -2
57001     0
57002     0
57003  -999
57004     1
57006     0
57007     1
57008     1
57011     0
57012     1
57014  -999
57016    -7
57020     0
57021    -6
57022   -11
57023    -8
57024   -11
57025  -999
57026    -2
57027    -9
57028  -999
57029   -10
57030  -999
57031    -7
57032   -21
57033   -20
57034   -17
57035    -2
57036   -18
57037   -10
57038   -19
57039   -18
57040   -15
57042   -13
57043   -20
57044   -16
57045   -15
57046    -7
57047   -22
57048  -999
57049  -999
57051    -9
57053   -13
57054   -20
57055   -18
57056   -14
57057   -22
57060    -5
57061   -12
57063    -9
57065   -10
57066   -12
57067   -26
57070   -11
57071    -8
57072   -14
57074   -11
57075   -18
57076    -6
57077   -16
57078   -13
57079   -13
57080    -8
57081    -4
57082   -13
57083    -4
57085     0
57086   -10
57087    -6
57089    -2
57090    -3
57091    -6
57093    -1
57094    -5
57095  -999
57096     0
57098     1
57099     0
57102     0
57105    -8
57106    -9
57110     0
57111    -1
57113    -1
57119   -19
57124  -999
57126    -4
57127   -14
57128    -6
57129   -13
57132   -22
57134     1
57137     1
57140   -14
57143   -26
57144   -16
57153   -35
57154  -999
57155   -20
57156    -2
57162   -16
57169   -16
57173    -8
57175     0
57176     0
57177    -3
57178     0
57179     2
57180    -7
57181    -9
57182    -5
57183     1
57184     1
57185     1
57186    -1
57187     0
57188    -7
57189   -13
57191     1
57192     1
57193    -3
57194   -11
57195    -2
57196    -1
57198    -3
57206   -10
57208     1
57211  -999
57213   -17
57216   -13
57217    -8
57231     0
57232    -3
57233    -3
57237     1
57238  -999
57242    -2
57245     0
57247     1
57248     1
57249     1
57251   -15
57253   -11
57254   -12
57257    -7
57259    -2
57260    -4
57261    -6
57265     0
57268     0
57271    -2
57273    -9
57274    -8
57279     0
57281   -14
57290   -14
57292   -13
57293   -17
57294   -13
57295   -19
57296   -14
57297   -11
57298   -17
57299    -5
57303   -17
57304   -12
57306   -14
57307     1
57308     1
57309   -13
57313    -5
57314   -11
57315   -10
57317   -15
57318   -15
57320    -7
57324   -16
57326     0
57328    -9
57329     1
57333    -5
57339     0
57343  -999
57345     1
57348    -2
57349    -7
57355    -9
57361    -3
57362     0
57363     0
57368    -3
57370    -1
57377    -7
57378    -9
57385   -14
57387    -3
57388    -3
57389   -16
57390   -16
57396   -16
57398   -14
57399   -13
57401   -13
57402   -14
57405   -16
57407     1
57408   -18
57409   -16
57411    -4
57413    -5
57414    -4
57415     1
57416     1
57417    -2
57420    -1
57425    -2
57426     0
57431     1
57432     1
57438     1
57447     2
57458     0
57460   -11
57461   -11
57464    -1
57465     1
57466     1
57469    -2
57475     1
57476     0
57477     1
57481   -13
57483   -10
57485     1
57486    -3
57489     0
57491    -4
57492    -8
57494     0
57496     1
57498     2
57499     2
57505     0
57506    -1
57507     1
57509     1
57510   -12
57511    -3
57513    -9
57514    -9
57516   -10
57518     0
57519     1
57522     1
57525     1
57537     1
57540     2
57541     2
57543     1
57544     2
57545     1
57554     1
57558     1
57562     2
57564     3
57565    19
57566    24
57571     2
57574    20
57575     0
57577     2
57582     2
57583     1
57584     1
57585     1
57586     1
57589     4
57590     2
57598     4
57603     1
57605    -1
57606   -10
57608    -8
57609     1
57614     1
57623     1
57625     0
57633     3
57634     0
57635     2
57636     1
57637    21
57640     3
57643     2
57646     1
57647     1
57649     2
57655    30
57657     2
57658     3
57661     3
57662     1
57663    21
57666    25
57669    29
57671    19
57674     3
57678     3
57680     3
57682     3
57687     3
57688     3
57694    30
57698     4
57699    30
57707    -7
57708    -5
57710    -7
57713    -2
57714     1
57717    -9
57718     0
57719     0
57720     1
57722     1
57723     1
57728     1
57729     1
57731     0
57732     1
57734     1
57735     1
57736     2
57737     0
57738     0
57739     0
57740     4
57741     2
57742     1
57743     4
57744    -4
57745     0
57754    -2
57760     0
57762    -3
57763     1
57766    -5
57767    -6
57768    -2
57769    -2
57771     1
57772     1
57773     2
57774     1
57776     1
57777     0
57778     1
57780     2
57781     2
57786     2
57792     3
57793     3
57796     3
57798     2
57799     3
57800   -11
57803    12
57805    -1
57806   -13
57807   -20
57808    -2
57809   -11
57811   -13
57813     0
57814    -7
57816     0
57818     0
57821    -7
57822     1
57824    -5
57825    -5
57827     0
57828   -11
57829     0
57832     2
57834     1
57835     0
57837    -2
57839    -5
57840     0
57842    -3
57844     0
57845     0
57846     0
57851     1
57853     0
57859     2
57860     0
57865     0
57866     1
57867     1
57868     1
57870     0
57871    -2
57872    -7
57874     0
57875     1
57876     1
57881     0
57882     1
57883     2
57886     1
57887     2
57891     2
57894     3
57895     3
57896     0
57899     1
57900   -15
57902   -11
57903   -13
57905   -15
57906   -14
57907   -12
57908    -7
57909   -12
57910     1
57912    -6
57913    -3
57914    -6
57915     0
57916   -12
57921    -5
57922    -4
57923     0
57926     0
57927   -15
57932     0
57936     1
57941     2
57942     2
57947     2
57948     2
57949    21
57954     1
57955     3
57956    11
57957     1
57960     4
57962     2
57964     2
57965     3
57966     2
57969     2
57971     2
57972     3
57973     3
57975     2
57976     1
57978     1
57981     2
57985     2
57988     1
57989     2
57990     3
57991     2
57992     2
57993     2
57994     4
57995     2
57996     3
58001     0
58002   -13
58003   -11
58004    -1
58005    -9
58006    -9
58007     1
58008    -6
58011   -11
58012   -17
58013   -10
58015   -15
58016   -10
58017   -10
58020   -12
58021   -12
58022   -11
58024   -10
58025   -12
58026  -999
58027    -9
58030    -5
58032   -10
58034  -999
58035    -8
58036   -11
58038  -999
58040    -4
58041    -2
58044    -9
58047  -999
58048   -12
58049    -6
58100    -4
58101    -2
58102    -5
58104    -3
58107   -13
58108   -10
58109    -2
58114    -8
58117    -5
58118  -999
58122   -10
58125   -11
58126   -12
58127    -7
58128    -7
58129   -10
58130  -999
58131   -10
58132   -13
58135  -999
58138   -12
58139    -8
58140   -13
58141   -12
58143  -999
58145    -7
58146    -7
58147    -8
58148    -8
58150    -6
58154    -7
58158  -999
58202   -10
58203   -10
58205   -11
58207   -15
58208    -7
58210    -6
58212     0
58214    -2
58215    -2
58220    -9
58221    -8
58222    -6
58223    -7
58224    -2
58230    -7
58234    -3
58235    -9
58236    -1
58237    -3
58238    -3
58240    -5
58241    -7
58242    -8
58243    -6
58244    -8
58245    -9
58247   -11
58249    -6
58250    -5
58251    -5
58254    -9
58255  -999
58257    -4
58259     0
58264    -5
58265    -5
58268    -2
58269    -6
58301     0
58306   -12
58311    -3
58314    -8
58316    -7
58317     1
58319    -6
58320     0
58321     0
58323     0
58326     0
58327   -10
58329   -14
58330    -6
58331   -10
58334    -6
58335     0
58337    -9
58338     0
58339     1
58340    -8
58341    -7
58342    -4
58343    -2
58344    -7
58345     0
58346     1
58352    -4
58353    -5
58354  -999
58356  -999
58358    -4
58360    -6
58361     0
58362    -7
58365    -9
58366    -7
58367     0
58369     0
58401     0
58402     0
58404     1
58407     1
58408     1
58409     1
58415     0
58416    -1
58417     2
58418     1
58420    -1
58421     0
58424    -6
58426     0
58427    -1
58428     1
58431    -1
58432    -1
58433    -6
58435     1
58436    -6
58437     3
58438     2
58441    -2
58442     1
58443     0
58446    -5
58448  -999
58449     1
58450  -999
58451     1
58452     0
58453  -999
58454     1
58455     1
58456     0
58457     0
58458     0
58459     1
58460     1
58461     1
58462     0
58463     0
58464    -4
58467     2
58468     2
58472     1
58477     2
58501     0
58502     0
58503     1
58506     2
58508     2
58509     4
58510     1
58514     1
58517     4
58519     3
58523     2
58527     4
58529     4
58530     2
58531     3
58534     2
58537     3
58542     1
58543     2
58544     3
58546     2
58547  -999
58548     2
58549     2
58550     2
58553  -999
58556     1
58557  -999
58558     1
58559     2
58562     1
58563     1
58565     1
58567     1
58569     2
58570  -999
58601     4
58602     3
58605    29
58606    23
58608     3
58609     3
58612     2
58614     3
58615     2
58616     2
58618     3
58620    29
58624     4
58625     3
58626     3
58629     3
58631     3
58632     3
58633     2
58634     3
58635     2
58642     2
58643     2
58644     2
58646     1
58647     4
58652  -999
58654     1
58656     1
58657     1
58658     1
58659     1
58660     1
58664     1
58665     1
58666     2
58667     3
58693    29
58701     4
58704     3
58706     3
58707     2
58710    30
58712     4
58713     4
58714     4
58715     4
58719     4
58724     4
58725     4
58730     4
58731     4
58735     4
58736     4
58737     4
58742  -999
58745     3
58746     3
58747     4
58748     3
58749     3
58750     1
58751     1
58752     2
58754     2
58760     2
58804     3
58813     3
58814     3
58819    30
58820     4
58821     4
58822     3
58823     4
58824     4
58826     3
58828     4
58834     3
58836     3
58839     2
58844     3
58845     2
58846     2
58847     3
58848     2
58903     3
58905     2
58906     3
58907     2
58911     3
58912     5
58917    23
58918     3
58921     4
58923     3
58926     2
58928     2
58929     3
58931     4
58932     2
58933     3
58934     3
58935     2
58941     4
58942     2
58944     2
58946     1
59001    -1
59004   -15
59007   -10
59012    -8
59015   -12
59017    -8
59021    -5
59022    -9
59023    -2
59025    -1
59027   -14
59031    -1
59033     0
59034    -8
59037    -1
59038    -4
59041    11
59044     6
59045     0
59046     6
59047    -2
59051     2
59052     2
59053     1
59055     1
59057     1
59058    12
59059    10
59061     1
59063     2
59064    14
59065     1
59071     3
59072     2
59074     1
59075     1
59081    26
59082    25
59087     3
59088  -999
59090    27
59091     3
59093     2
59094     3
59096     2
59097  -999
59099     3
59102     2
59106     1
59107  -999
59109     2
59114    20
59116  -999
59117     1
59122     1
59124     0
59125     0
59126    -1
59127    -3
59130     0
59131     2
59133     1
59134     1
59137     0
59205    -5
59209   -13
59211   -10
59213   -17
59215   -19
59218   -11
59224   -19
59227   -16
59228   -11
59229   -17
59230   -15
59235     0
59237   -10
59238    12
59241     7
59242     8
59246     1
59249     1
59254    -6
59255    13
59256     1
59264     2
59265     1
59266     1
59268     2
59269     2
59270     3
59271     4
59276     2
59278     1
59279     3
59280  -999
59284     3
59285     3
59287     3
59288     2
59289  -999
59290     3
59293     4
59294     3
59297     2
59298     2
59303     2
59304  -999
59306  -999
59310     1
59312     1
59313     1
59314     3
59315     1
59316     1
59318     1
59319     1
59320     1
59321     1
59322     2
59324     1
59417    -5
59419    -4
59421   -14
59425    -3
59426   -12
59427    -8
59429    -1
59431    -7
59435    -3
59441     1
59446     0
59448     1
59449    -4
59451     3
59452    25
59453     2
59454     3
59456     4
59457     2
59462     1
59469     2
59470     1
59471     2
59473     2
59475     2
59476     4
59477     3
59478     2
59480     1
59481     2
59485  -999
59487     2
59488  -999
59492     2
59493     1
59500     2
59501     1
59502     2
59626    -5
59632    -8
59640   -11
59644   -13
59647   -15
59650     1
59653     1
59654     1
59655     0
59656     1
59658    -9
59659    -4
59663     2
59664     1
59673     3
59750   -22
59754   -11
59757     3
59758     1
59838     1
59842   -13
59843     1
59845     1
59847     1
59848     1
59849     0
59851     2
59854    -2
59855     1
59856     1
59940     0
59941    -7
59945    -1
59948    -1
59951    -1
59954     1
