50136    -3
50246     0
50349     0
50353     0
50425     1
50431     1
50434     1
50442     0
50445     1
50468     0
50514    -2
50524     1
50525     1
50526     1
50527     0
50548     0
50557     0
50564     0
50566    -4
50603     0
50618     1
50632     1
50639     0
50646     0
50647     0
50655     1
50656     0
50658     1
50673    -2
50674    -7
50727    -2
50741     0
50742    -4
50745    -3
50749     0
50750     1
50755     0
50756     1
50758     0
50772     0
50774     0
50775    -1
50776     0
50778    -5
50779    -5
50788     1
50832     1
50833     0
50834     1
50838     0
50842    -2
50844     0
50851     0
50852     0
50853     1
50854     1
50858     1
50861     1
50862     1
50867     0
50871    -8
50873    -4
50877    -7
50878    -4
50879     1
50880    -6
50884    -5
50888   -11
50892   -10
50913    -4
50915     0
50928     2
50934     0
50936    -3
50937     1
50939     0
50940    -7
50946     0
50948     1
50949     1
50950    -1
50953     1
50954     1
50958     1
50960     1
50962    -4
50963    -6
50964    -8
50965     0
50968     0
50978    -2
50979    -9
50983   -11
50985     0
51053     0
51059  -999
51060  -999
51068     0
51076     0
51087     0
51133    -8
51137   -12
51145   -14
51156     0
51186     0
51232     0
51238  -999
51241    -8
51243     0
51288     0
51328    -4
51329   -22
51330    -7
51334     0
51346     0
51352     0
51353     0
51356   -19
51357     0
51358  -999
51359     0
51365     0
51367     0
51369   -10
51377   -26
51378     0
51379     0
51430   -20
51431   -22
51433  -999
51434   -14
51435   -12
51436     0
51437    -5
51438    -9
51463   -10
51465    -8
51467    -6
51468     0
51469  -999
51470  -999
51477     0
51482   -13
51495     0
51526     0
51542    -9
51559     1
51567     0
51568     0
51571     0
51572     0
51573     0
51581     0
51627     0
51628     0
51629     0
51633     0
51636     0
51639  -999
51642     0
51644     0
51655  -999
51656     2
51701     1
51704  -999
51705     1
51707     0
51708     0
51709     0
51711     0
51716     0
51717     0
51720     0
51722     0
51730     0
51765     0
51777     0
51802     0
51804     0
51810  -999
51811     0
51814     0
51815     0
51818     0
51826     0
51827     0
51828     0
51829     0
51839     0
51855     0
51886     0
51931     0
52101     0
52112  -999
52203     0
52267     0
52313     0
52323     0
52378     0
52418     0
52424     0
52436     2
52446     0
52447     0
52495     1
52515     0
52533     0
52546     0
52557     0
52575     0
52576     0
52602     0
52607     0
52633     0
52643    -1
52645    -2
52652     0
52656    -1
52657    -6
52661     0
52674    -1
52679     0
52681     0
52707     1
52713     0
52737     0
52745     0
52754    -8
52765    -8
52784    -3
52787     1
52797     0
52818     0
52825     0
52833     0
52836     0
52842    -5
52853     0
52855    -3
52856    -3
52862    -6
52863   -12
52866     0
52868    -2
52869    -1
52874    -2
52876    -7
52884  -999
52885    -3
52889    -5
52895    -5
52896     0
52908     1
52943    -2
52955     0
52957     0
52963    -7
52968    -1
52972    -4
52978    -8
52980    -6
52982    -3
52983    -6
52984    -4
52985     0
52986     0
52988    -5
52993     0
52995     0
52996    -9
52998    -2
53068     1
53083     1
53149     1
53192     1
53195     0
53231     1
53272     0
53276    -2
53289    -5
53324     2
53336     2
53337     1
53343     1
53348     1
53352     1
53357     1
53362     1
53367     1
53368     1
53378     0
53384     2
53385     1
53391     1
53392     0
53397     1
53399    -2
53419     0
53420     1
53433     1
53446     1
53455     0
53457    -2
53463     0
53464    -2
53467     0
53469     0
53472     1
53475    -6
53478     1
53480     1
53481    -6
53483     0
53484    -4
53486    -7
53487     1
53488    -2
53491    -3
53492    -6
53498    -3
53499   -10
53502     0
53512     0
53513     1
53517     0
53518     0
53519     0
53522     0
53529     0
53533     0
53543     1
53545   -10
53547     0
53553    -2
53562    -1
53564     0
53565     1
53567     1
53573     0
53574     0
53575    -2
53576    -1
53577     0
53579     0
53580    -2
53582    -2
53584    -2
53585     0
53588     0
53590    -8
53593    -5
53596     0
53599     0
53602    -1
53610     0
53611     0
53614     0
53615     0
53617     0
53618     0
53619     0
53644     1
53646     0
53651  -999
53658     1
53659    -1
53660     0
53662     0
53663     0
53664     1
53665     1
53666     0
53669     1
53673     0
53674     0
53676     0
53677    -3
53678     0
53679    -3
53680    -3
53681     0
53682     0
53685     0
53688    -3
53689    -3
53690     1
53691    -2
53692     0
53693     0
53694     1
53695    -1
53696    -1
53697     0
53698     0
53699    -1
53704     0
53705     0
53707     0
53723     0
53725     1
53727     0
53730     0
53732     0
53735  -999
53738     1
53740     0
53748     0
53750     0
53751     0
53753     0
53754     0
53756     1
53757     0
53759     0
53760     0
53763     1
53764     0
53767     0
53768    -8
53769    -6
53770    -3
53771    -4
53772    -6
53773   -10
53774    -4
53776     0
53777    -5
53778    -2
53780    -3
53781    -2
53782    -3
53783     0
53784    -1
53785    -3
53786     0
53787    -6
53788    -4
53789     0
53790    -2
53791    -2
53792    -3
53794    -2
53795     0
53796    -2
53797    -2
53798    -2
53799    -5
53806     0
53810     0
53817    -1
53821     1
53829    -1
53832     0
53841     0
53845    -5
53848    -6
53850    -2
53852    -9
53853    -5
53854  -999
53856    -5
53857    -7
53860    -6
53861    -9
53862    -2
53863    -4
53864    -3
53865    -9
53866   -14
53868    -8
53869    -5
53871    -9
53872    -6
53873    -9
53874    -6
53875    -3
53878    -6
53879    -4
53880    -4
53881     0
53882    -7
53883    -5
53885    -6
53886    -1
53888    -8
53889    -3
53890     0
53891     0
53892    -3
53893    -6
53894    -1
53895     0
53896   -10
53897    -8
53898    -9
53899    -8
53903     0
53906     0
53908     0
53914     0
53915     0
53916     0
53917    -2
53923    -7
53924   -10
53925     0
53926    -7
53927    -4
53928    -6
53929   -10
53930     1
53931    -6
53934    -5
53935    -2
53937    -8
53938     0
53941   -12
53942   -11
53945    -3
53947    -1
53948  -999
53949   -10
53950   -17
53953    -9
53954   -11
53955  -999
53956   -10
53957   -17
53958   -14
53959   -14
53961    -8
53962   -12
53963   -11
53964    -9
53965   -16
53966    -9
53967   -12
53970   -15
53972   -13
53973    -7
53974   -11
53975   -19
53976    -7
53978     0
53979   -13
53980    -7
53981    -4
53982   -17
53983   -14
53984   -14
53985   -11
53986   -11
53987   -10
53988   -18
53989   -24
53991   -14
53992   -16
53993   -14
53994   -16
53995   -17
53996    -9
53997   -27
53998   -23
54012     1
54024     1
54026     0
54027     1
54031     0
54039    -3
54041    -4
54047     0
54049     1
54063     1
54065     0
54069     1
54072     0
54076     1
54080    -4
54092    -5
54093    -8
54094    -5
54096     1
54098    -8
54099    -1
54102     1
54113     1
54115     1
54117    -6
54122     1
54132     0
54134    -1
54135     0
54142     1
54154     1
54156     1
54157     0
54161     0
54164     1
54169     2
54171     1
54172     1
54181    -1
54186     1
54187    -5
54195   -12
54204    -1
54205     0
54208     0
54213     1
54214     1
54218     1
54223    -2
54225     1
54226     0
54231     0
54234     0
54236     1
54237     0
54244     1
54245     1
54249     1
54252     1
54254     1
54259     0
54261     1
54263     1
54266     1
54267     0
54273     0
54274     1
54276     1
54284     1
54285     1
54290    -5
54291    -1
54292     0
54293     0
54301     0
54304    -6
54305     0
54308    -2
54311     2
54313     1
54316     0
54318     1
54319     0
54320     1
54321     1
54323     0
54324    -3
54325     0
54326     1
54327     0
54328     0
54331     0
54332     1
54333     1
54334  -999
54335     0
54336     1
54337     1
54338     1
54339     1
54342     0
54346     1
54347     1
54349  -999
54351     1
54362    -1
54363     0
54365     1
54371     1
54374     0
54377     1
54386     1
54398     0
54399     0
54401    -7
54404    -9
54405    -4
54408   -11
54410    -6
54412     0
54416     0
54419    -4
54420    -1
54421     0
54423    -1
54424    -3
54425     1
54428     1
54429     1
54430    -6
54431    -4
54432     0
54433     0
54434     0
54436     1
54437     1
54438     1
54439     1
54449     0
54453     0
54454     0
54455     1
54471     1
54474     2
54475     1
54476     2
54483     2
54486     1
54493     1
54494     1
54497     1
54499     0
54501    -9
54502     0
54503    -6
54505     1
54506     0
54507     0
54510    -2
54511     0
54512     0
54513     0
54514     0
54515    -1
54517    -1
54518    -2
54519    -2
54520    -7
54521     0
54522    -1
54523  -999
54525  -999
54527    -4
54528  -999
54530     0
54531     1
54532     0
54533     0
54534     1
54535     0
54539     1
54540     1
54541     0
54563     2
54568     0
54569     0
54579     1
54584     0
54590     1
54594    -4
54596    -2
54597     0
54601     0
54602    -3
54603    -4
54604    -1
54605     1
54606    -5
54607     0
54608    -7
54609    -7
54610    -6
54611     0
54612    -8
54613     0
54614    -3
54615    -2
54616    -3
54617     0
54618    -1
54619    -1
54620    -2
54621    -4
54622    -3
54623     0
54624    -6
54626    -2
54627    -5
54628    -9
54631    -6
54632    -7
54633    -8
54636    -4
54640    -6
54644    -9
54660  -999
54662     0
54700    -6
54701    -5
54702     0
54703    -6
54704    -7
54705    -7
54706    -4
54707    -4
54708    -7
54709    -4
54710    -2
54711    -6
54712    -8
54713    -3
54714    -8
54715    -2
54716    -6
54717    -7
54718    -3
54719    -6
54722    -1
54723     0
54724    -3
54725    -6
54726    -4
54727  -999
54728     0
54729    -9
54730    -4
54731    -8
54734    -3
54736   -10
54737    -7
54738   -10
54744  -999
54749   -11
54751    -4
54752     0
54753   -11
54755   -10
54759    -8
54764    -6
54765    -5
54766    -6
54774    -2
54776     0
54777    -4
54778    -3
54800    -8
54801    -8
54802   -10
54803    -6
54804   -13
54805   -11
54806   -14
54807   -16
54808   -12
54809   -11
54810    -6
54811    -5
54814    -9
54815   -13
54816   -10
54817   -16
54818   -12
54819   -26
54820    -5
54821    -9
54822    -8
54823    -9
54824   -11
54825    -9
54826   -15
54827   -17
54828   -15
54829    -9
54830    -5
54831   -10
54832    -7
54833    -5
54834   -10
54835   -16
54836   -12
54837   -12
54841   -10
54842  -999
54843   -13
54844    -8
54846   -12
54848   -17
54849   -12
54851    -8
54852   -12
54853   -14
54855   -12
54857   -14
54861    -4
54863    -8
54871    -9
54900   -18
54901   -16
54902   -15
54903   -15
54904   -20
54905   -25
54906   -27
54907   -31
54908   -22
54909   -25
54910   -10
54911   -20
54912   -18
54913   -17
54914   -24
54915   -19
54916   -20
54917   -26
54918   -18
54919   -22
54920   -22
54921   -17
54922   -17
54923   -24
54925   -21
54927   -27
54929   -28
54932   -16
54935   -25
54936  -999
54938   -24
54939   -20
54940   -15
54943   -17
54945   -15
55228     0
55248     0
55279   -11
55294    -3
55299   -15
55437     0
55472   -20
55493    -9
55572  -999
55578    -9
55585    -3
55591     0
55598    -6
55655   -15
55664    -7
55680    -4
55681   -12
55690     1
55696    -8
55773   -13
56004     0
56016     1
56018     1
56021     0
56029     1
56033     0
56034   -20
56038     0
56043     0
56045     0
56046     1
56065     0
56067     0
56071    -9
56074     1
56079     1
56080     0
56081    -7
56082    -6
56084    -4
56091    -4
56092    -4
56093     1
56094     0
56095     0
56096    -2
56097     1
56106    -1
56116     1
56125     2
56137     0
56144     2
56146     2
56147     1
56151     1
56152     2
56158     2
56164     3
56167     2
56168     1
56171     0
56172     1
56173     2
56178     1
56180    -9
56181    -3
56182     0
56183    -4
56184     0
56185    -1
56186    -5
56187  -999
56188    -5
56189    -1
56190    -3
56192    -4
56193    -3
56194    -6
56195     0
56196    -4
56197     0
56198     1
56199     0
56202     0
56223   -12
56227     1
56247     0
56251     2
56257     1
56263     1
56267    -2
56272     0
56273     0
56276     0
56278     1
56279     1
56280     0
56281    -5
56284     0
56285    -3
56287     1
56289     0
56290     0
56291     0
56295     1
56296     0
56297    -3
56298     0
56307     0
56312     1
56317     1
56331     0
56357     0
56371    -9
56373     1
56374     0
56376     0
56378     0
56380    -1
56381    -5
56382     0
56383     0
56384     8
56385     3
56386     1
56387     2
56389    13
56390     0
56393     0
56394     0
56395     0
56396    -2
56399     0
56434    -3
56441    -2
56443     0
56444    -1
56459     1
56462     2
56473     0
56474     1
56475     0
56478     1
56479     1
56480     0
56483     0
56485    -4
56487    -3
56489    -5
56490     1
56492     0
56493     1
56496    -1
56497     1
56499     1
56533     1
56543     0
56548     0
56565     1
56567     0
56569     1
56571     2
56575    23
56578     1
56582     1
56584     0
56585     1
56586     0
56592    -5
56593     0
56594     0
56595   -11
56596    -3
56598     1
56641     1
56645     0
56646     0
56649    -1
56651    -3
56652     0
56654    -2
56664    -2
56665    -3
56669   -13
56670     0
56671     1
56673     1
56675     1
56684     0
56688     0
56691     2
56693  -999
56697     2
56739     2
56742     0
56745     1
56746     0
56748     1
56751     0
56752    -3
56755     0
56756     1
56757    -3
56761     0
56763   -10
56764     1
56766     0
56767     0
56768    -2
56772    -3
56774    -8
56775    -8
56777    -7
56778     0
56781     1
56782     2
56783     1
56785     1
56786     2
56788     1
56790     3
56792  -999
56793     3
56835     0
56836     2
56838     1
56839     1
56840     2
56841     3
56842     0
56843     2
56844     3
56846     2
56849    -1
56851    -2
56854     0
56856     1
56862    -3
56863    -2
56867     0
56869     0
56870    -3
56871    -6
56872    -3
56873    -1
56875    -8
56876    -6
56878    -4
56879    -4
56880     0
56881    -5
56882   -11
56883     3
56885     1
56886     2
56889     2
56891     2
56898    -5
56944     3
56946     2
56948     1
56949     1
56950    -4
56951     1
56952   -14
56954     0
56958   -15
56959   -11
56961    -2
56962     1
56964    -4
56966    -4
56969    -2
56970    -8
56973    -6
56975     1
56976    -7
56977     1
56978     3
56982    -6
56984     0
56985    -4
56986     0
56987     2
56989    -3
56992     1
56994     1
56995    -5
56996     0
57001    -4
57002    -7
57003  -999
57004    -4
57006    -5
57007    -4
57008     0
57011    -3
57012    -5
57014  -999
57016    -8
57020    -8
57021   -14
57022   -14
57023    -8
57024   -12
57025  -999
57026   -10
57027    -9
57028  -999
57029   -10
57030  -999
57031   -11
57032   -13
57033   -10
57034   -10
57035   -10
57036   -14
57037   -12
57038   -11
57039   -12
57040   -13
57042   -12
57043   -14
57044   -13
57045   -11
57046   -10
57047   -16
57048  -999
57049  -999
57051   -15
57053   -16
57054   -14
57055   -14
57056   -13
57057   -16
57060   -12
57061   -15
57063    -6
57065   -11
57066   -18
57067   -21
57070   -11
57071   -16
57072     0
57074    -6
57075   -12
57076   -22
57077   -17
57078   -15
57079   -14
57080   -15
57081   -15
57082   -14
57083   -19
57085   -13
57086   -24
57087   -21
57089   -19
57090   -21
57091   -22
57093   -22
57094   -22
57095   -17
57096   -20
57098   -16
57099   -20
57102    -2
57105    -3
57106    -5
57110     0
57111     0
57113     0
57119    -4
57124  -999
57126   -11
57127   -10
57128   -12
57129    -4
57132   -12
57134    -8
57137    -9
57140    -3
57143   -17
57144   -13
57153   -15
57154  -999
57155   -11
57156    -7
57162   -14
57169   -10
57173    -9
57175    -9
57176    -8
57177   -11
57178    -2
57179    -5
57180   -15
57181   -14
57182   -16
57183   -16
57184   -11
57185    -9
57186   -13
57187    -7
57188   -12
57189   -12
57191   -17
57192   -12
57193   -17
57194   -11
57195   -12
57196   -10
57198    -9
57206     6
57208    -3
57211  -999
57213    -8
57216   -14
57217    -4
57231    -8
57232    -7
57233    -7
57237   -10
57238  -999
57242   -12
57245    -6
57247   -10
57248   -11
57249   -10
57251   -16
57253   -13
57254   -16
57257   -11
57259   -11
57260   -12
57261    -9
57265    -9
57268    -5
57271    -7
57273   -10
57274    -9
57279    -3
57281   -13
57290   -15
57292   -14
57293   -14
57294    -9
57295    -6
57296   -10
57297     8
57298    -8
57299    -4
57303   -12
57304   -10
57306    -6
57307     0
57308     0
57309     0
57313   -12
57314    -3
57315     1
57317     0
57318    11
57320   -10
57324    -2
57326     6
57328     0
57329     1
57333    -1
57339   -12
57343  -999
57345   -13
57348   -15
57349   -17
57355   -14
57361   -10
57362    -3
57363    -3
57368    -6
57370    -6
57377    -7
57378   -14
57385    -6
57387    -3
57388    -5
57389    -3
57390   -10
57396    -9
57398   -11
57399   -11
57401    -5
57402     0
57405    -7
57407    -1
57408     0
57409    -1
57411     0
57413    10
57414     0
57415    -1
57416    -2
57417     1
57420    -4
57425   -11
57426    -4
57431    -9
57432   -12
57438   -14
57447   -17
57458     0
57460    -6
57461    -7
57464     0
57465     1
57466     1
57469     1
57475     1
57476     0
57477     0
57481    -4
57483     0
57485     1
57486     0
57489     0
57491    -1
57492    -8
57494     1
57496     0
57498     1
57499     0
57505     0
57506    -1
57507     0
57509     1
57510    10
57511     0
57513    -2
57514    -2
57516     0
57518     1
57519     1
57522    -2
57525     1
57537     0
57540     0
57541   -11
57543   -13
57544     0
57545    -7
57554     0
57558     1
57562     2
57564     1
57565     1
57566     2
57571     0
57574     1
57575     0
57577     1
57582     1
57583    -1
57584     1
57585     1
57586    -3
57589     0
57590     0
57598     1
57603    -1
57605    -5
57606    -3
57608     1
57609     0
57614  -999
57623     1
57625  -999
57633     1
57634    -2
57635     2
57636     1
57637     0
57640     3
57643     1
57646     1
57647  -999
57649     2
57655     1
57657     0
57658     1
57661     1
57662     0
57663     1
57666     1
57669     1
57671     1
57674     1
57678     1
57680     0
57682     1
57687     0
57688     1
57694     2
57698     1
57699     1
57707    -2
57708     1
57710  -999
57713     0
57714     0
57717     0
57718  -999
57719     0
57720    -4
57722  -999
57723     0
57728     1
57729  -999
57731    -5
57732     0
57734     0
57735     0
57736     1
57737     0
57738     0
57739    -2
57740     2
57741  -999
57742     1
57743     2
57744     1
57745    -3
57754    -4
57760     0
57762     1
57763    -2
57766    -5
57767    -6
57768    -7
57769    -2
57771    -7
57772    -6
57773    -2
57774    -3
57776     0
57777     0
57778    -8
57780     0
57781     1
57786     1
57792     1
57793     1
57796     1
57798     0
57799     1
57800     1
57803     1
57805  -999
57806     0
57807     1
57808     2
57809     2
57811     1
57813     1
57814     1
57816     1
57818     1
57821     1
57822     0
57824     0
57825   -11
57827  -999
57828     0
57829    -2
57832     0
57834    -3
57835    -5
57837     1
57839  -999
57840  -999
57842     0
57844    -1
57845     0
57846    -8
57851    -6
57853     0
57859     2
57860    -5
57865    -7
57866     0
57867     0
57868    -9
57870    -8
57871    -9
57872    -7
57874     1
57875     1
57876     1
57881    -4
57882     1
57883     1
57886     2
57887     1
57891     0
57894     3
57895     2
57896     2
57899     1
57900     1
57902     1
57903     1
57905     1
57906     1
57907  -999
57908     2
57909     0
57910  -999
57912  -999
57913     2
57914     3
57915     1
57916     0
57921    -6
57922     0
57923   -10
57926  -999
57927     1
57932    -3
57936     1
57941     1
57942     0
57947    -1
57948     0
57949     2
57954     1
57955     2
57956     2
57957     2
57960     0
57962     0
57964     1
57965     1
57966     0
57969     1
57971    -1
57972     1
57973     1
57975     1
57976     0
57978     1
57981     0
57985     2
57988     2
57989     2
57990     2
57991     2
57992     1
57993     1
57994     2
57995     1
57996     1
58001   -19
58002   -20
58003   -18
58004   -21
58005   -16
58006   -16
58007   -14
58008   -17
58011   -28
58012   -23
58013   -19
58015   -28
58016   -17
58017   -17
58020   -20
58021   -30
58022   -21
58024   -30
58025   -18
58026  -999
58027   -17
58030   -18
58032   -23
58034  -999
58035   -10
58036    -7
58038  -999
58040    -6
58041    -6
58044    -4
58047  -999
58048   -15
58049   -11
58100   -12
58101   -15
58102   -15
58104   -12
58107   -13
58108   -12
58109    -9
58114   -13
58117     6
58118  -999
58122    -2
58125    -3
58126     0
58127   -21
58128   -12
58129   -12
58130  -999
58131    -5
58132    -4
58135  -999
58138   -15
58139   -10
58140   -10
58141    -6
58143  -999
58145    -6
58146     0
58147   -15
58148    -8
58150    -8
58154    -9
58158  -999
58202    -8
58203   -10
58205   -11
58207    -5
58208   -11
58210   -12
58212    -6
58214    -8
58215    -8
58220   -10
58221   -18
58222   -14
58223   -14
58224    -7
58230   -16
58234   -12
58235   -23
58236   -23
58237   -16
58238   -18
58240   -20
58241   -19
58242   -23
58243   -18
58244   -18
58245   -27
58247   -23
58249   -18
58250   -29
58251   -28
58254   -24
58255  -999
58257   -13
58259   -16
58264   -20
58265   -12
58268   -16
58269   -12
58301   -11
58306   -18
58311   -14
58314   -13
58316    -6
58317     1
58319    -2
58320   -11
58321    -9
58323   -10
58326    -7
58327   -10
58329    -9
58330   -16
58331   -18
58334   -11
58335    -7
58337    -5
58338    -7
58339    -7
58340   -14
58341   -19
58342    -4
58343   -10
58344   -22
58345   -16
58346    -2
58352   -16
58353   -13
58354  -999
58356  -999
58358     0
58360   -16
58361     1
58362    -6
58365    -8
58366    -8
58367     1
58369     1
58401    -3
58402    -8
58404     0
58407     0
58408     0
58409     1
58415     1
58416    -2
58417     0
58418    -3
58420     0
58421     0
58424    -2
58426    -2
58427    -1
58428    -2
58431    -6
58432     0
58433    -6
58435     1
58436    -7
58437     2
58438     0
58441    -4
58442    -5
58443    -2
58446     0
58448  -999
58449     3
58450  -999
58451     1
58452     1
58453  -999
58454     1
58455     2
58456     2
58457     2
58458     2
58459     2
58460     2
58461     0
58462     1
58463     2
58464     2
58467     2
58468     2
58472     2
58477     2
58501    -2
58502    -2
58503    -1
58506     1
58508     0
58509     0
58510     1
58514     0
58517     0
58519     1
58523     1
58527     1
58529     2
58530     1
58531     1
58534     1
58537     2
58542     2
58543     1
58544     2
58546     2
58547  -999
58548     2
58549     1
58550     1
58553  -999
58556     1
58557  -999
58558     1
58559     1
58562     1
58563     2
58565     1
58567     2
58569     3
58570  -999
58601     0
58602    -2
58605     0
58606     0
58608     1
58609     2
58612     0
58614     1
58615     1
58616     2
58618     1
58620     2
58624     2
58625     2
58626     2
58629     3
58631     2
58632     2
58633     2
58634     2
58635     2
58642     3
58643     2
58644     3
58646     2
58647     3
58652  -999
58654     1
58656     2
58657     2
58658     2
58659     2
58660     1
58664     2
58665     1
58666     2
58667     3
58693     1
58701     1
58704     1
58706     1
58707     2
58710     1
58712     2
58713     3
58714     1
58715     3
58719     3
58724     2
58725     2
58730     3
58731     3
58735     1
58736     1
58737     2
58742  -999
58745     1
58746     1
58747     1
58748     1
58749     2
58750     2
58751     2
58752     1
58754     2
58760     2
58804     1
58813     2
58814     1
58819     2
58820     1
58821     1
58822     1
58823     1
58824     0
58826    -1
58828     1
58834     0
58836    -4
58839    -6
58844     1
58845     0
58846     0
58847     1
58848     2
58903     0
58905     1
58906    -1
58907     1
58911     1
58912     1
58917     1
58918     0
58921     0
58923     1
58926     1
58928     3
58929     1
58931     1
58932     0
58933     0
58934     2
58935     1
58941     2
58942     2
58944     2
58946     2
59001     2
59004     2
59007     1
59012     0
59015     2
59017     0
59021     2
59022     2
59023     1
59025     1
59027     1
59031     2
59033     2
59034     1
59037     2
59038     2
59041     1
59044     2
59045     1
59046     2
59047     2
59051     2
59052     1
59053     2
59055     2
59057     3
59058     4
59059     2
59061     1
59063     1
59064     1
59065     1
59071     1
59072     1
59074     2
59075     1
59081     2
59082     2
59087     1
59088  -999
59090     1
59091     1
59093     1
59094     1
59096     1
59097  -999
59099     1
59102     0
59106    -3
59107  -999
59109    -2
59114     0
59116  -999
59117    -3
59122     1
59124    -3
59125     0
59126     0
59127     1
59130     0
59131     1
59133     0
59134     0
59137    -9
59205     2
59209     3
59211     1
59213     1
59215     2
59218     2
59224     1
59227     1
59228     0
59229    -8
59230     0
59235     0
59237   -16
59238     0
59241     1
59242     1
59246     1
59249     1
59254     1
59255     1
59256     0
59264     0
59265    -9
59266   -12
59268     0
59269     0
59270     1
59271    -5
59276     1
59278     2
59279    -2
59280  -999
59284     0
59285     1
59287     1
59288     1
59289  -999
59290     1
59293     0
59294     2
59297     1
59298     0
59303     0
59304  -999
59306  -999
59310     1
59312     1
59313    -3
59314    -8
59315     0
59316     0
59318    -3
59319    -2
59320   -10
59321    -5
59322    -2
59324    -5
59417     1
59419    -1
59421     1
59425    -1
59426     0
59427     0
59429     1
59431    -9
59435     1
59441     1
59446     1
59448     2
59449     2
59451     1
59452     2
59453     2
59454     1
59456     1
59457     2
59462     1
59469     2
59470     1
59471     0
59473    -2
59475     0
59476     1
59477     1
59478     1
59480     1
59481     0
59485  -999
59487     0
59488  -999
59492     1
59493     0
59500     0
59501     1
59502     1
59626     0
59632     1
59640     2
59644     1
59647     2
59650     2
59653     2
59654    26
59655     1
59656     1
59658    16
59659     2
59663     1
59664     2
59673     1
59750     1
59754     2
59757     3
59758     2
59838     2
59842    -1
59843     2
59845     2
59847     2
59848     3
59849     2
59851     3
59854     1
59855     3
59856     2
59940     1
59941     1
59945     1
59948     1
59951     0
59954     0
