	57808	-2.5818
	57071	-2.3019
	57086	-2.2864
	57720	-2.2181
	57077	-2.1346
	57091	-2.1309
	57074	-2.1307
	57818	-2.0896
	56693	-2.0891
	57606	-2.0784
	57710	-2.0435
	57066	-2.0326
	57809	-2.0269
	57084	-2.0119
	53978	-1.9716
	57085	-1.9562
	57051	-1.9468
	53979	-1.9374
	57906	-1.9049
	57046	-1.9041
	57807	-1.9008
	57090	-1.8929
	57076	-1.8712
	53987	-1.8651
	57806	-1.8646
	57094	-1.8471
	57083	-1.8368
	57162	-1.8308
	57078	-1.8218
	57144	-1.8184
	57910	-1.8111
	57903	-1.8092
	57081	-1.805
	57093	-1.8012
	56867	-1.7981
	57713	-1.7752
	56948	-1.7738
	57722	-1.7664
	57082	-1.7622
	57065	-1.7594
	57096	-1.7311
	53998	-1.7251
	57176	-1.712
	56862	-1.7119
	56873	-1.7012
	57087	-1.6748
	57803	-1.6722
	57900	-1.6702
	57905	-1.67
	53972	-1.6624
	57080	-1.6466
	57079	-1.6447
	57063	-1.6434
	53983	-1.6424
	57625	-1.6411
	58003	-1.6234
	56976	-1.622
	57173	-1.6173
	57902	-1.6146
	54903	-1.6132
	58622	-1.6083
	57912	-1.5975
	57814	-1.5794
	58529	-1.5748
	57343	-1.5663
	53982	-1.5592
	58011	-1.5563
	53992	-1.5504
	57181	-1.5456
	53989	-1.5455
	57070	-1.5309
	55655	-1.5226
	56952	-1.5029
	57154	-1.5001
	57191	-1.4945
	53976	-1.4917
	56665	-1.4871
	54906	-1.4838
	53984	-1.4837
	57708	-1.4766
	57054	-1.4754
	57245	-1.4707
	53988	-1.465
	57053	-1.4629
	57095	-1.461
	57061	-1.4601
	58635	-1.459
	57180	-1.4544
	58634	-1.4367
	58737	-1.4355
	58712	-1.4332
	57714	-1.4313
	57067	-1.4302
	57089	-1.427
	57248	-1.418
	54908	-1.4173
	57437	-1.4166
	57072	-1.4132
	57598	-1.4014
	56357	-1.3945
	57242	-1.3898
	58004	-1.3843
	57075	-1.3747
	54324	-1.3716
	59015	-1.3714
	58008	-1.368
	57249	-1.3671
	59017	-1.3621
	53994	-1.3613
	57813	-1.3524
	53950	-1.3487
	54902	-1.3477
	53898	-1.3459
	57043	-1.3343
	54917	-1.3301
	57251	-1.3292
	53889	-1.3268
	57909	-1.3258
	53974	-1.3258
	53612	-1.3229
	59025	-1.3206
	54914	-1.3203
	58002	-1.3176
	56697	-1.3096
	57431	-1.3092
	57732	-1.3052
	56863	-1.2995
	57348	-1.299
	58404	-1.2956
	53617	-1.2944
	56870	-1.2935
	57339	-1.2804
	59229	-1.2767
	57153	-1.2745
	53959	-1.2738
	54909	-1.2716
	58615	-1.2686
	54323	-1.2538
	58730	-1.2494
	52787	-1.2436
	57811	-1.2428
	57926	-1.241
	57033	-1.2363
	57261	-1.2345
	57045	-1.2246
	53981	-1.2212
	56992	-1.2202
	57731	-1.2153
	57432	-1.212
	57247	-1.2071
	54900	-1.205
	58407	-1.1975
	59001	-1.1946
	53502	-1.1939
	54437	-1.1921
	53997	-1.1873
	57231	-1.1861
	54530	-1.1851
	57426	-1.1811
	57098	-1.1791
	54807	-1.1748
	58501	-1.1718
	57439	-1.1675
	57800	-1.1661
	53991	-1.1656
	56182	-1.1636
	58734	-1.1585
	54844	-1.1563
	57055	-1.1551
	58523	-1.1479
	57636	-1.1444
	56885	-1.1431
	56766	-1.1407
	57256	-1.1288
	57637	-1.1272
	58715	-1.1255
	57520	-1.125
	57438	-1.1236
	57137	-1.121
	54533	-1.1176
	51437	-1.1169
	57805	-1.1163
	57586	-1.1161
	54837	-1.1156
	53985	-1.1092
	54623	-1.1079
	58616	-1.1069
	57049	-1.1061
	52679	-1.1058
	54470	-1.1045
	54904	-1.1004
	56970	-1.0997
	52818	-1.0946
	58537	-1.0903
	56977	-1.0892
	54778	-1.0868
	57047	-1.0851
	53958	-1.0839
	53897	-1.0831
	53993	-1.0817
	52784	-1.0787
	58001	-1.0786
	57039	-1.0749
	53995	-1.074
	54049	-1.0728
	56792	-1.072
	57349	-1.0672
	53986	-1.0663
	56793	-1.0625
	57057	-1.06
	57254	-1.0588
	57927	-1.0573
	57169	-1.0555
	52825	-1.0547
	56872	-1.0528
	57182	-1.0496
	57143	-1.0436
	54912	-1.0435
	54336	-1.0434
	57359	-1.0417
	56856	-1.0389
	52863	-1.037
	57871	-1.0365
	54223	-1.0345
	56889	-1.034
	57872	-1.0304
	54916	-1.0283
	53704	-1.0245
	58629	-1.0222
	53619	-1.0204
	54517	-1.0168
	56074	-1.0145
	57333	-1.0141
	57499	-1.0132
	54817	-1.0122
	57911	-1.0086
	54841	-1.0083
	54901	-1.0079
	52765	-1.0068
	59012	-1.0067
	54332	-1.0
	57682	-0.998
	58520	-0.998
	56474	-0.9924
	57060	-0.9911
	52575	-0.9886
	57056	-0.9851
	51058	-0.9851
	57233	-0.9812
	56975	-0.98
	58820	-0.9795
	54622	-0.9768
	57908	-0.9713
	57589	-0.9708
	54039	-0.9708
	57634	-0.9692
	54421	-0.9631
	57816	-0.9626
	59004	-0.9615
	56871	-0.96
	57361	-0.9579
	56989	-0.9535
	54535	-0.9446
	57273	-0.9377
	56045	-0.9369
	58472	-0.928
	54041	-0.9253
	57590	-0.9244
	54843	-0.9232
	52895	-0.9154
	57913	-0.9142
	56152	-0.9139
	56767	-0.9123
	57870	-0.9106
	57099	-0.9043
	53899	-0.8978
	58620	-0.8956
	57140	-0.895
	56565	-0.8924
	57778	-0.8919
	57915	-0.8885
	54851	-0.8873
	56778	-0.8865
	53707	-0.8857
	57129	-0.8856
	57362	-0.8808
	53505	-0.88
	58813	-0.8768
	56185	-0.8761
	54534	-0.8753
	57717	-0.874
	54911	-0.873
	54915	-0.8692
	53949	-0.8684
	53615	-0.8673
	56691	-0.866
	52974	-0.8654
	57777	-0.8642
	56654	-0.8622
	57026	-0.8618
	52707	-0.8607
	57875	-0.858
	58502	-0.8554
	52856	-0.8548
	54913	-0.8543
	52737	-0.8533
	54455	-0.851
	57040	-0.8508
	58007	-0.8495
	52378	-0.8474
	54532	-0.8447
	58719	-0.8435
	57345	-0.8422
	54320	-0.8408
	56459	-0.8385
	58932	-0.835
	56381	-0.833
	59838	-0.829
	58150	-0.8245
	56962	-0.8201
	53967	-0.8191
	58725	-0.8173
	54910	-0.8173
	57696	-0.8159
	54525	-0.8121
	56958	-0.8117
	58401	-0.8114
	58419	-0.8088
	53512	-0.8071
	58713	-0.8068
	56774	-0.8064
	54031	-0.8018
	57048	-0.7991
	57274	-0.7987
	54852	-0.7986
	59211	-0.7984
	52908	-0.7971
	54349	-0.7948
	56961	-0.794
	58606	-0.7938
	57498	-0.7896
	57445	-0.7892
	56684	-0.789
	51438	-0.7873
	54855	-0.7859
	57723	-0.7856
	57232	-0.7855
	54122	-0.7848
	58543	-0.7834
	54905	-0.7822
	52101	-0.782
	51655	-0.7801
	57995	-0.7758
	53518	-0.7755
	54213	-0.7744
	56777	-0.7744
	56575	-0.7741
	58718	-0.7729
	56478	-0.7708
	58710	-0.7692
	53894	-0.766
	57882	-0.7643
	58408	-0.7638
	57042	-0.7628
	58016	-0.7613
	54527	-0.7586
	57257	-0.7575
	57496	-0.7559
	59027	-0.7558
	57914	-0.7552
	51495	-0.7521
	54398	-0.7508
	56342	-0.7503
	58013	-0.7487
	53705	-0.7486
	56995	-0.7478
	54339	-0.7468
	58012	-0.7463
	57313	-0.7455
	56782	-0.743
	57868	-0.7395
	58714	-0.7389
	56473	-0.7389
	57029	-0.7337
	54326	-0.7336
	58527	-0.7318
	53956	-0.7303
	57512	-0.7282
	56788	-0.7268
	57921	-0.7241
	57994	-0.7218
	57052	-0.7215
	57582	-0.7196
	56378	-0.7195
	57707	-0.7185
	58632	-0.7185
	54433	-0.7185
	57265	-0.7166
	57769	-0.7128
	56772	-0.7108
	54321	-0.7103
	58530	-0.7098
	58848	-0.7096
	57936	-0.708
	54922	-0.7078
	50779	-0.7075
	57585	-0.7057
	58847	-0.7052
	52313	-0.7036
	51567	-0.7027
	56065	-0.6996
	57259	-0.6961
	56688	-0.6922
	54624	-0.6911
	57271	-0.6903
	52876	-0.6897
	58618	-0.6894
	56775	-0.689
	57279	-0.6885
	59215	-0.687
	56752	-0.6863
	58006	-0.6857
	57768	-0.6839
	59038	-0.6827
	58005	-0.6821
	56475	-0.6791
	54453	-0.6765
	57923	-0.6753
	59037	-0.6736
	50861	-0.6718
	59235	-0.6717
	51435	-0.6713
	54842	-0.6701
	56297	-0.6695
	54337	-0.6688
	54848	-0.6682
	57505	-0.666
	59131	-0.6655
	54871	-0.6613
	58409	-0.658
	57175	-0.6579
	54818	-0.6528
	53896	-0.6526
	57044	-0.6522
	54832	-0.651
	59656	-0.6508
	57895	-0.6504
	56875	-0.6501
	54113	-0.6481
	54476	-0.6472
	54115	-0.6471
	57922	-0.6456
	56151	-0.6444
	54849	-0.643
	56578	-0.6428
	56029	-0.6422
	57699	-0.6419
	57032	-0.6416
	53968	-0.6414
	55773	-0.6396
	54628	-0.6389
	58600	-0.6376
	57916	-0.6359
	51468	-0.6325
	57193	-0.631
	58143	-0.6309
	54483	-0.6285
	57728	-0.6278
	58601	-0.6272
	57688	-0.6267
	58845	-0.6244
	56571	-0.6238
	53618	-0.6236
	58420	-0.6216
	57760	-0.6199
	58507	-0.6187
	59022	-0.6184
	56443	-0.6171
	53970	-0.6145
	58619	-0.6141
	54076	-0.6135
	56982	-0.6111
	58693	-0.6099
	54325	-0.6084
	57523	-0.6083
	57992	-0.6077
	59021	-0.6077
	57786	-0.6071
	58418	-0.6066
	56496	-0.6062
	57425	-0.6053
	56580	-0.6049
	54936	-0.604
	58822	-0.5996
	59417	-0.5985
	58608	-0.5969
	58911	-0.5945
	56317	-0.59
	56781	-0.5898
	57595	-0.5858
	54505	-0.5849
	56674	-0.583
	54428	-0.5829
	58605	-0.5828
	53893	-0.5816
	57132	-0.5809
	54338	-0.5803
	57605	-0.5777
	58936	-0.5775
	54925	-0.577
	56987	-0.5768
	57415	-0.5763
	52943	-0.576
	58935	-0.5735
	56595	-0.573
	54501	-0.5706
	58814	-0.5699
	58701	-0.5693
	54619	-0.5693
	57355	-0.5676
	57038	-0.5651
	59238	-0.5642
	58821	-0.5637
	52495	-0.5634
	58301	-0.5628
	53348	-0.5617
	57502	-0.5607
	54819	-0.5606
	54347	-0.5585
	58934	-0.5575
	54334	-0.5532
	58424	-0.5521
	57034	-0.552
	56768	-0.5513
	57865	-0.5507
	57887	-0.5492
	54419	-0.5489
	54846	-0.5488
	56641	-0.548
	53420	-0.5468
	57860	-0.5456
	57687	-0.5428
	54531	-0.5396
	53881	-0.5378
	58602	-0.5357
	54522	-0.5355
	57411	-0.5353
	57238	-0.5349
	51436	-0.5336
	57779	-0.5333
	52869	-0.5323
	54645	-0.5315
	53806	-0.5304
	56881	-0.5288
	53980	-0.5286
	54528	-0.5277
	58113	-0.526
	56751	-0.5238
	52978	-0.5225
	56846	-0.5225
	57035	-0.5221
	54252	-0.5221
	57260	-0.5207
	52656	-0.5205
	58906	-0.5192
	52874	-0.5187
	59228	-0.5186
	56033	-0.5151
	58637	-0.5133
	54452	-0.5117
	53948	-0.5112
	57680	-0.5067
	56281	-0.5066
	59033	-0.5063
	57614	-0.5057
	56670	-0.5053
	57796	-0.505
	54471	-0.5041
	58438	-0.5035
	56966	-0.5033
	54827	-0.5032
	54736	-0.5012
	58319	-0.4991
	58706	-0.4991
	52661	-0.4985
	56869	-0.4976
	54613	-0.4946
	58114	-0.4944
	53964	-0.4941
	54861	-0.494
	59044	-0.4933
	58612	-0.4923
	58508	-0.4915
	54431	-0.4907
	58531	-0.49
	50953	-0.4884
	56986	-0.4875
	58736	-0.4854
	58510	-0.4845
	58946	-0.4839
	57417	-0.4814
	57766	-0.4804
	58027	-0.4779
	57510	-0.4755
	51639	-0.4742
	59478	-0.4737
	59218	-0.4712
	58158	-0.4693
	58704	-0.4674
	58426	-0.4665
	54596	-0.4662
	59209	-0.4661
	56756	-0.466
	54134	-0.4646
	51434	-0.4645
	51463	-0.4637
	56043	-0.4632
	51377	-0.462
	57187	-0.4614
	54514	-0.4611
	56171	-0.4609
	57846	-0.4607
	57694	-0.4596
	57194	-0.4595
	52875	-0.4592
	53882	-0.4579
	57824	-0.4576
	54828	-0.4574
	59102	-0.4556
	58705	-0.4553
	57993	-0.4525
	51559	-0.4525
	57522	-0.4521
	54510	-0.4521
	53890	-0.4515
	57192	-0.4503
	54935	-0.4497
	54540	-0.4484
	57776	-0.4483
	57126	-0.4473
	58140	-0.4467
	57492	-0.4434
	57315	-0.4418
	58500	-0.4417
	58220	-0.4414
	58015	-0.44
	54809	-0.4395
	58735	-0.4392
	56434	-0.4386
	58435	-0.4367
	53885	-0.4367
	58417	-0.4362
	57881	-0.4361
	57188	-0.4342
	57762	-0.4336
	57513	-0.4331
	57020	-0.4274
	54575	-0.4245
	52980	-0.4227
	57027	-0.4201
	56876	-0.4189
	56569	-0.4186
	50888	-0.4172
	57198	-0.416
	57008	-0.4153
	57767	-0.4145
	52713	-0.4111
	52955	-0.4102
	58724	-0.4101
	58534	-0.4088
	56786	-0.4073
	56883	-0.4052
	57317	-0.4027
	57941	-0.4024
	56004	-0.4018
	57183	-0.4013
	53399	-0.4009
	57414	-0.4002
	52674	-0.3983
	57036	-0.3982
	58626	-0.3969
	58208	-0.3964
	53529	-0.3942
	52576	-0.3939
	57189	-0.3938
	58414	-0.3933
	58804	-0.393
	53419	-0.3919
	52998	-0.3909
	57314	-0.3901
	51572	-0.3882
	51356	-0.3874
	56038	-0.386
	54835	-0.3841
	54836	-0.3833
	51765	-0.3817
	57237	-0.3809
	57106	-0.376
	57031	-0.3759
	53336	-0.3754
	58517	-0.3744
	54064	-0.3738
	54399	-0.3738
	56567	-0.3726
	57932	-0.3725
	56886	-0.3724
	54615	-0.3722
	54214	-0.3721
	58514	-0.3715
	56669	-0.3701
	54826	-0.3688
	52112	-0.3686
	58402	-0.3685
	57698	-0.3677
	51526	-0.3657
	58903	-0.3646
	57867	-0.364
	53965	-0.3637
	58625	-0.3634
	57128	-0.3633
	57299	-0.3614
	53614	-0.3613
	54777	-0.3599
	58317	-0.3598
	58416	-0.3569
	54047	-0.3555
	53773	-0.3531
	58624	-0.3519
	53973	-0.3515
	57623	-0.3514
	51701	-0.3495
	59847	-0.3482
	56296	-0.3476
	57290	-0.3469
	57030	-0.3468
	54626	-0.3461
	54225	-0.3452
	57771	-0.3446
	56287	-0.3442
	57773	-0.3439
	57514	-0.3431
	52833	-0.342
	53611	-0.3411
	57024	-0.3409
	52797	-0.3391
	54804	-0.3384
	58306	-0.3383
	58138	-0.3378
	54711	-0.3373
	58731	-0.337
	50956	-0.3368
	57537	-0.3365
	56386	-0.3365
	59237	-0.336
	59650	-0.336
	54518	-0.3359
	58846	-0.3356
	56898	-0.3352
	54416	-0.3351
	56790	-0.3351
	56891	-0.3334
	53384	-0.3328
	57772	-0.3314
	51358	-0.3305
	57793	-0.3295
	57798	-0.3293
	56991	-0.3292
	56376	-0.3275
	52885	-0.3271
	58442	-0.3262
	57729	-0.3254
	54404	-0.3236
	58104	-0.3217
	57022	-0.3215
	54521	-0.3205
	58017	-0.3189
	52323	-0.3184
	59278	-0.3183
	56147	-0.3178
	57516	-0.3164
	54424	-0.3162
	53513	-0.316
	53480	-0.3157
	54475	-0.3157
	56389	-0.3145
	50854	-0.3132
	56761	-0.313
	54102	-0.3124
	57781	-0.3118
	53810	-0.3106
	54921	-0.3103
	54863	-0.3101
	56994	-0.3083
	58921	-0.3083
	56173	-0.3082
	57447	-0.3069
	58503	-0.3068
	54606	-0.3042
	54205	-0.3032
	54063	-0.3019
	59475	-0.3003
	51367	-0.2979
	57184	-0.2969
	54616	-0.2936
	54454	-0.292
	54640	-0.2907
	52972	-0.29
	57134	-0.289
	52203	-0.2888
	52546	-0.2881
	54752	-0.2878
	54821	-0.2878
	53962	-0.2871
	58818	-0.2863
	58327	-0.2846
	57253	-0.2837
	57506	-0.2837
	57989	-0.2832
	57763	-0.2822
	58819	-0.282
	53895	-0.2813
	54568	-0.2809
	56944	-0.2766
	59041	-0.2763
	56384	-0.2762
	57761	-0.2759
	52855	-0.2754
	59092	-0.274
	53892	-0.2731
	51656	-0.2728
	56598	-0.2714
	56228	-0.2707
	54569	-0.2703
	54499	-0.2696
	52836	-0.2694
	56849	-0.2685
	54012	-0.2655
	56951	-0.2643
	53324	-0.2633
	59205	-0.2564
	57016	-0.255
	54726	-0.2536
	58633	-0.2511
	56172	-0.2496
	57957	-0.2492
	58837	-0.2491
	59419	-0.2472
	51568	-0.2469
	58905	-0.2454
	56071	-0.2454
	53947	-0.2447
	57178	-0.2438
	53798	-0.2435
	58942	-0.2432
	57294	-0.2428
	52957	-0.2419
	53792	-0.241
	56399	-0.2405
	57025	-0.2386
	58207	-0.2369
	57396	-0.2355
	57789	-0.2345
	54907	-0.2333
	57285	-0.2331
	56247	-0.2331
	56199	-0.2328
	54423	-0.2327
	57385	-0.2312
	57395	-0.2301
	56493	-0.2298
	58941	-0.2294
	57853	-0.2291
	54918	-0.229
	56882	-0.2277
	59227	-0.2268
	57822	-0.2261
	56838	-0.2258
	56164	-0.2257
	58251	-0.2252
	50853	-0.2245
	56263	-0.2244
	58108	-0.2214
	54627	-0.2202
	54161	-0.2186
	54331	-0.2181
	54929	-0.2144
	54234	-0.2123
	57329	-0.2118
	57581	-0.2115
	59045	-0.2098
	54511	-0.2087
	56278	-0.2084
	58154	-0.2055
	53680	-0.2039
	58929	-0.2022
	54823	-0.2014
	55279	-0.2009
	52889	-0.1986
	57792	-0.1975
	57948	-0.1975
	58836	-0.1964
	57409	-0.1961
	54608	-0.1941
	57678	-0.1939
	57508	-0.1938
	59453	-0.1925
	51431	-0.1921
	54291	-0.1921
	54541	-0.191
	56651	-0.1888
	52982	-0.1884
	53941	-0.1878
	58917	-0.1873
	56880	-0.1873
	53954	-0.1859
	50945	-0.1858
	56067	-0.1853
	56755	-0.1852
	54135	-0.1846
	59213	-0.1842
	59271	-0.1831
	57738	-0.1828
	54800	-0.1828
	57827	-0.1827
	56158	-0.1821
	54027	-0.1797
	54420	-0.1795
	58415	-0.1785
	53996	-0.178
	57179	-0.1778
	53517	-0.1763
	59456	-0.1757
	57368	-0.1755
	54808	-0.1743
	54920	-0.1739
	55585	-0.1735
	58944	-0.1734
	57876	-0.1728
	57028	-0.1719
	58102	-0.1693
	56969	-0.168
	58548	-0.1666
	59426	-0.1648
	54610	-0.1648
	54805	-0.1637
	56279	-0.1634
	53149	-0.163
	53690	-0.1628
	56745	-0.1625
	54660	-0.1599
	56664	-0.1575
	57511	-0.1573
	54072	-0.1569
	54080	-0.1568
	54245	-0.1562
	56673	-0.1557
	57835	-0.1556
	58519	-0.1548
	57956	-0.1533
	57281	-0.1526
	55680	-0.1521
	51465	-0.1519
	56097	-0.1518
	57673	-0.1515
	54187	-0.1495
	56046	-0.1494
	54472	-0.1478
	56080	-0.1471
	57899	-0.147
	54563	-0.1437
	54236	-0.1422
	51542	-0.1413
	58241	-0.1406
	56835	-0.1401
	57420	-0.139
	58111	-0.1381
	57829	-0.1375
	52607	-0.1373
	54539	-0.1365
	53938	-0.1355
	54231	-0.1345
	57991	-0.134
	54612	-0.1309
	53957	-0.1304
	58024	-0.1294
	54226	-0.129
	53446	-0.1288
	58030	-0.1274
	59031	-0.127
	54096	-0.1248
	51827	-0.1234
	54853	-0.123
	56879	-0.123
	57177	-0.1224
	56954	-0.1211
	54243	-0.1209
	54519	-0.1205
	56649	-0.1204
	57874	-0.1181
	54474	-0.118
	58609	-0.1173
	53878	-0.1169
	54386	-0.1169
	54132	-0.1161
	59276	-0.1153
	58148	-0.115
	54594	-0.1149
	58243	-0.1146
	53195	-0.1141
	57268	-0.1126
	59441	-0.1111
	53694	-0.1104
	58326	-0.109
	54723	-0.109
	58823	-0.1089
	57996	-0.1059
	56223	-0.1055
	58826	-0.1047
	54919	-0.1046
	56196	-0.1037
	58329	-0.1021
	57837	-0.1018
	57774	-0.099
	53725	-0.0986
	57679	-0.0984
	53955	-0.0984
	54614	-0.0977
	59462	-0.0964
	54857	-0.0957
	53698	-0.0953
	58038	-0.0938
	54631	-0.0914
	54617	-0.0893
	53886	-0.0883
	59940	-0.0878
	59473	-0.0869
	57037	-0.0859
	57309	-0.0859
	56202	-0.0858
	54319	-0.0844
	58839	-0.0842
	50964	-0.0824
	57990	-0.0822
	54117	-0.081
	54632	-0.0776
	59655	-0.0772
	56878	-0.0767
	52652	-0.0764
	56996	-0.0755
	55493	-0.0744
	54412	-0.0742
	56284	-0.0712
	51581	-0.0698
	58614	-0.0697
	56167	-0.069
	51705	-0.0684
	54812	-0.0671
	50928	-0.067
	54831	-0.0659
	56380	-0.0639
	59007	-0.0622
	57780	-0.0595
	57583	-0.0594
	56387	-0.0576
	50973	-0.0569
	57734	-0.0543
	58335	-0.0538
	57960	-0.0535
	51433	-0.0506
	53337	-0.0504
	58147	-0.05
	56973	-0.0496
	53588	-0.046
	54099	-0.0458
	56081	-0.0421
	52681	-0.0408
	53678	-0.0403
	59137	-0.0384
	55664	-0.0383
	54744	-0.0374
	59107	-0.0371
	59664	-0.0371
	52986	-0.0367
	51467	-0.0365
	58311	-0.0357
	59051	-0.0354
	56331	-0.0353
	51482	-0.0346
	54737	-0.0346
	57216	-0.0345
	54218	-0.0338
	59230	-0.0334
	53963	-0.0333
	50775	-0.0327
	56018	-0.0326
	51642	-0.0324
	53367	-0.0315
	51328	-0.0284
	59269	-0.0283
	53781	-0.0283
	57907	-0.024
	51573	-0.024
	54923	-0.0231
	59502	-0.022
	58101	-0.0204
	54722	-0.02
	54815	-0.0156
	52866	-0.0148
	58427	-0.0142
	57491	-0.014
	53522	-0.0131
	53797	-0.0123
	50884	-0.0114
	54318	-0.0104
	58234	-0.0098
	59431	-0.0082
	59133	-0.0080
	57320	-0.0074
	57195	-0.0070
	53392	-0.0070
	56307	-0.0064
	57023	-0.0061
	58131	-0.0049
	53693	-0.0046
	56984	-0.0041
	57004	-0.0038
	57399	-0.0036
	54824	-0.0018
	54523	-0.0010
	58026	0.0
	57737	0.0034
	59090	0.0043
	59454	0.0046
	59093	0.0047
	53519	0.0050
	59493	0.0059
	51369	0.0087
	54164	0.0088
	53723	0.0092
	59427	0.0102
	58923	0.0106
	52896	0.0113
	51828	0.014
	58225	0.0143
	58907	0.0143
	54703	0.0162
	54432	0.0166
	57866	0.0182
	51470	0.0194
	54710	0.0198
	56742	0.021
	52424	0.0233
	56785	0.0243
	57584	0.0244
	54716	0.0258
	59242	0.0265
	57402	0.0269
	56652	0.0279
	58238	0.0286
	57942	0.0288
	58125	0.0315
	57185	0.0318
	58342	0.0334
	59435	0.0356
	54434	0.0356
	54346	0.0357
	54662	0.0359
	59476	0.0379
	53785	0.0403
	52983	0.0406
	58245	0.041
	53378	0.0416
	53966	0.0416
	50950	0.0417
	54719	0.0427
	54704	0.0432
	58240	0.044
	54706	0.0442
	56125	0.0443
	58433	0.0453
	54825	0.0474
	58132	0.0484
	50934	0.0485
	54301	0.0485
	56763	0.0488
	50939	0.0511
	56480	0.0527
	58109	0.0544
	53795	0.0548
	57633	0.055
	58020	0.0567
	58244	0.0578
	54430	0.0578
	57536	0.0588
	53362	0.0589
	58512	0.061
	54024	0.0612
	57296	0.0616
	54195	0.0619
	56390	0.0622
	58255	0.0661
	59109	0.0663
	59487	0.0671
	50862	0.0674
	54579	0.0678
	54237	0.0704
	52868	0.0734
	53602	0.0737
	57416	0.0739
	57292	0.0745
	54731	0.0747
	54730	0.0751
	54945	0.0753
	50915	0.0759
	56116	0.0763
	50949	0.0768
	58141	0.0772
	56227	0.0772
	57839	0.0777
	54520	0.078
	57954	0.0781
	54609	0.0786
	58844	0.0792
	58250	0.0793
	52968	0.0798
	52633	0.0806
	57326	0.0813
	57390	0.0823
	56178	0.0823
	58040	0.0836
	53769	0.0842
	51855	0.0845
	57155	0.085
	56985	0.085
	57102	0.0867
	50859	0.0867
	50963	0.0892
	58246	0.0895
	51329	0.0909
	57841	0.0911
	56183	0.0924
	53891	0.0925
	50867	0.0927
	50787	0.0954
	53681	0.0955
	56184	0.0955
	50946	0.0966
	51346	0.1001
	53610	0.1003
	57318	0.1042
	54328	0.1045
	58048	0.1055
	50960	0.1066
	53599	0.107
	53873	0.1079
	54597	0.1092
	57844	0.1101
	57981	0.1104
	51707	0.1109
	50776	0.1147
	58656	0.1156
	53289	0.1158
	58247	0.116
	59446	0.116
	56168	0.1166
	59451	0.1176
	56021	0.1215
	54313	0.1232
	57324	0.1241
	56671	0.1247
	56393	0.1267
	57842	0.1275
	57603	0.1284
	54436	0.1287
	54327	0.1315
	58334	0.1321
	53457	0.1324
	53868	0.1329
	56289	0.1331
	54943	0.1338
	54766	0.1342
	59293	0.1344
	51826	0.1345
	57947	0.1348
	56251	0.1366
	51430	0.1375
	58644	0.1379
	57105	0.1395
	52754	0.1398
	58130	0.1425
	56298	0.1425
	53975	0.1431
	59114	0.1432
	54932	0.1434
	54266	0.1442
	57851	0.145
	51357	0.1462
	59034	0.1466
	54927	0.1479
	56964	0.148
	54429	0.1481
	57886	0.1499
	53883	0.1509
	54172	0.1513
	52985	0.1515
	52643	0.1522
	58429	0.1525
	58135	0.1526
	57507	0.1528
	56783	0.1532
	50774	0.1543
	54342	0.1547
	58570	0.1556
	57197	0.1557
	54290	0.1559
	59851	0.1568
	57509	0.1581
	52884	0.1591
	54304	0.1596
	56383	0.16
	57398	0.1603
	58646	0.1604
	58145	0.1605
	50937	0.1613
	57845	0.1643
	51156	0.1649
	57186	0.1651
	57541	0.1654
	54186	0.1662
	54244	0.1672
	57828	0.1675
	56396	0.169
	59848	0.1697
	54713	0.1725
	58235	0.1727
	54725	0.1731
	57608	0.1748
	59501	0.1753
	51829	0.1755
	57971	0.1757
	59477	0.176
	53192	0.1769
	50880	0.1771
	58330	0.1785
	54705	0.1787
	56290	0.1793
	54311	0.1799
	56091	0.1806
	58236	0.1814
	56593	0.1819
	53231	0.1828
	51704	0.183
	56764	0.1837
	58926	0.1847
	51365	0.1862
	57119	0.1871
	59023	0.1894
	54374	0.1895
	56949	0.1901
	52745	0.1912
	54439	0.1915
	56273	0.1916
	56584	0.1933
	57328	0.1946
	52984	0.1946
	53579	0.1961
	54938	0.1981
	56373	0.2002
	54515	0.2003
	55598	0.2004
	57021	0.2005
	59481	0.201
	54333	0.2013
	59658	0.2019
	53877	0.2022
	53799	0.2026
	58463	0.2033
	57896	0.2039
	54449	0.2065
	54603	0.2065
	50965	0.2069
	54724	0.2077
	53674	0.208
	54759	0.208
	58509	0.2082
	58344	0.2088
	50548	0.2099
	56382	0.211
	57517	0.2118
	58242	0.2119
	56092	0.2126
	53490	0.2139
	57985	0.214
	55690	0.2148
	52996	0.2149
	52267	0.2151
	54728	0.2168
	53884	0.2174
	57976	0.2176
	51818	0.2176
	59856	0.2187
	53433	0.2214
	53276	0.224
	57974	0.2247
	54738	0.2247
	53783	0.2261
	54717	0.2261
	59626	0.2267
	54098	0.2291
	53272	0.2297
	53945	0.2303
	56391	0.2312
	53543	0.2318
	57388	0.2329
	57647	0.2329
	50858	0.2331
	59082	0.2339
	56034	0.2346
	58824	0.2366
	56137	0.237
	51815	0.2378
	59470	0.2394
	50968	0.2397
	54069	0.2408
	54701	0.2432
	58549	0.2438
	50673	0.2446
	57600	0.2456
	58933	0.2456
	58321	0.2459
	59224	0.2462
	56096	0.2469
	54729	0.248
	57635	0.2488
	50948	0.2507
	50954	0.2514
	53740	0.2521
	57955	0.2522
	51931	0.2551
	54602	0.2564
	56748	0.2574
	53774	0.2584
	58339	0.2595
	52645	0.26
	53486	0.2622
	54755	0.2623
	53688	0.2636
	58127	0.2639
	56851	0.264
	58912	0.265
	53352	0.2652
	54026	0.2658
	54816	0.2671
	54751	0.2672
	58806	0.2685
	56596	0.2707
	59632	0.2709
	56462	0.271
	57307	0.2721
	59448	0.2727
	53879	0.2737
	57758	0.276
	52418	0.2768
	59471	0.2771
	54308	0.2771
	50603	0.2788
	58647	0.2801
	58421	0.2815
	57973	0.2818
	58323	0.2829
	57196	0.2834
	54765	0.2851
	58223	0.2853
	57719	0.287
	54801	0.287
	57604	0.2877
	56757	0.2901
	50750	0.2933
	58314	0.2945
	53903	0.2945
	51709	0.295
	56844	0.2952
	54507	0.2955
	52995	0.2966
	58843	0.297
	59319	0.2983
	58049	0.2986
	52515	0.3007
	54601	0.3007
	54065	0.3027
	58025	0.3038
	55572	0.3042
	54749	0.306
	52988	0.3065
	58044	0.3072
	57825	0.3074
	56479	0.3078
	56181	0.3084
	57124	0.3092
	56498	0.3106
	55299	0.3111
	57972	0.3126
	54286	0.3129
	53756	0.3142
	58340	0.3162
	58432	0.3173
	53782	0.3174
	53385	0.3176
	54249	0.3195
	57799	0.3224
	50788	0.3233
	53888	0.3239
	54939	0.3241
	58316	0.3247
	50958	0.325
	59063	0.3262
	53083	0.3262
	59654	0.3264
	57389	0.3266
	52853	0.3275
	59644	0.3278
	56946	0.3279
	57745	0.3287
	54734	0.3293
	53673	0.3296
	54486	0.332
	56095	0.3321
	52446	0.3324
	52447	0.3335
	57003	0.3341
	56109	0.3344
	57211	0.3346
	57545	0.3348
	50871	0.3356
	59255	0.3359
	59055	0.337
	59279	0.337
	51137	0.3376
	56144	0.3395
	56371	0.3407
	53771	0.3414
	57609	0.3419
	53357	0.3472
	54709	0.3484
	54157	0.3485
	57640	0.3501
	54493	0.3505
	57278	0.3509
	52993	0.3513
	56746	0.3516
	57540	0.3528
	54494	0.3529
	50739	0.3544
	54820	0.3561
	54822	0.3563
	59091	0.3565
	51060	0.3579
	54363	0.359
	59047	0.3601
	54618	0.3601
	56840	0.3622
	57674	0.3625
	54094	0.3635
	57413	0.3647
	53483	0.3649
	54512	0.3653
	53491	0.3664
	50852	0.3666
	55681	0.3688
	56854	0.37
	57408	0.3725
	57966	0.3728
	53068	0.373
	56280	0.3737
	57110	0.3739
	54700	0.3752
	54810	0.3755
	57964	0.3765
	58146	0.3766
	57544	0.3777
	54406	0.3781
	56094	0.3787
	50936	0.3803
	50940	0.3809
	50877	0.3812
	51469	0.3817
	56128	0.3819
	59280	0.3836
	53861	0.3862
	56444	0.388
	56533	0.3906
	59088	0.3914
	58210	0.3935
	57962	0.3953
	53929	0.3981
	51633	0.3995
	51839	0.4031
	50844	0.4036
	57485	0.4044
	58484	0.4061
	56843	0.4062
	57002	0.4089
	57739	0.4094
	58369	0.4107
	56978	0.4112
	54605	0.4117
	54093	0.4122
	58336	0.415
	53788	0.4155
	59421	0.4159
	54276	0.4167
	54727	0.4194
	54715	0.4219
	51571	0.4223
	50878	0.4243
	58331	0.4248
	59246	0.4256
	56285	0.4262
	56836	0.4271
	57525	0.4276
	57377	0.4277
	57834	0.4301
	53790	0.4325
	53794	0.4333
	54702	0.4337
	53926	0.4344
	57718	0.4354
	57007	0.4367
	55437	0.4369
	59289	0.4394
	54353	0.4394
	58544	0.4413
	52533	0.4422
	56312	0.4424
	57206	0.4425
	54712	0.4434
	54502	0.4442
	51068	0.4452
	54401	0.4461
	59480	0.4465
	53682	0.4466
	53908	0.4471
	51477	0.4475
	53791	0.4491
	54830	0.4495
	53677	0.4522
	52657	0.4527
	53727	0.4545
	58222	0.4553
	57735	0.4555
	59249	0.4556
	57405	0.4559
	58437	0.4559
	53547	0.4574
	54636	0.4588
	57741	0.4594
	53859	0.4594
	59849	0.4598
	57001	0.4612
	54718	0.4615
	59845	0.4631
	53590	0.4633
	56548	0.4633
	54803	0.4634
	57297	0.4646
	54438	0.4646
	58221	0.4648
	58021	0.4686
	58341	0.469
	54156	0.47
	56841	0.4703
	57965	0.4707
	58100	0.4708
	57891	0.471
	57832	0.4726
	53935	0.4748
	50778	0.4763
	59316	0.4764
	58748	0.4774
	56490	0.4775
	53573	0.4784
	54644	0.4788
	55578	0.4797
	58139	0.4806
	57298	0.4812
	50978	0.4855
	51636	0.4857
	53872	0.4867
	54503	0.4889
	57370	0.4909
	56374	0.4919
	57519	0.4926
	51804	0.4933
	58249	0.4962
	57482	0.4965
	51814	0.4979
	59113	0.5004
	56195	0.5018
	53730	0.5022
	54802	0.504
	54833	0.5049
	54940	0.5065
	57744	0.5073
	53786	0.5079
	50659	0.5088
	57401	0.5097
	56950	0.51
	57006	0.5101
	59046	0.5103
	59288	0.5136
	57518	0.5151
	56675	0.5154
	56016	0.5163
	53789	0.5171
	51720	0.5201
	50655	0.5205
	54814	0.5214
	58707	0.5216
	59322	0.5228
	53564	0.5232
	54316	0.5233
	57381	0.5255
	54620	0.5256
	54154	0.526
	58918	0.5284
	54806	0.5313
	57387	0.5316
	58230	0.5316
	53927	0.5327
	51378	0.5331
	57308	0.534
	59945	0.5343
	56385	0.5349
	50767	0.5351
	57127	0.5355
	57978	0.5357
	59457	0.5362
	54142	0.5392
	57554	0.5396
	59268	0.5399
	59303	0.5406
	57217	0.5414
	53768	0.5435
	53777	0.5441
	54811	0.5442
	58047	0.5462
	59284	0.5464
	53692	0.5475
	59241	0.5498
	58667	0.5535
	57658	0.5536
	53691	0.5542
	56197	0.557
	53594	0.5576
	56295	0.5584
	59449	0.5597
	57575	0.5599
	50749	0.5613
	54292	0.5627
	58237	0.5629
	51352	0.5642
	53871	0.5643
	51379	0.5653
	54584	0.5667
	53687	0.567
	54708	0.5676
	57306	0.5678
	57293	0.5688
	59087	0.5713
	53472	0.5717
	53565	0.5724
	54365	0.5724
	51811	0.5746
	54305	0.5764
	57481	0.5767
	59130	0.5789
	59653	0.5799
	53697	0.5803
	59485	0.5809
	53944	0.5823
	57213	0.5845
	59290	0.5848
	58928	0.5923
	58931	0.5925
	56146	0.5938
	53593	0.5988
	50955	0.6005
	58642	0.6006
	53475	0.603
	53784	0.6032
	56585	0.6037
	53481	0.6049
	54607	0.6091
	58205	0.611
	57486	0.613
	53942	0.6156
	59064	0.6171
	59254	0.6216
	51708	0.6235
	53787	0.6281
	56084	0.6297
	58666	0.63
	53763	0.631
	50985	0.6348
	56079	0.6351
	58441	0.6357
	55696	0.6371
	59287	0.6372
	51359	0.6381
	55589	0.6384
	50674	0.6403
	59469	0.641
	59065	0.6427
	59750	0.6451
	53772	0.6471
	50834	0.6475
	51288	0.6482
	51716	0.6483
	54181	0.6495
	58557	0.6496
	53658	0.6504
	57857	0.6506
	50833	0.6554
	50987	0.6566
	54834	0.6569
	56193	0.657
	54377	0.6571
	57113	0.658
	59855	0.6594
	58041	0.6608
	50979	0.6608
	53533	0.6617
	53796	0.6631
	58035	0.6653
	52557	0.6654
	56291	0.6666
	56497	0.6686
	53732	0.6704
	57304	0.6725
	53875	0.6738
	54204	0.6763
	54604	0.6781
	57969	0.6789
	57363	0.6795
	58224	0.6795
	50873	0.6797
	57988	0.6809
	54611	0.6825
	59673	0.6833
	53906	0.6843
	57642	0.6947
	59256	0.6947
	59270	0.6947
	56491	0.6951
	56842	0.6968
	57573	0.6978
	54732	0.6988
	52963	0.6993
	56959	0.7002
	51730	0.701
	56198	0.701
	59266	0.7019
	56543	0.7034
	51711	0.7046
	53853	0.7048
	53478	0.7049
	56839	0.706
	56494	0.7067
	54263	0.7078
	50557	0.7138
	53953	0.7155
	53924	0.7168
	59452	0.7172
	51238	0.7199
	53469	0.7225
	57754	0.7243
	59117	0.726
	58212	0.7287
	56180	0.73
	58264	0.7301
	51232	0.7304
	51802	0.7305
	51777	0.7308
	58118	0.7314
	54776	0.7323
	56646	0.7334
	54753	0.7343
	58345	0.7355
	51717	0.7417
	53499	0.744
	53665	0.7466
	56257	0.7474
	57742	0.7485
	53775	0.7505
	59052	0.7516
	59640	0.7529
	53455	0.7532
	59058	0.7537
	59315	0.7569
	50838	0.7592
	56592	0.7595
	53669	0.7608
	57643	0.7624
	53659	0.7637
	51241	0.7644
	54284	0.7649
	51644	0.7663
	56192	0.7664
	59500	0.7696
	56276	0.7696
	53576	0.7697
	53585	0.7712
	57821	0.7731
	50745	0.7744
	58107	0.7766
	57558	0.7777
	54506	0.7788
	57460	0.7824
	58431	0.7834
	50755	0.7838
	57407	0.7851
	53596	0.7861
	58337	0.7872
	57295	0.7874
	57949	0.7877
	53582	0.7905
	59061	0.7949
	52862	0.7964
	58215	0.7986
	55294	0.7986
	54633	0.807
	57012	0.8095
	53553	0.8096
	53928	0.8102
	59059	0.8108
	59663	0.8109
	53764	0.8146
	53343	0.8194
	56739	0.8199
	58643	0.8226
	56492	0.8226
	56483	0.8244
	59488	0.8274
	59647	0.8296
	56582	0.8323
	57461	0.8337
	58126	0.8351
	53577	0.8353
	53695	0.8389
	54351	0.8391
	50879	0.8417
	55472	0.8428
	56394	0.8465
	51145	0.8469
	57204	0.847
	54425	0.8472
	59127	0.8524
	57111	0.8563
	59324	0.86
	54208	0.8603
	59941	0.8612
	50646	0.8612
	53925	0.8612
	56267	0.8646
	59264	0.8712
	53735	0.8726
	58556	0.8733
	53368	0.8747
	50832	0.8762
	58254	0.8771
	59321	0.8809
	58202	0.8811
	59072	0.8872
	53930	0.8887
	57671	0.8903
	53685	0.8905
	57483	0.8911
	57859	0.8949
	56395	0.8953
	53865	0.8957
	53934	0.8958
	55228	0.897
	59106	0.8972
	53753	0.8978
	59094	0.9026
	53689	0.9039
	57646	0.9042
	54285	0.9049
	54274	0.9063
	53676	0.9125
	53778	0.913
	53863	0.914
	55593	0.9148
	56190	0.9169
	58034	0.9179
	56188	0.9182
	58129	0.921
	53644	0.9245
	58257	0.9253
	59074	0.9254
	57666	0.9256
	54165	0.9257
	56586	0.9263
	58828	0.9266
	58214	0.9269
	58558	0.9348
	57612	0.9354
	53488	0.9359
	58351	0.9361
	54169	0.9362
	51087	0.9386
	54590	0.9416
	54764	0.9423
	50741	0.9446
	53580	0.9447
	57752	0.9497
	52602	0.9506
	58343	0.9514
	56194	0.9515
	54405	0.9524
	58834	0.9527
	58742	0.9561
	57736	0.9581
	59285	0.9583
	50742	0.9587
	53467	0.9598
	52436	0.9612
	57975	0.9614
	59306	0.9626
	58659	0.9631
	50514	0.9651
	54273	0.9666
	57564	0.9683
	54261	0.9685
	55591	0.9687
	56093	0.9729
	51076	0.977
	58569	0.9782
	52842	0.9795
	57574	0.98
	56499	0.9802
	57543	0.9811
	53770	0.9836
	58032	0.9891
	59096	0.9895
	56106	0.9928
	53466	0.9932
	57493	0.9948
	59099	0.9948
	58746	0.9962
	53391	0.9974
	59304	0.9975
	55248	0.998
	50658	0.9983
	50962	0.9992
	54497	0.9999
	59075	1.001
	53759	1.0023
	51722	1.0058
	59134	1.0085
	57889	1.012
	58506	1.0131
	50442	1.0138
	50758	1.0167
	57489	1.018
	53545	1.0182
	57014	1.0189
	57303	1.0196
	53750	1.0213
	58477	1.0256
	58346	1.0272
	50772	1.0291
	53484	1.0309
	53910	1.0325
	50913	1.0328
	50851	1.0333
	58122	1.0338
	54260	1.0402
	53917	1.0418
	53860	1.0433
	58268	1.0459
	57358	1.0477
	50756	1.0481
	56643	1.0546
	53748	1.0555
	53914	1.0594
	59854	1.0641
	51629	1.0718
	53916	1.0757
	59758	1.0773
	59298	1.0778
	53767	1.0784
	54092	1.0795
	51886	1.0801
	53699	1.0806
	57458	1.0862
	53397	1.0892
	53562	1.0922
	54621	1.0934
	59429	1.0996
	53738	1.1042
	53487	1.1053
	50349	1.1061
	59116	1.1086
	53817	1.1097
	53578	1.1137
	59071	1.1182
	51334	1.1203
	59294	1.122
	53937	1.1257
	53679	1.1337
	53780	1.1338
	58652	1.1342
	54267	1.1373
	53776	1.1375
	57208	1.1397
	59126	1.1423
	57740	1.1427
	53575	1.1459
	51053	1.151
	59754	1.1535
	59310	1.1551
	59081	1.1607
	51186	1.1627
	58460	1.1632
	53584	1.1643
	54829	1.167
	50246	1.1699
	54714	1.1754
	57894	1.1763
	57378	1.1783
	54774	1.1813
	57464	1.185
	54287	1.1851
	59318	1.186
	53864	1.188
	53757	1.1889
	53567	1.1912
	50892	1.1927
	56441	1.1945
	51627	1.2019
	53915	1.2043
	56487	1.2044
	57494	1.2059
	59842	1.2071
	56187	1.2117
	57562	1.2146
	53857	1.2172
	53463	1.218
	50353	1.2228
	57840	1.2243
	59053	1.2276
	53751	1.2281
	56189	1.2353
	58436	1.2387
	59265	1.2408
	57476	1.2451
	58352	1.2455
	51628	1.2468
	50566	1.2505
	51353	1.2506
	59313	1.2565
	53856	1.2589
	59954	1.2598
	59317	1.2638
	57465	1.2656
	51810	1.2664
	57657	1.2672
	58022	1.2679
	57571	1.268
	56645	1.2766
	53821	1.2774
	57011	1.2777
	53829	1.2987
	53666	1.3025
	51330	1.3106
	59320	1.3159
	54254	1.3177
	50468	1.3266
	50647	1.3271
	58358	1.3326
	53464	1.3368
	51133	1.3399
	53923	1.3415
	53862	1.3547
	50136	1.3563
	58203	1.3571
	50983	1.3597
	53696	1.3612
	57883	1.3721
	59951	1.3761
	58448	1.4011
	57466	1.4044
	57477	1.4118
	53646	1.4218
	53574	1.4261
	59425	1.4311
	53498	1.4319
	59124	1.4402
	54408	1.4411
	54259	1.4432
	58754	1.4436
	50524	1.4498
	53869	1.4553
	58366	1.4563
	50656	1.4576
	58747	1.4578
	59314	1.4613
	53850	1.4716
	57743	1.4742
	50247	1.4872
	56272	1.489
	50639	1.4947
	59097	1.4991
	57475	1.5063
	54335	1.5156
	56288	1.5231
	58117	1.5271
	58265	1.5363
	58367	1.5385
	50618	1.5407
	57669	1.5416
	53852	1.5482
	57655	1.5575
	58461	1.5575
	50632	1.5597
	59312	1.5748
	58749	1.5764
	53848	1.5793
	58927	1.5848
	59125	1.5861
	59948	1.5892
	59122	1.5899
	50445	1.5904
	56594	1.5933
	57577	1.5936
	58665	1.5948
	53660	1.5963
	58259	1.597
	58354	1.6162
	50526	1.6181
	56485	1.6225
	50564	1.6268
	54707	1.6541
	58365	1.6653
	53651	1.6675
	53832	1.6675
	59297	1.6738
	50727	1.684
	53662	1.6904
	57469	1.691
	53841	1.7
	56186	1.7094
	58664	1.7148
	58464	1.7168
	51243	1.7215
	57661	1.7256
	58361	1.7306
	53664	1.7399
	58360	1.7569
	51059	1.7619
	50842	1.7685
	57663	1.7742
	58362	1.7762
	53931	1.7789
	59843	1.78
	53492	1.7852
	58744	1.8133
	59057	1.8145
	58449	1.8292
	50525	1.8413
	57662	1.8439
	53754	1.8612
	58359	1.8692
	58542	1.8753
	53760	1.8764
	53663	1.9058
	57565	1.9155
	58751	1.9292
	56489	1.9299
	58660	1.944
	50527	1.9475
	53854	1.9572
	58446	2.018
	58462	2.0394
	58450	2.0595
	58452	2.0875
	57649	2.0891
	50425	2.0892
	50434	2.1198
	53845	2.1419
	58567	2.1626
	58377	2.1649
	57566	2.2399
	58269	2.3507
	58752	2.3582
	58467	2.3958
	58457	2.4348
	58356	2.501
	58459	2.5303
	50431	2.5779
	58453	2.6639
	58468	2.927
	58562	3.0713
