50136     0
50137  -999
50246     0
50247     0
50349     0
50353     0
50425     0
50431  -999
50434     0
50442     0
50445  -999
50468     0
50514     2
50524  -999
50525  -999
50526  -999
50527     0
50548     0
50557     0
50564     0
50566  -999
50603     2
50618     1
50632     1
50639     0
50646  -999
50647  -999
50655  -999
50656     0
50658     1
50659  -999
50673  -999
50674  -999
50727     1
50739     0
50741  -999
50742     0
50745     0
50749  -999
50750  -999
50755  -999
50756     0
50758     0
50767     0
50772  -999
50774     0
50775     0
50776  -999
50778  -999
50779  -999
50787     0
50788     0
50832  -999
50833  -999
50834     0
50838     0
50842  -999
50844     0
50851     0
50852     0
50853     0
50854     0
50858     0
50859     0
50861     0
50862     0
50867  -999
50871  -999
50873     0
50877    -7
50878  -999
50879  -999
50880  -999
50884  -999
50888     0
50892  -999
50913  -999
50915     1
50924  -999
50928  -999
50934  -999
50936     0
50937  -999
50939  -999
50940  -999
50945     0
50946  -999
50948     0
50949     0
50950     0
50953     0
50954  -999
50955     0
50956  -999
50958  -999
50960  -999
50962     0
50963     0
50964  -999
50965  -999
50968    -2
50971  -999
50973     0
50978    -4
50979  -999
50983     0
50985  -999
50987  -999
51053     1
51058  -999
51059     1
51060     1
51068     2
51076     1
51087     0
51133     1
51137     1
51145     3
51156     1
51186     0
51232     4
51238     4
51241     4
51243     4
51288     2
51328     2
51329     2
51330     1
51334     4
51346     3
51352     2
51353     2
51356     1
51357     2
51358     3
51359     3
51365     3
51367     2
51369     2
51377     2
51378     1
51379     3
51430     1
51431     2
51433     1
51434     2
51435     3
51436     1
51437     3
51438     2
51463     2
51465     0
51467     0
51468   -12
51469     4
51470     1
51477     2
51482     0
51495     0
51526     1
51542     2
51559     0
51567     2
51568     1
51571     1
51572     0
51573     0
51581     0
51627     2
51628     1
51629     0
51633     2
51636     0
51639     2
51642     2
51644     3
51655     1
51656     1
51701     2
51704     3
51705     4
51707     3
51708     3
51709     3
51711     3
51716     3
51717     3
51720     3
51722     1
51730     2
51747  -999
51765     1
51777     1
51802     3
51804     3
51810     2
51811     3
51814     2
51815     3
51818     2
51826     1
51827     0
51828     1
51829     1
51839     3
51848     2
51855     3
51886     0
51931     1
52101     1
52112     1
52203     1
52267     0
52313     1
52323     2
52343  -999
52378     0
52418     0
52424     0
52436     1
52441  -999
52446     0
52447     2
52495     2
52515     1
52533     2
52546     0
52557     1
52575  -999
52576     1
52602     1
52607  -999
52633     1
52643     1
52645     2
52652     1
52656     0
52657     2
52661     2
52674     1
52679     2
52681     2
52707     4
52713     0
52737     0
52745  -999
52754     1
52765     1
52784     2
52787     1
52788  -999
52797     1
52818     2
52825     0
52833     1
52836     0
52842  -999
52853  -999
52855  -999
52856    -1
52862  -999
52863  -999
52866     0
52868     0
52869  -999
52874    -6
52875  -999
52876     0
52884     2
52885     1
52889     0
52895     1
52896     0
52908     5
52943     1
52955     0
52957  -999
52963  -999
52968  -999
52972    -5
52974     1
52978     1
52980     0
52982    -2
52983     3
52984     2
52985     2
52986     0
52988     0
52993     1
52995     1
52996     2
52998     1
53068     1
53083     1
53149     1
53192     1
53195     2
53231     1
53272  -999
53276     1
53289  -999
53324  -999
53336     1
53337  -999
53343  -999
53348  -999
53352     1
53357     1
53362     1
53367  -999
53368  -999
53378  -999
53384  -999
53385  -999
53391     1
53392  -999
53397  -999
53399     1
53419  -999
53420  -999
53433  -999
53446     1
53455  -999
53457  -999
53463     1
53464  -999
53466  -999
53467  -999
53469  -999
53472  -999
53475     1
53478     1
53480     1
53481  -999
53483  -999
53484  -999
53486  -999
53487     1
53488  -999
53490     1
53491  -999
53492  -999
53498  -999
53499  -999
53502     1
53505  -999
53512     1
53513     0
53517  -999
53518  -999
53519     2
53522  -999
53529     4
53533  -999
53543     3
53545  -999
53547  -999
53553  -999
53562  -999
53564     2
53565  -999
53567  -999
53573  -999
53574  -999
53575  -999
53576  -999
53577  -999
53578     3
53579  -999
53580  -999
53582  -999
53584  -999
53585  -999
53588     0
53590  -999
53593     2
53594     2
53596     1
53599     2
53602     1
53610  -999
53611  -999
53612     3
53614     3
53615     3
53617  -999
53618  -999
53619  -999
53644  -999
53646     3
53651     3
53658  -999
53659  -999
53660  -999
53662  -999
53663     2
53664     2
53665  -999
53666  -999
53669  -999
53673     3
53674  -999
53676  -999
53677  -999
53678  -999
53679  -999
53680     1
53681  -999
53682     1
53685  -999
53687     3
53688     1
53689     2
53690     2
53691     1
53692     1
53693     2
53694     1
53695     1
53696     1
53697     2
53698     2
53699     1
53704     2
53705     3
53707  -999
53723     4
53725     3
53727  -999
53730  -999
53732  -999
53735     3
53738     3
53740     4
53748  -999
53750  -999
53751  -999
53753  -999
53754     3
53756  -999
53757  -999
53759  -999
53760  -999
53763     3
53764     3
53767  -999
53768  -999
53769  -999
53770  -999
53771  -999
53772     3
53773     2
53774  -999
53775     3
53776  -999
53777  -999
53778  -999
53780  -999
53781     2
53782  -999
53783  -999
53784     2
53785     2
53786  -999
53787     3
53788  -999
53789     2
53790     2
53791     2
53792     2
53794     2
53795     2
53796     2
53797     2
53798     3
53799     2
53806     2
53810     3
53817     3
53821     3
53829     3
53832  -999
53841  -999
53845     3
53848  -999
53850  -999
53852  -999
53853     3
53854     3
53856  -999
53857  -999
53859     3
53860  -999
53861  -999
53862  -999
53863     2
53864  -999
53865  -999
53866  -999
53868     2
53869  -999
53871  -999
53872  -999
53873  -999
53874  -999
53875  -999
53877     2
53878  -999
53879  -999
53880  -999
53881  -999
53882     3
53883     2
53884     3
53885  -999
53886     3
53887  -999
53888  -999
53889     1
53890     2
53891     2
53892     2
53893     2
53894     3
53895     2
53896     2
53897     2
53898     3
53899     2
53903     2
53906     2
53908     2
53910     0
53914  -999
53915     3
53916  -999
53917     2
53923     3
53924     3
53925     3
53926     3
53927     3
53928     3
53929     3
53930     3
53931  -999
53934     3
53935     3
53937     3
53938  -999
53941  -999
53942     3
53944  -999
53945  -999
53947  -999
53948     3
53949  -999
53950  -999
53953  -999
53954  -999
53955     3
53956  -999
53957  -999
53958  -999
53959     3
53961  -999
53962  -999
53963     3
53964  -999
53965  -999
53966  -999
53967  -999
53968     3
53970  -999
53972     3
53973  -999
53974     2
53975     3
53976  -999
53978     3
53979     3
53980     2
53981  -999
53982     3
53983     3
53984     3
53985     2
53986     3
53987     3
53988     3
53989     3
53991     3
53992     3
53993     3
53994     3
53995     3
53996     3
53997     3
53998     3
54012     1
54024  -999
54026    -2
54027     1
54031  -999
54039  -999
54041     0
54047  -999
54049     0
54063     0
54064     0
54065  -999
54069  -999
54072  -999
54076  -999
54080  -999
54092     0
54093  -999
54094    -4
54096    -4
54098  -999
54099   -13
54102     2
54113  -999
54115     0
54117  -999
54122  -999
54132  -999
54134     0
54135     0
54142    -2
54154  -999
54156  -999
54157    -5
54161     0
54164  -999
54165     0
54169  -999
54171     0
54172  -999
54181     0
54186     0
54187  -999
54192  -999
54195    -1
54204  -999
54205  -999
54208     1
54213     1
54214  -999
54218    -1
54223  -999
54225  -999
54226    -3
54231  -999
54234  -999
54236     0
54237    -4
54243     0
54244  -999
54245  -999
54248  -999
54249  -999
54252  -999
54254    -1
54259     0
54260     0
54261  -999
54263     0
54266    -1
54267  -999
54273     0
54274  -999
54276     0
54284     0
54285    -2
54286     1
54287  -999
54290  -999
54291  -999
54292     0
54293  -999
54301  -999
54304  -999
54305  -999
54308     0
54311     1
54313  -999
54316  -999
54318     0
54319  -999
54320  -999
54321  -999
54323  -999
54324     0
54325  -999
54326     1
54327  -999
54328  -999
54330  -999
54331  -999
54332  -999
54333     0
54334     0
54335     0
54336  -999
54337     0
54338  -999
54339     2
54340  -999
54342    -1
54345  -999
54346     1
54347  -999
54348  -999
54349     2
54351    -1
54353     0
54362  -999
54363    -1
54365     0
54371  -999
54374     0
54377     0
54386     0
54398     0
54399  -999
54401     1
54404  -999
54405     1
54406     1
54408  -999
54410  -999
54412  -999
54416     1
54419  -999
54420     0
54421  -999
54423     2
54424  -999
54425  -999
54428     1
54429     1
54430  -999
54431  -999
54432  -999
54433     0
54434     1
54436     2
54437     0
54438     0
54439     1
54449     0
54452     0
54453  -999
54454     0
54455    -3
54470     1
54471    -1
54472     0
54474  -999
54475  -999
54476     1
54483  -999
54486     2
54493     1
54494  -999
54497     1
54499  -999
54501  -999
54502     0
54503     0
54505  -999
54506     0
54507  -999
54510     0
54511     2
54512     0
54513  -999
54514     0
54515     1
54517     0
54518     0
54519    -1
54520     1
54521     1
54522     1
54523     0
54525     1
54527     0
54528     1
54530     1
54531     0
54532     1
54533     0
54534     1
54535     1
54539     2
54540     1
54541     0
54563    -3
54568  -999
54569  -999
54575  -999
54579     1
54584     1
54590  -999
54594  -999
54596  -999
54597  -999
54601     0
54602     1
54603     0
54604     1
54605     0
54606     1
54607     1
54608     1
54609     1
54610     0
54611     0
54612     0
54613     0
54614  -999
54615     0
54616     1
54617     1
54618     1
54619     0
54620     1
54621     1
54622     0
54623     1
54624     1
54626     1
54627     1
54628     1
54631     3
54632     2
54633     2
54636     0
54640     2
54644     1
54645     0
54646  -999
54660     1
54662     1
54700     1
54701     2
54702     1
54703     1
54704     2
54705     3
54706     2
54707     2
54708     2
54709  -999
54710     2
54711     2
54712  -999
54713     1
54714  -999
54715     2
54716  -999
54717     2
54718  -999
54719     1
54722  -999
54723  -999
54724  -999
54725     2
54726  -999
54727     3
54728  -999
54729  -999
54730  -999
54731  -999
54732  -999
54734  -999
54736  -999
54737  -999
54738  -999
54744     2
54749  -999
54751     0
54752  -999
54753     1
54755  -999
54759  -999
54764     2
54765  -999
54766  -999
54774     2
54776     1
54777  -999
54778  -999
54800     1
54801     2
54802  -999
54803  -999
54804     2
54805  -999
54806  -999
54807  -999
54808     2
54809     3
54810  -999
54811  -999
54812  -999
54814  -999
54815  -999
54816  -999
54817     3
54818  -999
54819  -999
54820     2
54821  -999
54822  -999
54823     3
54824  -999
54825  -999
54826     3
54827  -999
54828  -999
54829  -999
54830  -999
54831  -999
54832  -999
54833  -999
54834  -999
54835  -999
54836     3
54837  -999
54841  -999
54842     2
54843     3
54844  -999
54846  -999
54848  -999
54849  -999
54851  -999
54852  -999
54853  -999
54855  -999
54857     2
54861  -999
54863     2
54868   -17
54871  -999
54900     3
54901     2
54902     3
54903     3
54904  -999
54905  -999
54906  -999
54907  -999
54908  -999
54909     3
54910  -999
54911  -999
54912  -999
54913  -999
54914  -999
54915  -999
54916     3
54917  -999
54918  -999
54919  -999
54920  -999
54921  -999
54922  -999
54923  -999
54925  -999
54927  -999
54929     3
54932  -999
54935  -999
54936     3
54938  -999
54939  -999
54940  -999
54943  -999
54945     3
54952  -999
55228     0
55248     0
55279    -2
55294    -1
55299     0
55437     0
55472     0
55493     1
55572     0
55578     0
55585     0
55589     0
55591     0
55593     0
55597  -999
55598     0
55655     0
55664     2
55680    -6
55681    -1
55690     1
55696     0
55773     1
56004    -1
56016  -999
56018     1
56021     1
56029     1
56033     1
56034     1
56038     2
56041     0
56043     1
56045  -999
56046     1
56065     2
56067     1
56071     2
56074     2
56075  -999
56079     2
56080     3
56081     0
56082     1
56084     0
56091     0
56092    -1
56093     2
56094     0
56095     0
56096     2
56097     0
56106    -5
56109    -6
56116    -6
56125    -2
56128    -7
56132  -999
56137     0
56144    -8
56146     0
56147     0
56151     1
56152     2
56158  -999
56164     0
56167    -2
56168  -999
56171  -999
56172     1
56173     2
56178    -3
56180  -999
56181    -3
56182     1
56183  -999
56184    -3
56185     0
56186     1
56187     1
56188     1
56189     1
56190     0
56192     1
56193     1
56194     2
56195     1
56196     1
56197     0
56198     1
56199     1
56202     0
56223     1
56227   -13
56228   -10
56247    -7
56251    -2
56257   -13
56263  -999
56265  -999
56267  -999
56272     1
56273     1
56276     1
56278     3
56279     2
56280     1
56281     1
56284     1
56285     0
56286     0
56287     2
56288     0
56289     1
56290     1
56291     1
56294  -999
56295    -2
56296     0
56297    -4
56298     0
56307     0
56312     0
56317   -13
56331    -2
56342     1
56357    -4
56371    -2
56373     1
56374     0
56376     0
56378     1
56380     2
56381     1
56382     1
56383     0
56384     2
56385     2
56386     1
56387     0
56389     1
56390    -1
56391     0
56393     0
56394     1
56395     2
56396     1
56399     0
56434    -5
56441   -16
56443  -999
56444    -4
56459    -5
56462    -3
56473  -999
56474    -6
56475    -3
56478  -999
56479     0
56480     1
56483     1
56485     1
56487    -7
56489     0
56490     2
56491     0
56492     1
56493    -2
56494    -3
56496     1
56497     1
56498     1
56499     1
56533     0
56543    -2
56548    -7
56565    -5
56567   -14
56569   -13
56571    -6
56575   -10
56578    -7
56580  -999
56582     0
56584  -999
56585    -1
56586     1
56592     0
56593     0
56594    -2
56595     0
56596     1
56598     1
56641    -3
56643    -6
56645    -3
56646    -7
56649   -15
56651    -4
56652    -5
56654    -6
56664    -9
56665   -17
56666   -18
56669    -8
56670    -9
56671    -7
56673     0
56674   -18
56675    -7
56684    -1
56688   -17
56691     1
56693     1
56697    -8
56739    -4
56741   -23
56742    -7
56745    -9
56746   -13
56748    -6
56751   -10
56752   -12
56755   -10
56756   -10
56757    -8
56761    -8
56763    -5
56764    -6
56766    -8
56767   -10
56768    -6
56772   -15
56774   -16
56775   -17
56777    -8
56778    -6
56781   -15
56782   -14
56783    -4
56785   -14
56786    -6
56788    -9
56790  -999
56792    -3
56793    -4
56835    -6
56836    -6
56838    -4
56839    -5
56840    -8
56841    -3
56842    -3
56843     1
56844   -10
56846    -7
56849    -6
56851   -12
56854   -11
56856    -3
56862    -7
56863    -7
56867    -7
56869   -14
56870   -11
56871    -8
56872   -11
56873   -17
56875   -12
56876   -16
56878   -15
56879   -13
56880   -15
56881   -17
56882   -10
56883   -12
56885   -16
56886    -8
56889    -5
56891    -5
56898   -15
56944    -6
56945  -999
56946    -1
56948    -9
56949   -12
56950     0
56951    -3
56952    -6
56954    -1
56958    -8
56959    -5
56961    -1
56962    -7
56964    -6
56966    -6
56969    -9
56970   -15
56973    -7
56975   -10
56976   -11
56977    -3
56978    -8
56982    -7
56984    -7
56985    -2
56986     1
56987     0
56989     0
56991     0
56992     0
56994     0
56995    -3
56996    -1
57001     0
57002     1
57003     3
57004     2
57006     1
57007     1
57008     1
57011     2
57012     3
57014     3
57016  -999
57020  -999
57021  -999
57022  -999
57023  -999
57024  -999
57025     3
57026  -999
57027  -999
57028     3
57029  -999
57030     3
57031  -999
57032  -999
57033  -999
57034     2
57035  -999
57036  -999
57037     3
57038  -999
57039  -999
57040  -999
57041  -999
57042  -999
57043  -999
57044  -999
57045  -999
57046     2
57047  -999
57048     3
57049     3
57051     3
57052     3
57053  -999
57054  -999
57055  -999
57056     3
57057  -999
57060     3
57061     3
57063     3
57065     3
57066     3
57067     3
57070     3
57071     3
57072     3
57073  -999
57074     3
57075     3
57076     3
57077     2
57078     3
57079     3
57080     3
57081     3
57082     3
57083     3
57084     3
57085     3
57089     3
57090     3
57091     3
57093     3
57094  -999
57095     3
57096     3
57098     3
57099     3
57102     2
57105     1
57106     2
57110     2
57111     2
57113  -999
57119  -999
57124     2
57126  -999
57127     1
57128  -999
57129  -999
57131  -999
57132  -999
57134     3
57137  -999
57140  -999
57143     2
57144     2
57153  -999
57154     3
57155  -999
57156     2
57162     3
57169     2
57173     3
57175     3
57176     3
57177     2
57178     3
57179     3
57180     3
57181     3
57182     3
57183     3
57184     3
57185     3
57186     3
57187     3
57188     3
57189     3
57190  -999
57191     3
57192     3
57193     3
57194     3
57195     3
57196     3
57197     2
57198     3
57204     2
57206     1
57208     0
57211     0
57213  -999
57216     2
57217     1
57231  -999
57232     2
57233  -999
57237     3
57238     2
57242  -999
57245     2
57247  -999
57248  -999
57249     2
57251     2
57253  -999
57254  -999
57256     2
57257     1
57259     1
57260     2
57261     2
57265     2
57268  -999
57271     2
57273     3
57274     2
57278     1
57279     1
57281     3
57285     2
57290     3
57292     3
57293     2
57294     2
57295     2
57296     2
57297     2
57298     2
57299     2
57303     1
57304     1
57306     1
57307     2
57308     1
57309     1
57313     2
57314     1
57315     1
57317     1
57318     1
57320     2
57324     2
57326     2
57328     2
57329     2
57333     3
57339     2
57343     3
57345     2
57348     2
57349     1
57351  -999
57352  -999
57353  -999
57355     2
57358     2
57359     1
57361     0
57362     1
57363  -999
57368     2
57370  -999
57377  -999
57378     2
57381     2
57385  -999
57387     1
57388     1
57389  -999
57390     1
57395     1
57396     0
57398  -999
57399    -3
57401     1
57402     0
57405     1
57407     1
57408     0
57409     2
57411     1
57413     1
57414     2
57415     1
57416     2
57417     2
57420     3
57425     3
57426     2
57431     3
57432     3
57437     2
57438     1
57439     3
57445     2
57447     2
57451     0
57453  -999
57458     1
57460     2
57461     1
57462  -999
57464     1
57465     1
57466    -2
57469     1
57475  -999
57476     0
57477   -11
57481     0
57482    -3
57483    -4
57485  -999
57486  -999
57489   -11
57491    -2
57492   -10
57493   -14
57494    -8
57496   -13
57498  -999
57499  -999
57502     2
57503  -999
57504   -35
57505     0
57506     1
57507    -3
57508     0
57509     0
57510     1
57511     2
57512     2
57513     2
57514     2
57515  -999
57516     2
57517     1
57518     2
57519     0
57520     2
57522     1
57523     2
57525     1
57536     1
57537     2
57540     0
57541     2
57543     1
57544     0
57545     0
57554     1
57558    -8
57562    -3
57564    -6
57565   -11
57566   -15
57571   -11
57573   -10
57574   -16
57575   -17
57577   -16
57581   -11
57582  -999
57583   -10
57584    -9
57585   -14
57586  -999
57589  -999
57590  -999
57595   -12
57598    -5
57600     0
57602   -44
57603     0
57604     1
57605     1
57606     1
57608     2
57609     1
57612     1
57614     1
57622  -999
57623     2
57625     1
57633     1
57634     1
57635     1
57636     0
57637     1
57640     0
57642     1
57643     0
57646    -1
57647     1
57649     1
57655     0
57657    -2
57658    -5
57661   -10
57662    -7
57663   -13
57666    -5
57669    -1
57671    -7
57673    -9
57674    -8
57678    -3
57679    -2
57680   -12
57682    -8
57687    -3
57688    -3
57694    -2
57696    -3
57698    -3
57699    -6
57707     2
57708    -2
57710     1
57713     1
57714     2
57717     1
57718     2
57719     1
57720     0
57722     1
57723     1
57728     0
57729     0
57731     1
57732     2
57734    -1
57735    -2
57736    -7
57737    -1
57738    -3
57739    -7
57740    -5
57741    -4
57742    -2
57743    -3
57744    -6
57745    -6
57749  -999
57752    -1
57754    -3
57758     1
57760    -1
57761    -2
57762    -2
57763     0
57765  -999
57766     0
57767     0
57768     0
57769     1
57771    -4
57772    -2
57773    -2
57774     0
57776     1
57777     0
57778     0
57779     0
57780     1
57781    -3
57786    -3
57789    -3
57792    -8
57793    -6
57796    -6
57798   -10
57799    -7
57800     1
57803     1
57805     1
57806     1
57807    -1
57808     0
57809     0
57811     1
57813     1
57814     1
57816     2
57818    -1
57821     0
57822     1
57824     0
57825     1
57827     0
57828     0
57829    -5
57832     1
57834    -4
57835     1
57837    -5
57839     0
57840     0
57841     1
57842     1
57844     1
57845    -2
57846    -1
57851    -3
57853     1
57857     0
57859    -7
57860     0
57865     0
57866    -2
57867    -1
57868     0
57870     0
57871     0
57872     1
57874     0
57875     1
57876     0
57881     0
57882    -4
57883    -6
57886    -4
57887    -2
57889    -3
57891    -1
57894    -1
57895    -5
57896    -1
57899    -1
57900     0
57902     1
57903     0
57905     0
57906     0
57907     0
57908     0
57909    -6
57910     0
57911     0
57912     0
57913     1
57914     2
57915     1
57916    -1
57921    -8
57922    -2
57923    -8
57926    -2
57927    -5
57932     0
57936    -6
57941   -11
57942  -999
57947    -6
57948    -5
57949   -10
57954    -9
57955    -3
57956   -14
57957   -11
57958  -999
57960  -999
57962    -4
57964  -999
57965    -9
57966    -6
57969   -14
57971    -5
57972    -2
57973    -3
57974     0
57975    -4
57976    -6
57978    -8
57981     0
57985     0
57988    -5
57989    -3
57990    -2
57991    -4
57992    -1
57993     0
57994    -4
57995    -6
57996    -4
58001     3
58002  -999
58003  -999
58004  -999
58005     3
58006     3
58007     3
58008     3
58011  -999
58012     3
58013     3
58015     3
58016     3
58017     3
58020  -999
58021     3
58022  -999
58024  -999
58025  -999
58026     2
58027     3
58030  -999
58032  -999
58034     2
58035     2
58036     2
58038     2
58040     2
58041     2
58044     2
58045     2
58047     3
58048     2
58049     1
58100     3
58101     3
58102     3
58104     3
58107     2
58108     3
58109     2
58111     3
58113     3
58114     2
58116     3
58117     2
58118     2
58122     2
58125     2
58126     2
58127     2
58128     2
58129     2
58130     2
58131     2
58132     2
58135     3
58138     2
58139     2
58140     2
58141     2
58143     1
58144   -27
58145     2
58146     1
58147     1
58148     2
58150     1
58154     1
58158     1
58202     2
58203     2
58205     2
58207     1
58208     2
58210     2
58212     2
58214     2
58215     1
58220     1
58221     2
58222     2
58223     2
58224     1
58225     0
58230     0
58234     1
58235     0
58236     0
58237    -5
58238    -4
58240     2
58241     1
58242     0
58243     2
58244     0
58245     0
58246     0
58247     0
58249     0
58250     0
58251     0
58254     0
58255     0
58257    -2
58259     0
58264    -1
58265     0
58268    -2
58269    -3
58301     1
58306     0
58311     0
58314    -1
58316    -6
58317    -8
58319   -12
58320    -5
58321     0
58323     0
58326    -1
58327    -9
58329    -6
58330    -6
58331   -12
58333  -999
58334   -11
58335    -6
58336    -6
58337    -9
58338    -8
58339    -4
58340   -10
58341    -5
58342    -7
58343    -1
58344    -7
58345    -8
58346    -9
58351     0
58352    -4
58353    -1
58354    -4
58356    -1
58358    -5
58359    -5
58360    -1
58361     0
58362     0
58365    -2
58366    -5
58367     0
58369    -2
58370  -999
58377    -1
58401  -999
58402   -11
58404  -999
58407   -12
58408   -13
58409  -999
58414    -8
58415   -10
58416   -10
58417    -8
58418   -10
58419    -6
58420    -8
58421    -7
58423    -3
58424    -8
58426    -6
58427    -8
58428    -8
58429    -9
58431    -8
58432   -10
58433   -11
58435    -4
58436    -6
58437    -4
58438    -5
58441   -12
58442    -7
58443    -7
58445  -999
58446    -8
58448     0
58449     0
58450    -8
58451     0
58452     0
58453     0
58454    -6
58455     0
58456    -3
58457     0
58458     0
58459     0
58460     0
58461    -2
58462     0
58463    -1
58464     1
58467     1
58468     1
58472     0
58473  -999
58477     1
58484     1
58500   -10
58501   -11
58502    -4
58503    -9
58506    -4
58507    -9
58508   -11
58509   -10
58510    -7
58512   -10
58514   -12
58517   -10
58519    -5
58520    -7
58523    -7
58527    -2
58529    -3
58530    -4
58531    -4
58534    -2
58537     1
58542     0
58543     1
58544     0
58546     1
58547     2
58548     1
58549     2
58550     1
58553     1
58555     1
58556     1
58557     1
58558     1
58559     1
58562     1
58563     1
58565     0
58567     1
58568     1
58569     1
58570     1
58600    -6
58601    -9
58602    -9
58605    -7
58606    -8
58607    -6
58608    -4
58609    -8
58612    -2
58614    -2
58615    -1
58616    -2
58618    -3
58619    -3
58620    -3
58622     0
58623  -999
58624     1
58625     1
58626     1
58627     1
58629     1
58631     1
58632     1
58633     1
58634     1
58635     1
58637     1
58642     1
58643     1
58644     2
58646     1
58647     0
58652     2
58653  -999
58654     2
58656     1
58657     0
58658     0
58659     1
58660     1
58664     1
58665     1
58666     1
58667     1
58693    -9
58701    -6
58704    -9
58705    -1
58706    -2
58707    -5
58710    -3
58712     1
58713     0
58714     0
58715     0
58718     0
58719     0
58724     0
58725     0
58726  -999
58730     0
58731     0
58734     0
58735     0
58736     0
58737     0
58742     1
58744     0
58745     0
58746     0
58747     1
58748     0
58749     1
58750     1
58751     1
58752     1
58754     0
58760     1
58765  -999
58804    -3
58806     0
58813     0
58814    -1
58818     0
58819     0
58820     0
58821     0
58822     0
58823     0
58824     0
58826     1
58828     0
58834     0
58836     0
58837     1
58839     0
58843     1
58844     1
58845     1
58846     1
58847     1
58848     1
58853  -999
58903    -2
58905    -2
58906    -4
58907    -2
58911     0
58912     0
58917    -1
58918     0
58921     0
58923     1
58926     1
58927     0
58928     0
58929     0
58931     1
58932     0
58933     1
58934     1
58935     1
58936     0
58938     0
58940  -999
58941     1
58942     1
58944     1
58946     0
59001  -999
59004    -8
59007     0
59012    -3
59015    -2
59017    -3
59021    -2
59022    -3
59023     0
59025    -1
59027    -1
59031    -1
59033    -2
59034    -3
59037    -2
59038    -4
59041   -13
59044  -999
59045   -13
59046    -9
59047    -6
59051   -10
59052   -11
59053  -999
59055  -999
59057   -10
59058    -7
59059    -8
59061  -999
59063    -8
59064    -7
59065    -1
59071    -4
59072    -4
59074    -7
59075    -4
59081     0
59082     0
59087    -4
59088    -1
59090     0
59091    -3
59092     0
59093    -5
59094    -1
59096    -1
59097    -1
59099     0
59102     0
59106     0
59107     0
59109     0
59113     1
59114     0
59116     0
59117     0
59122    -3
59124    -3
59125    -1
59126     0
59127     0
59129  -999
59130     0
59131     0
59133     1
59134     1
59137     0
59205    -4
59209     0
59211     0
59213     1
59215     0
59218     0
59224     0
59227     0
59228     0
59229     0
59230    -2
59235    -5
59237     1
59238    -5
59241    -6
59242    -6
59246    -4
59249    -2
59254    -2
59255    -2
59256   -10
59264    -8
59265     0
59266    -7
59268    -9
59269    -8
59270    -8
59271    -1
59276    -6
59278    -3
59279    -5
59280    -2
59284    -2
59285    -4
59287    -4
59288    -1
59289    -1
59290    -3
59293    -1
59294    -1
59297    -4
59298     0
59303     0
59304     0
59306     0
59310     0
59312    -1
59313     0
59314    -1
59315     0
59316     0
59317     1
59318     0
59319    -2
59320    -3
59321     1
59322     0
59324     0
59417     0
59419    -1
59421    -2
59425     0
59426     1
59427     0
59429     0
59431     0
59432  -999
59435  -999
59441    -5
59446     0
59448    -3
59449     0
59451  -999
59452   -10
59453    -6
59454    -7
59456    -5
59457     0
59462    -6
59469    -3
59470    -7
59471    -5
59473     0
59475   -12
59476    -3
59477    -8
59478    -6
59480     0
59481     0
59485    -3
59487    -6
59488    -5
59492    -4
59493    -3
59500    -1
59501    -2
59502    -2
59626     0
59631    -2
59632    -1
59635    -3
59640     0
59644     1
59647     0
59650   -13
59653    -8
59654    -3
59655    -4
59656    -6
59658    -8
59659    -3
59663    -5
59664    -6
59673    -2
59750   -10
59754     0
59757     0
59758     0
59838     1
59842     0
59843     0
59845     1
59847     0
59848     0
59849     1
59851     0
59854     1
59855     0
59856    -6
59940     0
59941    -1
59945     0
59948     1
59951     1
59954     0
          0
57086     3
57087     3
