	56961	-3.6748799999999995
	54662	-3.33566736
	54902	-3.15163179
	54776	-3.12783396
	53866	-3.09366474
	54918	-3.0814530599999994
	54871	-3.07100268
	54915	-3.0387121799999997
	54759	-2.97354408
	54774	-2.9500600799999996
	53974	-2.94614478
	54904	-2.9426626199999997
	56952	-2.9408399999999997
	56856	-2.93184
	53979	-2.8831097700000003
	53987	-2.85675615
	53995	-2.84179869
	56854	-2.8341600000000002
	54814	-2.83193556
	56962	-2.82636
	53889	-2.82339864
	58013	-2.8109999999999995
	54802	-2.8034025
	54579	-2.8030502399999997
	53985	-2.7837495000000003
	56969	-2.77704
	56966	-2.73432
	53992	-2.6973286200000004
	53981	-2.69431932
	53994	-2.64794526
	53982	-2.63108844
	54901	-2.62598391
	53988	-2.6223039000000004
	53781	-2.6158827599999994
	54916	-2.6050801199999998
	54905	-2.59040262
	53993	-2.58407928
	54766	-2.58288774
	53772	-2.5821832199999997
	54827	-2.54883594
	53886	-2.5433171999999997
	58022	-2.5428475199999996
	58027	-2.53236
	54765	-2.5161931799999997
	56976	-2.5051200000000002
	57093	-2.48139513
	58011	-2.4787362
	54804	-2.4769749
	53874	-2.47591812
	51328	-2.4558392999999996
	53986	-2.4544479600000004
	50247	-2.4390482399999995
	54849	-2.41967394
	54778	-2.41955652
	54752	-2.4168558599999996
	56594	-2.41356
	57349	-2.4001200000000003
	54764	-2.3958376799999996
	54660	-2.3885576399999997
	53962	-2.3813950199999994
	53869	-2.37998598
	50431	-2.3614336199999997
	54632	-2.35814586
	53991	-2.35318833
	54900	-2.3376373200000002
	54805	-2.33654058
	53892	-2.33407476
	54907	-2.3325482999999996
	58024	-2.32890828
	53891	-2.3284386
	53787	-2.3266773
	58015	-2.32596
	54913	-2.3239766399999997
	53890	-2.31693144
	54917	-2.3148178799999997
	53685	-2.3125869
	58020	-2.3046023399999997
	58017	-2.30071851
	53873	-2.29603068
	54826	-2.2867545
	56964	-2.28048
	53769	-2.27947446
	56949	-2.26212
	53865	-2.2473013799999997
	54276	-2.24518782
	53983	-2.24326287
	53984	-2.2388706
	58016	-2.23428
	53773	-2.2287490199999995
	54914	-2.2280444999999998
	54640	-2.22182124
	54908	-2.2110186
	58030	-2.2067914799999997
	53961	-2.20056822
	58215	-2.18196
	53966	-2.1813113399999997
	54828	-2.1753229199999997
	53852	-2.1718003199999996
	54936	-2.1716828999999995
	54816	-2.16358092
	58026	-2.15796
	54800	-2.1552440999999996
	53978	-2.14912584
	56649	-2.14884
	56951	-2.14536
	58203	-2.142
	56746	-2.13528
	54819	-2.13504786
	54807	-2.1315252599999996
	54575	-2.12189682
	53997	-2.11161348
	53964	-2.1108593399999998
	53963	-2.09923476
	53763	-2.09794314
	53854	-2.09700378
	53998	-2.09594376
	57359	-2.0928
	57090	-2.0894147100000002
	58118	-2.08548
	58202	-2.08464
	53973	-2.0823262799999998
	53996	-2.08150434
	56867	-2.0769599999999997
	58128	-2.06292
	53861	-2.06025132
	57191	-2.05700688
	56870	-2.0526
	55773	-2.05120998
	57091	-2.0465604
	54266	-2.03641506
	57072	-2.0314842300000002
	58109	-2.03064
	54911	-2.0301918
	57293	-2.02911003
	58221	-2.0230799999999998
	58102	-2.00484
	58129	-2.00148
	53776	-2.00036712
	58122	-1.9989599999999998
	54605	-1.99343934
	58212	-1.9908
	53798	-1.98991674
	58138	-1.9889999999999999
	53955	-1.98768576
	53989	-1.9785395700000001
	54285	-1.9774702199999998
	55664	-1.97641344
	53850	-1.9748869799999997
	53759	-1.9731256799999997
	54821	-1.96655016
	58032	-1.9629101399999997
	53789	-1.9605617399999997
	58127	-1.9605599999999999
	53872	-1.94999394
	53884	-1.9474107
	58035	-1.9472399999999999
	57355	-1.9433999999999998
	58038	-1.94328
	56849	-1.94268
	58132	-1.9407599999999998
	58025	-1.9362557999999999
	54753	-1.9349641799999997
	54912	-1.9332028799999998
	54505	-1.9327331999999997
	53883	-1.9287409199999999
	53895	-1.9202866799999998
	54809	-1.9186427999999998
	54483	-1.91547246
	54777	-1.91089308
	56596	-1.91028
	58006	-1.9096877700000001
	54569	-1.9091317799999998
	58021	-1.90795758
	56357	-1.90668
	56898	-1.90584
	51377	-1.9032607799999999
	53862	-1.9013820599999998
	57273	-1.9000722600000002
	53859	-1.89774204
	50915	-1.89762462
	53860	-1.8904619999999999
	58007	-1.88653932
	59948	-1.88364
	54346	-1.8816555
	57348	-1.88004
	53980	-1.87954194
	53954	-1.8746102999999998
	57099	-1.87253154
	53679	-1.8682696199999997
	57085	-1.86600249
	58036	-1.8639599999999998
	56950	-1.8605999999999998
	54844	-1.8602850599999998
	54940	-1.8566450399999999
	54204	-1.8564101999999998
	56973	-1.8482399999999999
	54921	-1.8461946599999999
	57187	-1.84522824
	58251	-1.84476
	53871	-1.8411456
	58214	-1.8393599999999999
	56757	-1.8384
	58243	-1.83828
	56584	-1.83792
	58147	-1.8370799999999998
	58004	-1.83466305
	54801	-1.83280878
	56196	-1.83276
	58113	-1.83204
	58125	-1.83204
	54744	-1.82975586
	58116	-1.8274799999999998
	54906	-1.8274074599999999
	56978	-1.8271199999999999
	57294	-1.8256410900000002
	54631	-1.8214190399999997
	54609	-1.8205970999999999
	58008	-1.81946817
	54475	-1.8181312799999998
	54608	-1.8170745
	54751	-1.81496094
	58108	-1.81296
	56846	-1.8127199999999999
	53694	-1.7959389
	58220	-1.7952
	53879	-1.79370792
	53795	-1.79171178
	54842	-1.7874846599999998
	53893	-1.7850188399999998
	50425	-1.78407948
	53857	-1.78396206
	53975	-1.7810265599999997
	58002	-1.7696368199999999
	54363	-1.7662316399999998
	58210	-1.76592
	53853	-1.7634135599999998
	54511	-1.75871676
	58005	-1.75643316
	56198	-1.75404
	53848	-1.7530806
	57081	-1.75287186
	56190	-1.74792
	58001	-1.73827053
	54939	-1.7378159999999998
	53678	-1.73746374
	54502	-1.7372288999999999
	54702	-1.7355850199999998
	57390	-1.7326911600000001
	54419	-1.7272482
	54520	-1.7236081799999998
	59644	-1.7162399999999998
	56970	-1.71456
	54861	-1.7110442399999999
	58104	-1.70894916
	53965	-1.7061126
	53856	-1.7031770999999998
	58236	-1.70004
	58111	-1.69945236
	57431	-1.6974
	57186	-1.69684074
	57189	-1.6966033200000001
	54406	-1.6933138199999997
	54622	-1.69249188
	54736	-1.6921396199999998
	53767	-1.6913176799999998
	53898	-1.6910239500000002
	53878	-1.6896738
	53760	-1.68932154
	56443	-1.68648
	56869	-1.68588
	57094	-1.68188328
	58143	-1.68132
	54534	-1.6748788799999998
	58230	-1.66632
	54513	-1.6641936599999998
	53896	-1.6632543
	54563	-1.6609059
	54098	-1.6602013799999997
	54471	-1.65949686
	58141	-1.6562400000000002
	58012	-1.65612
	56872	-1.65468
	53754	-1.6529213399999998
	57257	-1.65024
	53868	-1.64928132
	54252	-1.6455238799999998
	58235	-1.6389599999999998
	57388	-1.6339199999999998
	54636	-1.6315509
	54848	-1.6315509
	57281	-1.6313128200000002
	58100	-1.63083798
	56959	-1.62912
	51433	-1.626267
	54644	-1.6191043799999998
	58045	-1.61556
	54523	-1.6154643599999998
	57086	-1.6103011500000002
	58241	-1.6098
	53659	-1.6051313999999999
	57432	-1.60272
	53968	-1.60254816
	56863	-1.5999599999999998
	54503	-1.5974990999999998
	53751	-1.5953855399999999
	53687	-1.59057132
	53757	-1.5872835599999997
	54724	-1.5834087
	53794	-1.58293902
	57292	-1.57979268
	54267	-1.57859448
	53665	-1.5763634999999998
	53885	-1.57143186
	54584	-1.5679092599999997
	54423	-1.5667350599999998
	56441	-1.56612
	54832	-1.5645040799999999
	54903	-1.56400425
	54522	-1.5585156599999999
	54486	-1.5578111399999999
	53797	-1.55182272
	54855	-1.55041368
	57381	-1.54896
	54863	-1.5390239399999999
	57363	-1.5344399999999998
	57193	-1.53420804
	58048	-1.53144
	57295	-1.52791641
	53775	-1.5270470999999999
	54706	-1.52657742
	54568	-1.5241116
	53899	-1.52340708
	54853	-1.5230548199999998
	58049	-1.52148
	54507	-1.52105868
	58126	-1.5168
	56954	-1.5163200000000001
	54610	-1.5149528399999999
	56194	-1.5130799999999998
	57060	-1.5100212
	57395	-1.50948
	58140	-1.50864
	57079	-1.50536151
	54704	-1.50250632
	56851	-1.5
	58041	-1.5
	57098	-1.4984763300000001
	54528	-1.49816178
	53956	-1.4973398399999998
	57298	-1.4972892300000002
	53880	-1.4971049999999997
	58107	-1.4938799999999999
	58240	-1.49304
	57184	-1.4930156700000001
	51329	-1.4922907799999998
	58101	-1.48886082
	57196	-1.48613049
	54843	-1.48606752
	58148	-1.48596
	56946	-1.48572
	53967	-1.48430622
	54590	-1.4824274999999998
	58223	-1.4793599999999998
	57378	-1.4764799999999998
	58117	-1.47624
	57296	-1.4742594900000001
	53771	-1.4733861599999998
	54818	-1.4731513199999997
	59842	-1.47084
	54533	-1.46704548
	59429	-1.4644799999999998
	53841	-1.4624660999999999
	58238	-1.4620799999999998
	59126	-1.45956
	54351	-1.4563602599999999
	56862	-1.4557200000000001
	54428	-1.4544815399999997
	54717	-1.4536596
	54601	-1.45236798
	56764	-1.44912
	57056	-1.44790587
	54618	-1.4469666599999997
	56742	-1.4465999999999999
	58234	-1.44336
	58205	-1.44137682
	54525	-1.4402737199999998
	54806	-1.43921694
	54919	-1.43827758
	58225	-1.4376
	57385	-1.4374799999999999
	54836	-1.4372208
	58003	-1.4355769199999997
	58246	-1.4335200000000001
	53770	-1.43346336
	54433	-1.43264142
	58224	-1.42932
	56247	-1.42704
	54841	-1.4259484799999997
	53768	-1.42465686
	59847	-1.4211599999999998
	59640	-1.4205599999999998
	54192	-1.4185510199999998
	57197	-1.4181096600000003
	53882	-1.4180813399999999
	57004	-1.41702456
	54512	-1.40927484
	54823	-1.40516514
	53780	-1.40410836
	54499	-1.40328642
	54399	-1.40093802
	54261	-1.39952898
	56331	-1.3941276599999999
	51232	-1.39365798
	57259	-1.39332
	54474	-1.3904876399999997
	57545	-1.38552
	58034	-1.3826204999999998
	57096	-1.3782231
	56842	-1.3755600000000001
	53764	-1.37240496
	54353	-1.3714655999999998
	51369	-1.36806042
	51463	-1.3671210599999997
	53897	-1.3646552399999998
	57425	-1.3646399999999999
	56975	-1.35744
	56843	-1.35612
	58321	-1.3546799999999999
	54729	-1.35361776
	54603	-1.3525609799999998
	57192	-1.3518694800000002
	59269	-1.35072
	57396	-1.34676495
	51379	-1.3428151199999998
	57198	-1.3426101000000001
	54703	-1.34199318
	54349	-1.34187576
	53666	-1.3410538199999997
	58316	-1.341
	54812	-1.3409363999999997
	53664	-1.33788348
	54377	-1.3353002399999998
	50434	-1.3308382799999998
	54927	-1.3301337599999998
	57006	-1.32954666
	57156	-1.32848361
	56195	-1.32696
	54922	-1.3195659599999998
	53777	-1.31850918
	57188	-1.317681
	56371	-1.317
	54623	-1.3149865799999998
	54755	-1.3097026799999998
	54617	-1.3067671799999998
	59635	-1.30596
	54439	-1.3025400599999999
	58250	-1.3024799999999999
	56197	-1.3019999999999998
	54274	-1.2987826199999999
	54284	-1.29619938
	56223	-1.29467292
	58207	-1.29429513
	54416	-1.29162
	54429	-1.2907980599999997
	54810	-1.2875102999999999
	58135	-1.28304
	53970	-1.2828134999999998
	57067	-1.2821867100000002
	50524	-1.2816392999999997
	54527	-1.2768250799999998
	53192	-1.27494636
	54935	-1.2728328
	57087	-1.270197
	58154	-1.26996
	54437	-1.26825342
	57290	-1.2666357
	53677	-1.2664921199999999
	53959	-1.2648482399999998
	51058	-1.2628520999999997
	54710	-1.26203016
	51436	-1.2552197999999999
	54596	-1.2520494599999998
	59754	-1.24392
	54535	-1.2408945599999999
	54424	-1.2378416399999999
	57389	-1.2367199999999998
	54910	-1.23197064
	58245	-1.23048
	54606	-1.2296222399999999
	54711	-1.22680416
	54727	-1.2264518999999998
	54099	-1.22574738
	59750	-1.2229199999999998
	54244	-1.2218725199999998
	54452	-1.21811508
	53875	-1.2175279799999998
	58131	-1.21512
	58401	-1.21152
	53863	-1.2107176199999998
	58208	-1.20906135
	54519	-1.20660792
	58301	-1.19932713
	54195	-1.19780142
	57080	-1.19493486
	58323	-1.19388
	54803	-1.19322204
	53832	-1.19099106
	54094	-1.18782072
	56778	-1.18752
	56871	-1.18632
	51469	-1.1835936
	53735	-1.1815974599999999
	58265	-1.18128
	54749	-1.18077552
	57042	-1.17901422
	56767	-1.1750399999999999
	57361	-1.17456
	54831	-1.17443484
	57195	-1.17202383
	54510	-1.168329
	57071	-1.16608833
	51438	-1.1659806
	57076	-1.16240832
	51465	-1.1611663799999998
	58130	-1.16052
	53753	-1.1601096
	56567	-1.1575199999999999
	57001	-1.15693926
	54614	-1.15553022
	54620	-1.1551779599999998
	54607	-1.15470828
	54186	-1.1537689199999999
	54616	-1.1530643999999999
	53662	-1.1529469799999998
	51378	-1.1440230599999999
	54938	-1.1440230599999999
	53791	-1.1430837
	57482	-1.14228
	54434	-1.1413224
	54713	-1.13979594
	53931	-1.1341597799999998
	54328	-1.1332204199999998
	50834	-1.133103
	53972	-1.1320185600000001
	54408	-1.13110686
	53697	-1.13005008
	56186	-1.12704
	59659	-1.12608
	58222	-1.12104
	54325	-1.12100874
	57178	-1.11812949
	54438	-1.11713388
	57481	-1.11672
	58320	-1.11504
	54156	-1.1132590199999999
	53658	-1.11149772
	57540	-1.10448
	53784	-1.0990512
	54594	-1.097877
	56875	-1.0977599999999998
	58269	-1.09452
	53950	-1.0937672999999999
	59270	-1.09332
	54470	-1.09012728
	54815	-1.08895308
	51365	-1.08801372
	56996	-1.0866
	54712	-1.0853130599999998
	56548	-1.083
	57095	-1.08216036
	57304	-1.08216
	54705	-1.08155562
	53691	-1.0747452599999998
	54039	-1.07357106
	59941	-1.07268
	53888	-1.07134008
	54518	-1.07063556
	56497	-1.0692
	54332	-1.068522
	53748	-1.0680523199999998
	58330	-1.0648799999999998
	54431	-1.06394262
	56645	-1.0626
	54709	-1.06253358
	57043	-1.0621813199999999
	54410	-1.0579542
	54324	-1.05666258
	57054	-1.05572322
	56878	-1.05408
	58415	-1.05396
	54602	-1.0527877199999998
	56498	-1.04532
	54514	-1.04468574
	53796	-1.04362896
	57179	-1.04251122
	59264	-1.0402799999999999
	58139	-1.03908
	59650	-1.0314
	56651	-1.0308
	50618	-1.03012566
	51572	-1.02953856
	54718	-1.0289514599999998
	53756	-1.02730758
	59647	-1.0218
	56582	-1.02132
	58247	-1.02108
	54374	-1.0192055999999998
	54540	-1.0169746199999998
	53792	-1.01591784
	54707	-1.0109861999999998
	53750	-1.01063394
	53949	-1.0087552199999998
	54291	-1.0078158599999998
	56879	-1.00752
	54932	-1.0068765
	57194	-1.0066608
	57052	-1.00382358
	53475	-1.00347132
	58242	-1.00104
	57083	-0.99858852
	54628	-0.9965435399999999
	56593	-0.99636
	54273	-0.9946648199999999
	57254	-0.9924338399999999
	53782	-0.99078996
	53786	-0.9842144399999999
	51431	-0.9823357199999999
	54063	-0.98186604
	58114	-0.97332
	57368	-0.9728399999999999
	56839	-0.97248
	53953	-0.9723550199999998
	54811	-0.9683627399999999
	53693	-0.9681278999999999
	57398	-0.9624
	54920	-0.95885172
	57046	-0.9586168799999999
	50349	-0.9557987999999998
	53578	-0.9556813799999999
	58327	-0.95532
	51288	-0.9521587799999999
	53433	-0.9520413599999998
	54225	-0.9481664999999999
	51087	-0.9418258199999999
	54627	-0.9417084
	54925	-0.9415909799999999
	57251	-0.9405600000000001
	56189	-0.93972
	53942	-0.9390077399999999
	59848	-0.93612
	57002	-0.93454578
	50136	-0.9344283599999998
	56569	-0.9341999999999999
	54506	-0.9311406
	53957	-0.9283225199999999
	58360	-0.92748
	53696	-0.92632638
	59127	-0.9259199999999999
	54031	-0.9210424799999999
	51717	-0.9164630999999999
	53596	-0.9129404999999999
	53651	-0.9118837199999998
	56761	-0.91116
	53195	-0.90977016
	57543	-0.9096
	57089	-0.9089624700000001
	54436	-0.9038991599999999
	57297	-0.9018398700000001
	57169	-0.90041535
	51145	-0.8989675199999999
	57185	-0.8982785700000001
	58145	-0.8976
	53676	-0.89579718
	56669	-0.8954399999999999
	54701	-0.89438814
	50514	-0.8935662
	54923	-0.89333136
	56756	-0.8922
	53392	-0.8900435999999999
	54365	-0.8899261799999999
	58317	-0.88752
	54521	-0.8858164799999999
	57265	-0.88524
	54725	-0.88382034
	56434	-0.8834680799999999
	53533	-0.8822938799999999
	58146	-0.88188
	57426	-0.88056
	57299	-0.87821658
	51765	-0.8775970799999999
	50954	-0.8771273999999999
	57608	-0.87588
	57061	-0.8736048
	57057	-0.8689079999999999
	56748	-0.8687999999999999
	54338	-0.8667944399999999
	51435	-0.8622150599999999
	54645	-0.8620976399999999
	57055	-0.8581053599999999
	59654	-0.85764
	56880	-0.8529599999999999
	54318	-0.8523517799999999
	57399	-0.85032
	58402	-0.8495999999999999
	59313	-0.8482799999999999
	53785	-0.84589368
	56772	-0.84588
	56585	-0.8449199999999999
	58429	-0.84384
	54321	-0.8431930199999998
	57558	-0.83916
	54846	-0.83884848
	54398	-0.83873106
	54619	-0.8377916999999999
	53681	-0.8360304
	58264	-0.8341200000000001
	56092	-0.8309813399999999
	54405	-0.8265193799999999
	56763	-0.82644
	54817	-0.8239661100000001
	53348	-0.82100064
	54362	-0.8164212599999999
	54611	-0.8158341599999999
	57731	-0.81336
	57469	-0.8112
	54337	-0.80831928
	57181	-0.80794026
	54857	-0.8077321799999999
	54313	-0.80597088
	50527	-0.8049141
	59122	-0.8048399999999999
	57447	-0.804
	56592	-0.80292
	53941	-0.8025656999999999
	57461	-0.8021999999999999
	58352	-0.80052
	54386	-0.7978688999999999
	53562	-0.79622502
	56876	-0.7956
	54254	-0.7954030799999999
	54604	-0.7949334
	53778	-0.7948159799999999
	54825	-0.79270242
	54716	-0.7900017599999999
	53948	-0.78835788
	54335	-0.7876533599999999
	58414	-0.78744
	53699	-0.7871836799999999
	56137	-0.78272172
	56199	-0.7803599999999999
	57173	-0.7799247
	53522	-0.77755524
	54260	-0.77755524
	54945	-0.77638104
	57343	-0.7761462
	53740	-0.7757939399999999
	53660	-0.7755591
	56491	-0.77532
	57256	-0.77172
	56480	-0.77148
	58404	-0.7686
	58340	-0.76788
	57458	-0.76464
	50936	-0.7611164399999999
	54626	-0.7586506199999999
	57707	-0.75252
	51243	-0.75113574
	54164	-0.7509008999999999
	57438	-0.74964
	58341	-0.7490399999999999
	53788	-0.7467912
	54169	-0.7467912
	54822	-0.74655636
	58512	-0.74604
	53790	-0.74279892
	58259	-0.74268
	57544	-0.74256
	56745	-0.74136
	55696	-0.7409201999999999
	56670	-0.73992
	56646	-0.73872
	56768	-0.73812
	54700	-0.73598856
	56543	-0.7348800000000001
	57387	-0.7343999999999999
	58047	-0.732
	56752	-0.73176
	57175	-0.7305413399999999
	54515	-0.7296478799999999
	56674	-0.72948
	59940	-0.7275599999999999
	57177	-0.72579294
	53669	-0.7255381799999999
	51367	-0.72542076
	56977	-0.7218
	56982	-0.72048
	54263	-0.71673168
	58931	-0.71616
	58311	-0.7107600000000001
	57345	-0.7105199999999999
	50603	-0.7067509799999999
	57541	-0.70548
	58424	-0.70548
	59322	-0.70548
	57732	-0.70476
	53976	-0.7039329
	54453	-0.7015844999999999
	59632	-0.69984
	56444	-0.6995999999999999
	59306	-0.69912
	59315	-0.6970799999999999
	54476	-0.6905470199999999
	54339	-0.6903121799999999
	57253	-0.68544
	57808	-0.6850799999999999
	57475	-0.68448
	54723	-0.68385408
	54316	-0.68373666
	58501	-0.6809999999999999
	57605	-0.68016
	54243	-0.67669146
	53594	-0.67328628
	50246	-0.67082046
	57445	-0.6676799999999999
	58237	-0.666
	54336	-0.6636578399999999
	59137	-0.66036
	51137	-0.6586087799999999
	54621	-0.65543844
	58268	-0.654
	54615	-0.6539119799999998
	53690	-0.65132874
	51581	-0.6502719599999999
	57037	-0.6481584
	57554	-0.64476
	53599	-0.64252224
	54012	-0.64240482
	59656	-0.63888
	54731	-0.6385299599999998
	57329	-0.6376799999999999
	54597	-0.63559446
	57014	-0.63535962
	51133	-0.63477252
	53577	-0.63453768
	57040	-0.6328938
	58244	-0.62652
	53958	-0.6264356999999999
	56985	-0.62424
	53799	-0.62209116
	51430	-0.62103438
	53864	-0.61856856
	57047	-0.61598532
	58331	-0.61488
	54541	-0.60811818
	53324	-0.60659172
	58329	-0.60408
	59266	-0.6036
	54497	-0.60342138
	54412	-0.6027168599999999
	53845	-0.6004858799999999
	53576	-0.6000162
	52707	-0.59978136
	56193	-0.59532
	55655	-0.5944974599999999
	59435	-0.5930399999999999
	53674	-0.59132712
	54420	-0.59085744
	56673	-0.5905199999999999
	54732	-0.5895658199999999
	54286	-0.58933098
	54049	-0.5866303199999999
	56291	-0.58644
	58366	-0.5813
	54820	-0.58052448
	57536	-0.5783999999999999
	58500	-0.57336
	54722	-0.56995668
	56373	-0.5676
	54454	-0.56619924
	56777	-0.56616
	55690	-0.5624417999999999
	56267	-0.5564399999999999
	51777	-0.55445724
	54311	-0.55375272
	51437	-0.5521088399999999
	56766	-0.5491199999999999
	53738	-0.546003
	57162	-0.5432169600000001
	54249	-0.54201072
	53553	-0.5410713599999999
	53877	-0.5410713599999999
	53894	-0.5408365199999999
	53829	-0.5404842599999999
	53692	-0.540132
	54293	-0.540132
	58326	-0.5401199999999999
	53466	-0.534261
	56091	-0.53379132
	57714	-0.5322
	53688	-0.52932936
	50442	-0.52792032
	53593	-0.52146222
	52974	-0.51993576
	54738	-0.5197009199999999
	54421	-0.51700026
	54530	-0.5148866999999999
	52868	-0.5137125
	54539	-0.5130079799999999
	51655	-0.51277314
	59849	-0.5124
	54837	-0.51159894
	51470	-0.5080763399999999
	59664	-0.50772
	53783	-0.50760666
	57462	-0.5041199999999999
	53575	-0.5007963
	56296	-0.49872
	59124	-0.49763999999999997
	57053	-0.49656917999999994
	55437	-0.49633434
	54072	-0.49539498
	53945	-0.49128527999999994
	54449	-0.49116785999999996
	54455	-0.49046333999999997
	50955	-0.48858461999999997
	57022	-0.48623622
	54943	-0.48365297999999995
	57279	-0.48012
	59271	-0.4762799999999999
	54633	-0.47402454
	54333	-0.47367227999999995
	56290	-0.47303999999999996
	54824	-0.46897547999999994
	54161	-0.46510061999999996
	54096	-0.46486577999999995
	50950	-0.46157802
	53545	-0.46040381999999996
	57154	-0.46005155999999997
	57564	-0.45875999999999995
	54715	-0.45746832
	53732	-0.45641153999999995
	57033	-0.4553547599999999
	58354	-0.45143999999999995
	58319	-0.45071999999999995
	57260	-0.4506
	57077	-0.44789283
	54092	-0.4473702
	57339	-0.44616
	54132	-0.44584373999999993
	53663	-0.44502179999999997
	51241	-0.44138178
	57051	-0.44124506999999996
	58044	-0.43992
	59092	-0.43992
	58334	-0.43656
	56533	-0.43404000000000004
	57604	-0.43307999999999996
	59256	-0.43224
	52112	-0.43140108
	57571	-0.43007999999999996
	50445	-0.42905267999999996
	53908	-0.42787847999999995
	54320	-0.42670428
	50639	-0.42599976
	53357	-0.42165521999999994
	56984	-0.42119999999999996
	59658	-0.4206
	54187	-0.41096999999999995
	58338	-0.4092
	57041	-0.40568609999999994
	56272	-0.40368
	53446	-0.40192865999999994
	53574	-0.40134156
	59134	-0.39732
	56774	-0.39311999999999997
	53584	-0.39241763999999996
	53698	-0.38854278
	57498	-0.38664
	56180	-0.38568
	51353	-0.38537244
	54624	-0.38455049999999996
	57328	-0.38448
	53492	-0.38431565999999995
	54326	-0.3833763
	51330	-0.3822021
	54102	-0.37914918
	52875	-0.3778575599999999
	57044	-0.37210398
	54612	-0.37198656
	54218	-0.37069494
	56188	-0.36719999999999997
	56989	-0.36372
	53276	-0.3634149
	50892	-0.36153618
	57483	-0.36144000000000004
	58335	-0.36119999999999997
	58353	-0.36011999999999994
	51434	-0.35989229999999994
	54115	-0.35965746
	54472	-0.35566517999999997
	59316	-0.35447999999999996
	57204	-0.35316
	53289	-0.3487374
	56641	-0.34812000000000004
	50928	-0.34803288
	54852	-0.34486254
	58306	-0.34284
	54371	-0.34239672
	54301	-0.34204446
	59417	-0.34176
	56986	-0.33876
	59673	-0.33852
	56595	-0.33624
	59427	-0.33612000000000003
	58377	-0.33383999999999997
	53588	-0.33300312
	53673	-0.33218117999999996
	59320	-0.32927999999999996
	53923	-0.32677986
	58342	-0.32088
	57268	-0.31764
	58510	-0.31223999999999996
	57806	-0.31055999999999995
	56995	-0.3102
	57143	-0.30775781999999996
	53565	-0.30717071999999995
	57176	-0.30674664
	59856	-0.30336
	59449	-0.3
	57809	-0.29808
	58249	-0.29796
	51477	-0.29754228
	52972	-0.29707259999999996
	54714	-0.28955772
	51526	-0.28603512
	53938	-0.28556544
	59088	-0.28416
	57307	-0.28403999999999996
	56187	-0.28308
	58344	-0.28271999999999997
	52968	-0.28251252
	58254	-0.28248
	57031	-0.28157316
	50647	-0.27840282
	54909	-0.27828539999999996
	53646	-0.27734603999999996
	54327	-0.27652409999999994
	59312	-0.27564
	56125	-0.27276666
	54319	-0.27053567999999995
	57023	-0.26959632
	54613	-0.26806986
	54165	-0.26607371999999996
	58416	-0.26592
	59007	-0.26304
	57208	-0.26244
	54808	-0.26078981999999995
	56278	-0.25955999999999996
	54708	-0.25820658
	54719	-0.25668011999999996
	57537	-0.25595999999999997
	57640	-0.24876
	57642	-0.24876
	50779	-0.24188519999999997
	50963	-0.24047616
	54181	-0.2377755
	57049	-0.23695355999999998
	51238	-0.23472258
	50939	-0.23260901999999997
	54292	-0.23237417999999999
	53689	-0.23002577999999999
	53821	-0.22709027999999998
	53937	-0.22709027999999998
	51642	-0.22521155999999998
	53934	-0.21804894
	57155	-0.21593537999999998
	53924	-0.21323472
	54234	-0.21065148
	57466	-0.21
	59425	-0.20976
	58314	-0.20784
	54231	-0.20536758
	51059	-0.20325401999999998
	56751	-0.20184
	51068	-0.20102304
	54047	-0.19973142
	57274	-0.19895796000000002
	57903	-0.19644
	56493	-0.19487999999999997
	51482	-0.19479977999999998
	54135	-0.19386041999999998
	54305	-0.19268622
	51707	-0.18810684
	57183	-0.18613728
	59265	-0.18468
	54829	-0.18329261999999996
	56697	-0.18036
	51571	-0.17941775999999998
	57070	-0.17497854000000002
	54834	-0.17307708
	54726	-0.1720203
	55680	-0.17072868
	52267	-0.16814543999999998
	57803	-0.16752
	57460	-0.1638
	57647	-0.16176
	54069	-0.1602783
	59125	-0.15984
	54259	-0.15898668
	59324	-0.15864
	54531	-0.15816473999999997
	58938	-0.1548
	59845	-0.15228
	59130	-0.1488
	56489	-0.14604
	59951	-0.1452
	50884	-0.14489628
	54425	-0.14383949999999998
	57491	-0.14196
	50842	-0.14125626
	54730	-0.13726398
	59758	-0.13332
	56654	-0.13284
	53947	-0.13221491999999999
	56387	-0.12852
	58339	-0.12792
	53580	-0.12493487999999998
	58158	-0.12276
	56257	-0.1212
	52993	-0.11812451999999998
	57285	-0.11669193
	57595	-0.11483999999999998
	57476	-0.11472
	54236	-0.11471933999999999
	59653	-0.11135999999999999
	54851	-0.11107932
	59488	-0.10572
	56181	-0.10332
	51810	-0.10250766
	54245	-0.10239024
	56295	-0.10116
	54404	-0.09769343999999999
	56485	-0.09468
	53337	-0.09123534
	52998	-0.09111791999999999
	59453	-0.0894
	59954	-0.08892
	59278	-0.08879999999999999
	59321	-0.0834
	51811	-0.08301594
	53564	-0.07878882
	53384	-0.0786714
	53464	-0.07409202
	58346	-0.07116
	55294	-0.06939522
	53547	-0.06833844
	53644	-0.06728166
	50968	-0.06657713999999999
	57030	-0.06645971999999999
	57029	-0.06164549999999999
	57084	-0.06113565
	53498	-0.0575358
	56285	-0.05676
	56483	-0.0552
	51636	-0.046146059999999996
	53367	-0.04532412
	57573	-0.04404
	54142	-0.043210559999999995
	54830	-0.040979579999999995
	56004	-0.04015764
	50832	-0.03910086
	58503	-0.036719999999999996
	58421	-0.03492
	57129	-0.03311244
	57153	-0.0317034
	56958	-0.03168
	58407	-0.026399999999999996
	56944	-0.024239999999999998
	56775	-0.023880000000000002
	57609	-0.01764
	50953	-0.01608654
	53567	-0.01444266
	54223	-0.01385556
	54157	-0.009511019999999999
	56885	-0.00924
	54308	-0.00751488
	59485	-0.0060
	50880	-0.005401319999999999
	57180	-0.00451098
	57021	-0.0019961399999999995
	57566	-0.0018
	57039	0.0015264599999999999
	57025	0.0056361599999999994
	51352	0.0062232599999999996
	57106	0.00692778
	51711	0.0070452
	52963	0.00751488
	58936	0.00792
	52996	0.011507159999999999
	56378	0.01176
	56081	0.012094259999999999
	59626	0.01356
	54065	0.018904619999999997
	59238	0.01908
	51334	0.021018179999999997
	59493	0.02292
	56889	0.024
	57271	0.0273033
	57045	0.02865048
	50749	0.02958984
	58418	0.03012
	53579	0.0317034
	55589	0.03393437999999999
	59631	0.036359999999999996
	54494	0.03710472
	50945	0.038983439999999994
	53695	0.03910086
	53469	0.040040219999999994
	54493	0.040627319999999995
	56652	0.04104
	54334	0.04133184
	52576	0.04215378
	59298	0.042359999999999995
	59838	0.044399999999999995
	54080	0.044619599999999995
	54290	0.044619599999999995
	56380	0.04596
	51076	0.047437679999999996
	58040	0.04944
	58419	0.049800000000000004
	50940	0.05260416
	58423	0.053040000000000004
	54501	0.0546003
	56479	0.05724
	53481	0.05988419999999999
	51818	0.06141065999999999
	59318	0.06204
	57583	0.06348
	56389	0.06527999999999999
	53512	0.06704682
	54117	0.06857328
	59097	0.06888
	57035	0.07174362
	57633	0.0732
	59456	0.07572
	59501	0.07668
	56192	0.07714493999999998
	56665	0.07763999999999999
	54430	0.07784946
	54154	0.0780843
	50879	0.07914108
	59230	0.08028
	56399	0.08063999999999999
	57111	0.08113721999999998
	52101	0.082194
	57066	0.08262216
	54532	0.08630369999999998
	57506	0.08819999999999999
	56788	0.08844
	56840	0.09108
	54401	0.09229211999999999
	54342	0.0956973
	56286	0.09876
	57144	0.09957215999999999
	56499	0.09996
	57600	0.10836
	57132	0.10931801999999999
	59451	0.11172
	50946	0.11260577999999999
	50739	0.11424965999999999
	59094	0.11543999999999999
	56783	0.11592
	56844	0.11664
	56065	0.11730257999999999
	51060	0.12059033999999999
	58929	0.12215999999999999
	56312	0.12282131999999998
	50741	0.12387809999999999
	50979	0.12575682
	51495	0.12716586
	57581	0.12756
	57048	0.12787037999999998
	52978	0.12822264
	59116	0.13044
	57673	0.13355999999999998
	52874	0.1338588
	58336	0.1356
	53723	0.13597236
	50353	0.13655946
	57464	0.13668
	58337	0.138
	59303	0.138
	53925	0.13890786
	58517	0.13932
	50525	0.13996464
	55585	0.14219562
	56080	0.14301756
	51573	0.14524853999999998
	55248	0.14583564
	57038	0.14935824
	53543	0.14947565999999998
	57586	0.15131999999999998
	59209	0.1518
	56276	0.15204
	59310	0.15264
	53467	0.152646
	53611	0.15311567999999998
	58428	0.15575999999999998
	59319	0.15816
	50913	0.16133508
	54237	0.16462283999999996
	57011	0.1649751
	56841	0.16596
	56643	0.1686
	57206	0.16907999999999998
	57507	0.17099999999999999
	50983	0.17213772
	57612	0.17268
	53590	0.17413385999999997
	59254	0.17532
	57401	0.18468
	59757	0.18552
	54214	0.18622811999999997
	53362	0.18716747999999997
	57492	0.18791999999999998
	53399	0.19033782
	59284	0.19044
	57063	0.19052955000000002
	57520	0.19512
	51815	0.19538687999999999
	53419	0.19703076
	57926	0.20171999999999998
	53930	0.20372369999999998
	59091	0.20376
	56755	0.20400000000000001
	56390	0.20856
	59087	0.20952
	56781	0.21012
	54208	0.21018179999999997
	59457	0.21216000000000002
	56281	0.21419999999999997
	53682	0.21581795999999998
	53484	0.21675731999999998
	57494	0.21792
	57242	0.2207496
	56838	0.22332
	56128	0.22626833999999998
	57008	0.22885157999999997
	59279	0.23087999999999997
	57505	0.23292
	53472	0.2366013
	53529	0.2371884
	53935	0.23789291999999998
	57517	0.23843999999999999
	59419	0.23867999999999998
	57575	0.24036
	56948	0.24156
	59276	0.24192
	57247	0.24200262
	57437	0.24216
	53926	0.24294197999999997
	59096	0.24539999999999998
	56693	0.24792
	52681	0.24799103999999997
	57362	0.24816
	57082	0.24846003000000003
	56492	0.24972
	56671	0.25428
	50985	0.25468398
	59452	0.2556
	59205	0.258
	56033	0.25820658
	59500	0.25872
	53457	0.25879367999999997
	51639	0.25949819999999996
	58507	0.26076
	54134	0.26196401999999996
	50557	0.26313822
	53680	0.26501694
	59470	0.26892
	58351	0.26987999999999995
	57415	0.27264
	53352	0.275937
	50962	0.27640667999999996
	53149	0.27687636
	54734	0.27793313999999997
	58427	0.2784
	53499	0.27875508
	53480	0.27922476
	53619	0.28380414
	51346	0.28803125999999996
	52884	0.28803125999999996
	57465	0.28836
	59268	0.29124
	52895	0.29284548
	56793	0.29424
	57734	0.29664
	53914	0.29754228
	52323	0.30012552
	57625	0.3024
	56782	0.30288
	58502	0.30372
	53582	0.30658362
	54331	0.30834491999999997
	56565	0.31776
	56393	0.31812
	50776	0.32008692
	57565	0.321
	56386	0.32112
	57105	0.32431403999999997
	57065	0.32692734
	58420	0.33180000000000004
	59090	0.33527999999999997
	51568	0.33828702
	57718	0.33984
	59242	0.34008
	53513	0.34145736
	57370	0.34164
	57074	0.34247835
	54171	0.34497996
	59317	0.35664
	59304	0.35844000000000004
	52575	0.35907036
	51359	0.3593052
	57127	0.36177101999999994
	58362	0.3619
	51627	0.36458909999999994
	58365	0.3649
	57245	0.36846396
	57020	0.36940332
	52607	0.37069494
	56280	0.37608
	59469	0.3762
	52818	0.38020595999999995
	58409	0.38064
	51722	0.38173241999999996
	53810	0.38184983999999994
	59655	0.38351999999999997
	57844	0.38483999999999996
	51747	0.3872511599999999
	56396	0.3876
	57634	0.38855999999999996
	57728	0.39083999999999997
	56739	0.39143999999999995
	51356	0.39147827999999996
	56394	0.39336
	59075	0.39648
	50727	0.39875832
	50987	0.4004022
	51156	0.40134156
	58257	0.40212
	56279	0.4032
	51357	0.4039247999999999
	52842	0.40404222
	57408	0.40452
	52833	0.40686029999999995
	59228	0.40872
	59093	0.40943999999999997
	57562	0.4098
	57513	0.4116
	57248	0.41237904
	54213	0.41425776
	55598	0.41425776
	56307	0.41871971999999996
	57493	0.42096
	53343	0.42247715999999996
	59855	0.4236
	59297	0.42384
	54728	0.42423846
	56882	0.42516
	56095	0.42564749999999996
	53502	0.4292875199999999
	59117	0.4332
	56688	0.4356
	57032	0.43656755999999997
	51804	0.43797659999999994
	54113	0.43832886
	51053	0.44067726
	54226	0.44114693999999993
	52853	0.44126435999999997
	57182	0.44409411
	57682	0.4446
	57402	0.44532
	59475	0.44532
	55493	0.4456089
	57233	0.44690051999999997
	56227	0.44936634
	56586	0.45036
	57414	0.45108
	57216	0.45167999999999997
	57278	0.45288
	53730	0.45476765999999996
	56785	0.45611999999999997
	53705	0.45852509999999996
	54093	0.4614606
	57026	0.46228253999999996
	58356	0.46524
	53817	0.4661574
	50526	0.47097162
	56992	0.47172
	51629	0.47332001999999995
	57027	0.47332001999999995
	56298	0.4752
	57811	0.47652
	57590	0.47735999999999995
	53486	0.47942586
	57119	0.48083489999999995
	57034	0.48412266
	50833	0.48858461999999997
	57016	0.49105044
	50934	0.49140269999999997
	57028	0.49422077999999997
	59255	0.49427999999999994
	57126	0.49527755999999995
	53519	0.49656917999999994
	59477	0.4992
	57637	0.49992000000000003
	58408	0.50112
	57603	0.5014799999999999
	56374	0.50484
	53272	0.5060802
	57736	0.50628
	51567	0.5125383
	57024	0.5125383
	56886	0.513
	57522	0.5142
	57584	0.5166
	59109	0.51732
	50937	0.51735252
	56835	0.51816
	51644	0.5189963999999999
	57409	0.52056
	56994	0.525
	59218	0.5274
	56395	0.52788
	56317	0.52979904
	58433	0.5311199999999999
	52984	0.53273454
	57078	0.53455113
	57249	0.5364
	53725	0.53790102
	52869	0.53872296
	53928	0.53907522
	57333	0.5394
	57687	0.53988
	54064	0.5415410399999999
	57140	0.54518106
	57996	0.54804
	56391	0.55068
	50973	0.551874
	53727	0.5573927399999999
	57585	0.5586
	52855	0.5603282399999999
	56494	0.56112
	58508	0.5628
	59015	0.56484
	57499	0.56496
	57485	0.56556
	57643	0.56616
	54172	0.5677256999999999
	54835	0.57265734
	55578	0.5741837999999999
	54833	0.5757102599999999
	51656	0.57617994
	57680	0.57648
	52652	0.57700188
	52203	0.57817608
	50978	0.58075932
	52982	0.58369482
	54024	0.5843993399999999
	54026	0.58451676
	59663	0.58464
	57012	0.5847515999999999
	58432	0.5887199999999999
	53083	0.5887438799999999
	50742	0.59015292
	54304	0.5909748599999999
	59471	0.591
	51716	0.5919142199999999
	56462	0.5922
	58837	0.59412
	52754	0.59614134
	56580	0.59688
	51827	0.5975503799999999
	57800	0.59808
	58907	0.60072
	53881	0.6018949199999999
	50877	0.6018949199999999
	59280	0.60456
	53906	0.6049478399999999
	54323	0.6058872
	52889	0.60917496
	53490	0.6109362599999999
	52825	0.61140594
	53391	0.6124627199999999
	51633	0.6176292
	50888	0.6205647
	54122	0.62396988
	50756	0.62737506
	56376	0.62844
	56082	0.6381777
	53478	0.64076094
	58431	0.64548
	57416	0.64884
	58417	0.6516000000000001
	59107	0.65604
	56385	0.6574800000000001
	53483	0.6582565199999999
	59099	0.6616799999999999
	57508	0.66192
	57407	0.6622799999999999
	57439	0.6632399999999999
	56183	0.66384
	51829	0.6668281799999999
	53068	0.6691765799999999
	57679	0.672
	53463	0.6790398599999999
	57213	0.6796269599999999
	53368	0.6808011599999999
	50758	0.68209278
	56273	0.68484
	53615	0.6867895799999999
	57211	0.68843346
	50964	0.68855088
	57966	0.6889200000000001
	53385	0.6891379799999999
	59064	0.69264
	59314	0.69276
	51467	0.6940696199999999
	57772	0.69408
	53397	0.69794448
	56034	0.69794448
	59426	0.69936
	50878	0.70311096
	57582	0.70608
	51559	0.70733808
	57128	0.70886454
	56144	0.70968
	51704	0.7119174599999999
	51186	0.7121523
	57678	0.71436
	56147	0.7146
	54929	0.7154400599999999
	53929	0.71590974
	52995	0.71720136
	57489	0.7188
	59293	0.72276
	57326	0.72552
	53455	0.7274169
	53420	0.7309395
	58926	0.7314
	56578	0.7342799999999999
	54432	0.73810212
	53585	0.73939374
	58150	0.74064
	58752	0.741
	50564	0.74632152
	56664	0.747
	58514	0.747
	52896	0.74820024
	53927	0.7496092799999999
	58839	0.75228
	57511	0.75384
	59431	0.756
	51701	0.757359
	59462	0.7588799999999999
	56096	0.7652261399999999
	52876	0.76663518
	53614	0.7679268
	57358	0.77532
	52862	0.780843
	57124	0.7814300999999999
	52985	0.7841307599999999
	59288	0.7843199999999999
	59211	0.78852
	51931	0.7894146599999999
	57923	0.792
	57523	0.79296
	56109	0.7942288799999999
	56071	0.7943463
	59473	0.79668
	54027	0.7970469599999999
	52661	0.8028005399999999
	56021	0.8049141
	52836	0.8063231399999999
	57574	0.8083199999999999
	51720	0.8096108999999999
	51542	0.81148962
	56287	0.8121599999999999
	59492	0.8121599999999999
	57737	0.8122799999999999
	57377	0.81252
	59229	0.81324
	50750	0.8141902799999999
	51839	0.81501222
	57496	0.8160000000000001
	53231	0.8225271
	59071	0.8226
	59027	0.8401199999999999
	50646	0.8423710799999999
	51709	0.8453065799999999
	53488	0.85082532
	52856	0.8516472599999999
	57745	0.85488
	55681	0.8549350199999999
	50468	0.8559917999999999
	59285	0.85632
	52745	0.8691428399999999
	50838	0.87207834
	56043	0.8729002799999999
	57708	0.8766
	53612	0.8768925599999999
	52980	0.8773622399999998
	59854	0.87864
	59843	0.88032
	59106	0.88068
	57598	0.88512
	54737	0.88522938
	59481	0.88596
	54205	0.8865209999999999
	59059	0.88884
	56571	0.89124
	56074	0.8940358799999999
	50859	0.89438814
	53610	0.8956797599999999
	59072	0.9003599999999999
	57694	0.90252
	57914	0.90444
	52657	0.9136450199999999
	56097	0.9208799999999999
	57719	0.9239999999999999
	57720	0.9252
	58923	0.9252
	57767	0.9280799999999999
	56487	0.92988
	59133	0.9314399999999999
	57729	0.9324
	50948	0.9324322199999999
	59113	0.9403199999999999
	58946	0.9461999999999999
	58934	0.9463199999999999
	51730	0.9506323199999999
	59012	0.9537599999999999
	58345	0.9548399999999999
	57905	0.95832
	56079	0.9585599999999999
	50745	0.9586168799999999
	51828	0.9613175399999999
	59480	0.9658799999999998
	57324	0.96636
	52957	0.9691846799999999
	58436	0.97452
	59082	0.99024
	53903	0.9946648199999999
	53573	1.0010055
	52495	1.00229712
	58343	1.0026
	59476	1.0063199999999999
	54248	1.00816812
	57525	1.0082399999999998
	54041	1.01298234
	59065	1.01448
	53910	1.01673978
	52988	1.0174443
	59102	1.02336
	59213	1.02504
	57405	1.0251599999999998
	50956	1.0251940199999998
	57417	1.0285199999999999
	59502	1.0326
	50548	1.03482246
	56883	1.0382399999999998
	50958	1.039167
	59063	1.0415999999999999
	57646	1.0444799999999999
	57075	1.04607252
	56666	1.04652
	59055	1.05696
	50858	1.0577193599999999
	57741	1.0601999999999998
	56873	1.062
	56094	1.06781748
	58563	1.06872
	57217	1.07508
	53602	1.07521494
	59289	1.07964
	51802	1.08648726
	59017	1.0877999999999999
	59131	1.09092
	52866	1.0914188999999999
	57102	1.09247568
	53518	1.09529376
	56284	1.0977599999999998
	58435	1.10076
	53618	1.1033957399999998
	50673	1.1033957399999998
	53517	1.10386542
	58442	1.10832
	51705	1.10856222
	56116	1.11455064
	55593	1.1167816199999998
	57413	1.11768
	57623	1.11876
	58928	1.11924
	56289	1.11936
	56016	1.1195997
	50853	1.12030422
	52645	1.12112616
	58804	1.12248
	57519	1.1226
	59454	1.12848
	59227	1.13244
	57486	1.13388
	51708	1.13744754
	50873	1.1395610999999999
	56084	1.1424965999999999
	59446	1.14288
	51814	1.1440230599999999
	57518	1.14444
	57936	1.15296
	57942	1.15788
	56093	1.15823088
	51826	1.1603444399999998
	57908	1.16208
	58912	1.1646
	56490	1.16796
	56184	1.17192
	59448	1.1723999999999999
	59478	1.18308
	59851	1.18536
	57514	1.1901599999999999
	57231	1.19087364
	57771	1.1916
	57516	1.19244
	57744	1.1943599999999999
	51468	1.1951007599999999
	55591	1.1961575399999997
	58944	1.19628
	59215	1.19628
	51628	1.2001498199999998
	52986	1.20214596
	57636	1.2034799999999999
	55279	1.2048466199999999
	58556	1.2084
	58828	1.20852
	52557	1.2111873
	50788	1.21130472
	57922	1.2127199999999998
	50851	1.21377054
	57723	1.2159600000000002
	52447	1.21846734
	52313	1.2188196
	56891	1.2222
	52955	1.2225770399999998
	51886	1.22386866
	57308	1.22904
	57577	1.2298799999999999
	57113	1.2304441799999999
	58751	1.233
	59287	1.2361199999999999
	58601	1.2384
	58506	1.23888
	56881	1.23912
	56383	1.2440399999999998
	59081	1.2468
	57666	1.25016
	52983	1.2505229999999998
	57606	1.25148
	52546	1.25428044
	57735	1.2576
	59224	1.25784
	58940	1.2580799999999999
	57837	1.25844
	58600	1.2640799999999999
	59057	1.2640799999999999
	57509	1.2672
	57003	1.26907536
	50632	1.2879799799999998
	56151	1.2925593599999998
	59241	1.2948
	59037	1.29816
	59290	1.3014
	58602	1.31304
	52633	1.3136949599999999
	57232	1.3188614399999998
	56029	1.32484986
	53491	1.32825504
	53917	1.32931182
	54076	1.32966408
	58460	1.3316
	58452	1.3368
	56598	1.34052
	58456	1.34256
	57313	1.3452
	50659	1.3466899799999998
	59004	1.3489200000000001
	50862	1.3505648399999999
	58457	1.35684
	50965	1.3587842399999999
	58426	1.359
	50871	1.3608977999999998
	57669	1.36512
	53916	1.36571202
	50861	1.3667687999999998
	54347	1.3779237
	57900	1.39032
	50844	1.3962412199999998
	57911	1.3965599999999998
	57314	1.39668
	58570	1.39668
	58463	1.3986
	52863	1.4001160799999999
	53707	1.4022296399999998
	53336	1.41232776
	59053	1.41336
	59487	1.4140799999999998
	59074	1.41432
	52713	1.4213690999999997
	56045	1.42406976
	56691	1.42464
	57317	1.42656
	52643	1.42735752
	50852	1.4290014
	53617	1.42923624
	56987	1.43028
	57974	1.4378399999999998
	56173	1.4382
	58449	1.44168
	57780	1.4418
	59052	1.4498399999999998
	57827	1.45296
	53915	1.45318992
	58760	1.4556
	57840	1.45704
	58443	1.4601600000000001
	58921	1.46088
	58656	1.4624399999999997
	56018	1.46328804
	55228	1.4639925599999999
	59038	1.47096
	57839	1.4743199999999999
	57722	1.4748
	57657	1.47888
	58614	1.48392
	50960	1.48559784
	57688	1.4862
	56263	1.49532
	52424	1.4968701599999998
	57671	1.49736
	59249	1.5011999999999999
	57502	1.50228
	57909	1.5059999999999998
	58826	1.512
	58562	1.51752
	50778	1.51988448
	57887	1.51992
	53806	1.5254032199999998
	52737	1.5268122599999998
	58361	1.5369
	58359	1.53876
	58369	1.5396
	53704	1.5396110399999998
	58847	1.54104
	57994	1.54164
	53378	1.54325106
	58461	1.5454
	58477	1.5469199999999999
	58555	1.5471599999999999
	57742	1.5539999999999998
	57824	1.5542399999999998
	57512	1.56528
	56182	1.56756
	57835	1.5677999999999999
	50787	1.57378026
	50775	1.5781247999999999
	58666	1.5782399999999999
	57696	1.5850799999999998
	56046	1.5872835599999997
	57981	1.59516
	52436	1.5966771599999998
	56185	1.5975599999999999
	53505	1.5983210399999999
	57411	1.6017599999999999
	57769	1.6043999999999998
	56288	1.61388
	58358	1.6148399999999998
	58509	1.6152
	51358	1.62133536
	57743	1.62144
	52943	1.6222747199999998
	57589	1.6222800000000002
	56381	1.62276
	57910	1.62564
	58846	1.63644
	55299	1.63988772
	58659	1.64112
	58942	1.6562400000000002
	59237	1.6670399999999999
	57773	1.66872
	57988	1.6972800000000001
	58932	1.6994399999999998
	57658	1.70316
	58834	1.71
	58612	1.71084
	57710	1.7148
	58565	1.7156399999999998
	57655	1.71792
	56836	1.71972
	59421	1.71984
	58550	1.7268000000000001
	57816	1.72716
	56106	1.72936176
	50658	1.73746374
	57992	1.7422799999999998
	57238	1.74392184
	57975	1.7455199999999997
	56792	1.7461200000000001
	57713	1.7474399999999999
	57738	1.7569199999999998
	58458	1.76436
	50774	1.7715155399999998
	59031	1.77312
	58448	1.7766
	59114	1.7892000000000001
	58658	1.78968
	52765	1.7932382399999998
	52908	1.80345378
	58441	1.80456
	52679	1.8068589599999998
	59061	1.8124799999999999
	52784	1.8140215799999997
	56067	1.8161351399999999
	58527	1.8172799999999998
	57916	1.82376
	57739	1.8264
	57649	1.84116
	57420	1.8466799999999999
	51855	1.85734956
	58472	1.8585599999999998
	57902	1.85964
	57614	1.8605999999999998
	57965	1.86984
	57318	1.8714
	52602	1.8728489999999998
	57971	1.87404
	58606	1.8748799999999999
	58917	1.8783599999999998
	58553	1.8816
	57813	1.8854399999999998
	57841	1.88616
	53487	1.8872916599999998
	57889	1.8876
	57822	1.88892
	59246	1.89084
	58843	1.8927599999999998
	56171	1.89444
	59441	1.8947999999999998
	57635	1.9023599999999998
	57985	1.9025999999999998
	58450	1.90308
	57814	1.90344
	57134	1.9134763199999998
	57895	1.9182
	58462	1.9236
	58806	1.93692
	56038	1.93716
	59023	1.9389599999999998
	57921	1.9404
	52418	1.9418919599999998
	57969	1.9431599999999998
	57989	1.94616
	59021	1.95228
	59058	1.9533599999999998
	58941	1.95396
	52797	1.9558649399999999
	58754	1.9594799999999999
	59294	1.96152
	50867	1.9657282199999997
	58464	1.96632
	57774	1.9667999999999999
	56991	1.96752
	58844	1.9716
	57978	1.97748
	57825	1.97832
	56168	1.9785599999999999
	52515	1.9794663599999998
	57907	1.9803600000000001
	57315	2.00268
	57477	2.03364
	58657	2.0412
	57309	2.04948
	56790	2.0524799999999996
	57821	2.0576399999999997
	58906	2.06484
	58750	2.06544
	58467	2.08044
	50772	2.084205
	59051	2.09232
	58451	2.09808
	50767	2.10581028
	50566	2.10839352
	57768	2.1186
	58455	2.1186
	57661	2.12256
	50755	2.13716142
	50655	2.1458505
	58748	2.1604799999999997
	58747	2.17116
	59235	2.17236
	57237	2.1768
	58459	2.17848
	55472	2.18025456
	56164	2.18532
	58622	2.18832
	57860	2.1917999999999997
	57807	2.20356
	57510	2.2069199999999998
	58530	2.20812
	58543	2.21052
	56167	2.2128
	57663	2.22396
	57991	2.2257599999999997
	56152	2.23332
	52446	2.2353245399999997
	59033	2.23596
	58845	2.23968
	58542	2.24076
	57137	2.2438962
	58546	2.24424
	50656	2.2443658799999997
	52656	2.24612718
	58903	2.24808
	57717	2.25696
	58607	2.2617599999999998
	52674	2.26280082
	57828	2.26608
	58367	2.2661
	57932	2.2690799999999998
	57973	2.27544
	58468	2.28396
	57972	2.28756
	58667	2.2902
	56251	2.29116
	57320	2.29392
	58693	2.29452
	58567	2.3052
	57740	2.3112
	57829	2.32368
	57763	2.32668
	57699	2.32908
	57766	2.33184
	57976	2.33928
	50854	2.3400631799999996
	50674	2.34558192
	58848	2.35644
	58453	2.35908
	56178	2.3706
	57853	2.37396
	58519	2.3768399999999996
	58814	2.3788799999999997
	57754	2.3886
	57995	2.3908799999999997
	56382	2.39436
	58718	2.4059999999999997
	58446	2.4079200000000003
	58625	2.4152400000000003
	57306	2.41548
	57698	2.4189599999999998
	58544	2.4225600000000003
	58484	2.42484
	58454	2.42856
	58818	2.4366
	58255	2.43708
	57875	2.457
	56786	2.4597599999999997
	57760	2.50176
	56158	2.5120799999999996
	57846	2.53908
	58531	2.54124
	57842	2.55036
	58637	2.5511999999999997
	57303	2.5602
	58534	2.5602
	57762	2.5844400000000003
	58822	2.58564
	57899	2.5861199999999998
	57927	2.5896
	59041	2.6210400000000003
	58520	2.62824
	56202	2.63819256
	57865	2.65056
	58615	2.6685600000000003
	58935	2.6731199999999995
	57674	2.6748
	58819	2.69292
	57798	2.69496
	59022	2.7124800000000002
	57990	2.7190799999999995
	59001	2.7222
	58438	2.7281999999999997
	52533	2.7315414599999994
	58918	2.76216
	58620	2.76372
	58557	2.76552
	57834	2.7678000000000003
	59046	2.7683999999999997
	57818	2.7912
	57868	2.7956399999999997
	57886	2.82636
	58548	2.83212
	59044	2.8327199999999997
	55572	2.8382762399999995
	57993	2.8400399999999997
	57894	2.8451999999999997
	52885	2.84907888
	57915	2.86644
	58624	2.8715999999999995
	58927	2.87208
	57912	2.87844
	58749	2.90352
	52787	2.90403144
	58911	2.9387999999999996
	57851	2.9478
	58634	2.9586
	59045	2.9781599999999995
	58836	2.98908
	59047	2.99232
	58746	2.9924399999999998
	56146	3.048
	58626	3.05184
	57752	3.06492
	58605	3.07224
	58437	3.07632
	57781	3.07836
	58635	3.0875999999999997
	58631	3.1006799999999997
	58643	3.11964
	58568	3.12588
	58665	3.1282799999999997
	57872	3.13716
	59034	3.13836
	57867	3.14076
	58664	3.1526400000000003
	57857	3.16596
	56684	3.16632
	57758	3.17772
	58701	3.19176
	58742	3.22416
	58623	3.22908
	58523	3.25488
	57866	3.2635199999999998
	58905	3.27012
	58933	3.28836
	58821	3.3178799999999997
	57955	3.31884
	57958	3.3198000000000003
	58824	3.3247199999999997
	57845	3.3345599999999997
	58547	3.33948
	57870	3.34152
	58734	3.34248
	57948	3.3446399999999996
	57832	3.3551999999999995
	58529	3.36672
	57896	3.37776
	58549	3.4102799999999998
	58706	3.4166399999999997
	57913	3.4186799999999997
	52378	3.4230278399999996
	58609	3.4333199999999997
	58537	3.44496
	58627	3.4678799999999996
	58823	3.5362799999999996
	56475	3.5392799999999998
	56172	3.54984
	57947	3.5652
	58715	3.59916
	58820	3.6009599999999997
	57964	3.61812
	58744	3.63012
	57799	3.63036
	57662	3.6336
	58707	3.63396
	57761	3.6748799999999995
	58642	3.6766799999999997
	57792	3.6864
	58629	3.70944
	57871	3.7233599999999996
	58647	3.73644
	58569	3.7428
	58719	3.75288
	58813	3.75312
	57805	3.7622400000000003
	57776	3.77832
	58558	3.78564
	58608	3.7968
	58712	3.8257199999999996
	58724	3.8488799999999994
	58646	3.8561999999999994
	58660	3.85716
	58616	3.8635199999999994
	58633	3.86592
	58559	3.8761200000000002
	58654	3.88176
	58710	3.88368
	57906	3.8950799999999997
	58714	3.9217199999999997
	58632	3.9477599999999997
	58619	3.98628
	57789	4.01856
	57881	4.02168
	57941	4.02204
	58618	4.06164
	58725	4.0806
	57778	4.104
	57949	4.11792
	57793	4.1208
	57796	4.16904
	57874	4.17612
	57954	4.18368
	58705	4.18392
	57876	4.19436
	57777	4.21848
	58731	4.2363599999999995
	58730	4.31496
	58736	4.323119999999999
	58735	4.35984
	58737	4.377
	57883	4.394159999999999
	57962	4.4262
	57891	4.44024
	58713	4.45452
	58652	4.46424
	57957	4.54944
	58704	4.55088
	57859	4.55868
	59025	4.583279999999999
	58644	4.58904
	57956	4.6186799999999995
	57786	4.627199999999999
	58745	4.6373999999999995
	57779	4.7272799999999995
	57960	4.85964
	57882	4.92036
