	58660	-2.0871
	59130	-2.036
	57865	-2.0294
	58836	-2.0222
	57407	-1.9827
	58926	-1.929
	57969	-1.903
	59312	-1.8932
	58555	-1.8855
	58719	-1.8657
	58929	-1.8171
	59315	-1.8115
	59303	-1.7988
	57875	-1.781
	57971	-1.7742
	57307	-1.7561
	59096	-1.7548
	58828	-1.7479
	58633	-1.7254
	58906	-1.7067
	58632	-1.7014
	58712	-1.7007
	58714	-1.6937
	58826	-1.6933
	58631	-1.6869
	57874	-1.681
	58635	-1.6751
	59107	-1.6706
	56757	-1.6663
	58806	-1.6625
	57975	-1.6454
	54532	-1.6305599999999998
	59137	-1.5965
	57965	-1.5711
	59131	-1.5692
	56761	-1.5398
	54732	-1.52908
	57778	-1.5261
	56835	-1.5223
	58752	-1.5213
	57973	-1.5148
	58623	-1.5146
	56856	-1.5139
	57401	-1.5122
	53980	-1.511536
	54518	-1.509558
	59092	-1.5019
	59134	-1.4986
	57962	-1.4938
	59319	-1.4901
	58665	-1.4885
	56567	-1.484
	58760	-1.4824
	58944	-1.4816
	56755	-1.4767
	57868	-1.4745
	54829	-1.473438
	54522	-1.4641499999999998
	57304	-1.4552
	58928	-1.4536
	54515	-1.449014
	54816	-1.44781
	58637	-1.4473
	58658	-1.4472
	57887	-1.4431
	59316	-1.441
	59133	-1.4407
	58942	-1.4404
	59313	-1.4341
	59317	-1.4314
	56296	-1.4291
	54834	-1.423472
	56756	-1.4154
	59320	-1.4114
	58843	-1.4061
	57308	-1.4031
	57776	-1.3909
	56651	-1.3906
	54806	-1.390448
	57981	-1.3874
	58813	-1.3713
	54812	-1.3674
	57876	-1.3672
	54533	-1.359144
	57405	-1.3519
	58706	-1.3492
	54830	-1.339364
	59063	-1.3389
	59091	-1.3334
	54506	-1.332398
	58822	-1.3295
	59082	-1.3262
	56764	-1.326
	58546	-1.3237
	59310	-1.3163
	54640	-1.3145099999999998
	58715	-1.3084
	56146	-1.2928
	56492	-1.2892
	58713	-1.288
	54412	-1.2869899999999999
	59314	-1.2866
	57860	-1.2858
	56851	-1.2828
	59321	-1.281
	53899	-1.279766
	53682	-1.277014
	56399	-1.2764
	58820	-1.2762
	53892	-1.27538
	58558	-1.2749
	54534	-1.273574
	54525	-1.272886
	54725	-1.270134
	58718	-1.2674
	54632	-1.265318
	57871	-1.2618
	54535	-1.256632
	58911	-1.2554
	57306	-1.2517
	58634	-1.2508
	59071	-1.2355
	54824	-1.229628
	59304	-1.2252
	54523	-1.223694
	54531	-1.2233500000000002
	54631	-1.221544
	54502	-1.21948
	54541	-1.218792
	56199	-1.2147
	58941	-1.2131
	54421	-1.21002
	58625	-1.2097
	57870	-1.2077
	56298	-1.2012
	56297	-1.1997
	54606	-1.198496
	57763	-1.1976
	57771	-1.1887
	59502	-1.185
	58618	-1.1818
	54820	-1.180264
	54601	-1.17906
	56838	-1.1736
	54727	-1.170718
	56752	-1.1702
	54622	-1.169944
	54619	-1.1673639999999998
	59116	-1.1633
	54809	-1.16143
	53996	-1.153776
	57303	-1.1528
	53696	-1.151282
	54825	-1.1511959999999999
	56649	-1.1501
	53276	-1.14972
	56768	-1.1492
	57867	-1.1421
	54711	-1.138296
	57408	-1.1343
	58735	-1.1284
	59324	-1.1266
	57609	-1.1226
	58654	-1.1146
	53895	-1.112324
	53348	-1.112155
	56286	-1.1117
	58940	-1.1112
	56295	-1.1103
	54503	-1.109916
	54455	-1.10847
	58477	-1.1074
	57728	-1.1045
	53792	-1.1035519999999999
	54707	-1.100714
	54700	-1.10037
	54718	-1.09951
	58622	-1.0991
	57974	-1.0972
	54821	-1.0964999999999998
	54423	-1.0928019999999998
	54811	-1.091598
	54831	-1.084288
	54519	-1.081536
	53790	-1.078354
	54539	-1.0772359999999999
	54633	-1.075602
	54611	-1.073108
	54429	-1.071904
	58557	-1.0651
	54744	-1.059434
	56251	-1.0583
	57976	-1.0578
	54722	-1.05565
	54449	-1.055306
	59318	-1.0545
	56763	-1.0543
	53599	-1.053758
	57769	-1.0501
	57851	-1.0491
	54822	-1.0446419999999998
	53195	-1.0422500000000001
	58938	-1.0422
	54717	-1.0398260000000001
	57896	-1.0382
	56775	-1.0377
	57777	-1.0376
	54499	-1.0363
	53893	-1.036214
	53796	-1.03329
	59297	-1.0296
	56384	-1.0284
	54705	-1.0278720000000001
	54628	-1.027614
	53685	-1.0270119999999998
	54261	-1.024705
	57872	-1.0236
	57972	-1.0232
	58556	-1.0228
	59093	-1.0216
	58656	-1.0211
	57895	-1.0208
	54623	-1.016778
	54729	-1.016692
	58751	-1.014
	56190	-1.0114
	57762	-1.01
	53289	-1.0098
	56393	-1.0096
	53392	-1.0016420000000001
	54579	-0.9990200000000001
	54835	-0.994762
	50727	-0.9887350000000001
	53799	-0.986764
	57796	-0.9833
	58847	-0.9789
	54453	-0.9778450000000001
	56493	-0.9766
	56854	-0.9735
	53433	-0.97295
	54800	-0.9723160000000001
	54823	-0.965006
	54730	-0.964318
	58549	-0.9596
	54709	-0.959244
	58905	-0.9587
	58568	-0.9567
	57807	-0.9559
	56390	-0.9534
	56189	-0.9531
	57786	-0.9523
	57314	-0.9491
	56669	-0.9465
	57719	-0.9457
	59055	-0.945
	56697	-0.944
	53397	-0.94127
	53784	-0.9402379999999999
	54512	-0.939894
	54803	-0.938002
	58705	-0.9374
	53596	-0.9356800000000001
	54530	-0.9288000000000001
	54715	-0.925876
	54723	-0.9245
	56386	-0.9243
	56548	-0.9217
	54527	-0.91762
	54737	-0.917534
	54521	-0.91676
	58936	-0.9164
	53692	-0.914868
	54420	-0.9143519999999999
	58724	-0.9139
	54102	-0.9137700000000001
	54731	-0.912288
	57507	-0.911
	54776	-0.908848
	58666	-0.9084
	57966	-0.9077
	59113	-0.9041
	56186	-0.9028
	58754	-0.9027
	54710	-0.900592
	59270	-0.9005
	59117	-0.8991
	54301	-0.897754
	54703	-0.8973240000000001
	59322	-0.8966
	59500	-0.8952
	58619	-0.8944
	53486	-0.890702
	54645	-0.890702
	58742	-0.8867
	54507	-0.886316
	54617	-0.8839940000000001
	54425	-0.8813279999999999
	54540	-0.8810699999999999
	57402	-0.8788
	52982	-0.8776299999999999
	56782	-0.8748
	59102	-0.8742
	54292	-0.8698250000000001
	53513	-0.8692200000000001
	57899	-0.8683
	58903	-0.8671
	54810	-0.866708
	59426	-0.8667
	53419	-0.866195
	54511	-0.86559
	54437	-0.864988
	57891	-0.8648
	58927	-0.8638
	59838	-0.858917
	54836	-0.858452
	53446	-0.8584400000000001
	53689	-0.857334
	53894	-0.855012
	53083	-0.85426
	58837	-0.8542
	56842	-0.854
	56394	-0.8518
	57309	-0.8515
	54833	-0.8501960000000001
	53690	-0.84839
	54751	-0.846584
	54424	-0.846068
	56652	-0.8448
	53773	-0.8438319999999999
	54386	-0.8414450000000001
	54704	-0.840994
	53231	-0.837485
	59088	-0.8349
	54439	-0.8345440000000001
	59127	-0.831
	54708	-0.829642
	54293	-0.8271450000000001
	54615	-0.827062
	53512	-0.8267600000000002
	54738	-0.82646
	53688	-0.826116
	58612	-0.8247
	54636	-0.8237939999999999
	53463	-0.82324
	54520	-0.820698
	53343	-0.8195
	58934	-0.8191
	54706	-0.81614
	54608	-0.815624
	54805	-0.815194
	54624	-0.815022
	53795	-0.812958
	58907	-0.8127
	54431	-0.810206
	53149	-0.8080050000000001
	54701	-0.8072819999999999
	56485	-0.8056
	58550	-0.8041
	56444	-0.8041
	56684	-0.8031
	54778	-0.799112
	58627	-0.799
	57808	-0.799
	53420	-0.7983250000000001
	53367	-0.796565
	59501	-0.7965
	53791	-0.794898
	58821	-0.7936
	53490	-0.79335
	52988	-0.793178
	57772	-0.7931
	57816	-0.7923
	59124	-0.792
	53889	-0.7893079999999999
	56247	-0.7892
	56279	-0.7887
	54568	-0.7884800000000001
	54286	-0.7865
	54607	-0.7860400000000001
	53794	-0.783804
	54871	-0.78346
	53384	-0.7827600000000001
	53324	-0.7812750000000002
	54430	-0.7807080000000001
	56666	-0.7806
	57799	-0.7806
	56441	-0.7796
	58652	-0.7769
	54325	-0.776435
	57955	-0.7728
	54290	-0.7717050000000001
	53896	-0.77099
	53885	-0.7697
	53699	-0.768668
	54308	-0.768496
	56774	-0.7661
	56396	-0.766
	53695	-0.7654
	58614	-0.7652
	53891	-0.765142
	56291	-0.7624
	56491	-0.759
	50928	-0.75878
	54584	-0.756745
	56843	-0.7566
	54205	-0.753885
	50526	-0.751135
	54728	-0.74949
	54627	-0.748974
	58646	-0.7477
	53883	-0.747512
	58848	-0.7462
	57866	-0.7457
	54719	-0.744588
	55598	-0.74437
	56792	-0.7443
	54712	-0.740976
	56688	-0.7395
	56664	-0.7344
	54419	-0.733408
	53336	-0.732875
	57768	-0.7328
	54575	-0.7282550000000001
	54267	-0.727925
	58844	-0.725
	54434	-0.722572
	58834	-0.7204
	53522	-0.7152200000000001
	53464	-0.7130200000000001
	59842	-0.71276
	57964	-0.7122
	53781	-0.711306
	53519	-0.709235
	54274	-0.709115
	56395	-0.7065
	53694	-0.70649
	54517	-0.706146
	59109	-0.7044
	51377	-0.703175
	56742	-0.7018
	57881	-0.7003
	57679	-0.6991
	56767	-0.6977
	51356	-0.694595
	52875	-0.6917900000000001
	54702	-0.691612
	54726	-0.691526
	54476	-0.6905800000000001
	53697	-0.684388
	53469	-0.6818900000000001
	57773	-0.6799
	57604	-0.6695
	53492	-0.669166
	53691	-0.667704
	53985	-0.665898
	56766	-0.6656
	59278	-0.6639
	59072	-0.6625
	58615	-0.6623
	57914	-0.6603
	57798	-0.659
	54602	-0.655234
	53786	-0.653514
	54337	-0.6533450000000001
	54486	-0.6488900000000001
	53368	-0.6483400000000001
	53988	-0.6471499999999999
	54260	-0.6470750000000001
	57809	-0.6465
	56194	-0.6463
	54398	-0.64027
	53594	-0.63984
	56674	-0.6393
	50838	-0.6384400000000001
	50934	-0.6370650000000001
	53385	-0.635855
	53785	-0.635626
	53890	-0.6347659999999999
	54828	-0.633992
	56109	-0.63349
	53579	-0.6333040000000001
	53068	-0.632885
	55773	-0.632335
	53994	-0.632272
	54814	-0.632272
	53484	-0.63217
	53472	-0.63019
	56891	-0.6301
	54284	-0.6283200000000001
	53705	-0.6278119999999999
	53378	-0.6263400000000001
	56675	-0.6254
	53362	-0.6249100000000001
	59045	-0.6247
	53878	-0.623328
	59065	-0.6233
	54334	-0.621335
	54514	-0.6209199999999999
	50639	-0.620015
	58548	-0.62
	53841	-0.6191139999999999
	58745	-0.6191
	54399	-0.619028
	54093	-0.61743
	51465	-0.617045
	54660	-0.6160000000000001
	57766	-0.616
	59081	-0.6157
	59061	-0.6154
	57315	-0.614
	54734	-0.613868
	50987	-0.6138000000000001
	56543	-0.6136
	57825	-0.6133
	54808	-0.613008
	58933	-0.6103
	54616	-0.60974
	54901	-0.609568
	54614	-0.60888
	54819	-0.608708
	54012	-0.607365
	50632	-0.60698
	57605	-0.6068
	57779	-0.6056
	54597	-0.6047520000000001
	54925	-0.601484
	53698	-0.60071
	56593	-0.6006
	54921	-0.599506
	53992	-0.598474
	53898	-0.597184
	53981	-0.5969260000000001
	53908	-0.596582
	56462	-0.5945
	54076	-0.5935050000000001
	58946	-0.5935
	51369	-0.5933400000000001
	53491	-0.5909920000000001
	53759	-0.58996
	58931	-0.5891
	54922	-0.588756
	54428	-0.587896
	53467	-0.58784
	53852	-0.585058
	57789	-0.5839
	54714	-0.582822
	57780	-0.5821
	53995	-0.578006
	54843	-0.575512
	57905	-0.5717
	59125	-0.5715
	58569	-0.571
	52980	-0.567686
	59647	-0.567
	56790	-0.5665
	51469	-0.5662250000000001
	54236	-0.5655100000000001
	53673	-0.5639019999999999
	56643	-0.5628
	54774	-0.56244
	59851	-0.562277
	54285	-0.56133
	51573	-0.5605600000000001
	53974	-0.558226
	58932	-0.5568
	53466	-0.55627
	53798	-0.554872
	57502	-0.5541
	53272	-0.553795
	56197	-0.5532
	54276	-0.551045
	59280	-0.5472
	54563	-0.546205
	53986	-0.54223
	58749	-0.5408
	59064	-0.5408
	56886	-0.5408
	54618	-0.54008
	53678	-0.5386179999999999
	51495	-0.5381750000000001
	53475	-0.53801
	54908	-0.537242
	53680	-0.536726
	57767	-0.5364
	54377	-0.5361950000000001
	53457	-0.5354800000000001
	54252	-0.5350400000000001
	54596	-0.534404
	54613	-0.5332
	54404	-0.53062
	54713	-0.5301039999999999
	51435	-0.526625
	59052	-0.5258
	54612	-0.5252020000000001
	54621	-0.52417
	50524	-0.5232150000000001
	57718	-0.5231
	58750	-0.5228
	57003	-0.522536
	53593	-0.5203
	57900	-0.5203
	51365	-0.520135
	54802	-0.51987
	53780	-0.518236
	53590	-0.51815
	53917	-0.51815
	56307	-0.5165050000000001
	58567	-0.516
	57603	-0.5149
	55680	-0.51469
	54807	-0.5144519999999999
	54436	-0.512474
	57774	-0.5115
	50603	-0.511225
	56673	-0.5099
	54753	-0.506884
	54353	-0.506495
	53483	-0.5061100000000001
	53676	-0.50568
	53391	-0.5049
	54266	-0.504295
	51470	-0.5027
	54906	-0.5026700000000001
	53991	-0.502584
	52656	-0.502498
	50978	-0.501985
	54454	-0.5012150000000001
	53611	-0.500158
	56565	-0.5
	54919	-0.49983200000000005
	54513	-0.49888599999999994
	50527	-0.49874000000000007
	59294	-0.4979
	51655	-0.49676000000000003
	58537	-0.4965
	54263	-0.496375
	56290	-0.4933
	57318	-0.4922
	57760	-0.4917
	50833	-0.49164500000000005
	58544	-0.4915
	58624	-0.4907
	53782	-0.48959800000000003
	54528	-0.489512
	55294	-0.48917000000000005
	54433	-0.48891
	57011	-0.48830799999999996
	51433	-0.48757500000000004
	54157	-0.48741
	52681	-0.48641599999999996
	58032	-0.485384
	54920	-0.48521200000000003
	52986	-0.48486799999999997
	56116	-0.484055
	53997	-0.483664
	50525	-0.4833950000000001
	54716	-0.481342
	57758	-0.4811
	56746	-0.4799
	53897	-0.47859
	57411	-0.4771
	54777	-0.475924
	50979	-0.47531
	58644	-0.4739
	59293	-0.4737
	54505	-0.47368799999999994
	54837	-0.473516
	54346	-0.4732200000000001
	55589	-0.4732200000000001
	54935	-0.47317200000000004
	53789	-0.47274199999999994
	56745	-0.4722
	53993	-0.47205400000000003
	56862	-0.4711
	59099	-0.4709
	56883	-0.4708
	59843	-0.470298
	54374	-0.47003000000000006
	53681	-0.469044
	54432	-0.46844199999999997
	54313	-0.46761
	53488	-0.46749599999999997
	53499	-0.467238
	59126	-0.4672
	54569	-0.466455
	53797	-0.466292
	57957	-0.4662
	54610	-0.46508799999999995
	54662	-0.46337500000000004
	53787	-0.46233599999999997
	58747	-0.4613
	59306	-0.4594
	54497	-0.459195
	59004	-0.4586
	57317	-0.4585
	52874	-0.45743500000000004
	56382	-0.4541
	54213	-0.45408000000000004
	54594	-0.45382199999999995
	58710	-0.4528
	53707	-0.45243300000000003
	54752	-0.450554
	54832	-0.44763
	59654	-0.4473
	54604	-0.44676999999999994
	50873	-0.44555500000000003
	56585	-0.4449
	56944	-0.4446
	54318	-0.444448
	59453	-0.4439
	54749	-0.44160999999999995
	53850	-0.440406
	59227	-0.4386
	56751	-0.4371
	57956	-0.4364
	54914	-0.43619199999999997
	53687	-0.435934
	54416	-0.43550399999999995
	51358	-0.435215
	59757	-0.434454
	54408	-0.434214
	54039	-0.43241
	57915	-0.4303
	50647	-0.42944000000000004
	56331	-0.42911000000000005
	54603	-0.428108
	57678	-0.428
	58565	-0.4277
	54332	-0.42564500000000005
	54900	-0.425528
	54406	-0.42397999999999997
	54916	-0.423894
	50956	-0.42344500000000007
	54765	-0.421314
	55655	-0.42069500000000004
	54069	-0.4202
	54913	-0.419766
	59492	-0.4193
	50985	-0.41899000000000003
	57206	-0.4181
	53832	-0.41752999999999996
	54327	-0.41585500000000003
	58606	-0.414
	54349	-0.41398500000000005
	53880	-0.41383200000000003
	57995	-0.4134
	50834	-0.41299500000000006
	56383	-0.4122
	54918	-0.412198
	54501	-0.41194
	53863	-0.411596
	54644	-0.410736
	53873	-0.409618
	54804	-0.406178
	53588	-0.405662
	53619	-0.405621
	54620	-0.40548999999999996
	54342	-0.40414000000000005
	50953	-0.40238000000000007
	57911	-0.401
	54626	-0.40033
	53693	-0.39843799999999996
	53774	-0.39775
	54187	-0.39726500000000003
	51328	-0.39666
	56595	-0.3961
	54405	-0.39594399999999996
	54902	-0.395514
	54510	-0.394482
	54841	-0.391988
	53757	-0.390784
	54818	-0.39044
	55593	-0.38901500000000006
	54827	-0.387946
	54932	-0.386484
	51359	-0.38423
	58921	-0.3823
	53927	-0.38227
	56228	-0.381645
	53769	-0.38140999999999997
	58547	-0.3805
	54605	-0.379948
	52267	-0.37911500000000004
	54912	-0.378916
	52889	-0.37556199999999995
	59493	-0.3743
	57994	-0.3741
	58707	-0.3737
	54291	-0.37367000000000006
	56985	-0.373
	55696	-0.37251500000000004
	53928	-0.370832
	53602	-0.36784
	54903	-0.366876
	50853	-0.36663
	56490	-0.3665
	57792	-0.3659
	54905	-0.36558599999999997
	52983	-0.365156
	54472	-0.36498
	58814	-0.364
	56598	-0.3639
	54801	-0.363522
	53357	-0.36344000000000004
	53772	-0.362834
	58823	-0.3618
	55664	-0.36074500000000004
	50955	-0.359975
	56948	-0.3597
	50879	-0.35915
	58736	-0.3591
	58704	-0.359
	52674	-0.35818999999999995
	53886	-0.357072
	58543	-0.3567
	51378	-0.35607
	57886	-0.3559
	52447	-0.35561
	54861	-0.353976
	56497	-0.3539
	57211	-0.353546
	53872	-0.352514
	53517	-0.351671
	51367	-0.35134000000000004
	54910	-0.35130999999999996
	58607	-0.35
	50842	-0.3487
	53614	-0.34768699999999997
	54766	-0.347612
	53615	-0.34652499999999997
	50741	-0.34606000000000003
	51477	-0.34303500000000003
	59229	-0.343
	56092	-0.342796
	53879	-0.341248
	54936	-0.341248
	51463	-0.338195
	53989	-0.337206
	56380	-0.337
	52446	-0.33669
	54923	-0.336088
	52972	-0.33522500000000005
	54208	-0.334455
	56494	-0.3326
	56949	-0.3318
	58667	-0.3305
	53399	-0.328864
	53882	-0.32637
	50983	-0.32604
	53853	-0.325596
	54181	-0.323895
	53865	-0.320866
	54305	-0.3208150000000001
	57608	-0.3208
	54026	-0.32076000000000005
	53982	-0.320608
	56785	-0.3204
	59849	-0.32033
	50939	-0.320155
	59480	-0.3196
	57990	-0.3185
	57574	-0.3178
	52842	-0.317185
	54826	-0.315448
	56016	-0.31531500000000007
	57004	-0.31433
	51567	-0.31427000000000005
	53580	-0.313212
	53502	-0.31223500000000004
	54452	-0.31185
	59053	-0.3112
	52876	-0.31080500000000005
	59097	-0.3094
	54483	-0.30789
	51559	-0.307835
	53577	-0.307278
	57208	-0.3071
	56288	-0.3069
	54335	-0.30514
	54304	-0.304526
	54319	-0.30315
	53529	-0.29881500000000005
	58737	-0.2984
	55572	-0.298265
	54122	-0.29821000000000003
	59106	-0.2958
	58725	-0.2929
	50973	-0.290565
	53984	-0.290164
	54475	-0.288475
	52868	-0.28831
	58917	-0.287
	54072	-0.286825
	59758	-0.286649
	57508	-0.2865
	54929	-0.285262
	54254	-0.284625
	51467	-0.283855
	57699	-0.2835
	54113	-0.28281
	51438	-0.28248
	53866	-0.28208
	54169	-0.28165500000000004
	53674	-0.27975799999999995
	51379	-0.27786
	50767	-0.27659500000000004
	54759	-0.274684
	56273	-0.2741
	54248	-0.27291
	50958	-0.271645
	53533	-0.27126000000000006
	52884	-0.271158
	56641	-0.271
	56357	-0.2709
	53480	-0.26911500000000005
	54815	-0.26875
	50859	-0.26818000000000003
	56317	-0.26796000000000003
	56578	-0.266
	51482	-0.26499
	53352	-0.26444
	57217	-0.2644
	53888	-0.264192
	51572	-0.26394500000000004
	51436	-0.26350500000000004
	53478	-0.263074
	57002	-0.262214
	57978	-0.2602
	54336	-0.25938000000000005
	57853	-0.254
	58839	-0.2531
	57960	-0.2523
	53455	-0.25217500000000004
	52895	-0.252152
	50960	-0.25201
	53585	-0.251292
	54237	-0.25113
	54142	-0.249315
	54326	-0.24926
	50756	-0.24585
	53543	-0.24519000000000002
	56788	-0.2449
	53871	-0.24466999999999997
	52101	-0.24464
	50434	-0.24420000000000003
	54134	-0.24409
	54844	-0.243896
	58730	-0.2411
	54904	-0.241058
	58659	-0.2397
	54493	-0.239085
	54172	-0.23875500000000002
	59224	-0.2378
	54273	-0.237435
	58559	-0.2374
	50861	-0.23622500000000002
	54311	-0.234436
	54243	-0.23441000000000004
	53679	-0.23435
	56479	-0.2337
	50946	-0.233695
	54117	-0.23320000000000002
	56342	-0.23078
	53664	-0.228846
	50852	-0.228745
	59650	-0.2258
	57687	-0.2258
	52436	-0.22557799999999997
	58643	-0.2254
	56280	-0.2241
	50445	-0.22335500000000003
	53970	-0.22317
	58570	-0.2211
	53914	-0.22094599999999998
	52607	-0.21840500000000002
	54339	-0.21785500000000002
	54764	-0.21663400000000002
	59034	-0.2164
	59285	-0.2164
	59431	-0.2163
	53481	-0.21604
	52995	-0.214312
	53578	-0.211302
	59037	-0.2108
	54736	-0.21026999999999998
	56748	-0.2053
	54590	-0.20509500000000003
	53730	-0.204875
	59276	-0.2036
	54842	-0.20330399999999998
	51886	-0.202125
	54115	-0.20196000000000003
	55437	-0.20097
	50880	-0.20086000000000004
	53617	-0.197125
	54331	-0.19690000000000002
	53976	-0.195048
	57012	-0.19444599999999998
	50965	-0.193875
	53778	-0.19358599999999998
	53915	-0.193328
	54065	-0.193325
	51568	-0.19305
	54351	-0.19096000000000002
	50548	-0.190245
	54863	-0.189716
	57857	-0.1891
	57922	-0.1856
	58626	-0.1853
	53677	-0.18447
	56257	-0.1835
	58629	-0.1833
	53916	-0.18268299999999998
	56196	-0.1825
	57811	-0.1812
	54218	-0.18100500000000003
	50674	-0.18018
	53725	-0.18017
	54609	-0.17973999999999998
	52546	-0.177848
	54080	-0.176935
	54938	-0.176128
	56312	-0.17600000000000002
	50884	-0.174735
	53553	-0.17451500000000003
	56584	-0.1726
	54471	-0.17248000000000002
	56844	-0.1716
	53972	-0.170538
	50779	-0.168245
	57707	-0.1681
	59421	-0.166
	54915	-0.164862
	59454	-0.1643
	59940	-0.163255
	54049	-0.16324000000000002
	51329	-0.161645
	54214	-0.15928000000000003
	50442	-0.156365
	51434	-0.155705
	51839	-0.155485
	51526	-0.15466000000000002
	53498	-0.154026
	58935	-0.1527
	56128	-0.151745
	53573	-0.151102
	54927	-0.150758
	59478	-0.1501
	55681	-0.147455
	57781	-0.1469
	56846	-0.1467
	53983	-0.1462
	52533	-0.145598
	54371	-0.14421
	50892	-0.142615
	59074	-0.142
	56371	-0.1414
	57001	-0.141298
	53979	-0.140868
	57006	-0.140696
	54259	-0.13942500000000002
	53926	-0.137428
	50867	-0.13739
	53903	-0.137199
	51058	-0.13684000000000002
	57989	-0.1368
	52643	-0.13613799999999998
	58608	-0.136
	58562	-0.1357
	56276	-0.1353
	53768	-0.13459
	57517	-0.1339
	53764	-0.133644
	54817	-0.13287
	50750	-0.13277
	54909	-0.13269799999999998
	56475	-0.1314
	56195	-0.1302
	51931	-0.12991
	55591	-0.129195
	50888	-0.12859
	51353	-0.12760000000000002
	53662	-0.124442
	54098	-0.12364000000000001
	53612	-0.12076499999999998
	54362	-0.120065
	56783	-0.12
	57913	-0.1196
	53973	-0.118938
	57713	-0.1184
	58563	-0.1168
	50854	-0.11605
	50968	-0.11594
	54192	-0.11511500000000002
	52896	-0.11412200000000002
	52963	-0.11407
	56772	-0.1136
	56381	-0.1125
	57111	-0.11205799999999999
	53487	-0.11051
	53987	-0.11042399999999998
	54410	-0.10947799999999999
	57723	-0.1086
	59845	-0.107841
	56187	-0.1078
	56391	-0.1071
	53998	-0.10449
	50646	-0.10373
	54401	-0.102168
	59429	-0.1018
	56645	-0.1014
	54231	-0.10098000000000001
	53518	-0.09793999999999999
	59475	-0.0952
	56671	-0.095
	54031	-0.09476500000000002
	59249	-0.0939
	53748	-0.09374
	56278	-0.0903
	57717	-0.0889
	57505	-0.0874
	59417	-0.0866
	56496	-0.0856
	53965	-0.085484
	56091	-0.085484
	53545	-0.08382
	50940	-0.082115
	52378	-0.08035500000000001
	53783	-0.077486
	53954	-0.076368
	52576	-0.07546
	53663	-0.07189599999999999
	50862	-0.07161000000000001
	59059	-0.0703
	57093	-0.07026199999999999
	53925	-0.069058
	53848	-0.067424
	52652	-0.067424
	52985	-0.066994
	56385	-0.0647
	53582	-0.064586
	53884	-0.064156
	50425	-0.06385500000000001
	52323	-0.060629999999999996
	57510	-0.0605
	57814	-0.0594
	57882	-0.0589
	59213	-0.0588
	54316	-0.057475000000000005
	52998	-0.056931999999999996
	54907	-0.055642
	53618	-0.05561
	58530	-0.0539
	53760	-0.053492
	54724	-0.051772
	56147	-0.0515
	51542	-0.05126000000000001
	54041	-0.05049000000000001
	53547	-0.05038
	56691	-0.0499
	59452	-0.0476
	51656	-0.047575
	54063	-0.047025000000000004
	53666	-0.046096
	53775	-0.045494
	56263	-0.0446
	53562	-0.044550000000000006
	52885	-0.043344
	58435	-0.0431
	53862	-0.043000000000000003
	51346	-0.042075
	58731	-0.0415
	56976	-0.0395
	54323	-0.03938
	53763	-0.039216
	50871	-0.039105
	59122	-0.0388
	56223	-0.03844500000000001
	57079	-0.03569
	51571	-0.033935
	50739	-0.032395
	59058	-0.031
	50755	-0.03058
	54474	-0.030030000000000005
	57993	-0.0283
	54244	-0.027885000000000004
	51628	-0.025025000000000002
	58819	-0.0245
	52679	-0.02365
	57910	-0.0226
	54328	-0.021890000000000003
	53610	-0.020418
	52943	-0.019635000000000003
	56045	-0.017765000000000003
	50673	-0.016005000000000002
	54848	-0.015823999999999998
	56272	-0.0156
	51431	-0.014135000000000002
	56964	-0.0139
	56793	-0.0132
	56575	-0.0131
	50655	-0.01067
	53924	-0.00989
	51826	-0.007425
	53817	-0.006474
	50844	-0.005390000000000001
	56287	-0.0047
	51430	-0.00429
	50787	-0.003575
	54195	-0.00286
	51352	-0.00231
	58003	-7.74E-4
	53644	0.0
	57734	0.0030
	57110	0.004816
	55493	0.005610000000000001
	53821	0.006622
	53906	0.007396
	54161	0.007425
	53738	0.00989
	53723	0.010209
	59075	0.0115
	58542	0.0117
	53771	0.0129
	57113	0.0129
	59057	0.0134
	53856	0.013931999999999998
	51804	0.019085
	56781	0.0197
	50954	0.02035
	57761	0.0219
	54225	0.022165000000000004
	53869	0.022618
	54363	0.022935000000000004
	50431	0.023760000000000003
	53937	0.02451
	53868	0.024853999999999998
	56483	0.0256
	51330	0.025905000000000004
	59481	0.0269
	56592	0.0274
	52825	0.028655000000000003
	59656	0.0289
	54852	0.028982
	54165	0.029150000000000002
	50749	0.03036
	53877	0.030788
	52869	0.030855
	54156	0.033220000000000006
	53788	0.033626
	53651	0.034142
	57818	0.037
	51629	0.03762000000000001
	50950	0.037785
	57600	0.0395
	57883	0.0403
	51811	0.04389
	54855	0.043946
	57803	0.044
	50778	0.047135
	57821	0.0509
	56870	0.0517
	57813	0.0517
	57912	0.0522
	57737	0.0523
	51145	0.056265
	56095	0.05684600000000001
	50758	0.063415
	50858	0.06352500000000001
	56882	0.0636
	53860	0.064414
	58616	0.0657
	52745	0.066385
	57509	0.0667
	53660	0.06708
	57204	0.0692
	53574	0.069488
	52645	0.07034500000000002
	57671	0.0709
	53575	0.07241199999999999
	56376	0.0733
	53754	0.07335799999999999
	56389	0.0741
	50772	0.07436
	56181	0.0748
	53975	0.077314
	57090	0.077572
	58647	0.0785
	56227	0.079585
	51855	0.079695
	53861	0.080152
	57949	0.0806
	53770	0.08066799999999999
	59114	0.0825
	57081	0.08342000000000001
	52112	0.08679
	57623	0.0876
	59238	0.0877
	57988	0.0891
	57832	0.0892
	59254	0.0899
	54911	0.09021399999999999
	52984	0.090902
	54494	0.09157500000000002
	53576	0.092536
	59451	0.0945
	55279	0.09537000000000001
	53777	0.097008
	51639	0.09784500000000002
	58506	0.1001
	53505	0.102135
	57584	0.1026
	57134	0.102942
	54249	0.10296000000000001
	54064	0.1034
	53854	0.104146
	53944	0.104662
	53750	0.105092
	59425	0.1051
	54094	0.10538
	54096	0.105545
	52602	0.10626000000000002
	52203	0.10752500000000001
	54338	0.11341000000000001
	54135	0.11489500000000001
	54324	0.11495000000000001
	54320	0.1155
	59255	0.1155
	57824	0.117
	51642	0.118525
	56498	0.1199
	56582	0.1223
	59211	0.1224
	53659	0.123324
	54047	0.12336500000000002
	57519	0.1248
	57105	0.125044
	56043	0.12793000000000002
	58002	0.12848400000000001
	59027	0.1289
	51357	0.12925
	57806	0.1297
	59673	0.1321
	54347	0.13244
	59256	0.1334
	50136	0.13365000000000002
	57072	0.13373
	53658	0.13416
	54939	0.134504
	57735	0.1378
	50742	0.138985
	57216	0.1412
	56096	0.141212
	57827	0.1434
	56670	0.1444
	52862	0.14443
	53962	0.145426
	58448	0.1466
	52833	0.14729
	58449	0.1504
	59653	0.151
	56739	0.1512
	59265	0.1547
	53829	0.1548
	53646	0.155488
	54940	0.156864
	57071	0.157638
	52855	0.15862
	59094	0.1606
	50658	0.162855
	54164	0.165495
	59289	0.1674
	56975	0.1674
	50788	0.168355
	56489	0.1719
	53859	0.172086
	54186	0.17369000000000004
	54851	0.17432199999999998
	54470	0.17451500000000003
	56192	0.175612
	53564	0.17629999999999998
	56281	0.1766
	56881	0.1786
	58642	0.1793
	57800	0.1797
	57021	0.18017
	50936	0.180235
	51802	0.18216000000000002
	54234	0.182765
	53910	0.18326399999999998
	59435	0.1838
	59750	0.1844
	54099	0.18507500000000002
	50962	0.18623000000000003
	57680	0.1891
	53567	0.189114
	52968	0.18931
	57729	0.19
	53923	0.19006
	56021	0.19101500000000002
	53857	0.19135
	53957	0.192038
	50878	0.192445
	57489	0.1934
	56961	0.1958
	58438	0.1965
	56840	0.1968
	58748	0.1974
	53959	0.198144
	58845	0.1985
	51334	0.19893500000000003
	56665	0.2011
	59230	0.2018
	56571	0.2033
	57014	0.203734
	51765	0.20383
	52863	0.20493
	56167	0.205
	56991	0.2057
	57614	0.2057
	53756	0.206142
	53704	0.206255
	51232	0.20938500000000002
	57119	0.21198999999999998
	58404	0.2131
	56946	0.2133
	59419	0.2135
	57643	0.2135
	59001	0.2136
	50557	0.21433500000000003
	50468	0.21543500000000002
	56198	0.217
	56586	0.2193
	58734	0.2202
	50937	0.22148500000000002
	53881	0.222108
	57739	0.2252
	54154	0.225445
	50964	0.22654500000000002
	59033	0.2273
	56144	0.2275
	53978	0.22772799999999999
	53955	0.227986
	57124	0.22858799999999999
	52787	0.22901799999999997
	56839	0.2292
	52957	0.23034000000000002
	52974	0.23078
	59287	0.232
	54321	0.232375
	59951	0.232574
	54755	0.23306000000000002
	52557	0.234436
	56594	0.2361
	57091	0.236242
	53776	0.236758
	56004	0.23941500000000002
	57985	0.2406
	59228	0.2421
	59847	0.242771
	51133	0.24475000000000002
	56434	0.24508000000000002
	59854	0.24524300000000002
	54846	0.24810999999999997
	58804	0.2501
	57674	0.2515
	50948	0.253385
	56885	0.2562
	58041	0.2576
	56950	0.2582
	56646	0.2606
	58462	0.261
	58427	0.2638
	54027	0.26631000000000005
	52633	0.266915
	53956	0.26849199999999995
	51707	0.27043500000000004
	53810	0.270912
	53934	0.271416
	56033	0.27324000000000004
	57954	0.2746
	57958	0.2761
	56374	0.2787
	59266	0.2792
	57666	0.2793
	56867	0.2814
	57902	0.2814
	50774	0.28193
	53930	0.283886
	59290	0.2848
	51636	0.285725
	51156	0.28677
	58609	0.287
	54917	0.288444
	57805	0.2893
	58040	0.2913
	57889	0.2914
	51828	0.29216000000000003
	51087	0.29249
	54092	0.29403
	57991	0.2969
	59041	0.2977
	58359	0.3019
	57020	0.30229
	56872	0.3037
	57041	0.30392399999999997
	50963	0.305745
	57126	0.30676200000000003
	56487	0.3087
	56180	0.3113
	53753	0.31605
	56184	0.3168
	53874	0.31828599999999996
	57663	0.32
	51468	0.320925
	59848	0.320948
	59288	0.3218
	57106	0.322586
	52418	0.322758
	57558	0.3238
	59457	0.3242
	55228	0.32444500000000004
	52993	0.325338
	56094	0.32568199999999997
	58501	0.328
	51633	0.32824000000000003
	51827	0.32873500000000005
	54438	0.329466
	53806	0.32984199999999997
	59046	0.3304
	56876	0.3314
	57837	0.3314
	57035	0.332648
	57583	0.3329
	58419	0.3342
	57842	0.3366
	57923	0.3375
	53942	0.33772199999999997
	51708	0.33803000000000005
	50851	0.338855
	56569	0.3398
	57828	0.3405
	59284	0.3417
	52515	0.342452
	58013	0.3436
	57076	0.346408
	58457	0.3501
	53767	0.35070799999999996
	57525	0.3528
	58484	0.3534
	57745	0.3567
	57741	0.3573
	51717	0.358985
	51722	0.36107500000000003
	53961	0.363092
	59473	0.3645
	58818	0.3646
	56284	0.366
	57007	0.367048
	58034	0.368596
	56480	0.3687
	56387	0.3701
	50656	0.37152500000000005
	57710	0.372
	58701	0.375
	51238	0.376035
	53727	0.37765
	59090	0.3778
	57720	0.3791
	53565	0.380378
	56373	0.3832
	56106	0.38544
	59476	0.3866
	54226	0.39226
	58030	0.394052
	53963	0.394568
	55690	0.39561500000000005
	52996	0.39637399999999995
	58011	0.39646000000000003
	53845	0.39706199999999997
	50945	0.39919000000000004
	56065	0.400015
	58036	0.4005
	51730	0.40309500000000004
	59279	0.4068
	56869	0.4078
	57637	0.4086
	58512	0.4099
	58038	0.4103
	56183	0.4103
	58744	0.4144
	50566	0.414425
	53966	0.414606
	54171	0.41811000000000004
	59209	0.4189
	57742	0.4189
	59241	0.419
	56034	0.41904500000000006
	57635	0.4194
	56951	0.4205
	51815	0.42196000000000006
	56786	0.422
	58664	0.4233
	52955	0.425425
	57024	0.43344
	59856	0.433527
	51709	0.43356500000000003
	50564	0.43741500000000005
	57080	0.43816999999999995
	58431	0.4405
	59659	0.4437
	58693	0.4448
	50247	0.44511500000000004
	57846	0.4475
	57738	0.4492
	52707	0.44957
	52797	0.450984
	57834	0.4514
	53735	0.45261799999999996
	58358	0.453
	57313	0.4551
	52866	0.45672000000000007
	50775	0.45727000000000007
	52661	0.45752000000000004
	56081	0.45829400000000003
	59031	0.4609
	56151	0.46370500000000003
	53665	0.46388399999999996
	53953	0.464572
	57537	0.4674
	56178	0.4681
	58657	0.4689
	53584	0.473516
	52836	0.47630000000000006
	57754	0.478
	51705	0.48152500000000004
	58426	0.4838
	53732	0.48493500000000006
	52737	0.4862
	57996	0.4896
	56029	0.49395500000000003
	58923	0.4953
	57577	0.4984
	57518	0.4989
	56996	0.5014
	56966	0.5033
	52818	0.5054500000000001
	51241	0.5083650000000001
	58510	0.5128
	56871	0.5143
	55248	0.51656
	57025	0.51815
	51814	0.5184300000000001
	58746	0.5191
	59298	0.5208
	57037	0.524084
	56982	0.5244
	56952	0.5252
	52657	0.5254700000000001
	57033	0.53148
	53941	0.532082
	59488	0.5342
	59477	0.5351
	59205	0.5361
	58020	0.54352
	56889	0.5462
	58620	0.5489
	57016	0.5504
	57083	0.550916
	54287	0.5511550000000001
	59640	0.5555
	58450	0.556
	59269	0.5565
	57494	0.5591
	57213	0.5620959999999999
	59462	0.5629
	58502	0.563
	59441	0.5642
	58436	0.5655
	56093	0.5655359999999999
	58523	0.5656
	59007	0.5665
	56977	0.568
	59754	0.5687
	56880	0.5687
	58514	0.5732
	58918	0.5769
	58021	0.579554
	56289	0.5802
	59655	0.5803
	53948	0.582478
	58432	0.592
	57493	0.592
	57506	0.5924
	58416	0.5961
	57026	0.597958
	53669	0.598044
	53864	0.5983879999999999
	58420	0.5984
	57498	0.5985
	57065	0.59899
	58534	0.5991
	57085	0.6002799999999999
	56267	0.6012
	59449	0.6024
	59023	0.603
	54945	0.603204
	57722	0.6044
	56994	0.6127
	51818	0.6139650000000001
	51068	0.6144050000000001
	56478	0.616
	58453	0.618
	51720	0.6182000000000001
	57992	0.6186
	59242	0.6191
	50659	0.6211150000000001
	56499	0.6212
	56046	0.621225
	59470	0.622
	57793	0.6234
	52754	0.6239200000000001
	57921	0.6254
	57008	0.625736
	59087	0.6289
	59448	0.6334
	53751	0.63683
	57575	0.6383
	53875	0.638378
	57102	0.639668
	54857	0.640528
	53931	0.641302
	57028	0.642334
	51704	0.6430600000000001
	59471	0.6443
	56879	0.6456
	51711	0.6471850000000001
	59044	0.6475
	56285	0.6478
	57585	0.6492
	56992	0.6502
	59022	0.6515
	56970	0.6515
	50246	0.6542250000000001
	57496	0.6562
	53929	0.657212
	57822	0.6615
	56473	0.6624
	58459	0.6637
	57055	0.666844
	57127	0.669252
	56080	0.6742400000000001
	57027	0.6757019999999999
	54853	0.6798299999999999
	57044	0.680346
	56188	0.6806
	58429	0.6811
	53740	0.68284
	57835	0.6861
	52765	0.6872800000000001
	51810	0.6875
	56580	0.6877
	53945	0.687742
	59487	0.6886
	57554	0.6908
	54132	0.6928350000000001
	59017	0.6973
	57022	0.6984060000000001
	57060	0.6991799999999999
	57744	0.6998
	57606	0.7023
	54849	0.70477
	58912	0.7049
	51829	0.7062
	57049	0.70821
	51716	0.7104900000000001
	58027	0.7138
	56193	0.7164
	57906	0.7225
	57042	0.7243780000000001
	53938	0.7267859999999999
	56873	0.727
	51076	0.7283100000000001
	58531	0.7287
	52853	0.73348
	59038	0.7337
	57688	0.7351
	57052	0.7371059999999999
	58423	0.7394
	53968	0.7432979999999999
	59485	0.7444
	57511	0.7475
	57034	0.750694
	58527	0.7522
	59012	0.7547
	57564	0.7551
	53964	0.75766
	58503	0.758
	58012	0.7591
	58016	0.7621
	58415	0.7643
	58454	0.7648
	59644	0.7676
	53967	0.7693559999999999
	58508	0.7699
	57698	0.7719
	57054	0.772452
	58022	0.779848
	57414	0.7841
	59235	0.7847
	57074	0.7862979999999999
	57948	0.7917
	59246	0.7955
	58460	0.7985
	58026	0.7996
	57512	0.8004
	59954	0.8031940000000001
	59945	0.803915
	57926	0.8098
	57661	0.811
	57324	0.8123
	57581	0.8166
	59264	0.8171
	59025	0.8175
	53949	0.8254279999999999
	59051	0.8283
	59237	0.8289
	51060	0.830335
	58520	0.8323
	58605	0.8347
	56863	0.8369
	58407	0.8375
	57662	0.8377
	57128	0.844692
	51137	0.8463400000000001
	57565	0.8471
	58047	0.8476
	59658	0.8481
	57582	0.8496
	59268	0.8544
	53958	0.856904
	57029	0.86344
	57841	0.8666
	56969	0.8676
	57682	0.8689
	57612	0.8782
	56164	0.879
	59663	0.8793
	57499	0.8822
	57477	0.8823
	57736	0.8843
	56067	0.8869300000000001
	58035	0.8908
	51627	0.89529
	58025	0.897668
	57082	0.899216
	57573	0.8993
	57096	0.9002479999999999
	58418	0.9026
	51644	0.9045300000000001
	57040	0.906956
	56849	0.9088
	58017	0.9129760000000001
	57731	0.9155
	58044	0.9166
	58414	0.9201
	56898	0.9208
	58004	0.922264
	57075	0.926306
	58433	0.9292
	52978	0.9299179999999999
	58507	0.9348
	58455	0.937
	54943	0.9388619999999999
	57061	0.94471
	57485	0.945
	56984	0.9473
	58446	0.9474
	57655	0.9475
	53950	0.951934
	57908	0.9577
	57669	0.962
	58463	0.9686
	59456	0.9718
	59218	0.9733
	57636	0.9752
	57023	0.9773040000000001
	57536	0.9805
	58461	0.9813
	56958	0.9813
	58335	0.9841
	56171	0.9848
	57566	0.9852
	58421	0.9889
	57030	0.9924399999999999
	57907	0.9955
	56841	0.9964
	57031	0.998202
	57053	0.998202
	59047	1.0004
	56082	1.007404
	57320	1.0084
	58517	1.0142
	51053	1.0197
	57844	1.0231
	57084	1.02426
	57516	1.0293
	56962	1.0317
	58424	1.036
	57070	1.040256
	59446	1.0458
	58451	1.0475
	58006	1.055736
	58024	1.057026
	57409	1.0613
	57063	1.063992
	58846	1.0683
	58008	1.0684639999999999
	57571	1.0718
	53947	1.079816
	58401	1.0868
	57368	1.0951
	57399	1.0955
	57492	1.0962
	58408	1.0973
	57696	1.0974
	58458	1.0983
	57417	1.0989
	56778	1.1031
	57586	1.1072
	58601	1.1083
	58417	1.1104
	59631	1.1121
	59469	1.1132
	58441	1.117
	58111	1.123676
	57694	1.1313
	58519	1.1328
	57032	1.1352
	59015	1.1384
	56654	1.1395
	58048	1.1453
	57673	1.1491
	58464	1.1502
	58336	1.1508
	58321	1.1569
	58468	1.157
	58331	1.158
	57045	1.159624
	50349	1.165945
	56074	1.1724379999999999
	58402	1.173
	57894	1.1741
	58113	1.1755
	57043	1.177254
	58337	1.18
	57903	1.1835
	57129	1.184392
	57714	1.1909
	57048	1.192132
	57413	1.1989
	57839	1.2012
	57927	1.2023
	58428	1.2094
	57469	1.2138
	57483	1.22
	57137	1.222834
	56172	1.2273
	56959	1.232
	56954	1.2333
	57491	1.2337
	57038	1.237798
	59427	1.2389
	57640	1.2401
	58101	1.2438179999999999
	58361	1.2441
	57274	1.251472
	58045	1.252
	57057	1.2527620000000002
	56875	1.2577
	57326	1.2583
	53935	1.281314
	58467	1.2819
	58007	1.283464
	58338	1.2853
	58317	1.2869
	57642	1.2889
	58326	1.2961
	57066	1.303674
	58005	1.30677
	58319	1.3078
	57513	1.312
	57281	1.31494
	57182	1.3291300000000001
	57086	1.331796
	59021	1.3324
	57589	1.3449
	58452	1.3458
	59855	1.3474460000000001
	57732	1.3488
	57047	1.353898
	57099	1.35493
	57187	1.359488
	57942	1.3616
	58131	1.3621
	57094	1.362756
	57932	1.3628
	57067	1.36439
	58329	1.3683
	57859	1.3704
	57328	1.3743
	57845	1.3766
	57056	1.384256
	57195	1.386578
	57378	1.3938
	57183	1.401886
	57486	1.411
	58150	1.4115
	57475	1.4125
	57829	1.4169
	57936	1.4221
	58001	1.427084
	58100	1.427858
	57740	1.4279
	50776	1.42923
	57087	1.4304379999999999
	57476	1.4308
	57191	1.430868
	56474	1.4328
	58409	1.4339
	56071	1.447294
	57743	1.4485
	57051	1.451336
	58116	1.459
	58443	1.4627
	57438	1.4675
	57176	1.469052
	57046	1.4694820000000002
	57078	1.473008
	58602	1.4759
	58015	1.4795
	51059	1.4816450000000003
	59664	1.4819
	57132	1.4867679999999999
	58102	1.4872
	57647	1.4874
	57840	1.4897
	57169	1.490466
	58456	1.4915
	56152	1.4956
	58340	1.4971
	58345	1.4988
	56168	1.5004
	58339	1.5011
	58320	1.5045
	59635	1.5075
	58316	1.5137
	57273	1.5219420000000001
	58158	1.5238
	56079	1.5301
	58509	1.5412
	58334	1.5414
	59215	1.5482
	57415	1.5519
	57039	1.5682099999999999
	58500	1.5732
	57184	1.573456
	57947	1.5795
	57192	1.582916
	58327	1.5895
	58437	1.5961
	57625	1.6068
	58472	1.6118
	57098	1.611898
	58269	1.6147
	57140	1.619724
	57198	1.626518
	59632	1.6271
	56173	1.6292
	57708	1.6347
	58529	1.6349
	57590	1.6476
	57752	1.6496
	56097	1.65
	56182	1.6505
	57095	1.651888
	58323	1.6544
	59271	1.6605
	56987	1.6639
	57545	1.6658
	57185	1.667884
	57909	1.672
	58442	1.6739
	58330	1.6743
	57646	1.6761
	57178	1.676226
	57193	1.6948880000000002
	57089	1.699876
	57562	1.7041
	58251	1.7127
	57292	1.715872
	59941	1.7227780000000001
	57649	1.7261
	57232	1.7279980000000001
	57520	1.7467
	57522	1.7508
	57242	1.7626559999999998
	58130	1.7632
	57514	1.7633
	57540	1.7637
	57175	1.767042
	58049	1.7687
	56185	1.7717
	57271	1.774696
	57395	1.7751
	57233	1.776502
	57633	1.7778
	58356	1.7783
	58147	1.78
	57420	1.7835
	56777	1.7867
	57177	1.794304
	56973	1.7963
	57077	1.80127
	57179	1.8333480000000002
	57657	1.8334
	57173	1.8447859999999998
	57396	1.8455599999999999
	57941	1.8463
	57238	1.849774
	57181	1.8560519999999998
	58369	1.8566
	57162	1.86233
	57595	1.8642
	58154	1.8643
	58146	1.8776
	57188	1.878584
	58243	1.8837
	57416	1.8997
	57481	1.9167
	57355	1.9312
	57261	1.9321620000000002
	57462	1.9379
	57143	1.9464380000000001
	58207	1.9517699999999998
	58140	1.9639
	57186	1.9644119999999998
	58205	1.9725819999999998
	57389	1.9799
	57189	1.9827299999999999
	57144	1.982988
	57245	1.98531
	57194	1.9901259999999998
	57466	1.9907
	58301	2.019538
	57461	2.0227
	56978	2.0472
	57231	2.051444
	58238	2.0538
	57482	2.0615
	57437	2.0648
	57285	2.083436
	58306	2.0839
	57439	2.084
	57180	2.084812
	58314	2.0871
	57294	2.097282
	57460	2.0995
	58824	2.1164
	58126	2.118
	57385	2.1196
	58367	2.125
	57293	2.127124
	57254	2.130908
	57598	2.1379
	57295	2.139078
	57398	2.1774
	57343	2.181648
	57329	2.1924
	58202	2.2018
	57523	2.2103
	58104	2.218198
	57153	2.22267
	56038	2.2239
	57426	2.2359
	57658	2.2405
	58311	2.2412
	59948	2.250447
	57297	2.253372
	57260	2.265
	57156	2.271088
	58210	2.2843
	58212	2.3012
	57154	2.310218
	57247	2.314346
	58241	2.3192
	57339	2.3238
	58125	2.331
	57425	2.3313
	58600	2.3419
	56989	2.3446
	58138	2.3474
	57290	2.347886
	58230	2.3502
	56878	2.3581
	57296	2.371364
	59626	2.3733
	57377	2.3745
	58143	2.3997
	58254	2.3999
	56995	2.4196
	57197	2.4238239999999998
	58139	2.4265
	57196	2.42778
	57370	2.4285
	57544	2.4289
	57155	2.430016
	57265	2.437
	58128	2.447
	58148	2.4508
	57465	2.4514
	58221	2.458
	57361	2.4729
	58365	2.4929
	58259	2.495
	58240	2.5081
	57634	2.5157
	58222	2.5269
	57253	2.5325
	58346	2.5329
	57256	2.5408
	58265	2.5438
	58366	2.5446
	58245	2.5495
	57464	2.5511
	58264	2.5578
	57298	2.560478
	58244	2.5709
	57248	2.571572
	57349	2.5854
	57333	2.5962
	57388	2.5973
	58255	2.618
	57541	2.6236
	58223	2.6286
	58342	2.6354
	57363	2.638
	57359	2.6492
	58234	2.6544
	58224	2.6694
	58145	2.688
	57387	2.7026
	58122	2.7135
	57432	2.716
	58132	2.7232
	58225	2.7237
	57381	2.725
	58114	2.7441
	58141	2.7626
	57299	2.7945699999999998
	58107	2.8284
	58203	2.8363
	58268	2.8565
	57259	2.8623
	58352	2.8629
	58109	2.8751
	57431	2.8866
	57257	2.8905
	58215	2.8976
	58242	2.9141
	58214	2.9537
	57345	2.9638
	58236	2.9815
	58118	2.9823
	57251	3.023
	57348	3.0324
	58129	3.0347
	58257	3.0568
	58377	3.0701
	57543	3.077
	58208	3.079918
	58360	3.0861
	58127	3.0862
	57390	3.097806
	58220	3.1133
	58108	3.1192
	58354	3.1389
	58362	3.1442
	58135	3.1501
	57249	3.1717
	58249	3.1775
	58246	3.1809
	57358	3.1887
	58344	3.1925
	58117	3.2135
	58343	3.225
	58237	3.236
	58250	3.2468
	57445	3.2565
	58247	3.3207
	58351	3.3601
	58341	3.3629
	58235	3.4205
	57362	3.4611
	57278	3.5237
	57279	3.5247
	57451	3.5982
	57447	3.7008
	57268	3.767
	58353	3.9422
