	53961	-1.7055
	54608	-1.645
	57067	-1.5824
	58002	-1.5824
	54609	-1.5652
	54804	-1.559
	53488	-1.5131
	56094	-1.4972
	53962	-1.4871
	53490	-1.4403
	57041	-1.4395
	57140	-1.414
	53966	-1.4077
	53963	-1.3998
	57040	-1.3974
	53995	-1.3869
	53599	-1.3831
	54213	-1.3782
	53996	-1.3776
	56376	-1.3751
	57077	-1.361
	57070	-1.3584
	55228	-1.3566
	56567	-1.3517
	57042	-1.3517
	54919	-1.3502
	53941	-1.3464
	54455	-1.3348
	52908	-1.3338
	53446	-1.3247
	53944	-1.3152
	59017	-1.3121
	58017	-1.3101
	54945	-1.3059
	58007	-1.3008
	56152	-1.2978
	54917	-1.2928
	53464	-1.275
	53947	-1.2671
	53866	-1.2635
	53964	-1.2468
	53861	-1.2463
	53455	-1.2424
	54012	-1.2416
	57906	-1.2364
	57065	-1.2361
	53992	-1.2306
	56378	-1.23
	58016	-1.2179
	57044	-1.2134
	54218	-1.2129
	53753	-1.2087
	58001	-1.2083
	53773	-1.2004
	58015	-1.2
	53466	-1.1966
	53463	-1.1961
	53979	-1.1955
	58143	-1.1954
	54505	-1.1939
	54935	-1.1924
	53957	-1.1904
	54909	-1.19
	57033	-1.1897
	58011	-1.1868
	57084	-1.1851
	53841	-1.1841
	54541	-1.1825
	54349	-1.1821
	57153	-1.1797
	57037	-1.1757
	54923	-1.1721
	58049	-1.1698
	54501	-1.1594
	54511	-1.1587
	53756	-1.1583
	54857	-1.1559
	54929	-1.1546
	54820	-1.1442
	57154	-1.144
	57251	-1.1415
	53893	-1.1382
	58020	-1.1374
	53955	-1.137
	54936	-1.1354
	54540	-1.1322
	54214	-1.1312
	53457	-1.1308
	57046	-1.1303
	54907	-1.1259
	53954	-1.1245
	54940	-1.117
	53998	-1.1128
	53392	-1.1113
	56757	-1.0983
	53580	-1.0971
	57313	-1.094
	57029	-1.0886
	56084	-1.0836
	57126	-1.0826
	58005	-1.0818
	54499	-1.0801
	53956	-1.0794
	53993	-1.0759
	57071	-1.073
	57144	-1.0726
	53868	-1.0724
	53970	-1.072
	54932	-1.0709
	57162	-1.0706
	57055	-1.0692
	56646	-1.0679
	53584	-1.0578
	54939	-1.0576
	54510	-1.0522
	57087	-1.0493
	58027	-1.0493
	53475	-1.048
	53760	-1.0479
	54596	-1.0452
	54943	-1.0419
	58045	-1.0395
	57075	-1.0315
	54513	-1.0311
	54662	-1.0263
	58116	-1.0258
	53499	-1.0252
	54474	-1.0226
	56004	-1.0224
	53469	-1.0197
	53757	-1.0166
	54449	-1.0127
	54027	-1.0125
	59211	-1.0107
	53492	-1.0099
	54533	-1.0089
	54430	-1.0075
	58048	-1.0069
	57106	-1.0061
	54512	-1.0018
	56081	-1.0003
	54817	-0.9969
	54597	-0.9964
	54853	-0.9964
	53487	-0.996
	57056	-0.9955
	57099	-0.9936
	57900	-0.9917
	53690	-0.9904
	53885	-0.9884
	57909	-0.985
	52643	-0.9844
	54836	-0.9843
	59027	-0.9835
	57086	-0.9748
	54454	-0.9729
	54437	-0.9718
	57232	-0.9711
	57907	-0.9711
	58008	-0.9706
	57035	-0.9697
	57048	-0.9685
	57129	-0.9679
	54429	-0.9677
	56654	-0.9665
	53848	-0.9646
	59001	-0.9635
	57233	-0.9627
	54531	-0.9575
	58013	-0.9573
	57315	-0.9569
	53982	-0.9534
	54520	-0.9518
	57081	-0.9501
	57306	-0.9498
	57054	-0.9493
	58041	-0.9456
	59941	-0.9448
	56652	-0.9433
	54906	-0.9419
	53950	-0.9405
	58140	-0.9391
	53681	-0.9386
	53799	-0.9382
	59945	-0.938
	53949	-0.9374
	57057	-0.9348
	54920	-0.9344
	54259	-0.932
	54401	-0.9296
	54134	-0.9242
	56772	-0.9218
	53480	-0.9208
	54399	-0.9184
	54471	-0.9168
	54539	-0.9138
	56977	-0.9114
	54425	-0.9113
	57080	-0.911
	54072	-0.9099
	53896	-0.9087
	53899	-0.9085
	53378	-0.906
	57134	-0.906
	54319	-0.9037
	52842	-0.9024
	56782	-0.9022
	57047	-0.9013
	56978	-0.8973
	58026	-0.8944
	57074	-0.894
	56846	-0.8934
	54925	-0.8923
	54514	-0.8905
	53484	-0.8891
	57124	-0.8884
	54904	-0.887
	58038	-0.8847
	54408	-0.8834
	58034	-0.8834
	54483	-0.8832
	58044	-0.8822
	54398	-0.88
	56863	-0.8785
	54846	-0.8783
	54640	-0.8772
	57038	-0.8759
	54569	-0.875
	58132	-0.8744
	56987	-0.8718
	54826	-0.8717
	54900	-0.8715
	56691	-0.8711
	54800	-0.871
	54815	-0.8705
	50928	-0.8697
	58047	-0.8657
	54519	-0.8647
	57063	-0.8643
	53854	-0.8642
	53472	-0.8592
	54412	-0.8573
	54617	-0.8556
	56228	-0.8554
	53889	-0.8536
	54530	-0.8521
	56768	-0.8519
	54026	-0.8515
	57072	-0.8505
	53491	-0.848
	53877	-0.8477
	53948	-0.8455
	53978	-0.8454
	56675	-0.845
	56649	-0.8438
	57193	-0.8407
	54905	-0.8393
	53984	-0.8377
	57094	-0.8369
	57049	-0.8361
	53565	-0.836
	54938	-0.8321
	57908	-0.8319
	54922	-0.8294
	56843	-0.8291
	59854	-0.8279
	54902	-0.8277
	56147	-0.8274
	53486	-0.8253
	50940	-0.8251
	56645	-0.8246
	53397	-0.8244
	54914	-0.8223
	54534	-0.8221
	53895	-0.8191
	54424	-0.819
	58021	-0.817
	53892	-0.8154
	53897	-0.8145
	54523	-0.8099
	54432	-0.8095
	56842	-0.8072
	57076	-0.8068
	54261	-0.8067
	54812	-0.8056
	57085	-0.8055
	58102	-0.8038
	58006	-0.8025
	54428	-0.7997
	57156	-0.7991
	57253	-0.7979
	54113	-0.7972
	53748	-0.7964
	54069	-0.7949
	54476	-0.7937
	54814	-0.7937
	53357	-0.7928
	56786	-0.7922
	57216	-0.7908
	53983	-0.7906
	54903	-0.7902
	57119	-0.7901
	59954	-0.7883
	56666	-0.7877
	54631	-0.7876
	54535	-0.7833
	53856	-0.7822
	56793	-0.7807
	53852	-0.7795
	57211	-0.7787
	57096	-0.7775
	53498	-0.7765
	53483	-0.7753
	56949	-0.7753
	57143	-0.7739
	50915	-0.7729
	51886	-0.7712
	54433	-0.7712
	56781	-0.7712
	53880	-0.771
	56856	-0.7701
	54475	-0.769
	56190	-0.769
	54419	-0.7683
	54849	-0.7676
	53579	-0.7645
	54915	-0.76
	54912	-0.7598
	54910	-0.7597
	57800	-0.7593
	56862	-0.759
	54927	-0.7588
	55248	-0.7586
	54518	-0.7577
	59012	-0.7574
	54575	-0.7571
	53994	-0.7558
	53945	-0.7556
	53942	-0.7555
	57061	-0.7551
	57079	-0.7532
	53083	-0.752
	53865	-0.7519
	57034	-0.7497
	54436	-0.7485
	57191	-0.7476
	53754	-0.7461
	54843	-0.7441
	53986	-0.7412
	54601	-0.7398
	54702	-0.7383
	53883	-0.7372
	54632	-0.7356
	58032	-0.734
	59940	-0.733
	58130	-0.7321
	56764	-0.7318
	56976	-0.7318
	53384	-0.7306
	58113	-0.7306
	57922	-0.7304
	58035	-0.7303
	53991	-0.7302
	50949	-0.73
	53553	-0.7277
	57022	-0.7275
	54115	-0.7274
	58030	-0.727
	53898	-0.7264
	54612	-0.7262
	53884	-0.7259
	56969	-0.7254
	54438	-0.7242
	56595	-0.7235
	54819	-0.7217
	57242	-0.7208
	54855	-0.7197
	54707	-0.7179
	54835	-0.7172
	57051	-0.7124
	54828	-0.7116
	59034	-0.7114
	58003	-0.7112
	50937	-0.7107
	56693	-0.7105
	57089	-0.7104
	54821	-0.7083
	54602	-0.7064
	50936	-0.7051
	53399	-0.7046
	58004	-0.7041
	53588	-0.7035
	59023	-0.7021
	58025	-0.7019
	54503	-0.7005
	57082	-0.7001
	54331	-0.698
	54805	-0.6951
	54594	-0.6933
	57318	-0.6907
	54806	-0.69
	57023	-0.689
	53974	-0.6888
	54700	-0.6878
	54921	-0.6876
	54717	-0.6874
	57183	-0.6869
	53989	-0.6866
	50939	-0.6846
	53276	-0.6834
	59855	-0.6832
	57303	-0.683
	54506	-0.6829
	54610	-0.6829
	56851	-0.6815
	54807	-0.6802
	53874	-0.6783
	56767	-0.6779
	54223	-0.6777
	54622	-0.6768
	54439	-0.6765
	57217	-0.6762
	53562	-0.6742
	57132	-0.6733
	54606	-0.6718
	54611	-0.6715
	54626	-0.6706
	54065	-0.6695
	56756	-0.669
	54431	-0.6678
	58012	-0.6678
	57155	-0.6656
	53875	-0.6641
	53869	-0.6632
	54725	-0.6621
	54416	-0.6611
	55585	-0.6604
	57045	-0.66
	53771	-0.6586
	57192	-0.6558
	54614	-0.6549
	54605	-0.6546
	58036	-0.6536
	59025	-0.6534
	53997	-0.6505
	53289	-0.65
	54260	-0.6492
	54636	-0.6487
	56184	-0.6482
	54729	-0.6481
	54563	-0.6455
	53859	-0.6442
	54244	-0.6442
	56247	-0.6441
	54753	-0.643
	53481	-0.6427
	53879	-0.6425
	50963	-0.6421
	53682	-0.6378
	50946	-0.6374
	57098	-0.6373
	54619	-0.6364
	56898	-0.6361
	54724	-0.636
	59213	-0.6359
	52998	-0.6348
	56948	-0.6339
	54701	-0.6338
	57261	-0.6331
	53894	-0.6328
	53582	-0.6322
	57093	-0.6292
	54816	-0.6282
	54274	-0.6279
	54841	-0.6265
	54837	-0.6261
	59948	-0.6259
	54823	-0.6253
	54604	-0.6223
	54703	-0.6218
	57213	-0.6214
	54751	-0.6198
	57020	-0.6186
	54161	-0.6181
	53673	-0.6178
	54708	-0.6167
	54568	-0.615
	53850	-0.613
	54351	-0.6097
	54623	-0.6082
	53774	-0.6078
	56964	-0.6077
	54712	-0.6067
	54165	-0.6066
	53478	-0.606
	56598	-0.6039
	54434	-0.6038
	57127	-0.6033
	56095	-0.6017
	59951	-0.6013
	56873	-0.6013
	57806	-0.6012
	58111	-0.6002
	54321	-0.5997
	56543	-0.5986
	57083	-0.5961
	55664	-0.5941
	54267	-0.5936
	50987	-0.5932
	53777	-0.5931
	54810	-0.5925
	54911	-0.5915
	56125	-0.5909
	56774	-0.5905
	57090	-0.5888
	54704	-0.5878
	59849	-0.5876
	56748	-0.5865
	54808	-0.5864
	54470	-0.5823
	54527	-0.5821
	54811	-0.5819
	56870	-0.5808
	54092	-0.5806
	53878	-0.5802
	56093	-0.5793
	54727	-0.5779
	54901	-0.5774
	57254	-0.5772
	56565	-0.5761
	56778	-0.5756
	53596	-0.5752
	54607	-0.5741
	54621	-0.5721
	54776	-0.5721
	55437	-0.5716
	50955	-0.5687
	54528	-0.5687
	57902	-0.568
	54822	-0.5665
	58024	-0.5664
	54624	-0.5659
	56962	-0.5654
	54660	-0.5653
	51636	-0.5648
	57060	-0.5637
	54871	-0.5635
	57095	-0.5634
	54156	-0.5625
	50973	-0.5619
	56263	-0.561
	54410	-0.5594
	54031	-0.5578
	54633	-0.5578
	58022	-0.5576
	54818	-0.5572
	54423	-0.5551
	57182	-0.5519
	53696	-0.5518
	53689	-0.5503
	56164	-0.5501
	50956	-0.5499
	53891	-0.5493
	54832	-0.5488
	53578	-0.5481
	53786	-0.5472
	58131	-0.5465
	53872	-0.5449
	56775	-0.5448
	56881	-0.5439
	54603	-0.5436
	54715	-0.5426
	53787	-0.542
	54420	-0.5405
	56879	-0.5378
	56183	-0.5376
	54254	-0.5374
	54421	-0.5358
	56651	-0.5353
	57007	-0.5345
	54718	-0.5329
	57188	-0.5323
	56854	-0.5314
	54801	-0.5298
	56891	-0.529
	57026	-0.5285
	53759	-0.5278
	51369	-0.5273
	54406	-0.5256
	54615	-0.5256
	51815	-0.5255
	54844	-0.5238
	58101	-0.5238
	56958	-0.5226
	54842	-0.5218
	53890	-0.5199
	54249	-0.5188
	54386	-0.5182
	57091	-0.518
	54645	-0.5177
	54532	-0.517
	53467	-0.514
	57707	-0.5138
	56961	-0.5124
	54730	-0.5109
	54063	-0.509
	52101	-0.5084
	56766	-0.5076
	54579	-0.5069
	57024	-0.5069
	56788	-0.5043
	54024	-0.5012
	50873	-0.501
	56880	-0.4999
	53968	-0.4991
	58141	-0.499
	53975	-0.4989
	53593	-0.4985
	52707	-0.4984
	56474	-0.4976
	54472	-0.4973
	53692	-0.4972
	53973	-0.4956
	56664	-0.4943
	54710	-0.4935
	54486	-0.4928
	56952	-0.4926
	56844	-0.4914
	56021	-0.4913
	54726	-0.4899
	53594	-0.4891
	56970	-0.4885
	57031	-0.4869
	56342	-0.4868
	54337	-0.4859
	54404	-0.4837
	54620	-0.4829
	59033	-0.4828
	57180	-0.4826
	53660	-0.481
	54252	-0.4806
	53845	-0.4805
	53348	-0.4803
	54705	-0.4788
	56966	-0.4786
	54237	-0.4785
	54347	-0.4769
	54613	-0.4759
	54325	-0.4758
	54716	-0.4758
	54154	-0.474
	54311	-0.47
	53576	-0.4691
	56665	-0.4691
	56882	-0.4664
	53751	-0.4651
	54522	-0.4644
	54706	-0.4637
	54803	-0.4629
	53781	-0.4624
	59022	-0.4614
	54861	-0.4613
	52713	-0.4612
	56473	-0.461
	52633	-0.4608
	53575	-0.4599
	54723	-0.4593
	56761	-0.4584
	51365	-0.4583
	53272	-0.4555
	58250	-0.4553
	56871	-0.455
	54266	-0.4536
	53981	-0.4524
	54334	-0.4514
	53985	-0.4503
	53953	-0.4498
	55589	-0.4493
	56777	-0.4476
	53988	-0.4437
	56745	-0.4426
	57025	-0.4405
	57186	-0.4394
	51811	-0.4389
	57195	-0.4385
	53796	-0.4376
	50978	-0.4328
	54164	-0.4319
	54709	-0.4277
	57198	-0.4258
	57181	-0.4256
	54584	-0.4236
	56849	-0.4223
	53659	-0.4221
	57324	-0.417
	52833	-0.4167
	50979	-0.4156
	50958	-0.4151
	54517	-0.4133
	54236	-0.4124
	59246	-0.4118
	53699	-0.4107
	53862	-0.4097
	56878	-0.4091
	54734	-0.4063
	50934	-0.4042
	53967	-0.4042
	59007	-0.4041
	54318	-0.403
	56669	-0.4027
	54157	-0.4023
	57021	-0.3995
	53192	-0.3987
	55578	-0.3983
	57912	-0.3977
	50960	-0.3939
	53564	-0.3935
	53794	-0.393
	56697	-0.393
	53798	-0.3911
	58150	-0.3904
	56673	-0.3903
	56688	-0.3901
	53149	-0.3899
	54590	-0.3892
	56954	-0.389
	56312	-0.3855
	57137	-0.3799
	54049	-0.3798
	58243	-0.3789
	59237	-0.3787
	54916	-0.3787
	53770	-0.3782
	57128	-0.3777
	51720	-0.377
	53666	-0.3752
	53976	-0.3751
	54918	-0.3748
	56875	-0.3746
	54736	-0.3737
	51707	-0.3736
	53788	-0.3713
	53929	-0.3705
	53772	-0.3704
	59041	-0.3682
	54525	-0.3663
	53888	-0.3661
	53857	-0.3656
	51482	-0.3651
	51644	-0.3645
	56746	-0.3616
	56137	-0.3615
	59851	-0.3614
	50776	-0.3609
	57004	-0.3578
	57916	-0.3572
	54521	-0.3523
	54830	-0.3505
	54453	-0.3498
	57304	-0.348
	53938	-0.3476
	52963	-0.3458
	56674	-0.3439
	54507	-0.3436
	53676	-0.3432
	54308	-0.3422
	50880	-0.3419
	52889	-0.3406
	53677	-0.3399
	53959	-0.3398
	51639	-0.3333
	54618	-0.3305
	57231	-0.3299
	59004	-0.326
	54719	-0.325
	54834	-0.3219
	50838	-0.3217
	59856	-0.3215
	54722	-0.3213
	56790	-0.3203
	52515	-0.3194
	56876	-0.3192
	56763	-0.319
	54644	-0.3189
	51467	-0.318
	54755	-0.3177
	57053	-0.3172
	53775	-0.3162
	57818	-0.3159
	58040	-0.3144
	50964	-0.3111
	53768	-0.3079
	54342	-0.3071
	59037	-0.307
	53697	-0.3058
	53790	-0.3042
	51377	-0.3036
	54713	-0.3014
	53958	-0.2997
	57320	-0.2988
	53567	-0.2987
	59031	-0.298
	57903	-0.2976
	54752	-0.2962
	54737	-0.2959
	57176	-0.2958
	54064	-0.2945
	56671	-0.2944
	58145	-0.2943
	50832	-0.2926
	53574	-0.2912
	54346	-0.2897
	54243	-0.2879
	54627	-0.287
	54263	-0.2857
	54802	-0.285
	51717	-0.2841
	53195	-0.2836
	57173	-0.2828
	57805	-0.2825
	57002	-0.2811
	57411	-0.2807
	59848	-0.2763
	54616	-0.2762
	56751	-0.2749
	54452	-0.2744
	58129	-0.2739
	55591	-0.2731
	56571	-0.271
	54339	-0.2709
	58246	-0.2706
	50844	-0.27
	56223	-0.2693
	54852	-0.2682
	56586	-0.2674
	53886	-0.2654
	54301	-0.2652
	56839	-0.264
	58100	-0.264
	59045	-0.2627
	52418	-0.2619
	50788	-0.2617
	56867	-0.2616
	59229	-0.2598
	57401	-0.258
	54851	-0.2567
	53784	-0.2557
	58146	-0.2544
	59015	-0.2541
	56594	-0.254
	54204	-0.2532
	54833	-0.2521
	51704	-0.2517
	57043	-0.2513
	53853	-0.2512
	53433	-0.2511
	57006	-0.25
	56872	-0.2493
	50834	-0.2478
	56841	-0.2476
	56106	-0.2474
	51722	-0.2467
	53368	-0.2449
	57910	-0.2445
	56684	-0.2429
	51814	-0.2412
	53590	-0.2405
	57003	-0.2403
	54181	-0.2401
	54732	-0.2398
	54169	-0.2388
	57314	-0.2383
	59038	-0.2345
	53785	-0.2329
	53937	-0.2328
	52836	-0.2316
	53680	-0.2306
	53533	-0.2303
	51463	-0.23
	57808	-0.2287
	54273	-0.227
	54335	-0.2245
	59228	-0.2228
	54738	-0.2227
	56459	-0.2227
	58632	-0.2211
	53763	-0.2204
	54497	-0.218
	57329	-0.217
	54731	-0.216
	58125	-0.2151
	50953	-0.2147
	54778	-0.2131
	56585	-0.2087
	57008	-0.207
	54225	-0.2059
	54774	-0.2058
	54711	-0.2046
	53782	-0.2043
	56331	-0.204
	57256	-0.2032
	54336	-0.1999
	59238	-0.1989
	53767	-0.1979
	51470	-0.1971
	50968	-0.1958
	54829	-0.1946
	57066	-0.1936
	56116	-0.1933
	58241	-0.1894
	51827	-0.1883
	59235	-0.1881
	51802	-0.1859
	59843	-0.1823
	50888	-0.1822
	54171	-0.1793
	54714	-0.1777
	53792	-0.1767
	53343	-0.1764
	50879	-0.1763
	59242	-0.176
	53750	-0.174
	52602	-0.1708
	56180	-0.1704
	53871	-0.17
	53864	-0.1698
	50878	-0.169
	51145	-0.1673
	58127	-0.1672
	50913	-0.167
	52825	-0.1663
	53764	-0.1658
	58605	-0.1657
	51810	-0.1647
	56944	-0.1643
	50775	-0.164
	56785	-0.1636
	52203	-0.1634
	54094	-0.1632
	54777	-0.1629
	53821	-0.1623
	51137	-0.1605
	57238	-0.16
	56869	-0.1597
	53362	-0.1594
	53882	-0.1568
	59227	-0.1528
	50833	-0.1509
	58601	-0.1474
	54276	-0.1453
	56835	-0.1453
	53664	-0.1437
	58519	-0.1421
	55294	-0.138
	59230	-0.1368
	57185	-0.1367
	56091	-0.1364
	58222	-0.1362
	54047	-0.1349
	52974	-0.1303
	53651	-0.1274
	54628	-0.1273
	58265	-0.1252
	56989	-0.1239
	57405	-0.1234
	51356	-0.1231
	56973	-0.1215
	51186	-0.12
	54338	-0.1199
	58223	-0.1192
	53665	-0.119
	56092	-0.1176
	54333	-0.1169
	51328	-0.1158
	53698	-0.1152
	57177	-0.1152
	53789	-0.1137
	54098	-0.1131
	51378	-0.1092
	50639	-0.1085
	54332	-0.1084
	57237	-0.108
	54825	-0.1044
	58126	-0.1034
	53797	-0.1032
	52424	-0.1023
	51708	-0.1008
	53543	-0.0991
	52862	-0.097
	58147	-0.0947
	51705	-0.0926
	51655	-0.0918
	57027	-0.0884
	50877	-0.0881
	51633	-0.0873
	56886	-0.0871
	56670	-0.0839
	57030	-0.0833
	54102	-0.0801
	58138	-0.0797
	56371	-0.0791
	56838	-0.0784
	53662	-0.0772
	50842	-0.0764
	56043	-0.0763
	54764	-0.0728
	54041	-0.0714
	54324	-0.071
	54316	-0.0688
	54749	-0.0679
	57814	-0.0674
	54142	-0.064
	51829	-0.0629
	53336	-0.0629
	56475	-0.0621
	50739	-0.0615
	50884	-0.06
	56144	-0.0588
	50787	-0.0577
	54765	-0.0572
	50945	-0.0568
	51716	-0.0563
	54502	-0.0553
	57317	-0.055
	54231	-0.0544
	50774	-0.0537
	57417	-0.0537
	57326	-0.0532
	53324	-0.0513
	51568	-0.0484
	57307	-0.0476
	59224	-0.046
	50985	-0.0457
	57402	-0.0435
	53352	-0.0431
	58148	-0.0415
	53658	-0.0405
	56975	-0.0396
	58221	-0.0359
	50859	-0.0342
	54320	-0.0335
	53391	-0.0329
	51828	-0.0322
	56578	-0.0304
	57926	-0.0304
	57196	-0.0281
	57206	-0.0266
	52980	-0.0261
	51352	-0.0239
	57001	-0.0225
	54766	-0.0224
	57178	-0.0206
	51818	-0.0189
	53691	-0.0153
	59426	-0.0151
	50603	-0.0133
	59435	-0.0129
	51329	-0.0127
	55696	-0.0117
	58257	-0.0114
	54362	-0.0109
	58139	-0.0060
	57014	-0.0047
	50965	-0.0046
	53663	-0.0034
	56752	-0.0012
	56569	-8.0E-4
	59847	0.0039
	55593	0.0059
	53934	0.0066
	56096	0.0073
	50745	0.0075
	56394	0.0081
	53367	0.0083
	57437	0.011
	51931	0.0134
	56836	0.0134
	59021	0.0136
	59215	0.0138
	56885	0.0166
	53860	0.0193
	57110	0.0195
	51629	0.0198
	53926	0.0204
	58622	0.0208
	53791	0.0216
	53231	0.0217
	52818	0.0226
	57905	0.0281
	56883	0.0303
	57175	0.0303
	54494	0.0327
	56186	0.0336
	53795	0.0346
	56840	0.0352
	51431	0.0389
	57809	0.039
	57927	0.0391
	51709	0.0412
	59046	0.0421
	51379	0.0431
	53695	0.0449
	57194	0.0476
	51839	0.048
	53685	0.0504
	51133	0.0537
	54908	0.0552
	51087	0.0615
	51826	0.0647
	59044	0.0651
	56443	0.0652
	53928	0.066
	59842	0.0662
	51656	0.0719
	53776	0.0719
	52495	0.072
	50867	0.0721
	58609	0.0733
	54076	0.0736
	56755	0.0742
	50950	0.0748
	57012	0.0748
	56951	0.0752
	52652	0.0785
	51628	0.0791
	51711	0.0794
	57245	0.08
	54234	0.0814
	53337	0.0828
	56792	0.0883
	56016	0.0893
	50948	0.0894
	56257	0.0898
	57052	0.0901
	59425	0.0904
	50871	0.091
	57032	0.0923
	52986	0.0934
	54096	0.0938
	59757	0.0953
	56434	0.0956
	52995	0.0964
	53693	0.0982
	56074	0.0986
	53927	0.101
	52754	0.1017
	50772	0.1056
	51567	0.1094
	53420	0.1098
	57867	0.1107
	57187	0.113
	54093	0.1137
	54205	0.1161
	59057	0.1169
	56478	0.1173
	55680	0.1181
	57696	0.1181
	58602	0.12
	50778	0.1208
	53519	0.1224
	53545	0.1225
	58249	0.124
	56357	0.1255
	59241	0.1259
	56196	0.1271
	59249	0.1273
	54371	0.129
	58251	0.1337
	51627	0.1354
	56492	0.1358
	53829	0.1381
	50548	0.1418
	56387	0.1419
	56487	0.1439
	58135	0.1447
	50674	0.1455
	57260	0.1473
	56889	0.1476
	56178	0.1484
	56742	0.1488
	59205	0.1508
	50892	0.1513
	51559	0.1513
	56984	0.1516
	57247	0.1547
	54327	0.1566
	56592	0.1579
	58693	0.1582
	50557	0.1623
	54248	0.1657
	57333	0.1665
	51765	0.1677
	54192	0.168
	53512	0.1706
	59446	0.1716
	53780	0.1728
	51358	0.1733
	54172	0.1751
	52656	0.1756
	56029	0.1774
	58568	0.1798
	59255	0.1801
	59845	0.1815
	56295	0.1827
	59626	0.1833
	56109	0.1864
	59758	0.1868
	56389	0.1874
	59838	0.1892
	58358	0.1893
	57425	0.1915
	56033	0.1927
	50954	0.1954
	56307	0.1959
	58462	0.1968
	57408	0.1993
	56739	0.2024
	56582	0.2061
	57169	0.2061
	59417	0.2074
	57248	0.2074
	51058	0.2088
	54226	0.2118
	54132	0.2138
	51059	0.2141
	58559	0.2143
	53917	0.2143
	53678	0.2188
	58461	0.2189
	56298	0.2225
	52557	0.2249
	51526	0.2265
	54293	0.2277
	57102	0.2312
	57414	0.2318
	54363	0.2346
	57328	0.2349
	53419	0.2352
	51777	0.2371
	56018	0.2372
	57699	0.2383
	57420	0.2437
	53513	0.2445
	58122	0.2465
	56197	0.2475
	56584	0.2479
	52607	0.2485
	50852	0.25
	54326	0.2544
	54208	0.2556
	51434	0.2565
	50756	0.2566
	57039	0.2611
	52661	0.2622
	58567	0.2637
	52546	0.2656
	59218	0.2658
	59047	0.2677
	50741	0.2683
	54186	0.2684
	52737	0.2689
	59453	0.2691
	52313	0.2744
	59431	0.2761
	51357	0.2767
	50755	0.2794
	56493	0.2814
	59754	0.2832
	54135	0.2853
	56399	0.2914
	51495	0.2933
	53687	0.2955
	56151	0.2995
	50858	0.3079
	57803	0.3091
	56195	0.3127
	58607	0.3181
	53783	0.3229
	50983	0.3234
	56082	0.3262
	57113	0.3312
	54039	0.3316
	57105	0.3319
	58353	0.3321
	57179	0.3333
	56593	0.3345
	52993	0.337
	59421	0.3391
	53522	0.342
	58210	0.3441
	57409	0.3481
	57249	0.3492
	58158	0.3528
	56168	0.3559
	56045	0.3563
	54117	0.3564
	51367	0.3708
	50854	0.3732
	56251	0.377
	53502	0.3782
	54080	0.3785
	58631	0.3787
	57605	0.3796
	56489	0.38
	56396	0.3803
	56992	0.3811
	52447	0.3866
	56386	0.3912
	54365	0.3934
	53547	0.3956
	52674	0.3981
	59266	0.4007
	53908	0.4018
	56982	0.4019
	57016	0.4027
	57274	0.4032
	55493	0.4053
	58240	0.4073
	57184	0.4077
	56227	0.4092
	58634	0.4114
	57481	0.4126
	57921	0.4146
	58314	0.4161
	50758	0.4187
	51572	0.4196
	51076	0.4207
	51353	0.421
	56444	0.4286
	50673	0.4292
	58224	0.4314
	57860	0.4321
	58514	0.4324
	51435	0.4369
	57011	0.4396
	57308	0.4401
	54195	0.4411
	57431	0.4491
	56146	0.4534
	57482	0.4568
	51433	0.4578
	55655	0.4586
	59441	0.4588
	51581	0.4607
	59209	0.4637
	51573	0.4644
	50749	0.4658
	51642	0.4683
	57189	0.4749
	58128	0.4769
	56985	0.4789
	51346	0.4799
	53930	0.4832
	57698	0.4981
	52884	0.4984
	50647	0.5006
	57868	0.5015
	58606	0.5063
	50853	0.5078
	54374	0.5083
	59427	0.5114
	53529	0.5129
	57502	0.5129
	58343	0.5133
	52972	0.5137
	50658	0.5159
	56185	0.5166
	57407	0.5166
	58558	0.5175
	55773	0.5197
	58367	0.522
	56548	0.522
	57870	0.5224
	51855	0.5244
	51804	0.5249
	56496	0.5286
	59254	0.5288
	56950	0.5321
	58212	0.5362
	57415	0.5377
	57295	0.5383
	54493	0.543
	54286	0.5441
	58508	0.5451
	56390	0.5453
	51241	0.5473
	56172	0.5487
	58635	0.5509
	50646	0.5509
	50618	0.5575
	50861	0.5581
	59631	0.559
	52679	0.5608
	57694	0.5615
	50468	0.5652
	50767	0.5672
	58549	0.5712
	50851	0.5754
	58557	0.5799
	56071	0.5804
	58356	0.5819
	56374	0.5852
	56128	0.591
	58377	0.5913
	56946	0.5937
	57674	0.5959
	51571	0.5965
	56499	0.5985
	54377	0.5998
	57507	0.6004
	58108	0.6033
	57290	0.6064
	57028	0.6068
	54292	0.6078
	50742	0.6085
	58701	0.609
	53738	0.6102
	53881	0.612
	50655	0.6133
	56596	0.616
	51359	0.6167
	57913	0.6195
	58644	0.6202
	58359	0.6257
	52895	0.6262
	58614	0.6331
	57714	0.6335
	58627	0.6342
	58361	0.6345
	51465	0.6356
	59256	0.6398
	56080	0.6402
	58316	0.6422
	58619	0.6434
	56097	0.6436
	56986	0.6456
	52984	0.6491
	52765	0.6508
	54187	0.6516
	56994	0.6538
	58453	0.6571
	50779	0.6581
	57506	0.6584
	53707	0.6612
	56991	0.665
	56199	0.6652
	59419	0.6677
	51469	0.6711
	57767	0.6753
	57273	0.6779
	56192	0.6784
	56395	0.6797
	53925	0.6801
	52885	0.6847
	50750	0.6859
	58600	0.6877
	52876	0.6877
	53577	0.6881
	51243	0.6882
	57505	0.694
	59429	0.6984
	52943	0.7013
	59448	0.7032
	52983	0.7046
	55299	0.7061
	57399	0.7062
	57835	0.7073
	57281	0.7081
	58104	0.712
	50425	0.7126
	51156	0.7153
	53646	0.7156
	56171	0.7253
	52896	0.7257
	52533	0.7259
	58652	0.7268
	58616	0.733
	58366	0.7337
	58555	0.7357
	53674	0.736
	58235	0.7364
	51068	0.7411
	58225	0.7457
	57865	0.7503
	58109	0.7523
	52745	0.7557
	57663	0.7632
	54291	0.7676
	52856	0.768
	56995	0.7693
	58467	0.772
	53915	0.7722
	58107	0.7725
	56079	0.7731
	58608	0.7763
	58569	0.7788
	58642	0.7792
	51053	0.7801
	58612	0.7802
	54290	0.7822
	50862	0.783
	51436	0.786
	57872	0.7863
	59058	0.7932
	50514	0.7985
	58234	0.8006
	56188	0.8036
	53903	0.8058
	58646	0.8071
	52978	0.8078
	58509	0.8094
	56462	0.8099
	58202	0.8142
	57398	0.8146
	59635	0.8181
	59640	0.8195
	57834	0.8217
	57292	0.822
	53517	0.8238
	57708	0.8243
	58643	0.8245
	56189	0.83
	58301	0.8367
	57285	0.8388
	53727	0.8398
	52446	0.8431
	58118	0.8451
	52988	0.8465
	53810	0.8477
	57941	0.8491
	57385	0.85
	59451	0.8505
	57483	0.8532
	56285	0.8535
	58618	0.8544
	57293	0.8574
	57355	0.8651
	57294	0.8679
	58626	0.8689
	55279	0.872
	52868	0.8724
	52982	0.8736
	57389	0.8736
	59658	0.8756
	52869	0.8797
	58665	0.8817
	58660	0.8885
	58360	0.8904
	52267	0.8908
	50727	0.8912
	58311	0.8936
	57842	0.8986
	58306	0.9037
	57510	0.9089
	58247	0.9099
	57438	0.911
	54284	0.9117
	58264	0.9123
	52323	0.9158
	57395	0.9238
	56290	0.9244
	56167	0.9245
	57345	0.9252
	57517	0.9274
	56182	0.9283
	56643	0.9289
	58620	0.932
	50632	0.9337
	56046	0.9344
	50353	0.9357
	57208	0.9358
	50564	0.9377
	58207	0.9501
	58633	0.9568
	53644	0.9583
	57846	0.9601
	57348	0.9646
	51288	0.9699
	57343	0.9702
	57853	0.9719
	59265	0.9752
	56067	0.977
	52968	0.9813
	57600	0.9855
	59632	0.9893
	57271	0.9931
	58330	0.9933
	58352	0.999
	57717	0.9992
	59449	0.9994
	50656	1.0005
	52985	1.001
	59268	1.0099
	58615	1.0113
	56498	1.0115
	51060	1.0116
	53906	1.0157
	57197	1.0171
	51542	1.0174
	58365	1.0217
	59457	1.0276
	58547	1.0283
	59462	1.0317
	53914	1.0345
	57558	1.0352
	56384	1.0374
	58468	1.0404
	58460	1.0421
	57511	1.0423
	53806	1.0481
	58369	1.0529
	56198	1.0544
	58704	1.058
	59644	1.0582
	57825	1.0583
	59264	1.0625
	56158	1.0647
	58236	1.0654
	57609	1.066
	58340	1.0683
	58203	1.0696
	58666	1.0713
	52957	1.0774
	54285	1.0787
	53735	1.0789
	58238	1.0798
	57514	1.08
	58362	1.0838
	58269	1.0852
	56034	1.0926
	57932	1.0949
	52866	1.0996
	53923	1.0996
	57780	1.1064
	58323	1.1072
	58342	1.1073
	58562	1.1083
	53611	1.1093
	57268	1.113
	58517	1.1148
	57680	1.1198
	52784	1.1291
	52112	1.1312
	59656	1.1324
	53740	1.1399
	53518	1.1421
	57671	1.1426
	57388	1.1429
	57368	1.1458
	53817	1.1471
	59750	1.148
	57871	1.1491
	58237	1.1538
	58220	1.1578
	58563	1.1595
	57710	1.1602
	56996	1.1648
	57508	1.1652
	57734	1.1665
	58712	1.1675
	52645	1.1696
	56382	1.1732
	55690	1.1736
	59269	1.175
	53505	1.1756
	58527	1.1764
	57589	1.1767
	58742	1.1812
	58255	1.1824
	58449	1.1844
	56480	1.1848
	57432	1.1942
	58623	1.1945
	58320	1.1964
	57678	1.1989
	57859	1.2004
	51238	1.2015
	52576	1.208
	59647	1.2088
	58510	1.2112
	57614	1.2137
	58502	1.2216
	57857	1.2227
	58451	1.2233
	58625	1.2237
	53705	1.2266
	56580	1.2275
	57582	1.2347
	53617	1.2351
	58624	1.2357
	58259	1.2392
	58531	1.2433
	57851	1.2451
	58647	1.248
	57844	1.25
	58565	1.2522
	57584	1.2536
	58117	1.2544
	51438	1.2552
	56273	1.2584
	58664	1.2632
	58331	1.2657
	50659	1.2744
	57390	1.2765
	57625	1.2807
	52853	1.2832
	51334	1.285
	58254	1.2912
	58544	1.293
	52863	1.2932
	57573	1.2932
	57377	1.2935
	57682	1.3003
	52874	1.3023
	56297	1.3027
	58503	1.3029
	57387	1.3034
	57948	1.3081
	58214	1.3085
	56383	1.3093
	57603	1.3119
	57298	1.312
	53916	1.3185
	58529	1.3192
	56483	1.3238
	57729	1.3273
	58472	1.3284
	56381	1.3304
	58659	1.3375
	58714	1.343
	57396	1.3461
	57732	1.3473
	59055	1.3505
	58463	1.3575
	51477	1.3594
	52575	1.3601
	58448	1.367
	58710	1.368
	52797	1.3693
	59650	1.37
	57581	1.3758
	56181	1.3761
	58658	1.381
	57688	1.3815
	58464	1.3831
	58667	1.387
	57758	1.3875
	58730	1.3903
	56284	1.3924
	57666	1.3929
	58268	1.3929
	59655	1.3937
	57574	1.3955
	58537	1.4024
	52681	1.4028
	57460	1.4063
	51232	1.4076
	58244	1.4088
	57575	1.4108
	58629	1.4113
	57608	1.4142
	58326	1.4149
	58546	1.4207
	57837	1.4221
	58459	1.4251
	56296	1.4315
	57296	1.4346
	58245	1.4367
	59664	1.4389
	52875	1.4396
	57636	1.4507
	58657	1.4544
	53602	1.4547
	57339	1.4556
	57257	1.4618
	58654	1.4653
	57204	1.4663
	57637	1.4677
	52996	1.4683
	58421	1.4684
	58456	1.4684
	50566	1.4736
	58242	1.4741
	57796	1.4757
	57773	1.4824
	56286	1.4833
	56193	1.4904
	57956	1.4929
	50445	1.494
	57811	1.5055
	58457	1.5058
	57564	1.5085
	58548	1.514
	56272	1.5264
	58731	1.5269
	56391	1.5277
	56289	1.5282
	57841	1.5337
	57679	1.5366
	57461	1.5376
	59654	1.5379
	58637	1.539
	58715	1.5393
	56533	1.5412
	57513	1.5424
	57309	1.5445
	58656	1.5498
	57839	1.5545
	57416	1.5547
	58321	1.5557
	58205	1.5579
	57875	1.5591
	58215	1.5618
	50525	1.5623
	57259	1.5677
	57642	1.5685
	58543	1.5747
	59456	1.5802
	56373	1.5809
	57381	1.5809
	56173	1.5863
	57793	1.588
	57604	1.5886
	58725	1.5895
	53615	1.5915
	59659	1.5993
	57523	1.6004
	59064	1.6061
	50247	1.6104
	59075	1.6126
	57464	1.6145
	57914	1.6169
	58443	1.6209
	58550	1.6317
	57634	1.6317
	57735	1.6318
	58520	1.642
	56288	1.6439
	50524	1.6457
	53614	1.649
	59470	1.6551
	59052	1.658
	57643	1.6585
	50246	1.6642
	59454	1.6703
	56279	1.6754
	57476	1.6772
	58748	1.684
	57736	1.6842
	57763	1.6859
	57768	1.6879
	57462	1.6887
	58477	1.6888
	57646	1.6932
	57265	1.6941
	52657	1.6952
	56280	1.7033
	57738	1.7044
	56187	1.7053
	56194	1.7071
	50349	1.7102
	58441	1.7107
	59471	1.7113
	59059	1.7141
	58450	1.7145
	52955	1.7176
	53725	1.7201
	57728	1.7271
	53723	1.7314
	51330	1.737
	58750	1.7373
	57361	1.7373
	57866	1.7392
	57779	1.7429
	58760	1.7469
	58452	1.7554
	58454	1.7563
	57829	1.7595
	53618	1.7597
	57687	1.7597
	58230	1.7619
	57923	1.7638
	57623	1.7701
	57723	1.7773
	59493	1.7778
	53704	1.7876
	57772	1.789
	57766	1.7897
	57486	1.7898
	58455	1.7907
	58423	1.7948
	57781	1.795
	57911	1.8004
	57776	1.8029
	57798	1.8035
	57881	1.8036
	57279	1.8038
	57673	1.8074
	57518	1.811
	56202	1.8139
	58426	1.8151
	58734	1.8229
	58931	1.8275
	57577	1.8275
	57789	1.8289
	57571	1.8296
	57739	1.8354
	59051	1.8364
	58327	1.8408
	57635	1.8413
	58345	1.8428
	57363	1.8456
	58933	1.8498
	50442	1.8499
	53612	1.8507
	58746	1.8522
	53730	1.8547
	58751	1.8578
	57586	1.8605
	58747	1.8608
	58737	1.8613
	57876	1.8664
	57722	1.8669
	58351	1.871
	57451	1.873
	57566	1.8733
	57445	1.8745
	59074	1.8769
	58484	1.879
	57297	1.8799
	58530	1.8813
	59065	1.884
	57520	1.8847
	57595	1.8854
	57475	1.8858
	57949	1.8901
	58843	1.8908
	53732	1.8934
	57469	1.8951
	57465	1.9013
	59053	1.9033
	58458	1.9044
	58428	1.9047
	58507	1.907
	56287	1.9073
	58706	1.9091
	57590	1.9094
	59315	1.9132
	50527	1.9153
	57845	1.9155
	59501	1.9159
	58749	1.916
	57936	1.9161
	58335	1.919
	58506	1.9222
	57491	1.9238
	56641	1.9249
	58846	1.9274
	59452	1.9276
	50526	1.9276
	58718	1.9291
	58834	1.9313
	58752	1.9358
	59270	1.9361
	57942	1.9362
	57771	1.9364
	57494	1.9412
	58442	1.9443
	58341	1.9466
	59271	1.957
	58336	1.9617
	57792	1.9653
	58735	1.9667
	58542	1.9669
	58534	1.9723
	57661	1.9733
	57882	1.9758
	58836	1.9802
	51437	1.9844
	53619	1.9846
	58570	1.9847
	59317	1.986
	57640	1.9884
	50136	1.9891
	57662	2.0056
	57777	2.0079
	57737	2.0133
	57883	2.0154
	59318	2.0224
	57821	2.0234
	58826	2.0256
	56281	2.0275
	57761	2.0299
	58719	2.0321
	57874	2.0332
	58438	2.0419
	57971	2.0437
	57786	2.0599
	58821	2.0625
	58512	2.0654
	58501	2.0726
	57741	2.0809
	57362	2.0814
	53610	2.0844
	58419	2.0895
	57358	2.092
	58736	2.0999
	58744	2.1019
	52787	2.103
	57606	2.1038
	57745	2.1041
	57516	2.1074
	58824	2.1081
	58446	2.1115
	57585	2.1161
	50431	2.1185
	58437	2.1299
	58813	2.1334
	57466	2.1385
	58523	2.139
	58435	2.1425
	57370	2.1441
	57816	2.1488
	58436	2.1523
	58820	2.1532
	56065	2.1532
	57744	2.1535
	57965	2.1537
	57349	2.1557
	57915	2.1559
	57964	2.1564
	57278	2.1567
	58944	2.1647
	58754	2.1656
	51701	2.167
	57565	2.1705
	57669	2.1768
	59324	2.1769
	57957	2.1776
	57499	2.1788
	57760	2.1803
	57813	2.1919
	59319	2.1926
	57583	2.1939
	58339	2.2005
	58822	2.2033
	59476	2.2047
	58745	2.2061
	58823	2.2103
	59278	2.2109
	57598	2.2137
	58932	2.2165
	58847	2.2191
	57894	2.2272
	57886	2.2323
	57832	2.2328
	58935	2.2344
	59320	2.2423
	58819	2.2451
	59653	2.2486
	57954	2.25
	58845	2.2517
	56380	2.2526
	58344	2.2547
	58848	2.2618
	56276	2.2664
	58828	2.2669
	57718	2.2706
	57752	2.2713
	57896	2.2754
	59090	2.2846
	59316	2.289
	58804	2.2913
	59280	2.2969
	57769	2.2986
	58334	2.2995
	57887	2.3067
	57958	2.3091
	58844	2.3102
	57647	2.3118
	57840	2.3192
	58923	2.3241
	57891	2.3251
	59314	2.3272
	58338	2.3321
	58839	2.336
	57762	2.3418
	58814	2.344
	57947	2.353
	57973	2.3596
	53910	2.3606
	59061	2.3616
	58432	2.3626
	59502	2.3627
	57477	2.3667
	57824	2.3731
	58942	2.3765
	57719	2.3777
	58837	2.3801
	57974	2.3876
	58806	2.3909
	58329	2.3943
	58402	2.3965
	58946	2.4059
	58938	2.4089
	57774	2.4105
	57895	2.4207
	58940	2.4212
	57743	2.422
	57378	2.4229
	58427	2.427
	58337	2.4282
	59492	2.4284
	57778	2.4294
	57799	2.4383
	57822	2.4505
	58208	2.4507
	57960	2.4514
	57975	2.4551
	58707	2.4556
	59285	2.4586
	59321	2.4586
	59306	2.4635
	58912	2.4666
	57827	2.4688
	57562	2.4755
	56278	2.4782
	57966	2.4806
	58319	2.4839
	59322	2.4876
	57633	2.4919
	57889	2.4953
	58500	2.5011
	57899	2.5078
	58818	2.5179
	58921	2.5181
	58420	2.5251
	59313	2.5287
	57988	2.5299
	58941	2.5356
	57612	2.5377
	58429	2.5383
	57981	2.5387
	58424	2.5395
	58433	2.543
	57713	2.5431
	59279	2.5491
	58431	2.5527
	57493	2.553
	59310	2.5533
	57655	2.5568
	58317	2.5629
	58934	2.5659
	57658	2.5662
	59312	2.5668
	57955	2.5723
	59091	2.5741
	58926	2.5781
	58409	2.5822
	58416	2.5899
	59087	2.5955
	57458	2.5985
	58354	2.5998
	59475	2.6043
	59500	2.6066
	59487	2.6078
	58911	2.6118
	57489	2.6166
	59081	2.6195
	57492	2.6241
	59137	2.6245
	59082	2.6247
	59485	2.6264
	58407	2.6302
	57754	2.6361
	57740	2.648
	58346	2.659
	59131	2.6636
	58417	2.6671
	58418	2.6689
	58401	2.671
	59088	2.6725
	59071	2.6773
	59293	2.681
	59094	2.6839
	58929	2.6917
	57996	2.6933
	50434	2.6934
	58414	2.6936
	57720	2.6949
	57972	2.6974
	59093	2.6978
	56385	2.7
	59130	2.7044
	59072	2.7113
	59109	2.7117
	59063	2.7154
	58404	2.7215
	59480	2.7282
	57525	2.7289
	59127	2.7301
	59133	2.7321
	58928	2.7527
	59290	2.7592
	59276	2.7618
	59124	2.763
	57541	2.7636
	58907	2.7654
	59102	2.7733
	58905	2.7761
	58903	2.7814
	57742	2.7817
	59298	2.7837
	57969	2.7857
	57657	2.7911
	59107	2.7965
	59478	2.7965
	58408	2.8107
	57540	2.8127
	59288	2.8134
	59297	2.8155
	58918	2.8195
	59092	2.8198
	59117	2.8266
	59134	2.8387
	59125	2.8392
	58917	2.8484
	59303	2.8487
	59469	2.8516
	57509	2.8688
	57731	2.8736
	57496	2.8758
	59473	2.879
	57649	2.8794
	59304	2.8821
	59122	2.8891
	59294	2.9
	59488	2.924
	59126	2.9394
	57447	2.9419
	59284	2.9445
	57554	2.9446
	59287	2.945
	59114	2.9453
	57485	2.9461
	57439	2.9541
	57962	2.9683
	59106	2.9703
	57359	2.9774
	57990	2.9789
	59099	2.9831
	59289	3.0143
	59096	3.0217
	59097	3.0356
	58906	3.0401
	58927	3.0576
	57994	3.0745
	59477	3.1
	57498	3.1022
	57995	3.1275
	57978	3.1349
	57991	3.1594
	59113	3.1616
	57992	3.164
	57993	3.1659
	57544	3.1692
	57545	3.1704
	57985	3.2203
	59116	3.2375
	57543	3.2768
	59673	3.285
	57522	3.2931
	59481	3.32
	57536	3.4109
	59663	3.4579
	57537	3.4592
	57519	3.5108
	51468	3.9529
