	53753	-1.8539
	54596	-1.8029
	54323	-1.7824
	54513	-1.7395
	54505	-1.7254
	54452	-1.7047
	54607	-1.6948
	54594	-1.6658
	53692	-1.6553
	53691	-1.6416
	53698	-1.6004
	54218	-1.598
	54225	-1.5835
	53680	-1.5689
	54601	-1.5594
	53970	-1.541
	53694	-1.5325
	53584	-1.5156
	54530	-1.5127
	54096	-1.5084
	53688	-1.5026
	53596	-1.4997
	53695	-1.4979
	53693	-1.488
	54511	-1.475
	54623	-1.4661
	54514	-1.4657
	54503	-1.4644
	53787	-1.4616
	58714	-1.451
	53585	-1.4509
	58555	-1.4496
	53886	-1.4427
	54501	-1.4239
	53669	-1.4132
	53685	-1.4119
	54423	-1.4107
	54636	-1.4059
	54518	-1.3924
	54419	-1.3855
	54455	-1.3779
	54321	-1.3754
	53782	-1.3729
	54506	-1.371
	54399	-1.3697
	54597	-1.3599
	53878	-1.3561
	54528	-1.3388
	54421	-1.3347
	54507	-1.3298
	53756	-1.3288
	53884	-1.3211
	58748	-1.3167
	53897	-1.3155
	53795	-1.3101
	54406	-1.3076
	53696	-1.2979
	58556	-1.2891
	54523	-1.2885
	54611	-1.2863
	54621	-1.284
	58848	-1.2788
	54433	-1.2787
	54431	-1.2774
	53763	-1.276
	54510	-1.2716
	53768	-1.2698
	53872	-1.2656
	58565	-1.2655
	53863	-1.2593
	54327	-1.2492
	53788	-1.2441
	58558	-1.2432
	53697	-1.2274
	58707	-1.2232
	54521	-1.2215
	53674	-1.2187
	53778	-1.2157
	53772	-1.2131
	54320	-1.2101
	54226	-1.2075
	54331	-1.2057
	54425	-1.2048
	53689	-1.2046
	59131	-1.2013
	54527	-1.1977
	54645	-1.1973
	53890	-1.1949
	53941	-1.1929
	54416	-1.192
	53880	-1.1918
	54612	-1.1865
	54499	-1.1823
	54328	-1.1794
	58836	-1.1724
	53770	-1.1682
	53871	-1.1656
	54613	-1.1653
	53777	-1.1637
	54502	-1.1635
	54620	-1.1618
	54512	-1.1569
	53894	-1.1517
	58918	-1.1439
	53783	-1.1414
	53955	-1.1384
	58806	-1.1366
	58472	-1.1363
	58459	-1.1354
	53935	-1.1295
	53491	-1.128
	53775	-1.1236
	54603	-1.1216
	54519	-1.1193
	53699	-1.1166
	58821	-1.1165
	58747	-1.1143
	54604	-1.1136
	58933	-1.1131
	58749	-1.111
	54602	-1.1084
	58250	-1.1044
	53796	-1.1035
	58932	-1.1032
	54405	-1.1012
	58941	-1.0996
	54325	-1.0995
	53682	-1.0994
	54483	-1.0978
	58562	-1.0926
	58846	-1.0888
	56444	-1.086
	54398	-1.0851
	57798	-1.0827
	58847	-1.0812
	54515	-1.0779
	58839	-1.0754
	53848	-1.0727
	53687	-1.0721
	53677	-1.0668
	58241	-1.0667
	54334	-1.0666
	53792	-1.0661
	54632	-1.0622
	53784	-1.0613
	54308	-1.0602
	58467	-1.0558
	54707	-1.0513
	54520	-1.0501
	54430	-1.0475
	58356	-1.0468
	53865	-1.0456
	59133	-1.0448
	54324	-1.0408
	58940	-1.0399
	54420	-1.0398
	53885	-1.0384
	53594	-1.0383
	54313	-1.0369
	58154	-1.036
	54517	-1.0348
	53776	-1.0332
	54610	-1.0326
	59137	-1.0284
	56251	-1.027
	58706	-1.0263
	58938	-1.0249
	58377	-1.0246
	53862	-1.022
	53499	-1.019
	53660	-1.0176
	53771	-1.0175
	58468	-1.0144
	53767	-1.0132
	54326	-1.0113
	54701	-1.0095
	54631	-1.0092
	53950	-1.0084
	54316	-1.0082
	58246	-1.008
	58607	-1.0061
	58744	-1.006
	53879	-1.0036
	54540	-1.0016
	58243	-0.9978
	58936	-0.9955
	53892	-0.995
	58705	-0.9913
	53937	-0.9878
	56188	-0.986
	58646	-0.9853
	53882	-0.9823
	53764	-0.9813
	54424	-0.9796
	53791	-0.975
	53492	-0.9746
	53898	-0.9733
	53980	-0.9684
	58820	-0.9682
	53599	-0.968
	53869	-0.9655
	53873	-0.962
	53580	-0.9619
	53866	-0.9616
	58247	-0.9602
	53769	-0.9574
	54412	-0.9571
	58251	-0.9534
	54410	-0.9529
	53673	-0.9514
	51353	-0.9514
	53888	-0.9503
	54401	-0.9503
	53659	-0.9485
	53975	-0.9464
	53740	-0.9451
	58461	-0.9447
	58704	-0.9442
	54438	-0.944
	58365	-0.9425
	53965	-0.9402
	53486	-0.9373
	58254	-0.9354
	53864	-0.9351
	58660	-0.9347
	53944	-0.9328
	53877	-0.9314
	53773	-0.9309
	58557	-0.9291
	58453	-0.9289
	53582	-0.9285
	54181	-0.9285
	56137	-0.9257
	58929	-0.9234
	56144	-0.9211
	54614	-0.919
	58567	-0.9189
	53576	-0.9186
	58713	-0.9181
	53774	-0.9176
	58814	-0.9175
	58458	-0.917
	54336	-0.9155
	53889	-0.9147
	53981	-0.9145
	57777	-0.9136
	51243	-0.9126
	53789	-0.9116
	53875	-0.9095
	58609	-0.9078
	58616	-0.9071
	58623	-0.906
	58652	-0.9059
	53945	-0.9056
	58917	-0.9056
	53931	-0.9026
	53651	-0.9011
	54644	-0.8983
	59847	-0.8966
	57687	-0.8957
	54404	-0.8935
	58269	-0.8913
	54820	-0.8906
	53785	-0.8902
	53786	-0.8886
	59941	-0.8884
	57799	-0.888
	53573	-0.8869
	51468	-0.8854
	58559	-0.8832
	53966	-0.8819
	58462	-0.8806
	58362	-0.8795
	53679	-0.8794
	53760	-0.8772
	53794	-0.8768
	56247	-0.8763
	58730	-0.8757
	58463	-0.8729
	58823	-0.8723
	58359	-0.872
	53579	-0.8712
	53934	-0.8705
	53690	-0.8696
	53781	-0.8669
	54622	-0.8656
	53676	-0.865
	58240	-0.8626
	58845	-0.8621
	58367	-0.8597
	54429	-0.8594
	54434	-0.8593
	53996	-0.8572
	53567	-0.8565
	58754	-0.8561
	58563	-0.8554
	58813	-0.8543
	58451	-0.8537
	53750	-0.8523
	53962	-0.8513
	58265	-0.8513
	58456	-0.8509
	58369	-0.8495
	54428	-0.8493
	57679	-0.8485
	53883	-0.8479
	53908	-0.8478
	58931	-0.8468
	54454	-0.8458
	53799	-0.8456
	53666	-0.8454
	54486	-0.8434
	54619	-0.8429
	53891	-0.8411
	53963	-0.841
	53678	-0.8397
	58244	-0.8397
	53961	-0.8383
	58710	-0.8379
	53757	-0.8358
	58455	-0.8345
	54626	-0.8334
	53852	-0.8322
	58346	-0.8322
	58725	-0.8321
	54617	-0.8309
	53790	-0.8304
	54525	-0.8294
	53938	-0.8284
	54493	-0.8272
	53798	-0.8264
	53925	-0.8257
	58934	-0.8246
	54608	-0.8238
	58946	-0.8235
	58146	-0.8226
	58942	-0.8221
	58341	-0.8209
	58352	-0.8202
	54606	-0.8189
	58921	-0.816
	58724	-0.815
	53759	-0.8133
	58944	-0.8118
	53973	-0.811
	56152	-0.8096
	53954	-0.8079
	54132	-0.8062
	54609	-0.8062
	53923	-0.8059
	54800	-0.8032
	54705	-0.8026
	53488	-0.801
	58715	-0.7998
	53665	-0.7996
	56267	-0.7982
	58635	-0.7965
	58701	-0.7949
	53681	-0.7942
	53957	-0.7941
	50956	-0.794
	54640	-0.7938
	58457	-0.7933
	53780	-0.7922
	53646	-0.7911
	58460	-0.7902
	58843	-0.7901
	53893	-0.7897
	54804	-0.7883
	56474	-0.7873
	54236	-0.7857
	54213	-0.7845
	54301	-0.7844
	53942	-0.784
	53895	-0.7834
	57771	-0.7831
	53856	-0.7827
	53949	-0.7809
	57031	-0.7783
	54286	-0.7774
	53953	-0.7762
	54535	-0.7761
	53850	-0.776
	53797	-0.7741
	58550	-0.774
	54214	-0.7726
	54333	-0.7713
	53829	-0.7696
	54436	-0.7696
	58354	-0.7676
	54633	-0.7663
	54408	-0.7629
	56228	-0.7619
	57883	-0.7598
	58360	-0.7597
	57043	-0.7595
	58844	-0.7576
	59838	-0.7562
	54223	-0.7543
	57045	-0.7537
	58245	-0.7522
	53899	-0.7518
	59848	-0.7518
	54494	-0.7483
	54290	-0.7477
	54248	-0.7474
	53992	-0.7473
	58449	-0.7446
	58361	-0.7417
	53590	-0.7404
	53926	-0.7401
	58822	-0.7375
	53948	-0.7361
	59096	-0.7361
	54069	-0.7329
	53861	-0.7319
	58220	-0.7316
	54855	-0.7308
	53930	-0.7306
	58619	-0.7304
	54533	-0.73
	53958	-0.7295
	58818	-0.725
	58935	-0.7243
	53964	-0.7219
	58264	-0.7219
	58353	-0.7216
	53978	-0.7212
	57042	-0.7184
	54618	-0.7164
	53754	-0.7161
	57060	-0.7157
	58923	-0.7154
	54590	-0.7112
	56181	-0.7109
	57052	-0.7098
	53593	-0.7091
	52983	-0.7089
	54205	-0.7084
	53664	-0.7052
	58509	-0.705
	57071	-0.7047
	53854	-0.7046
	53984	-0.7019
	58654	-0.7009
	58366	-0.6995
	53562	-0.6983
	53577	-0.6965
	54449	-0.6964
	58637	-0.6958
	54809	-0.6951
	53874	-0.6929
	56178	-0.6924
	56475	-0.6904
	53982	-0.6901
	59316	-0.6895
	53976	-0.6891
	58601	-0.689
	53979	-0.6888
	54824	-0.6878
	58454	-0.6877
	57079	-0.6864
	58464	-0.6853
	52876	-0.6848
	53853	-0.6843
	59293	-0.6834
	51542	-0.68
	58568	-0.6799
	56575	-0.6767
	54825	-0.6766
	53995	-0.6765
	58666	-0.6763
	59097	-0.6755
	57022	-0.6749
	57110	-0.6744
	58602	-0.6744
	57306	-0.6726
	53924	-0.6722
	57023	-0.6705
	50953	-0.6701
	53968	-0.6698
	53845	-0.6692
	54719	-0.6688
	58158	-0.6673
	57047	-0.6654
	58927	-0.6653
	58249	-0.6646
	58236	-0.664
	53959	-0.6619
	57796	-0.6618
	53859	-0.661
	58614	-0.6606
	57025	-0.6599
	57303	-0.6598
	53658	-0.6585
	56434	-0.6577
	52869	-0.6572
	53841	-0.6562
	57029	-0.6543
	54319	-0.6542
	56285	-0.6536
	58548	-0.6524
	54292	-0.652
	58145	-0.652
	58570	-0.652
	53748	-0.6518
	58129	-0.6515
	56389	-0.6508
	59107	-0.6507
	57049	-0.6505
	54332	-0.6503
	59306	-0.6486
	58343	-0.6479
	54541	-0.6477
	59106	-0.6472
	57102	-0.6471
	57993	-0.647
	58242	-0.647
	58804	-0.6467
	57105	-0.6457
	54522	-0.6456
	53868	-0.6451
	53915	-0.6448
	53929	-0.6439
	53947	-0.6424
	53832	-0.6419
	56459	-0.6417
	58634	-0.6417
	58928	-0.6416
	52980	-0.6406
	53928	-0.6391
	59117	-0.6381
	53987	-0.6355
	58746	-0.6328
	58342	-0.632
	58147	-0.6319
	57084	-0.6318
	57026	-0.6317
	54117	-0.6315
	58644	-0.6304
	54237	-0.6281
	54713	-0.6274
	58643	-0.6236
	54911	-0.6228
	53498	-0.6227
	57040	-0.6215
	54717	-0.6211
	59320	-0.6185
	53644	-0.6184
	53991	-0.6176
	54318	-0.6169
	54708	-0.6167
	53986	-0.6165
	59280	-0.6156
	53985	-0.6154
	58259	-0.6152
	54904	-0.6149
	58631	-0.6138
	59099	-0.6136
	54335	-0.613
	54727	-0.6116
	52889	-0.6114
	53483	-0.6113
	57012	-0.6108
	57011	-0.6103
	53857	-0.6096
	54900	-0.6092
	57033	-0.6084
	57304	-0.6067
	57055	-0.6066
	57016	-0.6053
	58351	-0.6041
	54704	-0.6025
	59130	-0.6021
	53974	-0.6019
	58221	-0.6016
	58911	-0.6015
	58150	-0.6014
	56571	-0.6009
	58546	-0.6008
	57024	-0.5998
	58477	-0.5982
	53732	-0.5976
	53860	-0.5968
	58926	-0.5948
	58912	-0.5934
	57021	-0.5931
	58906	-0.5929
	53362	-0.5917
	54822	-0.5916
	58127	-0.5915
	54113	-0.5905
	54710	-0.5901
	57792	-0.5897
	56279	-0.5872
	57020	-0.5871
	53967	-0.5868
	58612	-0.5866
	57076	-0.5852
	58693	-0.584
	53484	-0.583
	54829	-0.5826
	54342	-0.5819
	57048	-0.5819
	53475	-0.5816
	59114	-0.5803
	58519	-0.5802
	58517	-0.5801
	53972	-0.5774
	54853	-0.5764
	57731	-0.5742
	58214	-0.5741
	51186	-0.5737
	53956	-0.5705
	54351	-0.5702
	58718	-0.5693
	58484	-0.569
	58141	-0.5681
	54249	-0.5647
	58208	-0.5638
	58537	-0.5634
	54386	-0.563
	56280	-0.563
	54244	-0.5614
	53565	-0.5613
	54627	-0.5613
	54830	-0.5611
	54916	-0.561
	54259	-0.5599
	58600	-0.5593
	58443	-0.5589
	58452	-0.5572
	58140	-0.5564
	52995	-0.5563
	58667	-0.5562
	58606	-0.5548
	57054	-0.5543
	56189	-0.5542
	51076	-0.5542
	54805	-0.554
	56199	-0.5521
	57081	-0.5513
	53578	-0.5509
	54700	-0.5508
	56128	-0.5506
	58834	-0.5505
	53289	-0.5503
	54711	-0.5503
	58224	-0.5497
	59502	-0.5491
	57030	-0.5487
	54532	-0.5483
	58642	-0.5478
	53735	-0.547
	58514	-0.5467
	54903	-0.5465
	57032	-0.5456
	53994	-0.5454
	58542	-0.5446
	53927	-0.5415
	54377	-0.541
	52993	-0.5364
	57034	-0.535
	57003	-0.5343
	58257	-0.5337
	58605	-0.5331
	58222	-0.5325
	57408	-0.5318
	57891	-0.5316
	58358	-0.531
	58223	-0.5307
	57053	-0.5298
	51365	-0.5287
	53988	-0.5285
	53896	-0.5281
	58448	-0.5274
	57072	-0.5265
	54311	-0.5221
	56183	-0.5219
	57035	-0.5214
	57083	-0.5209
	54027	-0.5204
	54714	-0.5195
	54818	-0.5185
	54115	-0.5172
	58235	-0.5166
	54534	-0.516
	56331	-0.5156
	59109	-0.5149
	56223	-0.5134
	53989	-0.5128
	57699	-0.511
	57992	-0.511
	53662	-0.5095
	59501	-0.509
	53480	-0.5087
	58230	-0.5086
	58234	-0.5054
	56443	-0.505
	51352	-0.505
	56147	-0.5026
	57070	-0.5021
	58215	-0.5017
	53564	-0.5002
	53472	-0.4991
	54274	-0.4969
	57789	-0.4934
	52863	-0.493
	56381	-0.4928
	59500	-0.4911
	53469	-0.4909
	57772	-0.4893
	58238	-0.4893
	53343	-0.4858
	50955	-0.4848
	54266	-0.4844
	57037	-0.4834
	53553	-0.4824
	57061	-0.4817
	54827	-0.4763
	52982	-0.4754
	59303	-0.4752
	54918	-0.4742
	57793	-0.4739
	54729	-0.4738
	53575	-0.4735
	57723	-0.4734
	59319	-0.4728
	54063	-0.4727
	56190	-0.4724
	55696	-0.4713
	58508	-0.4705
	57038	-0.4704
	54803	-0.4701
	56585	-0.4692
	58903	-0.4692
	57781	-0.4675
	57779	-0.4674
	57666	-0.4673
	54706	-0.465
	54304	-0.4648
	59087	-0.4647
	58837	-0.4642
	54823	-0.4641
	58268	-0.4636
	59940	-0.4633
	58665	-0.4627
	59127	-0.4614
	54234	-0.459
	57051	-0.4586
	54816	-0.4574
	59304	-0.4571
	58751	-0.4533
	58750	-0.453
	58632	-0.4515
	54857	-0.4503
	58828	-0.4501
	51477	-0.4498
	57674	-0.4495
	57132	-0.449
	57085	-0.4475
	53543	-0.4471
	54261	-0.4455
	53464	-0.4448
	54024	-0.4443
	53663	-0.4435
	53446	-0.4427
	54439	-0.4413
	59493	-0.4411
	54703	-0.441
	54497	-0.4397
	57063	-0.4392
	58824	-0.4384
	54231	-0.4382
	58737	-0.4382
	53588	-0.4376
	54817	-0.4375
	53467	-0.4373
	54828	-0.4361
	56116	-0.4357
	57778	-0.4344
	54615	-0.4334
	58255	-0.431
	58760	-0.4307
	59113	-0.4302
	59124	-0.4295
	57776	-0.4281
	53391	-0.4268
	53490	-0.4267
	56291	-0.4265
	54919	-0.4264
	58049	-0.4252
	57041	-0.4243
	54716	-0.4236
	56387	-0.4236
	57678	-0.4234
	58132	-0.4223
	57991	-0.4221
	54849	-0.4217
	58819	-0.4188
	56158	-0.4183
	58625	-0.4183
	59322	-0.4174
	58544	-0.4171
	54346	-0.4162
	54836	-0.4151
	57080	-0.415
	58549	-0.4143
	54702	-0.4119
	57377	-0.4117
	51334	-0.411
	57407	-0.4105
	58569	-0.4104
	54065	-0.4097
	57673	-0.4096
	54737	-0.4084
	58345	-0.4081
	53385	-0.408
	56384	-0.4072
	54913	-0.4061
	58143	-0.406
	56167	-0.4058
	53529	-0.4054
	54208	-0.4049
	58752	-0.4048
	53481	-0.4036
	58608	-0.4028
	54915	-0.4017
	54901	-0.4012
	53487	-0.4006
	54712	-0.3998
	54169	-0.3976
	58627	-0.3962
	57995	-0.3958
	59492	-0.3947
	57044	-0.3946
	58306	-0.3935
	54902	-0.392
	53983	-0.3919
	53574	-0.3906
	54831	-0.3904
	59134	-0.3904
	59310	-0.3903
	55598	-0.3902
	56187	-0.3889
	56441	-0.3879
	54848	-0.3877
	58212	-0.3873
	58450	-0.3857
	58210	-0.3852
	54371	-0.3841
	58139	-0.384
	59945	-0.3837
	54187	-0.3833
	58657	-0.3833
	52996	-0.3826
	58126	-0.3826
	54802	-0.3825
	54098	-0.3817
	58656	-0.3812
	56284	-0.3807
	54834	-0.3801
	54801	-0.3778
	57786	-0.3778
	57074	-0.3768
	50425	-0.3764
	57871	-0.3758
	54925	-0.3752
	53392	-0.3749
	56263	-0.3748
	59116	-0.3734
	54912	-0.3727
	58907	-0.3723
	54808	-0.3718
	54920	-0.3713
	54821	-0.3702
	56390	-0.3689
	54363	-0.3681
	57298	-0.3678
	58237	-0.3678
	53998	-0.3668
	59324	-0.3667
	54807	-0.3646
	57208	-0.3635
	54353	-0.3625
	54819	-0.3624
	54254	-0.3623
	54349	-0.362
	57090	-0.3611
	57368	-0.3604
	57874	-0.3585
	54709	-0.3584
	56184	-0.3577
	53917	-0.357
	56186	-0.3553
	59090	-0.3553
	59476	-0.3542
	57204	-0.354
	57056	-0.3538
	58148	-0.3533
	56227	-0.3531
	53399	-0.3529
	50954	-0.3527
	57027	-0.3496
	53478	-0.3487
	59318	-0.3479
	51378	-0.3479
	53378	-0.3471
	59314	-0.3467
	57462	-0.3465
	52203	-0.3454
	55593	-0.345
	56197	-0.345
	53997	-0.3431
	54263	-0.3415
	57378	-0.3415
	50353	-0.3414
	54910	-0.3336
	58311	-0.3333
	57046	-0.3329
	58712	-0.3306
	58418	-0.3305
	54475	-0.3304
	59290	-0.3298
	57014	-0.3296
	53466	-0.3295
	52984	-0.3289
	57774	-0.3273
	52963	-0.3271
	54863	-0.325
	58658	-0.324
	54616	-0.3235
	57082	-0.3229
	59088	-0.3229
	51346	-0.3223
	52112	-0.3221
	58202	-0.3214
	56374	-0.3211
	56273	-0.318
	54908	-0.3168
	58344	-0.3164
	58527	-0.3164
	53821	-0.3159
	54718	-0.3158
	57134	-0.3152
	55572	-0.3147
	58225	-0.3139
	57768	-0.3125
	57309	-0.3124
	54365	-0.311
	54337	-0.3103
	52515	-0.3092
	56654	-0.3076
	56298	-0.3073
	57307	-0.3066
	54861	-0.3055
	58502	-0.3051
	59122	-0.3047
	57006	-0.3045
	57091	-0.3041
	59297	-0.3039
	54932	-0.3018
	54835	-0.3017
	57763	-0.3005
	58442	-0.2998
	54922	-0.2996
	56094	-0.2979
	54276	-0.2977
	54833	-0.2976
	56569	-0.2964
	54734	-0.2956
	56478	-0.2951
	57111	-0.295
	54914	-0.2946
	53384	-0.2859
	59093	-0.2857
	57483	-0.2844
	56473	-0.2841
	58731	-0.2838
	55681	-0.2823
	58048	-0.2816
	59284	-0.2813
	54843	-0.2802
	51377	-0.2801
	53738	-0.2799
	51087	-0.279
	58905	-0.2784
	56307	-0.2776
	58330	-0.2768
	53993	-0.2759
	57297	-0.2742
	57296	-0.273
	57773	-0.2714
	59673	-0.2711
	56272	-0.271
	59658	-0.2697
	55680	-0.2694
	54738	-0.2687
	58013	-0.2687
	58615	-0.2681
	53083	-0.2652
	56202	-0.2647
	58409	-0.264
	59481	-0.2629
	54940	-0.2618
	53463	-0.2616
	54936	-0.2614
	58320	-0.261
	58664	-0.2599
	56196	-0.2579
	54923	-0.2564
	59475	-0.2561
	57896	-0.2549
	57065	-0.2547
	57694	-0.254
	54921	-0.2539
	55589	-0.2531
	58021	-0.2528
	58417	-0.2511
	51572	-0.2495
	58659	-0.2492
	54905	-0.2484
	54929	-0.2473
	57093	-0.2469
	58301	-0.2457
	59285	-0.2454
	58335	-0.2443
	53916	-0.2439
	54154	-0.2438
	51573	-0.2429
	51156	-0.2428
	58045	-0.2424
	57370	-0.2414
	58436	-0.2413
	57994	-0.2403
	54156	-0.2401
	51356	-0.2388
	51058	-0.2382
	58135	-0.2357
	58512	-0.2331
	57169	-0.233
	54715	-0.2327
	54726	-0.2323
	57066	-0.2319
	53617	-0.231
	57206	-0.2309
	53727	-0.2307
	56289	-0.2305
	58207	-0.2305
	51828	-0.2298
	54815	-0.2295
	58323	-0.2295
	54927	-0.2242
	54122	-0.2229
	56378	-0.2222
	58719	-0.2215
	58205	-0.2201
	59487	-0.2185
	51804	-0.2181
	53906	-0.2151
	54293	-0.2149
	58734	-0.2144
	57156	-0.214
	56651	-0.2129
	57106	-0.2119
	59315	-0.2111
	54171	-0.2103
	52602	-0.2103
	56286	-0.2101
	58015	-0.2086
	50618	-0.2085
	54736	-0.2072
	59321	-0.2068
	59094	-0.2064
	58138	-0.2056
	54935	-0.2049
	57895	-0.2049
	57001	-0.203
	59125	-0.2027
	54267	-0.2018
	58047	-0.2014
	58321	-0.2013
	58316	-0.2004
	54730	-0.1978
	53272	-0.1972
	57039	-0.1963
	59480	-0.1963
	50349	-0.1963
	53545	-0.1961
	54157	-0.196
	58529	-0.1951
	50727	-0.1947
	56295	-0.1941
	52862	-0.1927
	59126	-0.1917
	56386	-0.1912
	54943	-0.1891
	54135	-0.1877
	57872	-0.1864
	54142	-0.1858
	51053	-0.1856
	53602	-0.1848
	54628	-0.1844
	59279	-0.184
	51435	-0.1824
	54072	-0.1812
	57087	-0.181
	51526	-0.1795
	56281	-0.1773
	50514	-0.1772
	58338	-0.177
	54584	-0.1769
	51288	-0.174
	58543	-0.1738
	54814	-0.1735
	54917	-0.1734
	58024	-0.1734
	57988	-0.1732
	58626	-0.1731
	56393	-0.1714
	57460	-0.1708
	50928	-0.1707
	57124	-0.1706
	54806	-0.1698
	51827	-0.1683
	58020	-0.1678
	57278	-0.1677
	56567	-0.1666
	54076	-0.1665
	56290	-0.1659
	53348	-0.1651
	56584	-0.1644
	56673	-0.1631
	52985	-0.1628
	54731	-0.1622
	57265	-0.1611
	54624	-0.1608
	58620	-0.1607
	57894	-0.1602
	50776	-0.1597
	53751	-0.1588
	53368	-0.1584
	51495	-0.1584
	58314	-0.1583
	57086	-0.1561
	56194	-0.1554
	58745	-0.1537
	57780	-0.152
	57308	-0.1508
	54909	-0.1505
	59653	-0.1501
	56192	-0.1497
	57732	-0.1495
	54725	-0.1484
	59317	-0.1472
	51465	-0.1454
	54195	-0.1452
	58340	-0.1434
	50431	-0.1424
	58011	-0.1399
	57476	-0.1387
	54724	-0.1385
	58618	-0.1381
	50833	-0.1377
	57661	-0.1372
	58022	-0.1371
	56391	-0.1362
	57990	-0.1356
	58012	-0.1345
	58510	-0.133
	57387	-0.1317
	59948	-0.1311
	59092	-0.131
	51839	-0.1301
	57860	-0.1297
	53457	-0.1292
	57680	-0.1292
	54810	-0.1286
	57876	-0.128
	50246	-0.1276
	52972	-0.1251
	51357	-0.1205
	59485	-0.1199
	54285	-0.1193
	58334	-0.1174
	57358	-0.1155
	58419	-0.1147
	54837	-0.1143
	58203	-0.1137
	58438	-0.1131
	57722	-0.111
	57162	-0.1107
	57899	-0.1102
	51886	-0.1041
	51369	-0.1027
	52874	-0.1013
	53397	-0.1011
	58327	-0.0999
	54134	-0.0979
	56180	-0.0974
	57688	-0.0962
	54204	-0.096
	53276	-0.0956
	54846	-0.0956
	57475	-0.0949
	58446	-0.0942
	57314	-0.0931
	59075	-0.092
	58441	-0.0916
	57401	-0.0914
	57996	-0.0912
	56383	-0.0903
	58331	-0.0899
	51379	-0.0895
	53068	-0.0894
	58633	-0.0882
	59849	-0.0879
	59488	-0.0877
	58128	-0.0854
	59312	-0.0846
	56296	-0.0845
	54471	-0.0839
	57769	-0.0828
	54744	-0.082
	57502	-0.082
	57075	-0.0818
	54939	-0.0817
	57662	-0.0817
	50674	-0.0801
	58117	-0.08
	54362	-0.0798
	56195	-0.0777
	54531	-0.0771
	50861	-0.0769
	51829	-0.0769
	51359	-0.0764
	59313	-0.0758
	51470	-0.0756
	54842	-0.0755
	54347	-0.0754
	53455	-0.0738
	56287	-0.0736
	58624	-0.0728
	51367	-0.0691
	56494	-0.0687
	57409	-0.0687
	54811	-0.0681
	54844	-0.0679
	57181	-0.0672
	58826	-0.0668
	53357	-0.0667
	54906	-0.0664
	50838	-0.0663
	58003	-0.0656
	51826	-0.0652
	51705	-0.0645
	57363	-0.0636
	57405	-0.0629
	57173	-0.0626
	58339	-0.0619
	57411	-0.0609
	53533	-0.0593
	51358	-0.0573
	50842	-0.0572
	58547	-0.0565
	58125	-0.0559
	57007	-0.0549
	54305	-0.0548
	56342	-0.0531
	59478	-0.0496
	54732	-0.0493
	55664	-0.049
	56297	-0.049
	59473	-0.0478
	54841	-0.0474
	57176	-0.0469
	54291	-0.0468
	51241	-0.0463
	55585	-0.0461
	55578	-0.0449
	57720	-0.0441
	58025	-0.0437
	51931	-0.0436
	57293	-0.0428
	50937	-0.0423
	52825	-0.0423
	54164	-0.0416
	52378	-0.04
	57361	-0.0389
	58622	-0.0383
	57178	-0.0378
	58131	-0.0375
	59294	-0.0368
	58326	-0.0356
	59298	-0.0354
	57669	-0.0347
	52681	-0.0344
	56171	-0.0339
	59659	-0.033
	54945	-0.0309
	55228	-0.0294
	59456	-0.0289
	58002	-0.0259
	54161	-0.0252
	52657	-0.0251
	58431	-0.0237
	52884	-0.0224
	53324	-0.0212
	52575	-0.0211
	57094	-0.0207
	57565	-0.0207
	59758	-0.0204
	50987	-0.0184
	53619	-0.0175
	57577	-0.017
	57564	-0.0163
	59102	-0.0163
	57261	-0.016
	57002	-0.0147
	54871	-0.0146
	54252	-0.0134
	58036	-0.0133
	57089	-0.0132
	51720	-0.0123
	59656	-0.0116
	57887	-0.0109
	54660	-0.0098
	58001	-0.0082
	52674	-0.0077
	51060	-0.0073
	58503	-0.0072
	50434	-0.0056
	57766	-0.0053
	50527	-0.0048
	54273	-0.0047
	59845	-0.0039
	50934	-0.0034
	57762	-0.0021
	52885	-0.0019
	57663	-0.0014
	59750	-0.0013
	57882	-3.0E-4
	59842	-3.0E-4
	56172	0.0021
	58426	0.0026
	50945	0.0053
	56492	0.0055
	58428	0.0076
	53612	0.0092
	58040	0.0109
	57461	0.0111
	52836	0.0113
	58041	0.0116
	57315	0.0123
	51467	0.0127
	50963	0.0128
	53705	0.0144
	54938	0.0144
	58038	0.0153
	57028	0.0158
	59276	0.016
	58647	0.0171
	52323	0.0175
	57217	0.0176
	53519	0.0188
	56168	0.0196
	54474	0.025
	59664	0.0253
	51469	0.0256
	52607	0.0265
	57268	0.0267
	58032	0.0268
	57505	0.031
	57295	0.0312
	59278	0.0312
	57510	0.0321
	54374	0.0332
	57469	0.0335
	58044	0.0335
	58432	0.0337
	58034	0.034
	50965	0.0347
	57137	0.0358
	58116	0.0364
	57182	0.037
	54470	0.0386
	57077	0.0386
	56021	0.0388
	55773	0.0395
	58026	0.0397
	57299	0.0412
	58005	0.0413
	57184	0.0414
	58420	0.0414
	54243	0.0416
	58433	0.0434
	56595	0.0441
	50526	0.0445
	52713	0.0447
	51701	0.0457
	53518	0.0459
	52842	0.0464
	58423	0.0467
	57698	0.047
	57464	0.0474
	56096	0.0485
	57886	0.0505
	50445	0.0528
	57481	0.0534
	58006	0.0552
	58008	0.056
	57232	0.0572
	58030	0.0583
	51711	0.0583
	54041	0.0599
	51855	0.0627
	58004	0.0636
	51571	0.069
	50774	0.0698
	52101	0.0698
	53914	0.07
	50247	0.0706
	57180	0.071
	59091	0.0715
	53730	0.0716
	57175	0.0727
	58429	0.073
	51238	0.0737
	58317	0.076
	56376	0.0767
	57761	0.0809
	54776	0.0811
	51707	0.0816
	59462	0.0827
	57155	0.0833
	59650	0.0847
	58501	0.0848
	54260	0.085
	59288	0.0851
	50745	0.0851
	52988	0.0857
	57465	0.0872
	50946	0.089
	59271	0.09
	56198	0.0913
	57191	0.0914
	51709	0.0914
	52436	0.0916
	54047	0.0928
	54338	0.093
	58337	0.0937
	57154	0.0955
	57242	0.0955
	57566	0.0964
	51145	0.0976
	54851	0.0986
	57096	0.1003
	51716	0.1014
	53505	0.102
	58329	0.1022
	50858	0.1035
	54832	0.104
	54165	0.1045
	50832	0.1049
	58017	0.1053
	57682	0.1054
	50964	0.1064
	53618	0.1065
	50834	0.1068
	57313	0.108
	57078	0.1084
	54186	0.1112
	53367	0.1117
	54852	0.114
	50949	0.1162
	50851	0.1172
	56684	0.1178
	57274	0.118
	56462	0.119
	56146	0.1206
	56380	0.122
	58035	0.1228
	50859	0.1229
	54755	0.1233
	54728	0.1235
	52267	0.1242
	57140	0.1251
	57144	0.1253
	57477	0.1253
	59289	0.1253
	57285	0.1254
	50468	0.1257
	51708	0.126
	53502	0.1264
	54080	0.1265
	51330	0.1267
	50750	0.1268
	57008	0.1269
	57486	0.1274
	50775	0.128
	58336	0.1295
	56317	0.1298
	50739	0.1298
	50985	0.1309
	52652	0.1332
	53433	0.1341
	58016	0.1355
	52866	0.1356
	50844	0.1367
	57260	0.1389
	56580	0.1391
	57254	0.142
	51704	0.1421
	59469	0.1425
	57119	0.1432
	58735	0.1438
	56382	0.1458
	57256	0.147
	56485	0.1481
	53611	0.1485
	56276	0.1487
	50749	0.1488
	58424	0.15
	57004	0.1501
	50442	0.1501
	58027	0.1502
	50755	0.1504
	58402	0.1515
	50950	0.152
	51463	0.1523
	58416	0.1527
	54579	0.1536
	51642	0.1543
	58109	0.1544
	53547	0.1558
	58107	0.1561
	56312	0.1569
	53195	0.1587
	52447	0.1599
	57389	0.1608
	51717	0.1608
	53352	0.1613
	54172	0.1621
	50564	0.1624
	51068	0.1648
	56675	0.1651
	53522	0.1652
	57251	0.1652
	50548	0.1663
	57511	0.1667
	54099	0.1671
	54039	0.168
	52986	0.1684
	50524	0.17
	57734	0.1702
	59843	0.1737
	51581	0.1751
	57562	0.1758
	57976	0.1758
	56487	0.1789
	51802	0.179
	53810	0.1812
	57713	0.1834
	57143	0.1839
	57671	0.1857
	58401	0.186
	58736	0.1873
	57973	0.1875
	59663	0.1881
	51633	0.1894
	52868	0.1909
	52896	0.1914
	52908	0.1926
	58114	0.1946
	57496	0.1947
	57736	0.1953
	58130	0.1956
	50939	0.1956
	54031	0.1962
	57458	0.1971
	50979	0.1989
	57507	0.1994
	57362	0.2001
	57582	0.2002
	53881	0.2055
	50778	0.2067
	53817	0.2077
	50658	0.2079
	57972	0.2084
	50646	0.2105
	54026	0.2113
	56646	0.2118
	50871	0.2134
	57279	0.2158
	57574	0.2174
	51627	0.2185
	58122	0.2191
	57098	0.2207
	57585	0.2209
	59654	0.2214
	52418	0.2227
	52833	0.2243
	50557	0.2245
	57466	0.2252
	57573	0.2263
	57714	0.2265
	56394	0.2267
	52446	0.2355
	54192	0.2359
	50772	0.2363
	57584	0.2372
	59954	0.2379
	57238	0.2403
	56565	0.2413
	57853	0.2413
	50741	0.2416
	56016	0.2425
	54102	0.2459
	51818	0.2466
	53704	0.2468
	52895	0.2479
	50960	0.2488
	50742	0.2491
	57485	0.2518
	54092	0.2524
	57752	0.2525
	58007	0.2531
	50603	0.2556
	58507	0.2594
	54012	0.262
	50788	0.2631
	57760	0.268
	57870	0.2696
	50787	0.272
	52546	0.2725
	57193	0.2746
	57398	0.2768
	58118	0.2772
	57482	0.2773
	56288	0.2774
	57253	0.2791
	56670	0.2792
	50962	0.2805
	57889	0.2826
	57385	0.2834
	53725	0.2839
	58415	0.2854
	50958	0.2857
	57183	0.2859
	50136	0.2866
	57575	0.2881
	59256	0.2887
	57381	0.2909
	50968	0.2911
	52875	0.2916
	57128	0.2921
	50948	0.2934
	50915	0.2949
	57498	0.2956
	57187	0.296
	53513	0.2962
	58102	0.2965
	57186	0.2974
	56641	0.298
	57868	0.2982
	58108	0.299
	56493	0.3
	54722	0.3007
	54453	0.3022
	50877	0.3023
	57113	0.3047
	53614	0.307
	57245	0.3071
	51810	0.3098
	57177	0.3112
	50936	0.3127
	58421	0.3133
	59470	0.3177
	57292	0.3192
	57067	0.3194
	59477	0.3213
	52557	0.3237
	57395	0.326
	50656	0.326
	57153	0.3264
	59471	0.328
	58113	0.329
	54723	0.3298
	59082	0.332
	51655	0.3322
	58427	0.3357
	59754	0.3358
	58742	0.3374
	59655	0.3374
	54749	0.3382
	57590	0.3391
	55690	0.3406
	53337	0.341
	50852	0.3412
	56095	0.3413
	53420	0.344
	50673	0.3469
	51482	0.3474
	58408	0.3493
	57388	0.3503
	53615	0.3512
	57758	0.3529
	51059	0.3557
	52797	0.3559
	51644	0.3561
	50862	0.3566
	56491	0.3577
	57179	0.3579
	56164	0.359
	58319	0.3599
	50655	0.3609
	57866	0.3613
	57320	0.3615
	59647	0.3615
	56396	0.363
	56548	0.3672
	58520	0.3685
	52737	0.3694
	56373	0.3707
	57099	0.371
	56742	0.3732
	57581	0.3738
	56489	0.3746
	57126	0.3746
	56665	0.3781
	52313	0.3801
	56399	0.3803
	57396	0.3817
	50767	0.3832
	54284	0.384
	56033	0.3852
	51815	0.3854
	57962	0.3865
	56594	0.3874
	50940	0.3884
	53512	0.3892
	56977	0.3924
	57197	0.3927
	57348	0.3943
	57655	0.3949
	52855	0.3988
	58414	0.3998
	59270	0.4004
	57057	0.4025
	50566	0.4027
	56046	0.404
	56479	0.4054
	57390	0.4054
	59287	0.4059
	52943	0.4072
	56395	0.4087
	51777	0.4125
	57875	0.413
	59266	0.4139
	52424	0.4146
	50853	0.4153
	55294	0.4191
	56106	0.4194
	57095	0.4197
	53910	0.4203
	53231	0.4213
	57571	0.4227
	54826	0.4232
	52656	0.4235
	57960	0.4241
	50639	0.4246
	57271	0.4269
	54568	0.428
	59453	0.4292
	52818	0.4316
	57867	0.4336
	57985	0.4348
	57185	0.4356
	58523	0.4362
	53723	0.4373
	55248	0.4374
	52661	0.4387
	59265	0.4389
	53610	0.4391
	56193	0.4392
	54094	0.4405
	57213	0.4408
	56976	0.4421
	54476	0.4459
	56697	0.4487
	53149	0.4488
	52533	0.449
	52645	0.4493
	53517	0.45
	50873	0.4501
	57189	0.4522
	57514	0.4532
	57290	0.4542
	56091	0.4543
	58531	0.4551
	57233	0.4552
	51814	0.4566
	57493	0.4579
	57281	0.4598
	59451	0.4613
	57231	0.4614
	50756	0.4625
	57489	0.4628
	50632	0.4641
	58629	0.4659
	57744	0.4694
	51730	0.4696
	59457	0.4697
	57127	0.4714
	51636	0.4738
	57739	0.4744
	50879	0.4747
	51811	0.4762
	57324	0.4812
	58500	0.4821
	58404	0.4836
	56151	0.4845
	57294	0.4854
	59268	0.4861
	56043	0.4882
	50978	0.4891
	57696	0.4926
	52957	0.4928
	57399	0.4976
	57273	0.501
	57508	0.5023
	52643	0.5054
	50647	0.5075
	58111	0.5085
	56097	0.5115
	57981	0.5121
	57402	0.5139
	57512	0.5142
	57216	0.5144
	59640	0.5155
	57492	0.516
	57491	0.5172
	59854	0.5173
	50973	0.5174
	57978	0.5184
	59632	0.5184
	54662	0.5195
	54751	0.5197
	52787	0.5197
	57598	0.5214
	57247	0.5218
	57865	0.5223
	50880	0.5224
	57767	0.5235
	56480	0.5237
	57583	0.5252
	57745	0.5253
	57657	0.5279
	58534	0.5292
	57211	0.5293
	57317	0.5311
	57192	0.5347
	58101	0.5398
	57188	0.5419
	58435	0.5419
	51722	0.5429
	50888	0.5448
	57259	0.5453
	51438	0.547
	53419	0.5481
	57717	0.5487
	53806	0.5501
	57198	0.5511
	59757	0.5526
	56371	0.5533
	56084	0.5542
	51559	0.5544
	56652	0.5574
	59452	0.5584
	56586	0.5628
	59081	0.5632
	51765	0.5671
	58530	0.5732
	57974	0.5748
	57194	0.5749
	57955	0.5809
	50878	0.583
	57840	0.5835
	59454	0.5841
	52765	0.5842
	57956	0.5869
	57355	0.5884
	52853	0.5884
	56497	0.5949
	57741	0.5978
	56543	0.6007
	56674	0.6031
	51232	0.6044
	57195	0.6056
	56598	0.6064
	55279	0.6102
	50659	0.614
	57971	0.6142
	52745	0.6172
	59255	0.6184
	52856	0.6207
	52754	0.6228
	57636	0.6249
	57586	0.6267
	50884	0.6301
	59856	0.6313
	57647	0.6376
	57800	0.6377
	57129	0.6387
	53903	0.64
	57881	0.6402
	50525	0.6409
	56533	0.6423
	56018	0.6454
	57737	0.6461
	59435	0.6461
	57606	0.6464
	57595	0.6487
	58104	0.6544
	57922	0.6633
	57196	0.6676
	56173	0.6677
	50913	0.6699
	56688	0.6709
	56836	0.6731
	50867	0.6742
	58100	0.6797
	52955	0.6828
	59644	0.6838
	57558	0.6839
	57646	0.6889
	57738	0.697
	56666	0.6976
	57318	0.6982
	59851	0.7032
	57506	0.7064
	52576	0.7093
	57494	0.7109
	57248	0.7115
	59269	0.7152
	57605	0.7157
	57735	0.7179
	59448	0.7183
	57635	0.7238
	57658	0.7241
	57499	0.7262
	56385	0.7264
	57614	0.7363
	56671	0.7432
	54093	0.744
	57257	0.744
	59237	0.744
	57359	0.7448
	57249	0.7493
	56645	0.7566
	54437	0.7653
	56496	0.7666
	58407	0.7698
	57345	0.7701
	52998	0.7716
	56034	0.7727
	54339	0.7768
	55472	0.7823
	56745	0.7883
	56578	0.7906
	53336	0.7931
	57625	0.7947
	54539	0.7949
	57604	0.7974
	57643	0.7985
	57740	0.8046
	59449	0.8063
	57417	0.8091
	57640	0.8095
	52679	0.8101
	57923	0.8145
	50892	0.8168
	59264	0.8216
	57517	0.8222
	51437	0.8237
	57842	0.8239
	55299	0.8263
	56029	0.8296
	56593	0.8316
	59055	0.8332
	57964	0.8339
	55591	0.8382
	57637	0.8407
	53192	0.8417
	57445	0.8429
	59072	0.8444
	56045	0.8457
	59631	0.8494
	56490	0.8533
	57822	0.8562
	57743	0.8592
	57754	0.8599
	59242	0.8617
	54472	0.8639
	51137	0.8639
	56643	0.865
	51567	0.8655
	50854	0.8704
	54753	0.8714
	56649	0.8738
	58437	0.8753
	57603	0.8818
	57825	0.8954
	51656	0.9043
	57333	0.9053
	57343	0.9066
	59065	0.9107
	56669	0.9116
	57846	0.9138
	59446	0.9144
	57742	0.9185
	57921	0.9224
	57957	0.9225
	56838	0.9247
	59635	0.9252
	56582	0.9274
	56067	0.9275
	51628	0.9289
	59254	0.9337
	51629	0.9337
	57828	0.934
	59855	0.9361
	57237	0.9401
	57326	0.944
	57966	0.954
	59626	0.9677
	56082	0.9713
	53707	0.9722
	54563	0.9783
	57516	0.9796
	56004	0.9797
	57554	0.9798
	56879	0.9807
	54575	0.9832
	51133	0.9865
	56074	0.99
	59064	1.0048
	57926	1.0137
	57821	1.0159
	59074	1.0202
	57844	1.0221
	59246	1.0236
	59241	1.0269
	57642	1.0341
	52633	1.0346
	56065	1.0412
	59238	1.0457
	51639	1.054
	59951	1.0588
	56763	1.0652
	57349	1.0677
	57589	1.0698
	59053	1.0716
	51436	1.076
	57910	1.0795
	57824	1.082
	59427	1.086
	54774	1.0905
	50779	1.0915
	57729	1.0977
	57649	1.0989
	56885	1.1001
	52495	1.1009
	56782	1.1064
	57520	1.115
	57927	1.1166
	57911	1.1194
	57835	1.1285
	57857	1.1297
	57447	1.1442
	59426	1.1454
	56991	1.1459
	57425	1.1465
	57832	1.1492
	54569	1.1501
	59045	1.1582
	56592	1.16
	57859	1.1721
	56691	1.1725
	59071	1.1729
	56081	1.1736
	57513	1.1738
	54752	1.174
	56185	1.1762
	51328	1.1788
	57965	1.1799
	56839	1.181
	57522	1.182
	57916	1.1826
	56746	1.1881
	56984	1.1892
	51430	1.195
	54766	1.2009
	57915	1.2018
	56756	1.2069
	54777	1.2089
	59429	1.2109
	56038	1.2203
	56969	1.2213
	56840	1.2219
	51568	1.226
	55493	1.2263
	56958	1.2276
	56978	1.2307
	59235	1.2361
	57811	1.2394
	57633	1.241
	56664	1.2494
	57954	1.2547
	59425	1.2612
	57914	1.2629
	57545	1.2666
	59061	1.2688
	56079	1.2704
	57932	1.2718
	56876	1.2764
	59052	1.2768
	57544	1.2849
	56989	1.2886
	56748	1.2903
	56985	1.2917
	59063	1.2923
	52968	1.2923
	56886	1.2955
	56693	1.2965
	56483	1.3006
	56182	1.3025
	56764	1.3032
	56499	1.308
	57339	1.3118
	59058	1.3201
	57543	1.3225
	57451	1.3274
	51329	1.328
	59033	1.3399
	57818	1.3448
	57969	1.3552
	57816	1.3622
	57839	1.3635
	57805	1.3679
	56992	1.3724
	57728	1.3764
	59249	1.3814
	57600	1.384
	59229	1.3877
	57900	1.3894
	54765	1.3895
	52974	1.3904
	57807	1.3928
	57942	1.3973
	57803	1.3999
	57536	1.4106
	56970	1.4112
	57903	1.4142
	54764	1.4155
	56498	1.4175
	56959	1.4177
	59034	1.4251
	56973	1.4275
	56786	1.4291
	59431	1.4333
	57975	1.4351
	56752	1.4469
	57813	1.4495
	57416	1.4504
	56357	1.4522
	56080	1.4567
	56964	1.4693
	56883	1.4694
	56257	1.4706
	57328	1.478
	57707	1.4784
	56844	1.4797
	57541	1.4865
	57540	1.495
	57608	1.496
	59012	1.497
	56962	1.4991
	59007	1.5107
	57834	1.5128
	56975	1.5166
	56889	1.5175
	56739	1.5217
	57841	1.5219
	57414	1.5238
	59059	1.5283
	57851	1.5317
	57809	1.5332
	57808	1.5362
	57948	1.5488
	56125	1.5509
	54432	1.5609
	56596	1.5633
	57708	1.566
	57936	1.5661
	59205	1.5679
	59230	1.5698
	56966	1.5719
	59057	1.5722
	57432	1.5737
	59417	1.578
	56961	1.5909
	56835	1.5955
	56987	1.5971
	52784	1.6011
	57902	1.6037
	57829	1.6059
	56854	1.6134
	59441	1.62
	56871	1.6206
	56792	1.6264
	59022	1.632
	57845	1.6386
	57413	1.6445
	59046	1.6481
	56982	1.6484
	57609	1.6571
	59419	1.658
	56793	1.6581
	57906	1.6591
	56761	1.662
	56751	1.6644
	57912	1.6692
	51434	1.6729
	56873	1.6735
	59037	1.674
	56995	1.6771
	54759	1.6846
	56878	1.6884
	57525	1.6967
	56994	1.7015
	56093	1.705
	56842	1.7177
	56898	1.7334
	51433	1.7424
	57913	1.746
	56109	1.7463
	57941	1.7477
	56869	1.7492
	59017	1.753
	56783	1.757
	59015	1.7622
	59224	1.7637
	54778	1.7654
	57509	1.7749
	56788	1.7763
	57814	1.777
	55655	1.7832
	57439	1.7875
	57420	1.7877
	56881	1.7948
	51431	1.8045
	59051	1.8065
	59421	1.8121
	57909	1.813
	56996	1.8207
	56875	1.8218
	57718	1.8239
	57806	1.8249
	57837	1.8292
	56882	1.8321
	57426	1.8342
	59041	1.8573
	57415	1.8669
	59004	1.8674
	57719	1.8702
	57949	1.8711
	59025	1.8747
	56790	1.8772
	56781	1.8786
	59038	1.8894
	59228	1.8899
	57827	1.9062
	50983	1.9228
	57623	1.926
	59213	1.9303
	57947	1.9498
	57634	1.9835
	59047	1.994
	56948	2.0017
	56851	2.0045
	57958	2.0106
	57431	2.0119
	59044	2.0181
	56986	2.0249
	57612	2.0255
	56755	2.0554
	56841	2.0844
	57905	2.1074
	59027	2.1151
	56775	2.1152
	57537	2.1239
	56867	2.1438
	56952	2.1777
	56872	2.1778
	55437	2.1891
	59001	2.1903
	56946	2.2009
	56785	2.2024
	57329	2.2058
	56891	2.2134
	56880	2.2139
	59023	2.2199
	57907	2.224
	57437	2.2292
	59021	2.2424
	56843	2.2431
	59209	2.2469
	56849	2.2599
	56949	2.2624
	56071	2.2655
	59031	2.2778
	57518	2.2917
	59218	2.3343
	57519	2.3361
	59215	2.3475
	56772	2.3489
	57523	2.3586
	56766	2.3797
	56846	2.3827
	56863	2.3991
	59227	2.4025
	56774	2.4207
	59211	2.4325
	57908	2.436
	56856	2.4737
	56950	2.4761
	57438	2.4838
	56862	2.4858
	57710	2.5147
	56951	2.5482
	56870	2.5707
	56777	2.5973
	56778	2.6005
	56767	2.6557
	56954	2.7001
	56944	2.7124
	56768	2.7721
