50136     1
50137  -999
50246     1
50247  -999
50349     1
50353     1
50425     1
50431     1
50434     2
50442     1
50445     1
50468     1
50514     1
50524     1
50525     1
50526     1
50527     1
50548     1
50557     1
50564     1
50566     1
50603     1
50618     2
50632     1
50639     1
50646     1
50647     1
50655     1
50656     2
50658     1
50659     1
50673     1
50674     1
50727     1
50739  -999
50741     1
50742     1
50745     1
50749     1
50750     1
50755     1
50756     1
50758     1
50767     1
50772     1
50774     1
50775     1
50776     0
50778     1
50779     1
50787     1
50788     1
50832     1
50833     1
50834     1
50838     1
50842     1
50844     1
50851     0
50852     0
50853     1
50854     1
50858     1
50859     0
50861     1
50862     2
50867     1
50871     1
50873     1
50877     1
50878     0
50879     1
50880     1
50884     1
50888     1
50892     1
50913     2
50915     1
50924  -999
50928     1
50934     0
50936     2
50937     1
50939     1
50940     1
50945  -999
50946     1
50948     2
50949     2
50950     1
50953     1
50954     1
50955  -999
50956     0
50958     1
50960     0
50962     0
50963     2
50964     1
50965     0
50968     1
50971  -999
50973  -999
50978     0
50979     0
50983     1
50985     1
50987     0
51053     0
51058     0
51059  -999
51060  -999
51068     0
51076     1
51087     1
51133     1
51137     1
51145     1
51156     2
51186     1
51232     1
51238  -999
51241     1
51243     1
51288     1
51328     3
51329     3
51330     1
51334     2
51346     2
51352     0
51353     0
51356     1
51357     1
51358  -999
51359     1
51365     1
51367     1
51369     1
51377     1
51378     1
51379     2
51430     2
51431     2
51433  -999
51434     2
51435     3
51436     3
51437     1
51438     0
51463     1
51465     1
51467     3
51468     1
51469  -999
51470  -999
51477     1
51482     1
51495     0
51526     1
51542     2
51559     0
51567     0
51568     1
51571     0
51572     0
51573     0
51581     0
51627     2
51628     1
51629     1
51633     0
51636     0
51639  -999
51642     0
51644     0
51655  -999
51656     0
51701     1
51704  -999
51705     2
51707     2
51708     1
51709     0
51711     1
51716     0
51717     1
51720     0
51722     0
51730     0
51747  -999
51765     0
51777     0
51802     0
51804     4
51810  -999
51811     0
51814     0
51815     0
51818     0
51826     0
51827     0
51828     0
51829     0
51839     0
51848  -999
51855     0
51886     0
51931     0
52101     1
52112  -999
52118     2
52203     0
52267     1
52313     0
52323     0
52343  -999
52378     1
52418     0
52424     0
52436     0
52441  -999
52446     0
52447     0
52495     0
52515     0
52533     0
52546     0
52557     0
52575     0
52576     0
52602     0
52607     0
52633     0
52643     0
52645     0
52652     0
52656     1
52657    -7
52661     0
52674     0
52679     0
52681     0
52707     0
52713     0
52737     0
52745    -1
52754    -6
52765    -5
52784     2
52787    -3
52788  -999
52797     0
52818     1
52825     0
52833     0
52836     0
52842    -5
52853    -3
52855    -4
52856    -8
52862    -6
52863   -11
52866   -13
52868   -15
52869   -10
52874   -11
52875   -15
52876   -18
52884  -999
52885     0
52889    -5
52895    -3
52896    -3
52908     0
52943   -10
52955    -4
52957   -20
52963   -16
52968    -3
52972   -15
52974  -999
52978    -3
52980   -10
52982    -6
52983     0
52984    -1
52985     2
52986     1
52988     3
52993     0
52995     2
52996     0
52998     2
53068     0
53083     1
53149     0
53192     1
53195     1
53231     1
53272     0
53276     0
53289     0
53324     0
53336     0
53337     0
53343     0
53348     0
53352     0
53357     0
53362     0
53367     0
53368     0
53378     0
53384     0
53385    -5
53391     0
53392     0
53397    -3
53399    -2
53419     0
53420     0
53433    -4
53446    -5
53455    -9
53457    -5
53463    -4
53464    -6
53466    -6
53467    -7
53469    -1
53472     0
53475    -3
53478     0
53480    -3
53481     0
53483    -2
53484     0
53486    -9
53487     0
53488     0
53490  -999
53491     0
53492     0
53498     0
53499     0
53502     0
53505     0
53512     0
53513     0
53517     0
53518     0
53519     0
53522     0
53529     0
53533    -5
53543    -6
53545    -3
53547    -3
53553     0
53562     1
53564     0
53565     1
53567     0
53573     0
53574     1
53575     1
53576     0
53577     0
53578  -999
53579     1
53580     1
53582     0
53584     0
53585     0
53588   -10
53590    -6
53593    -1
53594  -999
53596     2
53599     0
53602   -12
53610     0
53611     0
53612  -999
53614     0
53615     0
53617     0
53618     0
53619     0
53644   -15
53646     1
53651  -999
53658     2
53659     2
53660     1
53662     0
53663     0
53664     2
53665    -1
53666     0
53669     0
53673    -3
53674    -5
53676    -8
53677     2
53678    -3
53679     1
53680     1
53681     0
53682     2
53685    -3
53687  -999
53688     1
53689     0
53690     2
53691     0
53692     2
53693     1
53694     1
53695     1
53696     0
53697     1
53698     1
53699     1
53704     0
53705   -10
53707     0
53723   -13
53725   -16
53727    -4
53730   -17
53732     1
53735  -999
53738    -4
53740     0
53748     1
53750     2
53751     0
53753     1
53754     2
53756     2
53757     3
53759     2
53760     0
53763     1
53764     1
53767     2
53768     0
53769    -1
53770     1
53771    -6
53772     1
53773   -10
53774     3
53775  -999
53776     2
53777     0
53778     0
53780    -4
53781    -2
53782     0
53783     2
53784     0
53785     0
53786    -1
53787     2
53788    -2
53789     1
53790     0
53791     1
53792     0
53794    -3
53795     0
53796     0
53797     1
53798    -2
53799     1
53806     1
53810   -10
53817     1
53821    -8
53829     1
53832     1
53841     2
53845     1
53848     1
53850     2
53852     0
53853     3
53854  -999
53856     2
53857     2
53859  -999
53860     1
53861     0
53862     2
53863     1
53864     0
53865     1
53866    -4
53868    -3
53869     1
53871     2
53872     1
53873     2
53874     2
53875     2
53877  -999
53878     1
53879     0
53880     2
53881   -15
53882     2
53883     1
53884  -999
53885     2
53886     0
53887  -999
53888     3
53889    -1
53890   -12
53891     1
53892   -10
53893    -7
53894   -12
53895    -9
53896    -6
53897    -7
53898    -1
53899    -8
53903     3
53906     1
53908     2
53910  -999
53914     3
53915     1
53916     2
53917     3
53923     1
53924     2
53925     1
53926     3
53927     3
53928     2
53929     3
53930     0
53931     2
53934     1
53935     2
53937     3
53938     3
53941    -1
53942     2
53944     2
53945     2
53947     2
53948  -999
53949    -6
53950    -6
53953     3
53954   -10
53955  -999
53956   -12
53957   -13
53958   -16
53959   -23
53961   -13
53962    -9
53963    -4
53964   -14
53965   -11
53966     1
53967   -21
53968  -999
53970     1
53972     0
53973     2
53974    -3
53975   -12
53976     0
53978    -4
53979    -6
53980    -8
53981     1
53982    -3
53983   -12
53984     0
53985    -4
53986     0
53987     0
53988    -2
53989     0
53991    -3
53992     0
53993    -3
53994     0
53995     0
53996    -2
53997    -7
53998    -8
54012     1
54024     0
54026     1
54027     0
54031     1
54039     1
54041     1
54047     1
54049     1
54063     1
54064  -999
54065     1
54069     0
54072     1
54076     0
54080     1
54092     0
54093     0
54094     0
54096    -4
54098     0
54099     0
54102     1
54113    -3
54115     0
54117     1
54122    -1
54132     0
54134     0
54135     1
54142     0
54154     0
54156     0
54157    -3
54161     1
54164     0
54165  -999
54169     0
54171     0
54172     0
54181     0
54186     0
54187     0
54192  -999
54195     0
54204     0
54205     0
54208     0
54213    -2
54214    -5
54218    -3
54223     0
54225    -1
54226     0
54231    -2
54234     0
54236     0
54237     0
54243  -999
54244    -2
54245     0
54248  -999
54249     0
54252     0
54254     0
54259     0
54260  -999
54261     0
54263     1
54266     0
54267     0
54273     0
54274     0
54276     0
54284     0
54285     0
54286  -999
54287  -999
54290     0
54291    -3
54292    -3
54293    -5
54301     0
54304    -1
54305     0
54308     0
54311     0
54313    -2
54316    -4
54318    -7
54319     0
54320    -4
54321    -4
54323    -5
54324    -3
54325    -8
54326    -2
54327    -6
54328    -5
54330  -999
54331    -6
54332    -3
54333     0
54334  -999
54335    -2
54336    -4
54337   -17
54338    -9
54339     1
54340  -999
54342     0
54345  -999
54346     0
54347     0
54348  -999
54349  -999
54351     0
54353  -999
54362     0
54363     0
54365     1
54371     0
54374     0
54377     0
54386     0
54398     1
54399     3
54401    -1
54404     0
54405     0
54406  -999
54408     2
54410    -1
54412    -2
54416     0
54419     3
54420    -1
54421     1
54423    -2
54424     1
54425    -2
54428    -2
54429     1
54430    -1
54431     1
54432    -4
54433     1
54434     1
54436    -1
54437     1
54438     1
54439     3
54449    -3
54452  -999
54453   -10
54454    -4
54455    -7
54470  -999
54471    -8
54472  -999
54474    -6
54475   -10
54476    -3
54483    -1
54486    -1
54493    -1
54494     0
54497   -13
54499     2
54501     1
54502     1
54503     0
54505     2
54506     1
54507     2
54510     2
54511     1
54512     0
54513     2
54514     1
54515     0
54517     0
54518     0
54519     1
54520     2
54521     0
54522     1
54523     1
54525  -999
54526  -999
54527     1
54528     2
54529  -999
54530     1
54531     1
54532     1
54533     1
54534     1
54535    -5
54539     1
54540     0
54541     1
54563    -4
54568   -11
54569    -9
54575   -16
54579   -11
54584    -6
54590    -5
54594     1
54596     1
54597     1
54601     1
54602     0
54603    -9
54604    -1
54605    -5
54606    -7
54607     1
54608    -5
54609    -3
54610   -10
54611     2
54612    -4
54613    -3
54614   -18
54615    -2
54616    -8
54617    -9
54618    -8
54619     1
54620    -8
54621     0
54622     1
54623     1
54624    -5
54626   -11
54627   -10
54628    -3
54631     0
54632     0
54633     0
54636     0
54640    -3
54644   -13
54645    -9
54646  -999
54660  -999
54662    -7
54700   -13
54701     0
54702    -8
54703   -13
54704    -7
54705     0
54706     0
54707    -6
54708   -10
54709    -7
54710    -7
54711     0
54712   -19
54713   -11
54714   -15
54715    -8
54716   -19
54717   -21
54718    -4
54719   -10
54722   -12
54723   -15
54724   -23
54725   -12
54726   -13
54727  -999
54728   -12
54729   -14
54730   -13
54731   -11
54732  -999
54734    -9
54736   -15
54737   -17
54738   -22
54744  -999
54749   -19
54751     1
54752     1
54753    -4
54755    -3
54759    -7
54764     2
54765     1
54766     2
54774     1
54776    -4
54777     2
54778     1
54800     1
54801    -8
54802    -7
54803    -9
54804    -5
54805    -9
54806   -12
54807   -14
54808   -14
54809    -7
54810   -12
54811   -14
54812   -18
54814   -13
54815   -17
54816   -21
54817   -15
54818   -16
54819   -25
54820    -5
54821   -15
54822   -12
54823   -17
54824   -15
54825   -19
54826   -12
54827   -27
54828   -23
54829   -21
54830   -18
54831   -17
54832   -20
54833   -14
54834   -17
54835   -14
54836   -16
54837   -12
54841   -23
54842  -999
54843   -20
54844   -22
54846   -25
54848   -25
54849   -26
54851   -17
54852   -24
54853   -28
54855   -24
54857   -26
54861   -11
54863   -25
54868  -999
54871   -20
54900    -9
54901    -5
54902    -2
54903    -5
54904   -13
54905   -25
54906   -16
54907    -8
54908   -12
54909    -5
54910   -16
54911   -19
54912   -16
54913   -27
54914   -27
54915   -25
54916   -19
54917    -3
54918   -18
54919   -20
54920   -24
54921    -9
54922   -29
54923   -20
54925   -31
54927   -14
54929   -26
54932   -16
54935   -16
54936   -20
54938   -32
54939   -32
54940   -26
54943   -28
54945   -29
54952  -999
55228     0
55248     0
55279     0
55294     0
55299     0
55437     3
55472    -4
55493     1
55572  -999
55578    -5
55585   -12
55589  -999
55591   -12
55593  -999
55597  -999
55598    -8
55655     0
55664   -11
55680    -7
55681   -13
55690    -7
55696   -11
55773    -6
56004     1
56016    -6
56018     0
56021     0
56029     2
56033    -6
56034     0
56038    -2
56041  -999
56043    -7
56045     0
56046    -3
56065     0
56067    -3
56071    -2
56074    -3
56075  -999
56079     0
56080     0
56081    -5
56082     1
56084   -15
56091     0
56092     1
56093   -10
56094    -8
56095     1
56096    -1
56097   -15
56106     0
56109  -999
56116     0
56125     0
56128  -999
56132  -999
56137     0
56144     0
56146   -10
56147    -5
56151     2
56152     0
56158    -2
56164   -16
56167     1
56168   -14
56171     1
56172   -21
56173    -8
56178     0
56180     0
56181     2
56182     0
56183     0
56184     0
56185   -13
56186     1
56187     1
56188     2
56189     1
56190     0
56192    -9
56193     1
56194     1
56195     2
56196     2
56197     1
56198     2
56199     3
56202     0
56223     1
56227     1
56228  -999
56247     1
56251     0
56257     1
56263    -4
56265  -999
56267     0
56272     1
56273     0
56276     1
56278     3
56279     2
56280     3
56281     3
56284     2
56285     2
56286     3
56287     3
56288     2
56289     2
56290     2
56291     2
56294  -999
56295     4
56296     2
56297     3
56298     4
56307    -5
56312     0
56317     0
56331     1
56342  -999
56357     1
56371    -5
56373     0
56374     4
56376    -9
56378    -5
56380     2
56381     2
56382     1
56383     2
56384     2
56385     2
56386     1
56387     0
56389     3
56390     2
56391     2
56393     3
56394     2
56395     2
56396     2
56399     3
56434     0
56441    -9
56443   -10
56444     2
56459    -1
56462     0
56473   -14
56474    -5
56475     0
56478     0
56479     3
56480     1
56483     2
56485     3
56487     2
56489     0
56490     3
56491     4
56492     4
56493     3
56494     1
56496     2
56497     2
56498     3
56499     3
56533     2
56543     3
56548     2
56565     0
56567     1
56569     0
56571     1
56575    -4
56578    -2
56580  -999
56582     0
56584    -3
56585     2
56586     3
56592     3
56593     3
56594    -1
56595     0
56596     2
56598    -3
56641     3
56643  -999
56645     1
56646     0
56649    -3
56651    -5
56652     0
56654     0
56664    -2
56665    -4
56666    -4
56669     0
56670    -3
56671     1
56673     2
56674    -8
56675     0
56684     1
56688     0
56691     2
56693     2
56697     2
56739     2
56741  -999
56742     1
56745     1
56746     1
56748     1
56751     1
56752    -2
56755     1
56756     1
56757     2
56761     1
56763    -4
56764     1
56766     1
56767     1
56768    -2
56772    -2
56774     0
56775     0
56777     0
56778     0
56781     1
56782    -4
56783    -1
56785     0
56786     2
56788     0
56790     2
56792     1
56793     2
56835     0
56836     1
56838     0
56839     0
56840     1
56841     2
56842     1
56843     1
56844     1
56846     2
56849     1
56851     1
56854     0
56856     0
56862     0
56863     1
56867     1
56869     1
56870    -1
56871     0
56872     0
56873     1
56875     0
56876     0
56878    -1
56879    -1
56880     0
56881     1
56882     0
56883     0
56885     1
56886     1
56889     1
56891     1
56898     1
56944    -1
56945  -999
56946     0
56948    -2
56949    -7
56950     0
56951     0
56952     0
56954     0
56958   -11
56959   -13
56961     1
56962     2
56964     1
56966     1
56969    -5
56970     1
56973     1
56975     1
56976    -5
56977     1
56978     0
56982     0
56984     0
56985    -2
56986     1
56987     2
56989    -5
56991  -999
56992    -1
56994    -7
56995    -1
56996    -3
57001     0
57002     0
57003  -999
57004     1
57006     0
57007     2
57008     2
57011     1
57012     3
57014  -999
57016    -1
57020   -12
57021    -2
57022     1
57023     1
57024    -5
57025  -999
57026    -9
57027   -10
57028  -999
57029   -11
57030  -999
57031     1
57032   -10
57033   -11
57034    -8
57035    -6
57036   -16
57037     1
57038   -14
57039   -12
57040   -13
57041    -7
57042    -1
57043   -13
57044   -14
57045    -9
57046     2
57047    -9
57048  -999
57049  -999
57051   -16
57052  -999
57053   -13
57054   -13
57055   -12
57056   -15
57057     0
57060   -14
57061   -26
57063    -2
57065    -1
57066    -9
57067     0
57070    -3
57071     0
57072     0
57073  -999
57074    -3
57075    -7
57076    -6
57077   -16
57078    -7
57079    -1
57080    -7
57081     0
57082    -8
57083    -3
57084  -999
57085    -8
57089    -9
57090    -5
57091    -5
57093    -5
57094    -8
57095   -11
57096    -8
57098   -18
57099   -17
57102     1
57105     3
57106     1
57110     1
57111     0
57113    -3
57119     0
57124  -999
57126   -12
57127    -4
57128    -8
57129   -17
57131  -999
57132   -10
57134    -1
57137    -9
57140    -9
57143    -1
57144    -8
57153    -4
57154  -999
57155    -6
57156   -13
57162    -6
57169   -17
57173   -12
57175   -19
57176   -19
57177    -9
57178   -12
57179   -11
57180   -11
57181    -9
57182   -12
57183    -1
57184   -11
57185   -13
57186    -9
57187    -7
57188   -10
57189    -3
57190  -999
57191    -8
57192    -8
57193    -5
57194    -7
57195   -10
57196   -14
57197     0
57198    -3
57204     1
57206     1
57208     1
57211  -999
57213     0
57216     2
57217     2
57231   -14
57232    -8
57233    -9
57237    -2
57238  -999
57242   -14
57245   -14
57247   -16
57248   -18
57249    -6
57251    -9
57253    -8
57254   -13
57256  -999
57257   -17
57259    -9
57260   -16
57261   -10
57265    -6
57268    -3
57271   -15
57273    -9
57274   -20
57278  -999
57279    -5
57281   -10
57285  -999
57290    -8
57292    -8
57293     1
57294     0
57295     2
57296     0
57297     0
57298     0
57299     1
57303     3
57304     1
57306     3
57307     4
57308     4
57309     3
57313     1
57314     4
57315     3
57317     2
57318     1
57320     0
57324     2
57326     3
57328     1
57329     3
57333    -7
57343  -999
57345   -16
57348    -7
57349    -6
57351  -999
57352  -999
57353  -999
57355    -1
57358  -999
57359  -999
57361    -2
57362    -7
57363    -3
57368   -14
57370     1
57377    -8
57378     1
57381  -999
57385    -7
57387     0
57388     1
57389    -4
57390     2
57395  -999
57396     1
57398    -5
57399   -10
57401     4
57402     4
57405     4
57407     4
57408     3
57409     2
57411     4
57413     0
57414     3
57415     2
57416     0
57417     3
57420     1
57425     2
57426     0
57431     0
57432     1
57437     2
57438     1
57439  -999
57445  -999
57447     2
57451  -999
57453  -999
57458     1
57460    -3
57461     1
57462  -999
57464     1
57465     1
57466     0
57469     1
57475     0
57476     2
57477     1
57481     1
57482  -999
57483     1
57485    -3
57486    -7
57489     0
57491    -8
57492   -11
57493  -999
57494     0
57496     1
57498     0
57499     0
57502  -999
57503  -999
57504  -999
57505     2
57506     3
57507     2
57508     3
57509     1
57510     1
57511     1
57512  -999
57513     1
57514     1
57515  -999
57516     1
57517  -999
57518     1
57519     1
57520  -999
57522     1
57523  -999
57525     2
57536  -999
57537     2
57540     3
57541     2
57543     2
57544     1
57545     2
57554     2
57558     1
57562     0
57564     1
57565     0
57566     1
57571     1
57573  -999
57574     1
57575     0
57577     1
57581  -999
57582     0
57583     2
57584     0
57585     1
57586     0
57589     1
57590    -1
57595  -999
57598     2
57600     3
57602  -999
57603     2
57604  -999
57605     1
57606     2
57608     3
57609     2
57612  -999
57614     1
57622  -999
57623     1
57625     1
57633     1
57634     0
57635     0
57636     0
57637     0
57640     1
57642  -999
57643     1
57646     1
57647     2
57649     3
57655     1
57657     1
57658     1
57661     1
57662     2
57663     2
57666     2
57669     2
57671     2
57673  -999
57674     2
57678     2
57679  -999
57680     2
57682     2
57687     3
57688     3
57694     3
57696  -999
57698     3
57699     3
57707     1
57708     1
57710    -3
57713    -7
57714    -4
57717     0
57718     0
57719    -4
57720    -6
57722     0
57723    -7
57728     1
57729     1
57731     0
57732     1
57734     1
57735     3
57736     1
57737     2
57738     1
57739     3
57740     2
57741     3
57742     3
57743     2
57744     3
57745     3
57749  -999
57752  -999
57754     3
57758  -999
57760     3
57761  -999
57762     3
57763     3
57765  -999
57766     3
57767     3
57768     3
57769     3
57771     3
57772     3
57773     3
57774     3
57776     3
57777     3
57778     3
57779  -999
57780     3
57781     3
57786     3
57789  -999
57792     3
57793     3
57796     3
57798     3
57799     3
57800     1
57803     1
57805     1
57806     2
57807     1
57808     0
57809     0
57811    -5
57813    -1
57814     0
57816     1
57818     1
57821     1
57822     1
57824     1
57825     2
57827     1
57828     2
57829     0
57832     3
57834     3
57835     1
57837     1
57839     3
57840     3
57841  -999
57842     3
57844     3
57845     3
57846     4
57851     3
57853     4
57857  -999
57859     3
57860     3
57865     3
57866     3
57867     3
57868     3
57870     3
57871     3
57872     3
57874     3
57875     3
57876     3
57881     3
57882     3
57883     3
57886     3
57887     3
57889  -999
57891     3
57894     3
57895     2
57896     1
57899     3
57900     1
57902     1
57903     1
57905     1
57906     0
57907     2
57908    -4
57909     0
57910     0
57911   -12
57912     0
57913     0
57914     1
57915    -1
57916    -5
57921    -5
57922     1
57923     1
57926     2
57927    -2
57932     2
57936     3
57941     2
57942     3
57947     1
57948     1
57949     2
57954     1
57955     2
57956     1
57957     1
57958     1
57960     3
57962     2
57964     2
57965     2
57966     2
57969     1
57971     1
57972     2
57973     2
57974  -999
57975     1
57976     1
57978     0
57981     3
57985     0
57988    -1
57989    -5
57990     1
57991     1
57992     0
57993     1
57994    -4
57995    -5
57996    -1
58001   -12
58002   -12
58003   -14
58004    -8
58005   -10
58006   -14
58007   -19
58008   -10
58011   -15
58012   -11
58013  -999
58015   -12
58016   -12
58017   -15
58020   -11
58021   -20
58022   -20
58024   -20
58025   -15
58026  -999
58027   -13
58030   -18
58032   -30
58034  -999
58035  -999
58036   -21
58038  -999
58040   -28
58041  -999
58044   -20
58045  -999
58047  -999
58048  -999
58049    -7
58100    -6
58101   -12
58102   -19
58104    -9
58107    -7
58108   -12
58109    -3
58111  -999
58113   -14
58114     0
58116   -14
58117     0
58118  -999
58122    -8
58125    -4
58126     0
58127    -2
58128     0
58129    -5
58130  -999
58131    -5
58132    -4
58135  -999
58138    -3
58139     0
58140    -4
58141    -1
58143  -999
58144  -999
58145  -999
58146    -4
58147  -999
58148     0
58150    -6
58154    -8
58158  -999
58202     0
58203     0
58205     0
58207    -1
58208     1
58210    -9
58212    -7
58214     0
58215    -5
58220    -1
58221    -7
58222   -10
58223    -1
58224    -8
58225  -999
58230     1
58234    -2
58235  -999
58236     0
58237  -999
58238     0
58240    -1
58241    -2
58242  -999
58243    -7
58244  -999
58245     0
58246  -999
58247  -999
58249  -999
58250    -7
58251    -4
58254  -999
58255  -999
58257    -8
58259    -4
58264    -7
58265    -9
58268  -999
58269  -999
58301     1
58306     1
58311     1
58314     2
58316     2
58317     1
58319     0
58320     1
58321     1
58323    -3
58326     1
58327     2
58329     2
58330     0
58331     1
58333  -999
58334     2
58335     0
58336  -999
58337     2
58338     2
58339  -999
58340     2
58341     0
58342  -999
58343     0
58344  -999
58345     2
58346     2
58351  -999
58352  -999
58353  -999
58354  -999
58356  -999
58358     2
58359  -999
58360  -999
58361     1
58362     0
58365     1
58366     0
58367     1
58369     1
58370  -999
58377  -999
58401    -7
58402     0
58404     1
58407     1
58408     0
58409     0
58414  -999
58415     1
58416     2
58417     1
58418     1
58419  -999
58420     2
58421     2
58423     2
58424     2
58426     2
58427     2
58428     2
58429  -999
58431     2
58432     2
58433     2
58435     2
58436     2
58437     2
58438     2
58441     2
58442     2
58443     2
58445  -999
58446     2
58448  -999
58449     2
58450  -999
58451     2
58452     2
58453  -999
58454     2
58455     2
58456     2
58457     2
58458     2
58459     2
58460     1
58461     2
58462     2
58463     1
58464     2
58467     2
58468     2
58472     1
58473  -999
58477     2
58484  -999
58500  -999
58501     2
58502     2
58503     2
58506     2
58507  -999
58508     2
58509     2
58510     2
58512     2
58514     1
58517     2
58519     2
58520  -999
58523     2
58527     2
58529     2
58530     2
58531     2
58534     2
58537     2
58542     2
58543     2
58544     3
58546     3
58547  -999
58548     2
58549     3
58550     2
58553  -999
58555     2
58556     2
58557  -999
58558     3
58559     2
58562     2
58563     2
58565     2
58567     2
58568     1
58569     1
58570  -999
58600  -999
58601     3
58602     2
58605     3
58606     3
58607     3
58608     3
58609     3
58612     3
58614     3
58615     3
58616     2
58618     3
58619  -999
58620     3
58622  -999
58623  -999
58624     2
58625     3
58626     3
58627     3
58629     3
58631     2
58632     2
58633     3
58634     2
58635     2
58637  -999
58642     3
58643     2
58644     2
58646     1
58647     2
58652  -999
58653  -999
58654     2
58656     0
58657     2
58658     1
58659     1
58660     1
58664     2
58665     1
58666     0
58667     0
58693     2
58701     3
58704     3
58705  -999
58706     3
58707     3
58710     3
58712     3
58713     2
58714     2
58715     2
58718  -999
58719     2
58724     2
58725     2
58726  -999
58730     2
58731     2
58734  -999
58735     1
58736     1
58737     1
58742  -999
58744  -999
58745     0
58746     2
58747     2
58748     0
58749     1
58750     1
58751     2
58752     1
58754     0
58760     1
58765  -999
58804     2
58806  -999
58813     2
58814     2
58818  -999
58819     1
58820     2
58821     1
58822     1
58823     2
58824     1
58826     0
58828     0
58834    -4
58836     0
58837  -999
58839    -4
58843  -999
58844     0
58845    -6
58846     2
58847    -8
58848    -2
58853  -999
58903     1
58905     1
58906     0
58907    -2
58911     1
58912     0
58917   -10
58918   -13
58921     0
58923   -14
58926   -16
58927  -999
58928   -20
58929   -27
58931   -16
58932   -14
58933     1
58934   -28
58935   -21
58936  -999
58938  -999
58940  -999
58941    -9
58942   -13
58944   -16
58946   -26
59001     1
59004     1
59007     1
59012    -1
59015     0
59017     0
59021     0
59022     0
59023     0
59025     0
59027    -5
59031     0
59033    -1
59034     0
59037    -7
59038    -1
59041    -5
59044     1
59045     0
59046     0
59047     0
59051     0
59052    -4
59053     0
59055     0
59057     0
59058    -2
59059     0
59061     1
59063     0
59064     1
59065     0
59071     1
59072     1
59074     1
59075     0
59081    -1
59082     0
59087   -12
59088  -999
59090     0
59091     0
59092  -999
59093     0
59094    -3
59096     0
59097  -999
59099    -4
59102    -4
59106   -12
59107  -999
59109   -14
59113  -999
59114   -16
59116  -999
59117   -16
59122   -24
59124   -27
59125   -21
59126   -27
59127   -25
59129  -999
59130   -29
59131   -25
59133   -20
59134   -24
59137   -26
59205    -1
59209    -1
59211     0
59213     0
59215     1
59218     0
59224     0
59227     0
59228     0
59229    -1
59230     0
59235     1
59237     1
59238     2
59241     0
59242     1
59246     1
59249    -3
59254     0
59255     1
59256    -1
59264    -1
59265     0
59266     0
59268    -5
59269    -6
59270    -2
59271    -6
59276    -4
59278    -9
59279    -7
59280  -999
59284    -8
59285   -13
59287   -10
59288   -11
59289  -999
59290   -13
59293   -15
59294   -11
59297   -12
59298   -14
59303   -16
59304  -999
59306  -999
59310   -23
59312   -25
59313   -24
59314   -23
59315   -22
59316   -22
59317   -11
59318   -12
59319   -17
59320   -18
59321   -22
59322   -25
59324   -15
59417    -4
59419    -9
59421     0
59425    -6
59426    -2
59427    -7
59429    -1
59431    -1
59432  -999
59435    -1
59441     0
59446     0
59448    -3
59449    -4
59451    -6
59452    -6
59453    -5
59454    -6
59456    -8
59457    -4
59462    -4
59469   -10
59470    -8
59471    -7
59473   -11
59475   -13
59476   -14
59477   -14
59478   -14
59480    -9
59481   -12
59485  -999
59487   -14
59488  -999
59492   -19
59493   -15
59500   -23
59501   -22
59502   -21
59626    -2
59631     0
59632     0
59635  -999
59640    -5
59644    -9
59647   -21
59650   -14
59653   -10
59654   -12
59655   -15
59656   -12
59658   -13
59659   -12
59663   -13
59664   -10
59673   -20
59750   -14
59754   -15
59757   -13
59758   -18
59838   -18
59842   -17
59843   -11
59845    -9
59847   -19
59848   -13
59849    -4
59851   -11
59854    -5
59855    -8
59856    -6
59940   -21
59941   -16
59945   -13
59948    -1
59951     2
59954   -13
59981     0
57086     0
57087    -8
57339     1
