	56494	-2.0276
	52784	-1.976
	57605	-1.9629
	57169	-1.8437
	57634	-1.84
	53873	-1.7873
	56641	-1.7649
	53499	-1.7602
	53573	-1.7565
	53878	-1.7405
	57032	-1.7308
	57625	-1.718
	53886	-1.7056
	56839	-1.6818
	58104	-1.677
	56297	-1.6519
	54406	-1.6319
	56197	-1.6197
	57178	-1.6158
	57176	-1.6145
	56842	-1.6063
	57261	-1.5869
	53593	-1.5824
	56184	-1.5663
	53588	-1.5644
	57196	-1.5643
	53973	-1.5624
	57411	-1.562
	53580	-1.5603
	53970	-1.5554
	54826	-1.5529
	53879	-1.55
	57016	-1.5474
	57022	-1.5422
	57179	-1.5394
	54501	-1.5388
	56298	-1.5346
	57198	-1.528
	57614	-1.5252
	57402	-1.5229
	57274	-1.5176
	56841	-1.5102
	53966	-1.5071
	57409	-1.5042
	54601	-1.5031
	57033	-1.5021
	57195	-1.494
	56289	-1.4935
	58102	-1.4927
	56739	-1.4805
	57285	-1.474
	56396	-1.4669
	53798	-1.459
	57054	-1.457
	57249	-1.453
	57186	-1.4483
	56296	-1.446
	57175	-1.4455
	57024	-1.4441
	57026	-1.4438
	56295	-1.4433
	57271	-1.4426
	58005	-1.4311
	53892	-1.4263
	54603	-1.4235
	57407	-1.4226
	53965	-1.4166
	57040	-1.4149
	56548	-1.4088
	53889	-1.408
	56844	-1.4066
	57517	-1.4066
	57512	-1.406
	57502	-1.4059
	53871	-1.4043
	57006	-1.4019
	56492	-1.3991
	53397	-1.3974
	53868	-1.3948
	57417	-1.3924
	54503	-1.387
	57245	-1.3853
	53944	-1.384
	53956	-1.3795
	54419	-1.3792
	57401	-1.3765
	57405	-1.3753
	53483	-1.3742
	53599	-1.3709
	56840	-1.3699
	57251	-1.3694
	57447	-1.3644
	53810	-1.3637
	57707	-1.3606
	53962	-1.3598
	57253	-1.3588
	57297	-1.3583
	57177	-1.3577
	57020	-1.3575
	57027	-1.3557
	57029	-1.354
	53698	-1.353
	56838	-1.3516
	57188	-1.3477
	57002	-1.3457
	56836	-1.3447
	53680	-1.3446
	54610	-1.3412
	56782	-1.3408
	53950	-1.3394
	57055	-1.3392
	52787	-1.3383
	53860	-1.337
	57514	-1.3356
	57254	-1.3342
	53890	-1.3332
	56386	-1.3323
	57031	-1.3311
	52652	-1.3301
	54640	-1.3301
	54602	-1.3299
	53692	-1.3258
	57623	-1.3256
	57309	-1.3243
	53707	-1.3239
	54423	-1.3203
	54620	-1.3201
	57045	-1.3171
	54455	-1.3159
	57193	-1.3158
	57256	-1.3148
	54399	-1.3116
	57510	-1.3109
	54507	-1.309
	53947	-1.3082
	56948	-1.3071
	58013	-1.3061
	53980	-1.3055
	54398	-1.3042
	57105	-1.304
	57416	-1.2955
	57265	-1.2954
	57143	-1.2932
	53945	-1.2927
	52661	-1.2918
	53498	-1.2882
	54901	-1.2875
	53856	-1.2872
	57008	-1.2824
	57078	-1.2823
	56389	-1.282
	56849	-1.2814
	54621	-1.2812
	57192	-1.278
	53949	-1.2771
	52546	-1.2768
	57414	-1.2737
	57187	-1.2709
	56291	-1.2706
	52876	-1.2678
	53898	-1.2618
	56399	-1.259
	57057	-1.2578
	57007	-1.2527
	57273	-1.2523
	53690	-1.2492
	53694	-1.2458
	53491	-1.2442
	58017	-1.244
	57189	-1.2432
	58007	-1.2414
	57408	-1.2396
	53893	-1.2376
	54506	-1.2375
	57425	-1.2353
	57021	-1.2337
	53897	-1.2302
	53993	-1.229
	53682	-1.2284
	57742	-1.2279
	56383	-1.2271
	58015	-1.226
	54499	-1.2251
	53596	-1.2242
	54505	-1.2195
	53533	-1.219
	54632	-1.2181
	57053	-1.218
	53492	-1.2177
	57035	-1.2163
	57317	-1.215
	57194	-1.2144
	54511	-1.2143
	54408	-1.2117
	57292	-1.21
	54604	-1.2099
	56190	-1.2089
	57505	-1.2078
	53705	-1.207
	53941	-1.2069
	53753	-1.2065
	57362	-1.2057
	54428	-1.205
	56496	-1.204
	53857	-1.2024
	53967	-1.202
	56862	-1.1977
	57047	-1.1958
	54820	-1.1948
	53861	-1.1947
	56183	-1.1941
	57038	-1.193
	53954	-1.1918
	54806	-1.1913
	58108	-1.1902
	56952	-1.1891
	57043	-1.1888
	54613	-1.1885
	53699	-1.1871
	56777	-1.1864
	56199	-1.1863
	57777	-1.1857
	56643	-1.1846
	56391	-1.1836
	53864	-1.1835
	57606	-1.1835
	53957	-1.1821
	53565	-1.1819
	53895	-1.1819
	54597	-1.1813
	54404	-1.1802
	57389	-1.1799
	53688	-1.1779
	56491	-1.1772
	57197	-1.1764
	58021	-1.1762
	58001	-1.1723
	53693	-1.1719
	54607	-1.1674
	57257	-1.1627
	57359	-1.1627
	54514	-1.162
	53689	-1.1608
	56186	-1.1608
	57155	-1.1604
	53964	-1.1591
	56290	-1.1576
	53517	-1.1564
	57268	-1.1562
	54424	-1.1546
	54800	-1.1527
	57294	-1.1498
	53924	-1.1497
	53865	-1.1475
	53574	-1.1463
	54416	-1.1418
	53512	-1.1398
	57279	-1.1384
	54433	-1.138
	56490	-1.1377
	53770	-1.1357
	52674	-1.1332
	53963	-1.1319
	56497	-1.1308
	53869	-1.1301
	57295	-1.1301
	56748	-1.1288
	57378	-1.1283
	57153	-1.1281
	57014	-1.1264
	54810	-1.1259
	56835	-1.125
	57044	-1.1249
	57290	-1.1249
	57516	-1.1244
	53488	-1.1236
	57042	-1.1234
	57318	-1.1228
	53433	-1.1183
	57248	-1.1162
	53767	-1.1103
	53881	-1.1103
	54917	-1.1103
	57637	-1.1096
	57370	-1.1083
	53676	-1.1057
	57183	-1.1043
	57361	-1.1038
	54802	-1.1035
	57720	-1.1012
	54701	-1.1003
	53771	-1.099
	57439	-1.0988
	56675	-1.0979
	54903	-1.0963
	56185	-1.0963
	57093	-1.0958
	53575	-1.0956
	53976	-1.0945
	53695	-1.0931
	53697	-1.0929
	56768	-1.0922
	53619	-1.0896
	56944	-1.0894
	57687	-1.0892
	53850	-1.0873
	53794	-1.0858
	53378	-1.0847
	57260	-1.0846
	56645	-1.0835
	57281	-1.0821
	57537	-1.0805
	57127	-1.0795
	57377	-1.0792
	57722	-1.0778
	56854	-1.0769
	57731	-1.0768
	57242	-1.0764
	52982	-1.0751
	53996	-1.0748
	52998	-1.0747
	53935	-1.0737
	57095	-1.0729
	56567	-1.0719
	57213	-1.0719
	58339	-1.0704
	56393	-1.0702
	54617	-1.0688
	57608	-1.0679
	57051	-1.066
	53899	-1.0655
	58100	-1.0654
	53930	-1.0651
	56946	-1.0649
	53789	-1.0641
	57004	-1.0635
	53756	-1.0629
	54633	-1.0603
	54704	-1.0588
	57056	-1.0585
	53797	-1.058
	53760	-1.0568
	57091	-1.055
	57298	-1.0545
	54814	-1.0536
	58030	-1.0536
	53769	-1.0517
	58109	-1.0517
	57800	-1.0505
	53674	-1.0499
	53928	-1.0491
	54719	-1.0486
	57012	-1.0486
	57094	-1.0475
	54608	-1.0463
	57099	-1.0454
	53925	-1.0452
	53783	-1.0445
	52978	-1.0437
	57096	-1.0433
	57137	-1.042
	58020	-1.0418
	53931	-1.0414
	53778	-1.0412
	57162	-1.0405
	53691	-1.0379
	53938	-1.0378
	57083	-1.0337
	57520	-1.0322
	53862	-1.0292
	57694	-1.0286
	54412	-1.0282
	53612	-1.0274
	53678	-1.0263
	53490	-1.023
	56950	-1.0223
	53937	-1.0208
	57087	-1.0205
	54596	-1.0203
	53888	-1.0199
	56474	-1.0195
	58107	-1.0192
	57807	-1.019
	54318	-1.0151
	57060	-1.0145
	57063	-1.0128
	58008	-1.0113
	53723	-1.0106
	54907	-1.0079
	57315	-1.0069
	52984	-1.0063
	54912	-1.0047
	53481	-1.0035
	56065	-1.0033
	56147	-1.0016
	54502	-1.0011
	57636	-1.0004
	54594	-0.9997
	57415	-0.9959
	54611	-0.9954
	58111	-0.9954
	59133	-0.995
	54431	-0.9947
	53795	-0.9945
	56189	-0.9944
	57086	-0.9935
	52985	-0.9933
	56766	-0.9918
	57732	-0.9916
	54321	-0.9908
	53562	-0.9902
	56384	-0.9901
	54724	-0.9893
	52656	-0.9884
	53978	-0.9882
	57001	-0.9866
	54821	-0.9859
	57314	-0.9848
	56180	-0.9844
	53399	-0.9842
	57739	-0.9838
	56652	-0.9837
	54753	-0.98
	56843	-0.9799
	54336	-0.9787
	57723	-0.9783
	54430	-0.9767
	53467	-0.9759
	53582	-0.9737
	57231	-0.9737
	57708	-0.9728
	56665	-0.9711
	57247	-0.9705
	57089	-0.9668
	54811	-0.9664
	57128	-0.9664
	53852	-0.9652
	54900	-0.965
	53585	-0.9643
	53995	-0.9635
	54614	-0.9634
	56067	-0.961
	53774	-0.9606
	52974	-0.9601
	58012	-0.9598
	57074	-0.9583
	57696	-0.9545
	58004	-0.9535
	53927	-0.9534
	53772	-0.9533
	57191	-0.9525
	54301	-0.9523
	53915	-0.9515
	58016	-0.9506
	54700	-0.9489
	57507	-0.9489
	53763	-0.9449
	57296	-0.9443
	56178	-0.943
	57508	-0.9422
	53773	-0.9411
	58113	-0.9408
	54722	-0.9389
	58025	-0.9382
	56071	-0.9377
	52533	-0.9371
	52988	-0.9369
	54938	-0.9365
	58931	-0.9359
	54819	-0.9352
	56092	-0.9324
	56390	-0.9316
	53578	-0.9314
	53974	-0.9295
	53926	-0.9291
	57293	-0.9288
	53896	-0.9283
	57259	-0.9276
	53777	-0.9263
	57760	-0.9262
	53934	-0.9257
	57098	-0.9247
	57679	-0.9241
	57173	-0.9232
	58205	-0.9224
	53687	-0.9212
	57368	-0.9204
	54726	-0.9135
	56851	-0.9128
	56094	-0.9116
	54425	-0.9107
	54421	-0.9095
	57333	-0.9087
	53584	-0.9077
	54723	-0.9074
	53660	-0.9058
	56951	-0.9058
	52862	-0.9046
	57506	-0.9001
	59502	-0.8997
	54921	-0.8994
	57090	-0.8994
	54520	-0.899
	54618	-0.8987
	53553	-0.8986
	57328	-0.8977
	53757	-0.8973
	54512	-0.8969
	56671	-0.8954
	56846	-0.8939
	56444	-0.8925
	53768	-0.8921
	56867	-0.8913
	54605	-0.8912
	54713	-0.8904
	53791	-0.8888
	58022	-0.8859
	52557	-0.8851
	53487	-0.8847
	54804	-0.8838
	53685	-0.8837
	54703	-0.8837
	53617	-0.8827
	53776	-0.882
	56571	-0.8808
	53457	-0.88
	57082	-0.8797
	57326	-0.8794
	53989	-0.8788
	54710	-0.8787
	57119	-0.8776
	57540	-0.877
	57871	-0.8762
	53992	-0.8759
	56381	-0.8754
	54752	-0.8741
	56691	-0.8737
	57766	-0.8724
	59127	-0.8715
	53658	-0.8671
	54308	-0.8667
	57734	-0.8658
	54327	-0.8648
	57071	-0.8647
	53750	-0.8634
	57633	-0.8634
	54712	-0.863
	53848	-0.8613
	57761	-0.861
	52679	-0.8599
	58027	-0.8597
	57738	-0.8569
	54328	-0.8564
	57870	-0.8557
	54432	-0.8556
	53681	-0.8541
	54711	-0.8528
	57308	-0.851
	57511	-0.8501
	54902	-0.849
	54812	-0.8487
	54619	-0.8482
	53669	-0.8463
	54751	-0.8456
	54622	-0.8448
	54716	-0.8445
	54717	-0.8441
	57758	-0.8439
	59306	-0.8439
	53780	-0.8438
	52889	-0.8396
	54616	-0.8395
	54615	-0.8363
	56772	-0.8357
	54728	-0.8354
	57698	-0.8347
	57900	-0.8344
	57079	-0.8343
	53923	-0.8336
	52983	-0.8332
	53615	-0.8332
	57786	-0.8325
	54708	-0.8323
	56764	-0.8307
	53788	-0.8292
	53646	-0.8276
	57070	-0.8258
	58114	-0.8241
	54906	-0.8238
	57306	-0.8231
	54809	-0.823
	56281	-0.8228
	56742	-0.8216
	57781	-0.8209
	56478	-0.8187
	54822	-0.8183
	58011	-0.8159
	57536	-0.8146
	54737	-0.8142
	53384	-0.8141
	57085	-0.8139
	54316	-0.8136
	54816	-0.812
	57461	-0.8099
	56767	-0.8066
	54521	-0.8057
	56382	-0.8057
	52896	-0.8055
	56751	-0.803
	53618	-0.8028
	56493	-0.8021
	56976	-0.8003
	53806	-0.7981
	54515	-0.798
	53704	-0.7977
	53832	-0.7972
	54914	-0.7966
	57445	-0.7956
	58006	-0.7946
	56569	-0.7923
	53748	-0.7922
	53659	-0.7915
	57678	-0.7896
	58923	-0.7885
	53988	-0.7883
	54702	-0.7877
	54925	-0.787
	56198	-0.787
	58306	-0.787
	53845	-0.7852
	54530	-0.785
	53829	-0.7847
	57647	-0.7842
	58101	-0.7834
	57762	-0.7818
	54522	-0.7806
	58257	-0.7784
	53484	-0.7772
	59310	-0.7763
	57768	-0.7757
	53979	-0.7754
	57902	-0.775
	54636	-0.773
	54729	-0.7713
	57860	-0.7702
	59500	-0.7702
	56856	-0.7701
	57420	-0.7699
	54706	-0.7672
	54904	-0.763
	57603	-0.762
	53987	-0.7612
	56757	-0.761
	58032	-0.7608
	58935	-0.7583
	52447	-0.7581
	52986	-0.7581
	54908	-0.757
	57908	-0.7557
	53985	-0.755
	52874	-0.7538
	54828	-0.7537
	57390	-0.751
	54705	-0.7507
	57842	-0.7506
	52607	-0.7505
	54825	-0.75
	56592	-0.7497
	54827	-0.7495
	53784	-0.7491
	54731	-0.7471
	59501	-0.7444
	56280	-0.7437
	56949	-0.7425
	56278	-0.7424
	57065	-0.7409
	57729	-0.7402
	58666	-0.7382
	54527	-0.7379
	54606	-0.7368
	53984	-0.7363
	57513	-0.7352
	54319	-0.7343
	57837	-0.7338
	58118	-0.7314
	54429	-0.7313
	57828	-0.7305
	57080	-0.7289
	58343	-0.7274
	52993	-0.7264
	54910	-0.7257
	54528	-0.7229
	53982	-0.7201
	56745	-0.7198
	59315	-0.719
	58207	-0.7185
	57307	-0.7161
	52995	-0.7154
	56081	-0.7153
	56287	-0.7147
	54311	-0.7146
	53986	-0.7142
	57076	-0.7137
	57688	-0.713
	51288	-0.7128
	57460	-0.7117
	54453	-0.7106
	53959	-0.7104
	54939	-0.7077
	56533	-0.7076
	53994	-0.7067
	54517	-0.706
	57778	-0.7029
	58122	-0.7019
	57825	-0.7015
	56793	-0.7002
	56181	-0.6999
	56276	-0.6999
	57846	-0.6999
	53522	-0.6997
	57699	-0.6994
	53997	-0.6988
	58606	-0.6984
	57821	-0.6978
	57827	-0.6975
	59137	-0.697
	56697	-0.6962
	56596	-0.6961
	56038	-0.6957
	57905	-0.6956
	56371	-0.695
	56080	-0.6947
	56651	-0.6945
	58026	-0.6939
	54913	-0.6935
	53972	-0.6928
	57737	-0.6927
	54518	-0.691
	51804	-0.6908
	57767	-0.6907
	57126	-0.69
	57363	-0.6896
	54833	-0.6892
	57789	-0.6859
	53908	-0.6848
	57903	-0.6842
	59316	-0.6842
	57853	-0.6839
	57772	-0.6822
	54744	-0.6814
	57923	-0.681
	54534	-0.6793
	53917	-0.6772
	57385	-0.6769
	57780	-0.6766
	56595	-0.6762
	55299	-0.6742
	57771	-0.6738
	53727	-0.6733
	53590	-0.6732
	57075	-0.673
	56473	-0.6693
	59130	-0.6689
	58202	-0.6676
	53983	-0.6673
	59124	-0.6666
	58334	-0.6648
	57803	-0.6644
	56863	-0.6637
	58472	-0.6637
	52446	-0.6628
	59131	-0.6625
	53998	-0.6623
	57913	-0.6604
	53475	-0.6594
	57832	-0.6586
	58003	-0.6556
	57921	-0.6555
	56091	-0.6551
	53272	-0.6549
	57111	-0.6543
	57278	-0.6543
	58936	-0.6542
	54626	-0.6537
	57735	-0.6516
	56188	-0.651
	57910	-0.6499
	52515	-0.6494
	54628	-0.6494
	57818	-0.6494
	56029	-0.6489
	57640	-0.6489
	57217	-0.6485
	52895	-0.6469
	58351	-0.6467
	58420	-0.646
	58148	-0.6458
	53916	-0.6454
	57763	-0.6431
	56746	-0.6416
	57525	-0.6415
	53505	-0.6411
	56394	-0.6411
	57844	-0.6411
	56443	-0.6407
	57233	-0.6403
	53732	-0.6382
	57129	-0.6381
	58667	-0.6374
	57438	-0.6363
	56870	-0.6343
	58921	-0.634
	54624	-0.6338
	59125	-0.6332
	57072	-0.6319
	56761	-0.6307
	56196	-0.63
	53392	-0.6286
	53906	-0.6286
	54732	-0.6281
	59314	-0.6272
	56693	-0.6269
	56786	-0.6268
	56195	-0.6266
	53611	-0.626
	57806	-0.6247
	56684	-0.6245
	57779	-0.6242
	54709	-0.6235
	54803	-0.6231
	54320	-0.6229
	57324	-0.6225
	56978	-0.6224
	56441	-0.6222
	54434	-0.6213
	52643	-0.6207
	56783	-0.6206
	57713	-0.6206
	57181	-0.6196
	58929	-0.6184
	57793	-0.6183
	51642	-0.6181
	59126	-0.6178
	57805	-0.6176
	57840	-0.6171
	57313	-0.6147
	57822	-0.6147
	56045	-0.6146
	57348	-0.6143
	57909	-0.6141
	51655	-0.612
	51711	-0.6118
	58944	-0.6118
	52436	-0.6114
	57769	-0.6112
	53614	-0.6099
	55279	-0.6095
	53817	-0.6093
	54935	-0.607
	57814	-0.6069
	53751	-0.6061
	58424	-0.6028
	59312	-0.6025
	57799	-0.6023
	56395	-0.6007
	59321	-0.6007
	58942	-0.5995
	58342	-0.5994
	58250	-0.5991
	54940	-0.598
	57829	-0.5975
	53419	-0.5969
	58941	-0.5969
	57798	-0.5959
	57956	-0.5953
	58002	-0.5952
	57906	-0.5945
	54325	-0.5934
	56586	-0.5925
	58268	-0.5905
	56792	-0.5899
	59317	-0.5899
	56273	-0.5896
	53472	-0.5894
	58210	-0.5885
	57922	-0.5875
	56480	-0.5866
	58246	-0.5861
	53841	-0.5852
	57464	-0.5823
	52869	-0.582
	57381	-0.5819
	56489	-0.5804
	58141	-0.5801
	57835	-0.58
	52737	-0.5794
	57872	-0.5789
	59319	-0.5771
	54846	-0.5754
	56285	-0.5753
	53357	-0.5752
	53519	-0.5744
	58656	-0.574
	54714	-0.5737
	58693	-0.5717
	52980	-0.5712
	54915	-0.5712
	56593	-0.5699
	53469	-0.5654
	56575	-0.5653
	56785	-0.5639
	57796	-0.563
	53336	-0.5626
	54519	-0.5626
	56487	-0.5621
	58730	-0.5613
	58442	-0.561
	56788	-0.5607
	59122	-0.5601
	56483	-0.5597
	56279	-0.5591
	53455	-0.5583
	59318	-0.5566
	58238	-0.5548
	53610	-0.5519
	58038	-0.5515
	57754	-0.5497
	58249	-0.5484
	57808	-0.5481
	59093	-0.548
	56498	-0.5473
	56380	-0.5464
	58848	-0.5457
	54830	-0.5453
	52657	-0.5446
	56670	-0.5443
	54439	-0.5417
	57741	-0.5416
	58659	-0.5399
	59303	-0.5398
	54644	-0.539
	57744	-0.5381
	58917	-0.5369
	58946	-0.536
	57413	-0.5357
	59107	-0.5346
	57736	-0.5342
	57595	-0.5339
	57834	-0.5332
	58311	-0.5322
	57824	-0.5311
	59134	-0.5308
	59092	-0.5305
	59322	-0.5291
	54871	-0.5267
	58264	-0.5247
	57740	-0.5238
	57299	-0.5233
	58044	-0.5226
	57522	-0.5216
	57839	-0.5215
	58605	-0.521
	56585	-0.5201
	58047	-0.5196
	58928	-0.5188
	56688	-0.5169
	58259	-0.516
	57966	-0.5159
	59081	-0.5157
	56756	-0.5153
	53821	-0.5148
	56152	-0.5144
	57992	-0.5144
	57773	-0.5142
	56987	-0.5132
	57774	-0.5125
	58843	-0.5122
	57609	-0.5116
	58255	-0.5109
	57745	-0.5072
	56580	-0.5053
	53368	-0.5052
	58847	-0.5042
	53644	-0.5007
	58629	-0.498
	52424	-0.4961
	52968	-0.4951
	54523	-0.4946
	58500	-0.4946
	58618	-0.4943
	53486	-0.4911
	55690	-0.4907
	58748	-0.4902
	52866	-0.4899
	56781	-0.4889
	58203	-0.4882
	59061	-0.4879
	57955	-0.4861
	58932	-0.4859
	58845	-0.4856
	58140	-0.485
	59091	-0.4825
	59090	-0.4822
	58321	-0.4811
	53348	-0.4805
	57682	-0.48
	57719	-0.4794
	54844	-0.4785
	56168	-0.4769
	53289	-0.4758
	55681	-0.4757
	58048	-0.4744
	58705	-0.4739
	56961	-0.4734
	53518	-0.4733
	57927	-0.4733
	52963	-0.4731
	59116	-0.4729
	54627	-0.4715
	58132	-0.4703
	54919	-0.4701
	59063	-0.4694
	59051	-0.4693
	59487	-0.4686
	56598	-0.4682
	52575	-0.4671
	54943	-0.4668
	57482	-0.4639
	58934	-0.4637
	58208	-0.4636
	56144	-0.4604
	57329	-0.4594
	54923	-0.4585
	58417	-0.458
	57728	-0.4558
	57954	-0.4544
	59320	-0.4532
	58624	-0.4531
	58558	-0.4524
	57426	-0.4512
	57865	-0.451
	53894	-0.4503
	58626	-0.4503
	57887	-0.4495
	59324	-0.4492
	58544	-0.4491
	57976	-0.4476
	58746	-0.4468
	56387	-0.4462
	57916	-0.4449
	54749	-0.444
	57541	-0.4425
	57841	-0.4423
	56872	-0.4414
	57216	-0.4411
	58839	-0.4392
	52203	-0.4382
	58241	-0.4374
	57969	-0.4363
	57989	-0.4353
	57957	-0.4352
	58664	-0.435
	58905	-0.4349
	52765	-0.4344
	59094	-0.4336
	59087	-0.4332
	59313	-0.4321
	57792	-0.432
	54932	-0.4306
	57204	-0.4302
	56584	-0.43
	52885	-0.4299
	56790	-0.4275
	57011	-0.427
	57990	-0.427
	58040	-0.426
	51644	-0.4253
	54905	-0.4249
	54323	-0.4248
	56499	-0.4236
	59114	-0.4236
	51468	-0.4232
	54305	-0.423
	58911	-0.423
	52313	-0.4211
	56284	-0.4201
	57993	-0.4201
	56074	-0.4184
	55773	-0.4182
	57991	-0.4176
	57395	-0.4166
	56649	-0.4164
	58336	-0.415
	58846	-0.4147
	54535	-0.4144
	59102	-0.4144
	57604	-0.4136
	55680	-0.4135
	57303	-0.4119
	57113	-0.4093
	57465	-0.4081
	57942	-0.408
	52681	-0.4066
	59097	-0.4065
	56171	-0.4042
	51656	-0.4039
	58543	-0.4033
	58463	-0.4023
	57180	-0.4021
	57206	-0.401
	53464	-0.4004
	58615	-0.4001
	57882	-0.3993
	57809	-0.3985
	59109	-0.3981
	58352	-0.397
	59304	-0.3968
	54438	-0.3965
	53764	-0.3964
	58301	-0.396
	54568	-0.394
	58612	-0.3933
	58127	-0.3921
	58826	-0.3914
	57936	-0.3905
	52418	-0.388
	57941	-0.388
	54027	-0.3871
	57483	-0.3843
	57895	-0.3829
	58601	-0.3818
	59287	-0.3806
	53666	-0.3804
	58813	-0.379
	54225	-0.3773
	53337	-0.3772
	57523	-0.3772
	57586	-0.377
	58138	-0.377
	57345	-0.3752
	56875	-0.3751
	57714	-0.3747
	54313	-0.3745
	57985	-0.3726
	55472	-0.3725
	54835	-0.3717
	57845	-0.3716
	59052	-0.3716
	57304	-0.3697
	57396	-0.3696
	58634	-0.3686
	58903	-0.3685
	56288	-0.3676
	57907	-0.3676
	57868	-0.367
	59088	-0.3668
	57481	-0.3615
	51581	-0.3612
	59082	-0.3609
	58265	-0.3608
	57355	-0.3603
	57358	-0.3602
	52996	-0.3596
	58345	-0.3584
	58704	-0.3575
	58625	-0.3562
	51827	-0.3547
	59074	-0.3536
	56954	-0.3535
	56193	-0.3516
	57889	-0.351
	59113	-0.3507
	57974	-0.35
	56043	-0.3487
	59106	-0.3467
	59117	-0.3466
	58340	-0.3458
	57598	-0.3457
	56869	-0.3443
	58710	-0.3442
	58616	-0.3437
	58335	-0.3424
	59290	-0.3421
	56167	-0.342
	58912	-0.3417
	54824	-0.3414
	57851	-0.3408
	58427	-0.3408
	58537	-0.3401
	57915	-0.339
	58821	-0.339
	56752	-0.3389
	58837	-0.3385
	56096	-0.338
	58126	-0.3354
	54218	-0.334
	58906	-0.3339
	57600	-0.3337
	52836	-0.3335
	57988	-0.3326
	58220	-0.3322
	55572	-0.3315
	58819	-0.3313
	51705	-0.3304
	56263	-0.3299
	52112	-0.3292
	57914	-0.3279
	58737	-0.3278
	54831	-0.3274
	54918	-0.3263
	57926	-0.326
	57582	-0.3256
	52868	-0.3248
	54707	-0.3223
	57899	-0.3223
	58117	-0.3217
	59476	-0.3216
	58820	-0.3214
	58933	-0.321
	56654	-0.3204
	56272	-0.3202
	59059	-0.3194
	58926	-0.3191
	56194	-0.3183
	59096	-0.3172
	58600	-0.3171
	58221	-0.3166
	58316	-0.3161
	58212	-0.316
	51815	-0.3148
	57388	-0.3147
	54214	-0.3143
	58744	-0.3135
	58619	-0.3132
	58712	-0.3126
	57972	-0.3119
	57208	-0.3115
	57399	-0.3113
	58569	-0.3094
	54386	-0.3092
	58128	-0.309
	59280	-0.3084
	58448	-0.3057
	56125	-0.3056
	57912	-0.3046
	59488	-0.3027
	58622	-0.3023
	54117	-0.3012
	51526	-0.3004
	54922	-0.2995
	57398	-0.2989
	58049	-0.2987
	51818	-0.2968
	51931	-0.2957
	59075	-0.2954
	54436	-0.2947
	59673	-0.2946
	58369	-0.2944
	54848	-0.2943
	51814	-0.2941
	57875	-0.2925
	56582	-0.2916
	54204	-0.2906
	58418	-0.2903
	54834	-0.2902
	58150	-0.2895
	53577	-0.2893
	59025	-0.2891
	56247	-0.2888
	57973	-0.2883
	58844	-0.285
	54333	-0.2835
	58319	-0.2835
	58706	-0.2833
	58146	-0.2808
	58135	-0.2807
	58824	-0.2802
	54102	-0.2796
	57518	-0.2795
	58635	-0.2789
	57554	-0.2778
	56958	-0.2768
	57960	-0.2764
	56664	-0.2762
	58125	-0.2749
	57859	-0.2741
	58130	-0.2734
	58431	-0.2728
	56376	-0.2722
	58509	-0.2709
	58329	-0.2689
	56755	-0.2687
	57891	-0.2685
	57965	-0.268
	58247	-0.2678
	51829	-0.2674
	58429	-0.2667
	54778	-0.2642
	58131	-0.2633
	58715	-0.2627
	58154	-0.2625
	51828	-0.2622
	58341	-0.2622
	59071	-0.2603
	58035	-0.2596
	58714	-0.2591
	51542	-0.2576
	58701	-0.2576
	57658	-0.2569
	58804	-0.2559
	59478	-0.2555
	58707	-0.255
	56886	-0.2546
	57458	-0.2532
	54920	-0.2528
	58836	-0.2469
	57642	-0.2466
	52884	-0.2457
	58236	-0.2446
	58637	-0.2442
	57894	-0.2411
	58225	-0.2404
	57881	-0.2394
	59044	-0.2375
	56095	-0.2344
	59481	-0.2342
	54531	-0.2329
	56097	-0.2317
	58570	-0.2312
	59293	-0.2293
	57964	-0.2292
	57320	-0.2257
	57813	-0.2249
	58245	-0.2243
	56192	-0.2235
	57947	-0.2234
	51572	-0.2232
	59064	-0.2232
	57995	-0.2221
	52833	-0.2218
	56187	-0.2213
	57237	-0.22
	58633	-0.2199
	58751	-0.2185
	54855	-0.2184
	59022	-0.216
	54849	-0.2139
	58244	-0.213
	58441	-0.2117
	53343	-0.2114
	57978	-0.211
	59485	-0.2103
	57643	-0.2094
	56646	-0.208
	52745	-0.2065
	58517	-0.2058
	58314	-0.2043
	54541	-0.204
	58145	-0.2036
	55589	-0.2022
	57655	-0.2004
	58734	-0.1996
	59419	-0.1985
	54134	-0.1982
	59012	-0.1972
	57994	-0.1953
	58501	-0.194
	59218	-0.1934
	56964	-0.1931
	54454	-0.1922
	58139	-0.1877
	56257	-0.1867
	57657	-0.1854
	58747	-0.185
	54332	-0.1845
	56251	-0.1845
	57857	-0.183
	51573	-0.1824
	59626	-0.1821
	57883	-0.1797
	53276	-0.179
	58484	-0.1788
	59493	-0.1783
	59045	-0.1782
	56774	-0.1776
	56880	-0.1775
	51826	-0.1762
	57437	-0.1753
	58327	-0.1737
	54738	-0.1736
	54115	-0.1724
	59209	-0.1723
	58416	-0.1703
	52797	-0.17
	58129	-0.1699
	56975	-0.1692
	54837	-0.1687
	57948	-0.1683
	58409	-0.1681
	58360	-0.168
	57996	-0.167
	58907	-0.1667
	54205	-0.1655
	53192	-0.165
	58818	-0.1638
	59053	-0.1634
	57971	-0.1633
	56093	-0.1632
	53420	-0.1628
	56871	-0.1614
	58752	-0.1603
	58323	-0.1596
	58433	-0.1596
	57816	-0.1594
	57896	-0.1576
	59473	-0.1571
	51811	-0.1564
	52818	-0.1556
	59015	-0.1548
	57585	-0.1545
	58477	-0.1543
	51765	-0.1537
	58665	-0.1527
	57649	-0.1522
	56374	-0.1511
	54237	-0.1509
	58806	-0.1507
	59021	-0.1503
	56594	-0.1494
	51720	-0.1471
	54832	-0.1466
	57717	-0.1465
	58749	-0.1453
	52825	-0.1452
	56885	-0.1451
	58224	-0.1445
	58242	-0.1439
	52633	-0.1432
	57710	-0.1432
	59477	-0.1427
	56578	-0.1426
	57349	-0.1425
	58527	-0.1413
	56673	-0.1395
	58243	-0.1381
	58367	-0.1364
	58918	-0.1364
	56966	-0.1357
	58549	-0.134
	58736	-0.1339
	57680	-0.1332
	57867	-0.1327
	56882	-0.1288
	59480	-0.1272
	58602	-0.1257
	58251	-0.1248
	51802	-0.1234
	58718	-0.1214
	57387	-0.1205
	57590	-0.1205
	52955	-0.12
	59284	-0.1197
	59285	-0.1196
	58719	-0.1177
	59055	-0.1171
	58927	-0.1167
	58366	-0.1163
	57932	-0.116
	57476	-0.1159
	58735	-0.1156
	59475	-0.1156
	51777	-0.1154
	57491	-0.115
	59046	-0.1148
	58222	-0.1127
	58642	-0.1109
	58548	-0.1103
	51633	-0.11
	55578	-0.1083
	54539	-0.1075
	51567	-0.1073
	58725	-0.1072
	54662	-0.1062
	57673	-0.106
	59001	-0.1051
	58365	-0.1028
	58354	-0.1024
	58408	-0.102
	59065	-0.1008
	59417	-0.1
	52645	-0.0999
	52856	-0.0995
	55664	-0.0983
	59099	-0.0979
	58713	-0.0975
	59849	-0.0972
	51636	-0.0965
	58147	-0.0957
	50349	-0.0937
	54113	-0.0936
	52707	-0.0929
	54829	-0.0928
	54540	-0.0897
	59268	-0.0894
	50956	-0.0884
	51717	-0.086
	51839	-0.0838
	57492	-0.0822
	59027	-0.0793
	57886	-0.0778
	58731	-0.0772
	57876	-0.0761
	59017	-0.0754
	59279	-0.0739
	58823	-0.073
	57663	-0.0705
	58235	-0.0696
	57981	-0.0692
	59270	-0.0678
	58331	-0.0666
	51495	-0.0664
	56962	-0.0656
	58326	-0.0618
	51704	-0.0607
	58414	-0.0604
	56669	-0.0583
	57584	-0.0582
	59294	-0.057
	58834	-0.0561
	57635	-0.0548
	58041	-0.0544
	59289	-0.053
	59041	-0.0524
	54181	-0.0521
	56898	-0.05
	54853	-0.0497
	59271	-0.0496
	56973	-0.0489
	53696	-0.0483
	56891	-0.0439
	56018	-0.0438
	58542	-0.0432
	58230	-0.041
	57874	-0.0408
	57558	-0.0374
	58529	-0.0369
	57646	-0.0351
	58724	-0.0326
	58344	-0.0316
	51701	-0.0307
	51571	-0.0302
	57866	-0.0299
	58814	-0.0292
	52957	-0.0279
	54852	-0.0278
	59297	-0.0269
	58632	-0.0268
	53914	-0.0265
	58754	-0.0256
	58337	-0.0254
	59298	-0.024
	58143	-0.0234
	57477	-0.0222
	50353	-0.0221
	57811	-0.0221
	59241	-0.021
	59663	-0.0178
	56267	-0.0151
	58346	-0.0117
	59038	-0.0084
	58415	-0.0070
	57499	-0.0068
	58519	-0.0065
	57475	-0.0056
	56079	-0.0055
	54342	-0.0039
	56775	-0.0032
	58234	-0.0021
	57544	-0.0018
	59288	-4.0E-4
	56883	0.0026
	56033	0.0042
	58269	0.0048
	57975	0.0054
	58421	0.0054
	58822	0.0054
	51365	0.0096
	58240	0.0134
	58644	0.0181
	56046	0.0184
	58330	0.0201
	59033	0.0227
	58828	0.0235
	56021	0.0242
	56982	0.0248
	54234	0.0265
	56984	0.0267
	56876	0.0271
	57743	0.03
	56889	0.031
	50945	0.0329
	54841	0.0368
	58377	0.0383
	58608	0.0386
	54475	0.0404
	50246	0.0416
	58436	0.0448
	52855	0.0493
	59058	0.0494
	59047	0.0505
	57489	0.0506
	59004	0.0509
	58158	0.0519
	50842	0.0575
	58237	0.0581
	58254	0.0581
	55696	0.0587
	59854	0.06
	59215	0.0614
	52908	0.0633
	57486	0.0635
	54249	0.0661
	58356	0.0683
	59855	0.0684
	56878	0.0697
	56986	0.0698
	58614	0.0751
	54226	0.0781
	59266	0.0789
	59264	0.0795
	59034	0.0797
	54759	0.0798
	54569	0.0824
	57962	0.0829
	51465	0.0832
	58647	0.0833
	51730	0.0865
	59242	0.0884
	58646	0.0891
	58660	0.0916
	58449	0.0927
	50833	0.0939
	51810	0.0946
	59031	0.0949
	50136	0.0953
	57564	0.0958
	59057	0.0959
	59856	0.0998
	54039	0.1003
	51855	0.102
	58223	0.1043
	51708	0.1062
	50954	0.108
	59845	0.1094
	54213	0.1126
	59758	0.1149
	50940	0.1157
	59848	0.1163
	55228	0.1167
	53910	0.119
	58361	0.1191
	57752	0.1207
	58362	0.1217
	54324	0.1261
	59456	0.1263
	59269	0.1284
	57674	0.1286
	50727	0.1314
	54132	0.1368
	58508	0.1372
	58453	0.1383
	51709	0.1385
	58438	0.1398
	56778	0.1413
	57466	0.1425
	56373	0.1426
	59072	0.1437
	59469	0.1458
	54026	0.146
	50838	0.1461
	59265	0.1467
	57669	0.1489
	58643	0.1504
	58742	0.1506
	59230	0.1514
	57545	0.155
	59235	0.1587
	56989	0.1588
	58461	0.1589
	50939	0.1624
	57469	0.1625
	57589	0.1631
	54122	0.1641
	58419	0.1647
	57949	0.1651
	52101	0.1653
	59256	0.167
	59656	0.1675
	51568	0.1694
	54494	0.1698
	58567	0.1705
	58652	0.1705
	57496	0.1728
	59431	0.1735
	57185	0.1737
	51707	0.1741
	59847	0.1769
	51334	0.179
	58460	0.1792
	58358	0.1803
	54223	0.1808
	54041	0.1865
	56881	0.1866
	58450	0.1868
	56873	0.1873
	56977	0.1873
	57431	0.1888
	58467	0.1987
	59037	0.1992
	50936	0.1993
	58432	0.201
	57662	0.2021
	56158	0.2083
	56763	0.209
	59462	0.2131
	57671	0.2133
	59454	0.2138
	59276	0.214
	57612	0.2144
	58435	0.217
	54420	0.2179
	59427	0.2181
	57583	0.2187
	50858	0.2214
	51076	0.2226
	59246	0.2248
	52853	0.2257
	59023	0.2288
	56004	0.2292
	54335	0.2315
	59851	0.2315
	58426	0.2381
	58401	0.2384
	56991	0.2398
	56034	0.2412
	59664	0.2413
	50431	0.2417
	51367	0.2419
	51437	0.2419
	54024	0.2424
	58514	0.2441
	59255	0.2448
	57573	0.245
	57509	0.2454
	51639	0.2457
	59470	0.2457
	59229	0.2462
	54231	0.248
	58507	0.2486
	56378	0.2583
	59435	0.2592
	54590	0.26
	54449	0.2608
	51627	0.2621
	54292	0.2629
	51378	0.2631
	56879	0.2654
	58404	0.2674
	58557	0.268
	59238	0.2688
	56357	0.2719
	54777	0.272
	58462	0.2725
	54254	0.2762
	59278	0.2765
	54861	0.2818
	51358	0.2828
	59211	0.2894
	51356	0.2943
	59954	0.2952
	58446	0.2979
	59471	0.3009
	59940	0.302
	51470	0.3034
	50985	0.307
	58530	0.3097
	56959	0.3131
	56992	0.3159
	56994	0.3201
	54244	0.3238
	51438	0.3257
	59254	0.3257
	54261	0.3291
	57661	0.3348
	59237	0.3365
	59452	0.338
	58214	0.34
	51133	0.3413
	54286	0.3416
	50834	0.342
	59453	0.3463
	50247	0.3472
	51722	0.3473
	51243	0.3498
	59205	0.3506
	59658	0.356
	59843	0.3576
	54243	0.3583
	51477	0.3587
	59249	0.3587
	58459	0.3588
	54252	0.3598
	58468	0.3598
	56996	0.3628
	56995	0.3669
	59457	0.3669
	51377	0.3728
	58510	0.3754
	58215	0.3776
	59754	0.3779
	59228	0.3818
	50647	0.3821
	59650	0.3877
	54291	0.391
	58457	0.3915
	58531	0.3919
	56462	0.3936
	50434	0.3972
	58512	0.3973
	59007	0.3976
	51629	0.398
	54575	0.3988
	54099	0.4014
	51352	0.4019
	51353	0.404
	57498	0.4052
	53903	0.4067
	51357	0.4071
	50892	0.4096
	54049	0.4107
	59451	0.4125
	59421	0.417
	59446	0.4177
	59640	0.4195
	50949	0.4219
	50832	0.4231
	59647	0.4251
	57577	0.4266
	50946	0.4325
	59426	0.4375
	57485	0.4413
	50778	0.4425
	57666	0.446
	50854	0.4476
	58502	0.4486
	58359	0.4499
	51087	0.4511
	58562	0.455
	54245	0.4566
	54064	0.4585
	58464	0.4642
	56970	0.4664
	59632	0.4678
	50442	0.4686
	58556	0.4695
	59945	0.471
	59842	0.4714
	54157	0.4735
	54290	0.483
	59655	0.4865
	54031	0.4874
	50745	0.4914
	51346	0.4921
	54142	0.4984
	50928	0.5028
	56016	0.5042
	57543	0.5046
	52842	0.505
	56106	0.5055
	50844	0.5058
	59213	0.5082
	50948	0.5101
	56985	0.5114
	59653	0.5138
	54486	0.5149
	58609	0.5196
	51628	0.5251
	57562	0.5289
	57718	0.5312
	57432	0.533
	54365	0.5345
	56164	0.5347
	51232	0.5365
	59951	0.5386
	59224	0.548
	51369	0.5486
	58534	0.5526
	59425	0.5536
	59449	0.5578
	50978	0.5588
	58620	0.5632
	56969	0.5672
	50934	0.575
	50983	0.5773
	54154	0.5786
	55655	0.5798
	50950	0.5823
	50913	0.5856
	59654	0.5863
	54169	0.5888
	51186	0.5893
	57494	0.5942
	51716	0.595
	51469	0.5976
	59750	0.6014
	51359	0.6019
	50749	0.6062
	50888	0.6079
	51145	0.6084
	58407	0.6101
	59429	0.6134
	51241	0.6185
	50955	0.6186
	54374	0.6246
	54063	0.6364
	54285	0.637
	58452	0.6411
	54195	0.6443
	59227	0.6445
	54096	0.6474
	51467	0.6485
	50937	0.6492
	50879	0.6535
	59644	0.6552
	50564	0.6598
	57339	0.6605
	54076	0.6616
	59441	0.6684
	51559	0.6716
	59448	0.6722
	50739	0.6741
	58317	0.6745
	54349	0.6759
	57575	0.6774
	50852	0.6787
	52323	0.6824
	59838	0.6856
	57574	0.6871
	50445	0.6887
	57110	0.6906
	54273	0.6958
	50566	0.7012
	50514	0.7141
	56182	0.7185
	51379	0.7231
	54047	0.7346
	54186	0.7382
	59941	0.7391
	54161	0.743
	59948	0.757
	51137	0.7658
	57565	0.7662
	51238	0.7665
	54266	0.7669
	51053	0.7682
	50618	0.769
	51156	0.7715
	54276	0.7747
	51482	0.7765
	50468	0.7778
	54098	0.7788
	54259	0.7828
	50425	0.7844
	54187	0.8153
	58437	0.8163
	54135	0.8239
	50603	0.8282
	54260	0.8293
	55248	0.8296
	58402	0.8337
	54474	0.838
	51060	0.84
	50742	0.842
	50741	0.8445
	57493	0.8531
	54363	0.8557
	57566	0.8562
	51059	0.8627
	54065	0.8637
	51463	0.8678
	54069	0.8722
	58520	0.8817
	54331	0.8899
	56146	0.9057
	58523	0.906
	51058	0.9085
	54156	0.9173
	50639	0.9269
	50871	0.9353
	54263	0.937
	54353	0.9378
	50646	0.9653
	58503	0.987
	50878	0.9961
	57581	1.0082
	50527	1.0222
	54092	1.0417
	50655	1.0586
	50788	1.0624
	50973	1.0629
	51068	1.0661
	54080	1.0882
	50755	1.1477
	50674	1.1623
	54164	1.1805
	50632	1.188
	50750	1.1909
	50867	1.1949
	56116	1.222
	50877	1.2236
	57571	1.2248
	50880	1.241
	50758	1.248
	54863	1.2682
	50873	1.2714
	50968	1.2716
	50673	1.2875
	54766	1.2941
	50548	1.2967
	50884	1.2984
	54165	1.3027
	50958	1.334
	51330	1.3506
	50525	1.3558
	54267	1.3808
	50772	1.4283
	50756	1.4364
	50963	1.4558
	50851	1.4631
	50787	1.4994
	51436	1.549
	50557	1.5595
	50526	1.5695
	50862	1.5708
	54401	1.5842
	50965	1.5918
	50960	1.6198
	50775	1.6299
	50656	1.6473
	50853	1.6613
	54764	1.668
	50524	1.6738
	54339	1.6867
	51435	1.6957
	50964	1.7977
	54346	1.8859
	50774	1.8886
	54347	1.9091
	50776	1.9285
	54765	1.9367
	51433	1.9802
	57102	2.0055
	54483	2.0421
	50962	2.1087
	51434	2.3975
	51430	2.577
	51431	2.5914
	51329	2.7544
	51328	3.3418
