	54113	-2.55504
	57359	-2.523
	57608	-2.51424
	52972	-2.43264
	59241	-2.40432
	57722	-2.3355599999999996
	59229	-2.30028
	59124	-2.2932
	59057	-2.08296
	54569	-2.0763599999999998
	59856	-2.07504
	59246	-2.03244
	59046	-2.02176
	51058	-2.01624
	57738	-2.01072
	50987	-2.00028
	50978	-1.9993199999999998
	59044	-1.99392
	59427	-1.9583999999999997
	59647	-1.9456799999999999
	57752	-1.9381199999999998
	58647	-1.9360799999999998
	57438	-1.9211999999999998
	56950	-1.90572
	57674	-1.9018799999999998
	57682	-1.8936
	57509	-1.8746399999999999
	51804	-1.85544
	58011	-1.8393599999999999
	54530	-1.8221999999999998
	57671	-1.8205199999999997
	57698	-1.81944
	54470	-1.81176
	53502	-1.7961599999999998
	57603	-1.7946
	51482	-1.7793599999999998
	57995	-1.77528
	56317	-1.773
	59655	-1.76844
	57740	-1.73484
	55228	-1.72128
	54528	-1.7168400000000001
	59264	-1.7014799999999999
	57865	-1.7001600000000001
	58044	-1.69824
	59419	-1.6970399999999999
	57875	-1.69584
	56227	-1.69572
	57872	-1.6944
	54476	-1.69272
	51369	-1.6918799999999998
	57761	-1.68768
	51365	-1.67592
	59213	-1.6649999999999998
	51477	-1.65336
	59290	-1.6526399999999999
	54716	-1.6485599999999998
	50985	-1.6485599999999998
	54533	-1.64532
	57345	-1.6326
	51241	-1.6257599999999999
	59125	-1.6163999999999998
	54535	-1.61388
	59456	-1.60248
	57604	-1.5991199999999999
	54622	-1.5856799999999998
	57778	-1.5809999999999997
	58012	-1.57584
	54907	-1.5730799999999998
	57743	-1.57296
	57089	-1.5683999999999998
	52784	-1.56276
	57095	-1.5616799999999997
	56496	-1.5586799999999998
	54472	-1.55832
	57385	-1.55736
	58003	-1.5325199999999999
	57600	-1.5306
	54610	-1.5303600000000002
	57086	-1.52844
	59065	-1.52124
	54342	-1.50816
	57772	-1.50708
	54333	-1.49748
	51377	-1.48752
	51059	-1.48716
	54335	-1.4870400000000001
	51329	-1.4837999999999998
	57259	-1.4834399999999999
	56756	-1.48092
	51328	-1.47288
	59656	-1.47228
	57096	-1.47096
	58339	-1.4706
	58002	-1.4658
	53512	-1.46484
	59228	-1.46292
	57093	-1.45704
	57891	-1.4523599999999999
	59318	-1.45152
	54626	-1.44396
	51886	-1.44396
	51352	-1.4382
	54614	-1.42944
	57777	-1.4281199999999998
	54612	-1.428
	57744	-1.4272799999999999
	54906	-1.42296
	59072	-1.422
	54102	-1.4215200000000001
	54732	-1.4196
	59454	-1.4085599999999998
	59316	-1.40832
	50983	-1.40724
	54603	-1.4006399999999999
	54455	-1.3945199999999998
	54475	-1.3941599999999998
	51431	-1.39368
	54575	-1.38408
	59227	-1.3795199999999999
	59211	-1.3792799999999998
	57609	-1.37436
	53991	-1.3727999999999998
	59255	-1.3711200000000001
	54563	-1.36644
	53988	-1.365
	57098	-1.36416
	58041	-1.36188
	57754	-1.36032
	58004	-1.3485599999999998
	54213	-1.34748
	59097	-1.3432799999999998
	51133	-1.3390799999999998
	57506	-1.33836
	57090	-1.3302
	58433	-1.3245599999999997
	54115	-1.32144
	54925	-1.3198800000000002
	57720	-1.3182
	59270	-1.3182
	58269	-1.31328
	57398	-1.30836
	54613	-1.30548
	54645	-1.2998399999999999
	54909	-1.2936
	54534	-1.26636
	54700	-1.2662399999999998
	54915	-1.26504
	54715	-1.2567599999999999
	54917	-1.25556
	57771	-1.25316
	54334	-1.2519599999999997
	59653	-1.2471599999999998
	57513	-1.24644
	59074	-1.23684
	59640	-1.23624
	59055	-1.2352800000000002
	57734	-1.22904
	57183	-1.21908
	58731	-1.21692
	54039	-1.21116
	59071	-1.20696
	57099	-1.2034799999999999
	57511	-1.2029999999999998
	54454	-1.19712
	59102	-1.19028
	58265	-1.19004
	57492	-1.1870399999999999
	50775	-1.1838
	58341	-1.1823599999999999
	57867	-1.18056
	57268	-1.17864
	59047	-1.17768
	57803	-1.1750399999999999
	51430	-1.17432
	57192	-1.1646
	54320	-1.16136
	59644	-1.15668
	54540	-1.1557199999999999
	57832	-1.1514
	58547	-1.14744
	51495	-1.13904
	59254	-1.13844
	57565	-1.1381999999999999
	52679	-1.1358
	56966	-1.1335199999999999
	59235	-1.12632
	54916	-1.12128
	57566	-1.1178
	57075	-1.1175599999999999
	54076	-1.11264
	57673	-1.11228
	54662	-1.11168
	59134	-1.10232
	51542	-1.1016
	54914	-1.1011199999999999
	57719	-1.09848
	50880	-1.09788
	54619	-1.09608
	54486	-1.09164
	57760	-1.08984
	50973	-1.08732
	57523	-1.0866
	56781	-1.08384
	56396	-1.08348
	57094	-1.08228
	56499	-1.0815599999999999
	58917	-1.0795199999999998
	57835	-1.0788
	54471	-1.07772
	59650	-1.07328
	54252	-1.0668
	59256	-1.0651199999999998
	57574	-1.06416
	54714	-1.0609199999999999
	57763	-1.0522799999999999
	51346	-1.05012
	53995	-1.0489199999999999
	57091	-1.04844
	58259	-1.0455599999999998
	54226	-1.0428
	54808	-1.04232
	58517	-1.04064
	59209	-1.03632
	54627	-1.0362
	57519	-1.032
	58415	-1.03188
	51434	-1.03104
	54064	-1.02876
	54709	-1.02636
	57731	-1.0254
	59059	-1.023
	58666	-1.0218
	58013	-1.02168
	55696	-1.01988
	57736	-1.01868
	51367	-1.01724
	58569	-1.0146
	57678	-1.01208
	57871	-1.0115999999999998
	59317	-1.01148
	54711	-1.0104
	59319	-1.00908
	50879	-1.00752
	53898	-1.00368
	57728	-1.00176
	54225	-0.9993599999999999
	59045	-0.9993599999999999
	54623	-0.99828
	53517	-0.9959999999999999
	57713	-0.99168
	52868	-0.9899999999999999
	53696	-0.9899999999999999
	53986	-0.98904
	54644	-0.98808
	54927	-0.98304
	56247	-0.9826799999999999
	59493	-0.9803999999999999
	59075	-0.97932
	54722	-0.9759599999999999
	59058	-0.9755999999999999
	57498	-0.9754799999999999
	54725	-0.97488
	54728	-0.97224
	57191	-0.9670799999999999
	52607	-0.9655199999999999
	58402	-0.96492
	58907	-0.96276
	57962	-0.9596399999999999
	57477	-0.9593999999999999
	57193	-0.95832
	57669	-0.9559199999999999
	57663	-0.95148
	59276	-0.94908
	57195	-0.9475199999999999
	59249	-0.9459599999999999
	59238	-0.9440399999999999
	53994	-0.94368
	54579	-0.93972
	52656	-0.93588
	54921	-0.9318
	57469	-0.9314399999999999
	54806	-0.92976
	54905	-0.9295199999999999
	54336	-0.9272400000000001
	59269	-0.92244
	56045	-0.9223199999999999
	54923	-0.9209999999999999
	59304	-0.9172799999999999
	51463	-0.9166799999999999
	54420	-0.9161999999999999
	57646	-0.91584
	57718	-0.9156
	53446	-0.91188
	59116	-0.9101999999999999
	58036	-0.90804
	56493	-0.9062399999999999
	54027	-0.90324
	54713	-0.9001199999999999
	57083	-0.89988
	57249	-0.89928
	57265	-0.89844
	57516	-0.8980799999999999
	57388	-0.89772
	58008	-0.8943599999999999
	54134	-0.8941199999999999
	57874	-0.8941199999999999
	54617	-0.8927999999999999
	54609	-0.89244
	54920	-0.89244
	57087	-0.8860799999999999
	58429	-0.8855999999999999
	59109	-0.88176
	54624	-0.88164
	51243	-0.8762399999999999
	57180	-0.8752800000000001
	58548	-0.87468
	54568	-0.87
	57297	-0.8677199999999999
	57182	-0.8642399999999999
	56772	-0.85968
	54047	-0.85896
	57605	-0.8582399999999999
	58735	-0.8547600000000001
	56959	-0.85308
	57881	-0.85176
	57361	-0.84516
	54606	-0.843
	54901	-0.8410799999999999
	54805	-0.83796
	59242	-0.83688
	54483	-0.8315999999999999
	57909	-0.82848
	54434	-0.82332
	58362	-0.8232
	58633	-0.81984
	57839	-0.8194799999999999
	57834	-0.81864
	58255	-0.8157599999999999
	57860	-0.8155199999999999
	57773	-0.813
	57558	-0.8108399999999999
	56949	-0.80928
	59271	-0.80796
	52787	-0.8064
	54620	-0.80532
	57271	-0.8048399999999999
	54702	-0.80472
	56669	-0.8046
	57729	-0.79908
	51137	-0.79872
	59053	-0.7986
	56889	-0.7976399999999999
	57942	-0.79716
	54117	-0.79584
	53996	-0.7948799999999999
	57866	-0.79476
	58477	-0.7944
	57958	-0.7941600000000001
	57710	-0.7922399999999999
	54726	-0.79056
	56434	-0.78972
	57825	-0.78696
	51435	-0.786
	54723	-0.78204
	58301	-0.7812
	57955	-0.7802399999999999
	54724	-0.77904
	57742	-0.7783199999999999
	57640	-0.77784
	57696	-0.7769999999999999
	54904	-0.77676
	54596	-0.77544
	57870	-0.7746
	54541	-0.77364
	56755	-0.77304
	59449	-0.7675199999999999
	59033	-0.76452
	59659	-0.7610399999999999
	57606	-0.76032
	58463	-0.7589
	58734	-0.75804
	58401	-0.7572
	58725	-0.75696
	57085	-0.7567200000000001
	59448	-0.75564
	57735	-0.7549199999999999
	59061	-0.75336
	59127	-0.75108
	54308	-0.75096
	51358	-0.7503599999999999
	57363	-0.747
	54505	-0.74652
	57077	-0.7430399999999999
	54706	-0.7418399999999999
	57339	-0.7392
	57181	-0.73764
	53983	-0.73536
	57732	-0.73524
	59088	-0.735
	53698	-0.73284
	54339	-0.7326
	56842	-0.7323599999999999
	50425	-0.73188
	54347	-0.73176
	51378	-0.72924
	59266	-0.72876
	56873	-0.7278
	59297	-0.72552
	53357	-0.7249199999999999
	54438	-0.72468
	57975	-0.7222799999999999
	54430	-0.72216
	54474	-0.72144
	53992	-0.72084
	50884	-0.72072
	57520	-0.7203599999999999
	54453	-0.7202399999999999
	58320	-0.7189199999999999
	53602	-0.71868
	53518	-0.7182000000000001
	57298	-0.71592
	58005	-0.7155600000000001
	58113	-0.71484
	59501	-0.71196
	54331	-0.71136
	54719	-0.71136
	53985	-0.7108800000000001
	58001	-0.71004
	53419	-0.7048800000000001
	57510	-0.7003199999999999
	58337	-0.7002
	57417	-0.69504
	56584	-0.6884399999999999
	57256	-0.68796
	56312	-0.68748
	54660	-0.6858
	59022	-0.68472
	54412	-0.6838799999999999
	58416	-0.68148
	51469	-0.6803999999999999
	57067	-0.6802799999999999
	59446	-0.6790799999999999
	58356	-0.6765599999999999
	58637	-0.6763199999999999
	54703	-0.67572
	53953	-0.6755999999999999
	59453	-0.67404
	58918	-0.67272
	57437	-0.66816
	54122	-0.66348
	54324	-0.6629999999999999
	54911	-0.66276
	59064	-0.6616799999999999
	54803	-0.65988
	58101	-0.65928
	54918	-0.65916
	58567	-0.65916
	53897	-0.6583199999999999
	57381	-0.6582
	57821	-0.6572399999999999
	57661	-0.6571199999999999
	59051	-0.6571199999999999
	59122	-0.65676
	53954	-0.6562800000000001
	53993	-0.6556799999999999
	52876	-0.65328
	57184	-0.6514800000000001
	58111	-0.6502800000000001
	57776	-0.6486
	51353	-0.6483599999999999
	58249	-0.64488
	54248	-0.6442800000000001
	54063	-0.6429600000000001
	51238	-0.6408
	51356	-0.6403199999999999
	51433	-0.6391199999999999
	59114	-0.6389999999999999
	58264	-0.63708
	57662	-0.63516
	58102	-0.6350399999999999
	59500	-0.63276
	59310	-0.63144
	57296	-0.6309600000000001
	56399	-0.63072
	53980	-0.63024
	58338	-0.62808
	57522	-0.62268
	57279	-0.62256
	58365	-0.6224
	54517	-0.62088
	51470	-0.62004
	54815	-0.61932
	57299	-0.6184799999999999
	54827	-0.61824
	56491	-0.61788
	59096	-0.6171599999999999
	57723	-0.61488
	51571	-0.61272
	53989	-0.606
	54618	-0.6048
	57143	-0.60336
	57598	-0.6017999999999999
	59313	-0.60132
	54313	-0.59988
	58556	-0.59124
	54584	-0.59088
	54399	-0.5905199999999999
	58335	-0.58596
	59025	-0.5843999999999999
	58634	-0.58284
	57486	-0.58236
	59298	-0.58128
	54186	-0.58116
	56976	-0.57984
	50873	-0.57756
	54908	-0.57648
	52602	-0.5757599999999999
	54919	-0.57312
	53457	-0.57252
	57822	-0.57132
	59224	-0.56964
	53455	-0.56844
	56777	-0.56748
	51379	-0.56268
	57988	-0.56184
	58020	-0.5616
	53950	-0.56064
	54321	-0.56016
	59278	-0.55968
	54707	-0.558
	58016	-0.55728
	58414	-0.55536
	58336	-0.55452
	54245	-0.5534399999999999
	58424	-0.5532
	57415	-0.55248
	54218	-0.5518799999999999
	59306	-0.55104
	56751	-0.54972
	57370	-0.54816
	57649	-0.54792
	58116	-0.5454
	58404	-0.54492
	53614	-0.54468
	57737	-0.54084
	54316	-0.54072
	53689	-0.54036
	57432	-0.54036
	58542	-0.537
	59492	-0.53628
	58484	-0.53568
	54214	-0.53532
	59477	-0.5341199999999999
	58367	-0.5287
	53791	-0.52656
	54531	-0.52608
	59451	-0.52488
	57328	-0.52452
	57658	-0.52428
	53773	-0.522
	59081	-0.52164
	59288	-0.5214
	57657	-0.5209199999999999
	58268	-0.52068
	59289	-0.5192399999999999
	54710	-0.51888
	54604	-0.516
	57846	-0.51504
	54807	-0.5131199999999999
	53987	-0.513
	51076	-0.5117999999999999
	59279	-0.51144
	57055	-0.50652
	59205	-0.5057999999999999
	58745	-0.50556
	53699	-0.5029199999999999
	57786	-0.50268
	58241	-0.50268
	54628	-0.50076
	56688	-0.49884
	53892	-0.49835999999999997
	54423	-0.49812
	54632	-0.49667999999999995
	59293	-0.49595999999999996
	54332	-0.49572
	53799	-0.49559999999999993
	51330	-0.49344
	54717	-0.49032
	54615	-0.48947999999999997
	54065	-0.48695999999999995
	57395	-0.48275999999999997
	57708	-0.48203999999999997
	58546	-0.48192
	58905	-0.48024
	54731	-0.47747999999999996
	57575	-0.477
	52963	-0.47352
	58737	-0.47315999999999997
	57278	-0.47267999999999993
	58906	-0.4722
	57274	-0.4704
	59320	-0.46992
	58035	-0.46668
	53984	-0.46656
	51931	-0.46188
	54819	-0.46175999999999995
	58514	-0.46115999999999996
	57586	-0.46008
	54826	-0.45828
	56788	-0.45731999999999995
	57666	-0.45648
	59106	-0.45311999999999997
	57186	-0.45239999999999997
	57868	-0.45239999999999997
	53231	-0.44988
	57502	-0.44939999999999997
	54631	-0.44832
	57512	-0.44736000000000004
	58214	-0.44496
	54499	-0.44471999999999995
	57741	-0.43968
	57066	-0.43836
	53859	-0.438
	52643	-0.43739999999999996
	54633	-0.43571999999999994
	58442	-0.43476
	54708	-0.42828
	51777	-0.42588
	57541	-0.42419999999999997
	50778	-0.41759999999999997
	50979	-0.41712
	59473	-0.417
	51567	-0.414
	57936	-0.41364
	57260	-0.41087999999999997
	54439	-0.41075999999999996
	50727	-0.40968
	57445	-0.40956
	57043	-0.40872
	57780	-0.40440000000000004
	54608	-0.40332
	58507	-0.4032
	57518	-0.40187999999999996
	58366	-0.4018
	54362	-0.39984
	59480	-0.39887999999999996
	59417	-0.39815999999999996
	54902	-0.3966
	54187	-0.396
	58311	-0.39492
	57796	-0.3948
	56752	-0.39468000000000003
	57680	-0.39468000000000003
	54421	-0.3942
	53352	-0.393
	50960	-0.39228
	54351	-0.39132
	53519	-0.3894
	57489	-0.38736
	58017	-0.38736
	52267	-0.38711999999999996
	57809	-0.38688
	57431	-0.38543999999999995
	58843	-0.38472
	58361	-0.3828
	56946	-0.38255999999999996
	57634	-0.38243999999999995
	51359	-0.3822
	59431	-0.38123999999999997
	50888	-0.381
	53790	-0.3804
	57054	-0.37979999999999997
	54319	-0.37776000000000004
	54346	-0.37751999999999997
	57499	-0.37716
	53593	-0.3762
	51573	-0.37583999999999995
	52546	-0.37464
	51467	-0.37404
	56478	-0.37392
	53957	-0.37379999999999997
	57476	-0.37379999999999997
	57257	-0.37356
	50524	-0.3714
	53276	-0.37104
	59012	-0.37104
	57882	-0.36923999999999996
	56948	-0.36791999999999997
	59421	-0.36479999999999996
	58319	-0.36324
	54132	-0.36276
	56748	-0.36264
	53513	-0.36216
	51068	-0.36168
	53955	-0.36144000000000004
	59041	-0.3606
	57554	-0.35868
	51642	-0.35676
	58030	-0.35531999999999997
	57633	-0.35447999999999996
	58207	-0.35244000000000003
	54254	-0.35052
	59750	-0.3504
	54636	-0.34968
	57853	-0.34692
	51145	-0.34608
	53367	-0.34596
	53348	-0.34464
	53895	-0.34404
	54832	-0.34104
	54337	-0.33899999999999997
	58736	-0.33899999999999997
	57494	-0.33792
	50946	-0.3372
	56871	-0.33504
	53730	-0.33215999999999996
	58100	-0.33047999999999994
	54527	-0.3276
	52968	-0.3264
	58158	-0.32592
	56267	-0.32424
	56593	-0.32304
	51655	-0.32172
	53894	-0.31968
	57390	-0.31751999999999997
	59452	-0.31751999999999997
	57965	-0.31355999999999995
	51232	-0.31283999999999995
	59268	-0.3126
	57902	-0.30912
	53789	-0.3072
	57991	-0.30683999999999995
	58247	-0.30623999999999996
	57921	-0.30588
	57057	-0.30576000000000003
	53433	-0.30563999999999997
	54935	-0.30528
	54259	-0.30491999999999997
	53392	-0.30456
	57625	-0.30263999999999996
	54231	-0.29592
	52895	-0.29532
	51156	-0.29375999999999997
	56592	-0.29244
	58343	-0.29208
	54267	-0.29159999999999997
	57642	-0.29028
	57844	-0.28836
	58015	-0.28812
	57973	-0.288
	58431	-0.28716
	54818	-0.28512
	57964	-0.2838
	52323	-0.28164
	57976	-0.2814
	54800	-0.28128
	58846	-0.28128
	57326	-0.28043999999999997
	53885	-0.28032
	57399	-0.27636
	57774	-0.27612
	58407	-0.276
	57972	-0.27552
	59673	-0.27348
	52874	-0.273
	56881	-0.27264
	56996	-0.27071999999999996
	57389	-0.26904
	57491	-0.26892
	57974	-0.26832
	57841	-0.2682
	58257	-0.26676
	59037	-0.26268
	57595	-0.26195999999999997
	57996	-0.26195999999999997
	58006	-0.26184
	53707	-0.26064
	58643	-0.26064
	52797	-0.25895999999999997
	59487	-0.25895999999999997
	54718	-0.25608
	58820	-0.25464
	57851	-0.25392
	54730	-0.25295999999999996
	54616	-0.25223999999999996
	58377	-0.252
	53964	-0.25128
	57153	-0.2502
	53963	-0.24983999999999998
	54594	-0.24863999999999997
	54804	-0.24719999999999998
	53781	-0.24479999999999996
	53886	-0.24456
	58632	-0.24336
	57285	-0.24083999999999997
	57333	-0.24036
	57859	-0.23976
	59321	-0.23963999999999996
	51633	-0.23892
	57887	-0.2352
	51829	-0.23087999999999997
	57053	-0.23076
	53998	-0.2304
	59314	-0.22848000000000002
	54809	-0.22728
	57636	-0.22296
	56954	-0.22284
	58625	-0.22248
	54096	-0.22224
	59094	-0.22104
	51357	-0.22055999999999998
	57248	-0.22008
	55773	-0.21996
	57052	-0.21996
	54098	-0.21684
	59322	-0.21575999999999998
	54910	-0.21516
	56875	-0.21395999999999998
	58558	-0.21372
	51087	-0.21359999999999998
	59948	-0.21264
	53545	-0.21192
	54363	-0.21144
	54849	-0.21084
	54092	-0.21023999999999998
	56854	-0.21
	53289	-0.20916
	57762	-0.20759999999999998
	59478	-0.20592
	58334	-0.20316
	56228	-0.20136
	56793	-0.20136
	58210	-0.198
	58369	-0.1974
	57949	-0.19296
	53890	-0.19116
	54328	-0.19091999999999998
	58629	-0.1902
	59117	-0.18924
	59294	-0.18924
	54353	-0.18671999999999997
	57978	-0.1866
	57426	-0.18504
	53491	-0.18431999999999998
	59469	-0.1842
	54751	-0.18228
	53336	-0.18036
	53883	-0.18
	57857	-0.17855999999999997
	54752	-0.17832
	58623	-0.17459999999999998
	58818	-0.17352
	52884	-0.17328
	57324	-0.17316
	59664	-0.17243999999999998
	57505	-0.1722
	53384	-0.17207999999999998
	56898	-0.17088
	53693	-0.16992
	57845	-0.1686
	53873	-0.16836
	59485	-0.168
	57080	-0.16763999999999998
	58468	-0.16632
	59470	-0.16512
	57699	-0.16044
	59635	-0.15911999999999998
	58007	-0.15791999999999998
	59082	-0.15768
	58329	-0.15696
	58523	-0.15384
	58624	-0.15336
	56844	-0.15168
	57766	-0.15144
	55437	-0.15131999999999998
	57571	-0.15108000000000002
	53697	-0.15095999999999998
	57281	-0.14388
	58323	-0.14388
	54512	-0.14364
	56594	-0.14316
	53795	-0.14268
	53796	-0.14243999999999998
	53948	-0.14243999999999998
	54161	-0.14159999999999998
	58326	-0.14135999999999999
	54291	-0.14076
	54922	-0.13943999999999998
	59425	-0.13908
	58821	-0.1386
	55655	-0.13824
	57717	-0.13824
	53784	-0.13751999999999998
	58503	-0.13692
	54325	-0.13572
	56785	-0.1344
	54900	-0.1338
	57185	-0.13284
	50871	-0.13127999999999998
	53974	-0.13068
	53324	-0.12672
	52436	-0.12528
	56962	-0.12528
	58823	-0.12468
	57906	-0.12288
	57907	-0.12264
	57992	-0.12251999999999999
	58351	-0.12239999999999998
	52863	-0.12072
	53420	-0.12048
	59488	-0.11903999999999999
	50948	-0.11796
	54208	-0.11735999999999999
	50854	-0.11424000000000001
	53798	-0.11364
	58202	-0.11172
	58420	-0.11124
	57889	-0.11064
	57496	-0.10992
	57508	-0.10992
	58342	-0.10848
	56395	-0.10836
	54204	-0.10643999999999999
	53889	-0.10608000000000001
	59754	-0.10416
	59429	-0.10404
	52896	-0.10392
	56872	-0.10332
	53149	-0.10248
	58693	-0.1002
	57414	-0.09984
	57247	-0.09863999999999999
	59284	-0.09743999999999998
	50954	-0.09684
	57779	-0.09563999999999999
	56786	-0.09455999999999999
	52652	-0.09432
	52576	-0.09227999999999999
	51559	-0.09204
	57461	-0.08987999999999999
	53961	-0.08616
	57198	-0.08616
	52974	-0.08603999999999999
	58460	-0.0801
	58804	-0.07955999999999999
	57966	-0.07608
	51438	-0.0756
	54525	-0.07116
	54437	-0.069
	54848	-0.06767999999999999
	54820	-0.0654
	57295	-0.0648
	57081	-0.0642
	53997	-0.06359999999999999
	57162	-0.06312
	50349	-0.06215999999999999
	51855	-0.06095999999999999
	57329	-0.06024
	52515	-0.059519999999999997
	56492	-0.059519999999999997
	57990	-0.0594
	59034	-0.057120000000000004
	57048	-0.05436
	50936	-0.05352
	54597	-0.053399999999999996
	51436	-0.05112
	54205	-0.0486
	59462	-0.0486
	59113	-0.047760000000000004
	57941	-0.047279999999999996
	53959	-0.04632
	54932	-0.04536
	54349	-0.044399999999999995
	59435	-0.04344
	54940	-0.04272
	59265	-0.04248
	54801	-0.04188
	58345	-0.03936
	57343	-0.0378
	53691	-0.03564
	58500	-0.03372
	50246	-0.03192
	56757	-0.03132
	57792	-0.02928
	54506	-0.02736
	57040	-0.026520000000000002
	59855	-0.02604
	54640	-0.024480000000000002
	58563	-0.024359999999999996
	54513	-0.024
	51828	-0.0234
	59126	-0.02292
	51827	-0.022799999999999997
	58024	-0.021840000000000002
	50955	-0.02088
	57176	-0.01572
	58027	-0.015239999999999998
	58331	-0.013199999999999998
	55572	-0.012
	56674	-0.008159999999999999
	57758	-0.00756
	58040	-0.006959999999999999
	58208	-0.00444
	54704	0.0025199999999999997
	53868	0.0037199999999999998
	58408	0.004679999999999999
	55248	0.005399999999999999
	54734	0.00564
	54705	0.0057599999999999995
	57076	0.0078
	51636	0.00852
	56768	0.00912
	59441	0.00948
	58472	0.00972
	50958	0.010079999999999999
	54404	0.01068
	54449	0.010920000000000001
	58927	0.0144
	51765	0.01572
	58238	0.01596
	57253	0.01608
	57416	0.01644
	54929	0.017159999999999998
	54523	0.01824
	52765	0.02136
	58550	0.02196
	51526	0.024359999999999996
	53611	0.0252
	57562	0.026279999999999998
	56746	0.027839999999999997
	56851	0.028560000000000002
	56782	0.029039999999999996
	59631	0.0294
	54518	0.029519999999999998
	52681	0.02964
	59426	0.03024
	58344	0.030479999999999997
	52657	0.03144
	59099	0.031799999999999995
	58237	0.03576
	50525	0.0366
	56969	0.03996
	57585	0.04044
	53391	0.04308
	56223	0.04344
	59087	0.04548
	56870	0.047279999999999996
	58317	0.04836
	54514	0.048960000000000004
	53469	0.049800000000000004
	56863	0.051719999999999995
	59303	0.051719999999999995
	53899	0.05567999999999999
	59237	0.056639999999999996
	51060	0.06
	58570	0.06024
	59285	0.06132
	58353	0.06251999999999999
	59107	0.06288
	57129	0.06312
	51826	0.06359999999999999
	50526	0.0642
	58719	0.06612
	57481	0.06816
	54753	0.06852
	59052	0.06996
	54502	0.07067999999999999
	52875	0.07452
	54828	0.07464
	57811	0.07703999999999998
	53195	0.07932
	54744	0.07992
	57405	0.081
	58549	0.08363999999999999
	58602	0.08363999999999999
	53878	0.08664
	57038	0.08771999999999999
	57273	0.08808
	59654	0.08916
	59502	0.09132
	57947	0.09408
	57687	0.09455999999999999
	53884	0.0948
	57960	0.09516
	57612	0.09563999999999999
	54701	0.09612
	57948	0.09635999999999999
	54293	0.09803999999999999
	50674	0.10043999999999999
	56841	0.10103999999999999
	57462	0.10128
	54831	0.10211999999999999
	57989	0.10235999999999999
	58154	0.10284
	54749	0.10536
	57544	0.10608000000000001
	50878	0.10716
	57044	0.11027999999999999
	59215	0.1128
	50527	0.11375999999999999
	57824	0.11699999999999999
	58461	0.1204
	50834	0.12251999999999999
	58358	0.1248
	54260	0.12491999999999999
	57637	0.12528
	53543	0.12588
	56783	0.12636
	53973	0.12672
	53794	0.12708
	54326	0.12708
	53783	0.13044
	51568	0.13116
	53768	0.13319999999999999
	58022	0.13488
	57173	0.1356
	53704	0.13584
	54080	0.13692
	58601	0.13943999999999998
	50968	0.1398
	54913	0.14112
	57837	0.14268
	54323	0.14508
	54837	0.14687999999999998
	53979	0.15275999999999998
	59475	0.15324000000000002
	53763	0.1536
	54511	0.15384
	52862	0.15491999999999997
	56666	0.15564
	59001	0.15672
	54093	0.15696
	58912	0.15864
	53792	0.159
	58438	0.16127999999999998
	58427	0.16272
	57679	0.16391999999999998
	53594	0.16416
	58606	0.16416
	56664	0.16452
	57046	0.16476
	54755	0.168
	59131	0.16907999999999998
	56739	0.16956000000000002
	58467	0.17207999999999998
	57581	0.17279999999999998
	57039	0.17292
	57348	0.17364
	58928	0.17376
	53862	0.17616
	54429	0.17748
	54398	0.17915999999999999
	54605	0.18059999999999998
	57362	0.18155999999999997
	57739	0.18168
	53385	0.183
	54286	0.1842
	58306	0.1842
	54602	0.18444
	57623	0.18444
	58814	0.1848
	58426	0.18624
	50892	0.1872
	53797	0.18839999999999998
	55294	0.1902
	57584	0.19607999999999998
	53610	0.198
	58553	0.19848
	52745	0.19968
	58203	0.20243999999999998
	59851	0.2046
	52978	0.20639999999999997
	58635	0.20964
	50934	0.21468
	58251	0.21564
	50939	0.21635999999999997
	53863	0.21852000000000002
	58615	0.21864
	58316	0.22271999999999997
	58354	0.22319999999999998
	57536	0.22355999999999998
	51465	0.22476
	57767	0.22571999999999998
	53881	0.22583999999999999
	51722	0.22608
	59626	0.22728
	53893	0.22824
	57411	0.22884
	56479	0.22931999999999997
	57078	0.23099999999999998
	54031	0.23435999999999998
	54727	0.23496
	53769	0.2364
	58360	0.2364
	58215	0.23651999999999998
	50940	0.23736
	54834	0.23747999999999997
	54195	0.23772
	54338	0.23831999999999998
	59324	0.24083999999999997
	56673	0.24131999999999998
	56774	0.24131999999999998
	52885	0.24144
	53788	0.24408
	57908	0.24431999999999998
	53492	0.24636
	56394	0.24852
	58205	0.25139999999999996
	56790	0.25476
	53853	0.25644
	54802	0.25739999999999996
	53771	0.26195999999999997
	57793	0.26568
	56879	0.26604
	57056	0.26652
	52982	0.26664
	57493	0.27036
	56697	0.27084
	54939	0.27252
	57144	0.27312
	57589	0.27396
	53879	0.27503999999999995
	50937	0.27732
	57886	0.27792
	52446	0.2796
	51802	0.27984
	52674	0.28212
	54822	0.28271999999999997
	58530	0.28524
	54539	0.28619999999999995
	59471	0.28644
	57060	0.2868
	59457	0.2874
	50965	0.28764
	58730	0.28848
	57033	0.28884
	58021	0.28896
	54824	0.2898
	59663	0.29016
	58122	0.29052
	52101	0.29148
	57465	0.29375999999999997
	57029	0.29472
	57254	0.29628
	54817	0.29724
	51716	0.29784
	50434	0.30036
	53483	0.30096
	50833	0.30168
	56944	0.30204
	58025	0.30216000000000004
	57396	0.30648000000000003
	50950	0.3072
	56444	0.30804
	57883	0.30804
	57042	0.30815999999999993
	50956	0.30815999999999993
	58926	0.30888
	53785	0.30948000000000003
	57915	0.31104
	56649	0.31632
	56878	0.31644
	53956	0.3174
	53617	0.31788
	58664	0.31895999999999997
	54936	0.3192
	58026	0.31944
	57655	0.32051999999999997
	56598	0.32123999999999997
	56989	0.32304
	54842	0.32387999999999995
	56840	0.32387999999999995
	54135	0.32472
	59007	0.32796
	58462	0.3293
	58220	0.33072
	56393	0.33227999999999996
	57768	0.33312
	57447	0.3336
	56883	0.33455999999999997
	57905	0.33947999999999995
	58230	0.34056
	53770	0.34128
	56891	0.3414
	56761	0.34319999999999995
	59940	0.34379999999999994
	57413	0.34404
	58246	0.34404
	58626	0.34428
	53981	0.34559999999999996
	53856	0.34596
	57169	0.34764
	57047	0.34992
	56307	0.35136
	58543	0.35316
	50779	0.35496
	53972	0.35508
	57540	0.35508
	54503	0.35519999999999996
	54823	0.35531999999999997
	50603	0.35736
	54416	0.35784
	56975	0.3594
	57985	0.35976
	57927	0.36168
	53759	0.36288
	57577	0.36384
	53466	0.36756
	53982	0.36779999999999996
	58559	0.36911999999999995
	54274	0.37056
	57899	0.37163999999999997
	58748	0.3726
	59838	0.37332
	53891	0.37523999999999996
	58544	0.37751999999999997
	56867	0.3786
	56684	0.37956
	55593	0.38064
	54912	0.38123999999999997
	53875	0.3816
	54243	0.38351999999999997
	53778	0.38532
	57420	0.38543999999999995
	54431	0.38952
	58707	0.39168000000000003
	56763	0.3924
	53949	0.39252
	58605	0.39264
	58352	0.39336
	53787	0.39443999999999996
	54510	0.396
	57745	0.39912
	57231	0.4008
	57084	0.40104
	58236	0.40127999999999997
	57037	0.40415999999999996
	54712	0.40584
	57045	0.40632
	58744	0.40752
	58631	0.40847999999999995
	58627	0.41232
	56869	0.41364
	58107	0.41387999999999997
	56116	0.41664
	59137	0.41916
	59658	0.41928
	56964	0.42144
	57049	0.42168
	56882	0.42707999999999996
	53970	0.43044
	56846	0.43188
	53695	0.4326
	52661	0.43428
	54377	0.43548
	56880	0.43584
	58718	0.43907999999999997
	53472	0.44039999999999996
	54261	0.4416
	54501	0.44268
	53810	0.44411999999999996
	54816	0.44448
	58701	0.4482
	56257	0.4488
	57573	0.45096
	53896	0.45288
	57485	0.4536
	58243	0.4536
	54522	0.45576
	58607	0.4572
	59023	0.4602
	57798	0.46031999999999995
	59757	0.46128
	59038	0.46175999999999995
	57349	0.4626
	57507	0.4656
	56643	0.46608
	56004	0.47052
	50749	0.47075999999999996
	53272	0.471
	57126	0.47231999999999996
	54938	0.47363999999999995
	56586	0.47495999999999994
	54851	0.47652
	53871	0.47747999999999996
	57306	0.47867999999999994
	59941	0.47867999999999994
	57816	0.47952
	53965	0.48084
	57079	0.48095999999999994
	53533	0.48107999999999995
	53866	0.48227999999999993
	53547	0.48252
	53976	0.483
	52980	0.48432
	54621	0.48467999999999994
	58509	0.48804
	54494	0.48912
	59063	0.48995999999999995
	51839	0.49127999999999994
	57061	0.49344
	58314	0.49824
	58813	0.49872
	58933	0.5001599999999999
	54172	0.50244
	57132	0.50328
	57910	0.50388
	53857	0.5057999999999999
	56475	0.50652
	57458	0.50724
	54814	0.50784
	55591	0.5082
	56497	0.50952
	54072	0.51168
	58454	0.5131199999999999
	54507	0.51528
	53660	0.51624
	54237	0.51744
	57261	0.51768
	58147	0.5194799999999999
	52869	0.52368
	57072	0.5267999999999999
	53958	0.52704
	57466	0.52728
	58724	0.5311199999999999
	56984	0.53196
	53666	0.53292
	57065	0.53364
	53343	0.53472
	57900	0.53592
	51810	0.53628
	58819	0.5376
	58450	0.53904
	53680	0.53952
	57041	0.5445599999999999
	54855	0.54588
	54590	0.54708
	50928	0.5474399999999999
	50655	0.5484
	58612	0.5517599999999999
	59004	0.5517599999999999
	57377	0.5532
	54738	0.55428
	56178	0.55428
	53463	0.55632
	53865	0.5578799999999999
	54433	0.55848
	57688	0.56136
	52889	0.56256
	57789	0.5633999999999999
	51707	0.56436
	58557	0.56628
	58034	0.5663999999999999
	52855	0.5676
	53861	0.5676
	50862	0.5718
	54601	0.5753999999999999
	58510	0.5766
	58032	0.57756
	54236	0.57792
	53782	0.58524
	54406	0.58524
	53475	0.5887199999999999
	59476	0.58896
	54285	0.5917199999999999
	57425	0.59364
	53590	0.594
	50844	0.59424
	57051	0.5946
	54841	0.59496
	51644	0.59664
	56106	0.59712
	54825	0.5977199999999999
	52447	0.59856
	50853	0.60084
	58508	0.6017999999999999
	55279	0.6037199999999999
	57140	0.60468
	54266	0.6051599999999999
	54521	0.6055200000000001
	54041	0.6076799999999999
	54519	0.6083999999999999
	50756	0.6089999999999999
	50867	0.6097199999999999
	58245	0.6098399999999999
	57911	0.61356
	58555	0.6137999999999999
	54244	0.61656
	53882	0.6184799999999999
	53644	0.6199199999999999
	53774	0.6223199999999999
	57194	0.62376
	58834	0.62544
	53682	0.62616
	54311	0.62988
	53599	0.63132
	54026	0.6316799999999999
	57032	0.6319199999999999
	57969	0.63336
	57156	0.63468
	57517	0.6348
	56985	0.6354
	58449	0.63708
	57179	0.63756
	57913	0.6392399999999999
	57155	0.6426
	53864	0.64404
	58117	0.64572
	57912	0.64728
	53874	0.64824
	59481	0.6513599999999999
	58921	0.65184
	57035	0.6522
	53399	0.65796
	56843	0.65808
	54405	0.66276
	53612	0.66348
	56856	0.66348
	56151	0.6649200000000001
	53651	0.6658799999999999
	56645	0.6689999999999999
	52984	0.66972
	53669	0.6717599999999999
	54829	0.67284
	56263	0.67332
	54607	0.67356
	58936	0.67488
	59031	0.6768
	57317	0.6778799999999999
	54833	0.6781200000000001
	55664	0.67872
	57954	0.67992
	50962	0.67992
	53967	0.6815999999999999
	53596	0.68316
	54432	0.6834
	52557	0.6842400000000001
	56487	0.6842400000000001
	54520	0.68532
	57876	0.6922799999999999
	56961	0.6957599999999999
	57994	0.6971999999999999
	56994	0.69792
	50776	0.69948
	58432	0.702
	56876	0.7029599999999999
	58520	0.70332
	58330	0.7035600000000001
	54234	0.7057199999999999
	57514	0.70884
	56641	0.71388
	53947	0.71484
	53978	0.71532
	54843	0.7167600000000001
	52378	0.71724
	53852	0.72468
	53962	0.7250399999999999
	54821	0.72864
	57245	0.72936
	57137	0.7299599999999999
	58654	0.73464
	57482	0.73812
	59758	0.7384799999999999
	54835	0.73896
	57358	0.7392
	50852	0.73932
	58148	0.73944
	58826	0.73944
	53362	0.74016
	58143	0.7408799999999999
	53573	0.74136
	54943	0.7446
	56034	0.7482000000000001
	51639	0.74964
	58903	0.75108
	54424	0.7517999999999999
	54903	0.75276
	57175	0.75324
	58244	0.756
	53674	0.75792
	53732	0.7581600000000001
	58131	0.7595999999999999
	53966	0.76008
	58565	0.7601999999999999
	53705	0.76308
	53750	0.76332
	57614	0.7644
	58929	0.7663199999999999
	53685	0.76644
	57903	0.76764
	57807	0.7682399999999999
	58935	0.7683599999999999
	58443	0.76872
	54774	0.77124
	57387	0.77184
	53498	0.77196
	57293	0.7728
	56982	0.7729199999999999
	53941	0.7761600000000001
	57315	0.7769999999999999
	56342	0.77856
	58126	0.77892
	56951	0.7802399999999999
	57956	0.7808399999999999
	59315	0.7829999999999999
	53772	0.7832399999999999
	59021	0.7843199999999999
	53975	0.78528
	56483	0.7892399999999999
	53575	0.7903199999999999
	58150	0.7908000000000001
	58419	0.79296
	58224	0.79524
	57232	0.79692
	56585	0.79908
	58562	0.79944
	50632	0.79968
	52203	0.8023199999999999
	57813	0.8055599999999999
	58452	0.80664
	50247	0.8094
	58646	0.80988
	59847	0.81
	57082	0.81036
	54532	0.8109599999999999
	57464	0.81396
	51628	0.8196
	58130	0.8203199999999999
	58109	0.82128
	54830	0.8218799999999999
	58451	0.8238
	57127	0.82788
	54069	0.82824
	53662	0.82836
	57178	0.8288399999999999
	57971	0.83184
	50787	0.83592
	57196	0.83736
	59130	0.83832
	54736	0.84156
	53618	0.8426400000000001
	53850	0.8434799999999999
	51704	0.84396
	56652	0.8454
	53658	0.84648
	57233	0.849
	58421	0.85236
	50767	0.85368
	53663	0.8554799999999999
	53692	0.85596
	52418	0.85644
	56862	0.8594399999999999
	54276	0.86088
	53764	0.86124
	58327	0.86232
	59951	0.86364
	53467	0.8654399999999999
	53786	0.86688
	54408	0.8677199999999999
	52818	0.8682
	54811	0.86832
	52842	0.8735999999999999
	59133	0.8737199999999999
	50431	0.8774399999999999
	51720	0.8794799999999999
	59632	0.8814000000000001
	57981	0.8834399999999999
	51629	0.88464
	53619	0.88764
	58751	0.888
	57197	0.8886000000000001
	54452	0.89124
	53754	0.89172
	53464	0.8927999999999999
	58923	0.89352
	53397	0.8944799999999999
	57922	0.8952
	53869	0.897
	57439	0.89712
	57402	0.8982
	58458	0.89964
	56595	0.9015599999999999
	57582	0.90228
	57188	0.90324
	59280	0.9039599999999999
	56575	0.9062399999999999
	56046	0.9096
	58234	0.91044
	53553	0.91056
	54764	0.91152
	58254	0.91152
	50673	0.9135599999999999
	58512	0.91824
	57251	0.9192
	53505	0.9269999999999999
	56071	0.9269999999999999
	59287	0.9271199999999999
	57027	0.9299999999999999
	59017	0.9352799999999999
	52986	0.93756
	58600	0.9392399999999999
	51711	0.94368
	57808	0.94848
	54273	0.9499199999999999
	57177	0.95052
	53688	0.95172
	53727	0.95184
	58321	0.954
	50755	0.9573599999999999
	56374	0.9598800000000001
	57564	0.96156
	57308	0.9620399999999999
	53888	0.96384
	56646	0.96516
	50566	0.9652799999999999
	59093	0.966
	58531	0.9670799999999999
	59027	0.96756
	53877	0.97224
	53562	0.97512
	56958	0.97632
	50788	0.9767999999999999
	57840	0.9785999999999999
	53577	0.9798
	53378	0.9803999999999999
	59843	0.9815999999999999
	54836	0.99024
	57842	0.9908399999999999
	54290	0.9925199999999998
	58108	0.9938400000000001
	58359	0.99396
	53757	0.9949199999999999
	55680	0.9949199999999999
	50963	0.99576
	51730	0.9965999999999999
	57926	0.99864
	50557	0.9998400000000001
	58125	1.00128
	59230	1.00284
	57814	1.005
	56498	1.0055999999999998
	59945	1.00656
	53677	1.0076399999999999
	52957	1.00932
	53723	1.00932
	53694	1.0102799999999998
	54169	1.01328
	57799	1.0142399999999998
	53775	1.0151999999999999
	56742	1.01616
	53368	1.01832
	57020	1.0218
	56489	1.02204
	58435	1.0262399999999998
	58446	1.02708
	51709	1.0272
	54766	1.0275599999999998
	53748	1.03008
	58418	1.0322399999999998
	54371	1.03572
	52985	1.03608
	53756	1.0389599999999999
	51814	1.03908
	57074	1.03932
	54515	1.03968
	58346	1.0404
	58502	1.0431599999999999
	54327	1.04328
	57189	1.04412
	58713	1.04412
	53564	1.04532
	58828	1.0458
	57355	1.05168
	58240	1.0522799999999999
	54142	1.0554
	53678	1.05696
	57993	1.05744
	59312	1.05816
	50859	1.06056
	53777	1.0695599999999998
	56671	1.07208
	54318	1.07268
	53687	1.07412
	56462	1.0755599999999998
	54812	1.07568
	58212	1.07664
	53780	1.0771199999999999
	52833	1.07796
	57134	1.07868
	57034	1.07964
	57409	1.08732
	53615	1.08744
	54436	1.08816
	57932	1.08852
	52825	1.089
	54428	1.09188
	57769	1.0975199999999998
	50774	1.09836
	53676	1.09896
	54945	1.09992
	53880	1.10064
	56835	1.1011199999999999
	58667	1.10436
	53499	1.10532
	54401	1.1106
	59092	1.11228
	56764	1.1141999999999999
	58118	1.11528
	54249	1.11636
	58946	1.12068
	51334	1.1214
	52943	1.1217599999999999
	51705	1.125
	53679	1.1254799999999998
	53522	1.1256
	53806	1.1267999999999998
	50851	1.1267999999999998
	53690	1.12692
	54301	1.12848
	52853	1.1290799999999999
	57154	1.134
	58942	1.1348399999999998
	56885	1.13688
	54497	1.13712
	58836	1.1397599999999999
	56109	1.14192
	57313	1.14312
	57545	1.146
	56970	1.14624
	57781	1.14852
	56152	1.1496
	56792	1.15464
	57714	1.15512
	52112	1.15872
	57806	1.15872
	56146	1.15968
	55493	1.16124
	58223	1.16232
	57070	1.1646
	58423	1.1676
	54861	1.1712
	53488	1.173
	55598	1.17396
	54425	1.17768
	54810	1.1802
	56033	1.1807999999999998
	56543	1.1807999999999998
	57368	1.1810399999999999
	56095	1.1823599999999999
	57829	1.1847599999999998
	58132	1.188
	56548	1.1883599999999999
	55681	1.1892
	54759	1.1898
	56276	1.19364
	51815	1.19376
	53968	1.1976
	56357	1.19772
	53481	1.19844
	58145	1.19892
	52836	1.2003599999999999
	51053	1.20204
	53582	1.20252
	56775	1.20264
	56128	1.20444
	58457	1.20444
	53480	1.20528
	57590	1.20756
	59090	1.21188
	56441	1.2121199999999999
	58140	1.21308
	54852	1.21392
	54729	1.2144
	53585	1.21716
	52533	1.2186000000000001
	56991	1.2198
	53760	1.21992
	57378	1.22364
	54386	1.22484
	54049	1.22772
	58644	1.23132
	58453	1.2320399999999998
	56849	1.23288
	58704	1.23504
	57320	1.23684
	58608	1.2402
	50861	1.2426000000000001
	58340	1.24356
	50953	1.24884
	59091	1.2496800000000001
	56838	1.2498
	57128	1.25148
	58448	1.2515999999999998
	57071	1.25172
	56389	1.2528
	58135	1.2546000000000002
	54419	1.2576
	58742	1.2582
	57024	1.26012
	57643	1.26552
	57923	1.2672
	58568	1.26984
	56767	1.2708
	53753	1.2768
	56578	1.27692
	57063	1.28604
	53776	1.2905999999999997
	56029	1.2952799999999998
	53083	1.30128
	54611	1.30308
	50945	1.3042799999999999
	54012	1.30812
	56021	1.31364
	58519	1.31616
	57647	1.31736
	51627	1.3188
	56480	1.3219199999999998
	50136	1.3220399999999999
	55589	1.3245599999999997
	57818	1.32756
	58614	1.32768
	57896	1.3312799999999998
	56973	1.3337999999999999
	50858	1.33752
	51656	1.3408799999999998
	50739	1.34292
	56571	1.35036
	58235	1.3579199999999998
	56038	1.3581599999999998
	57800	1.35948
	54156	1.36392
	57307	1.3644
	53872	1.36512
	56074	1.3681199999999998
	58436	1.3719599999999998
	58944	1.37268
	58534	1.3750799999999999
	53529	1.3753199999999999
	58441	1.3806
	58537	1.3845599999999998
	57957	1.38648
	54304	1.38852
	54099	1.39932
	55690	1.4043599999999998
	59954	1.4044800000000002
	53664	1.4046
	57119	1.40532
	52988	1.4090399999999998
	54857	1.41156
	58104	1.42464
	50742	1.42488
	53646	1.4254799999999999
	57894	1.4258399999999998
	58045	1.4260799999999998
	58652	1.4335200000000001
	57408	1.43868
	58752	1.4457600000000002
	59849	1.4496
	57635	1.45332
	56164	1.45368
	53565	1.46028
	50468	1.46328
	54171	1.464
	58642	1.4647199999999998
	57023	1.46796
	53740	1.4682
	56080	1.47228
	57827	1.47228
	57216	1.47576
	56494	1.47624
	53490	1.47744
	53665	1.4778
	57031	1.4796
	56297	1.4823600000000001
	53924	1.4865599999999999
	53944	1.49268
	53567	1.4957999999999998
	53681	1.49652
	57016	1.4976
	56745	1.50024
	58824	1.50408
	58932	1.5053999999999998
	56043	1.50672
	56665	1.50876
	56168	1.5108
	54765	1.51164
	58911	1.51224
	58409	1.5145199999999999
	53854	1.515
	58047	1.5205199999999999
	58428	1.52136
	56192	1.52328
	57309	1.52412
	58456	1.52412
	53841	1.53084
	58529	1.53324
	51818	1.54248
	50745	1.54824
	57217	1.55004
	57026	1.55052
	58139	1.55352
	57213	1.55484
	53578	1.55508
	51811	1.55616
	57292	1.55712
	57543	1.55724
	58750	1.56744
	58609	1.57008
	53945	1.57116
	59848	1.57236
	57483	1.5735599999999998
	58141	1.57476
	56995	1.57488
	54863	1.57728
	54846	1.5923999999999998
	56094	1.59948
	56675	1.6052399999999998
	54094	1.60836
	53751	1.60884
	53860	1.61124
	53942	1.6119599999999998
	57030	1.6166399999999999
	53484	1.6206
	57303	1.62096
	52998	1.6224
	59015	1.623
	56185	1.62312
	58417	1.62648
	54844	1.6292399999999998
	56952	1.62996
	56766	1.63752
	57110	1.63788
	54493	1.6406399999999999
	56839	1.64532
	57694	1.64604
	57242	1.64664
	57318	1.64904
	57111	1.64952
	54737	1.65276
	56376	1.6534799999999998
	54263	1.65408
	58129	1.6552799999999999
	56778	1.6672799999999999
	57525	1.6745999999999999
	57914	1.6796399999999998
	58710	1.67976
	53738	1.6899600000000001
	50514	1.6944
	53478	1.7041199999999999
	52633	1.7095200000000002
	58038	1.71048
	52983	1.71084
	58837	1.71816
	56091	1.72224
	50659	1.72236
	53767	1.7268000000000001
	50842	1.73388
	58665	1.73424
	58620	1.7398799999999999
	53821	1.74168
	58941	1.75524
	58048	1.75728
	54777	1.75884
	52737	1.7668799999999998
	53832	1.76784
	57537	1.77252
	54305	1.77552
	52707	1.7767199999999999
	53487	1.7794800000000002
	56147	1.78008
	52866	1.7835599999999998
	58715	1.7840399999999998
	56251	1.78752
	50639	1.7928
	56565	1.7935199999999998
	53588	1.7988000000000002
	57022	1.79952
	58760	1.8008399999999998
	54410	1.8144
	50445	1.8168
	53576	1.82964
	57407	1.8339599999999998
	58806	1.8354
	57003	1.83672
	58242	1.83768
	54284	1.84104
	53735	1.8465599999999998
	57021	1.8467999999999998
	52955	1.84692
	50964	1.85232
	51572	1.8555599999999999
	56202	1.8673199999999999
	56381	1.86972
	56183	1.87896
	57206	1.88184
	53725	1.88436
	58747	1.8850799999999999
	54157	1.88916
	56490	1.88916
	50656	1.8903599999999998
	57290	1.8953999999999998
	56691	1.89912
	51708	1.9015199999999999
	58822	1.9046399999999999
	56386	1.9047599999999998
	50646	1.91112
	50564	1.9112399999999998
	56473	1.9119599999999999
	58706	1.9122
	56171	1.9208399999999999
	53829	1.9220399999999997
	51717	1.92228
	53486	1.92576
	50750	1.9313999999999998
	56567	1.93428
	56016	1.9356
	58127	1.9357199999999999
	57314	1.9390799999999997
	59854	1.9399199999999999
	58501	1.9559999999999997
	56485	1.95648
	56273	1.9596
	56382	1.9639199999999999
	54374	1.974
	54853	1.97844
	52995	1.97952
	56387	1.9816799999999999
	57238	2.00724
	58222	2.0085599999999997
	58712	2.01204
	50658	2.0152799999999997
	58845	2.01864
	56081	2.01972
	58616	2.02704
	58221	2.02884
	57707	2.03484
	54181	2.0351999999999997
	50772	2.0442
	57187	2.0448
	56992	2.06376
	53673	2.0658
	57025	2.06748
	53659	2.0766
	56569	2.0784
	54165	2.09244
	53908	2.10072
	56067	2.10792
	53938	2.11872
	56288	2.12112
	58464	2.12952
	56582	2.13876
	56378	2.14536
	58146	2.15556
	57007	2.157
	58848	2.1609599999999998
	58437	2.16996
	56172	2.17188
	53579	2.18004
	58938	2.18148
	53903	2.1822
	56836	2.1830399999999996
	58250	2.18784
	54192	2.19528
	50758	2.20068
	50838	2.2032
	54776	2.21304
	56284	2.21544
	58746	2.22444
	56180	2.2332
	57460	2.24124
	58225	2.24268
	56331	2.24952
	53584	2.25624
	54154	2.2617599999999998
	56886	2.2632
	58138	2.2704
	54292	2.28084
	57006	2.29596
	57304	2.2988399999999998
	56670	2.31072
	58114	2.3161199999999997
	57895	2.3184
	58459	2.32416
	50741	2.32752
	56371	2.33136
	53937	2.3358
	58455	2.3369999999999997
	58847	2.34108
	59845	2.343
	57102	2.34384
	57294	2.35116
	57113	2.3538
	58656	2.36136
	58618	2.3882399999999997
	53925	2.39784
	52645	2.40636
	56978	2.40888
	57211	2.41152
	56390	2.41296
	53929	2.44224
	58128	2.4534000000000002
	56082	2.4564
	53934	2.45868
	56987	2.46888
	58934	2.4705600000000003
	53580	2.47608
	54778	2.4798
	58839	2.4804
	58705	2.48244
	58506	2.48352
	56383	2.4948
	58657	2.50824
	56391	2.51232
	56065	2.53668
	50442	2.5393199999999996
	58754	2.5428
	54164	2.5478400000000003
	53848	2.57436
	58940	2.5763999999999996
	59842	2.58276
	58714	2.58816
	58660	2.62356
	58749	2.63232
	53574	2.6382
	56384	2.6431199999999997
	58844	2.6576400000000002
	53845	2.6712
	53914	2.6778
	51468	2.68692
	53926	2.6968799999999997
	53068	2.6978400000000002
	57401	2.7036000000000002
	53817	2.71572
	57805	2.72784
	53906	2.74992
	52993	2.7517199999999997
	58527	2.7636
	56474	2.76936
	52996	2.77044
	57008	2.7736799999999997
	56096	2.7751200000000003
	58931	2.7784799999999996
	57475	2.7824400000000002
	53930	2.7842399999999996
	58049	2.8049999999999997
	56281	2.8188
	59218	2.83404
	56184	2.8506
	53923	2.8688399999999996
	57828	2.8781999999999996
	57124	2.892
	56092	2.89908
	53928	2.9208000000000003
	52754	2.93412
	57105	2.95728
	56289	2.96568
	56373	2.9814000000000003
	57028	2.98992
	56285	3.0917999999999997
	58622	3.09216
	53935	3.102
	56093	3.14676
	57014	3.1575599999999997
	53917	3.17484
	56187	3.22308
	53931	3.22812
	56182	3.29652
	57011	3.31092
	56580	3.31716
	56272	3.3185999999999996
	56651	3.3215999999999997
	53910	3.35748
	57012	3.4422
	56279	3.4478400000000002
	56286	3.4812
	56144	3.49524
	56298	3.4968
	57001	3.50964
	58619	3.5298
	57106	3.5475600000000003
	56385	3.54984
	57583	3.5569200000000003
	56079	3.59088
	57004	3.60288
	56380	3.62004
	57002	3.63396
	53915	3.69324
	56278	3.69828
	58658	3.7439999999999998
	53927	3.75204
	50647	3.7635599999999996
	56188	3.77112
	56173	3.7824
	56654	3.78336
	56193	3.80976
	56181	3.8888399999999996
	54871	3.8950799999999997
	56287	3.95592
	56190	4.04592
	56196	4.05264
	57208	4.0626
	53916	4.11168
	56199	4.1628
	56194	4.257479999999999
	56290	4.28136
	50548	4.29
	57204	4.39692
	56197	4.51812
	56280	4.52028
	56296	4.53444
	56195	4.69176
	56186	4.8726
	58659	4.925039999999999
	56189	4.92528
	56198	5.04108
	56295	5.05608
	56291	5.331119999999999
