	52784	-2.0530631
	52656	-1.79354617
	57004	-1.56010286
	56976	-1.5019449999999999
	56390	-1.4715854
	56584	-1.4159974
	56257	-1.4027418
	56493	-1.3955795
	56592	-1.390769
	59249	-1.3714256999999999
	56443	-1.3557058
	53908	-1.3434479599999998
	59254	-1.3311152999999998
	59001	-1.3170648
	56944	-1.3012937
	56462	-1.2820517
	59246	-1.2588278999999998
	56459	-1.2484851
	56394	-1.2438884
	59441	-1.2301455000000001
	52679	-1.20191885
	59276	-1.2001065
	56399	-1.1905453
	56838	-1.1905453
	56382	-1.1810312
	59242	-1.1784978
	59626	-1.1630907
	57020	-1.15896303
	56396	-1.1585822000000001
	59476	-1.1499123
	59631	-1.1441952
	56593	-1.1353849
	56384	-1.1350642
	56485	-1.1349573
	59255	-1.1251058999999999
	59230	-1.12404
	59431	-1.1193888
	52674	-1.1125369799999998
	59241	-1.1097957
	56594	-1.0694275999999998
	57805	-1.0646171
	59473	-1.0623147
	59004	-1.0517526
	57027	-1.050448
	56395	-1.0502925
	58438	-1.0470855
	59635	-1.0457447999999998
	52447	-1.0393807800000001
	59271	-1.0337292
	56835	-1.0313712
	59280	-1.0282059
	59238	-1.0280121
	56247	-1.0269883
	56491	-1.0218570999999999
	59235	-1.0215198
	56843	-1.0179018
	59435	-1.0128956999999998
	59294	-1.0068879
	57604	-0.9974839
	52557	-0.98451363
	56984	-0.9836938
	56473	-0.9801661
	59007	-0.9746073
	56492	-0.9654138999999999
	59023	-0.9572750999999999
	56489	-0.9544032
	59285	-0.9457439999999999
	59044	-0.9433215
	52993	-0.93433598
	56674	-0.9306714
	56849	-0.9199814
	56856	-0.9194469
	59033	-0.9179337
	59838	-0.9144
	59284	-0.9130887
	59065	-0.9129918
	59487	-0.9039801
	56386	-0.9039463999999999
	52643	-0.90385423
	59480	-0.9006854999999999
	59478	-0.900201
	59469	-0.898263
	56357	-0.8974255
	56880	-0.8955013
	56992	-0.8945392
	53937	-0.89438144
	59228	-0.8890575
	56842	-0.8769007
	57907	-0.8747627
	56846	-0.8732660999999999
	56839	-0.8690969999999999
	56788	-0.8681349
	59264	-0.8594061
	59266	-0.8543673
	57803	-0.8523137
	56147	-0.8522067999999999
	57707	-0.8470755999999999
	59012	-0.8455494
	57016	-0.84429758
	59288	-0.8403168
	52546	-0.83641922
	56844	-0.8363856
	57026	-0.82985392
	53925	-0.82957255
	52533	-0.82947876
	57800	-0.8184263999999999
	56950	-0.8179987999999999
	56441	-0.8168229
	56985	-0.8163953
	59270	-0.8161887
	54701	-0.81559784
	57909	-0.8112640999999999
	59485	-0.8090181
	53856	-0.80321756
	59462	-0.8005878000000001
	59017	-0.7985529
	59059	-0.7975839
	57032	-0.79571436
	59653	-0.7940955
	59064	-0.7895411999999999
	56684	-0.7791941
	59015	-0.7782039000000001
	52681	-0.77695636
	59421	-0.7740372
	56840	-0.7731007999999999
	52661	-0.7699221099999999
	59278	-0.7685139
	56383	-0.7665798999999999
	59429	-0.7665759
	56885	-0.7639074
	59268	-0.7621184999999999
	59941	-0.7596
	59287	-0.758727
	59453	-0.7565952
	56889	-0.7532173999999999
	56836	-0.7514000999999999
	59279	-0.7470021
	59269	-0.745161
	56666	-0.7433826
	56669	-0.7418859999999999
	59046	-0.7416725999999999
	52436	-0.73540739
	59022	-0.7345988999999999
	56297	-0.7340823
	57908	-0.7339754
	56693	-0.7286303999999999
	56867	-0.7249958
	52652	-0.72302711
	56872	-0.7229647
	59229	-0.7207422
	56487	-0.7137712999999999
	56841	-0.7106712
	59031	-0.7100832
	57927	-0.7098894
	56946	-0.709816
	56389	-0.7094952999999999
	56752	-0.7089608
	56951	-0.7046848
	53692	-0.7023933099999999
	56565	-0.6963465999999999
	59481	-0.6955482
	56497	-0.6903602
	59256	-0.6903156
	57132	-0.68907513
	56371	-0.6822358
	56778	-0.6819151
	56381	-0.6779598
	56978	-0.6762494
	59237	-0.6746178
	54512	-0.6735059899999999
	56994	-0.6682319
	59632	-0.6682224
	56739	-0.6672697999999999
	56378	-0.6650248999999999
	58259	-0.6620316999999999
	57175	-0.66140708
	56496	-0.6593592
	59034	-0.6532029
	56757	-0.6521969
	56598	-0.6513416999999999
	56387	-0.6498451
	56862	-0.6453553
	56991	-0.642469
	56499	-0.6369102
	59471	-0.6319818
	59055	-0.6306252
	56863	-0.6291065
	53927	-0.62764268
	54808	-0.6235159199999999
	56267	-0.6192717
	54716	-0.61816989
	58265	-0.6115749
	59227	-0.6092103
	59297	-0.6090165
	57807	-0.6086886
	56380	-0.6074058
	56948	-0.6066575
	59038	-0.6031055999999999
	58269	-0.6014193999999999
	54499	-0.59500376
	58360	-0.5942570999999999
	59419	-0.5937063
	59940	-0.5909
	56772	-0.5901949
	59058	-0.5890550999999999
	56480	-0.5886982999999999
	56761	-0.5866671999999999
	58369	-0.5847
	56745	-0.574053
	56665	-0.5712735999999999
	59451	-0.5692875000000001
	59426	-0.5636673
	57113	-0.56217726
	56886	-0.5604766999999999
	56870	-0.5545972
	57916	-0.5504281
	58366	-0.5501
	56987	-0.5490383999999999
	54708	-0.54454474
	54807	-0.543982
	59093	-0.5431245
	59094	-0.5418648
	57708	-0.5346069
	54833	-0.53413405
	59673	-0.5313996
	59087	-0.528105
	59209	-0.5279111999999999
	56675	-0.5271239
	57029	-0.5270998
	59041	-0.5263608
	59427	-0.5254887
	58543	-0.5239383
	56854	-0.5233823999999999
	59417	-0.5231631
	57197	-0.52175377
	56595	-0.5178235999999999
	54901	-0.51697048
	56763	-0.5148303999999999
	59475	-0.5148297
	56989	-0.5125854999999999
	57034	-0.5111555
	59211	-0.509694
	59425	-0.507756
	56569	-0.5061715
	56881	-0.5025369
	53994	-0.50252682
	59324	-0.49816289999999996
	53682	-0.49783732
	59470	-0.4907984999999999
	56973	-0.48981579999999997
	56882	-0.487464
	56281	-0.48714329999999995
	56982	-0.48329489999999997
	56986	-0.48137069999999993
	58377	-0.47698779999999996
	56393	-0.4750636
	54900	-0.47251402
	54636	-0.47110716999999996
	53992	-0.47054443
	56871	-0.4676875
	57038	-0.46435428999999995
	59099	-0.463182
	57508	-0.45849409999999996
	58530	-0.4580665
	54902	-0.45760141
	56975	-0.45646299999999995
	54830	-0.45628834999999995
	54903	-0.45610077
	59265	-0.4553331
	53680	-0.45394359999999995
	54812	-0.45309948999999994
	59452	-0.4425423
	59097	-0.43973219999999996
	57809	-0.43914519999999996
	54810	-0.43753035
	54715	-0.43631107999999996
	54806	-0.43434149
	57906	-0.4315553
	59096	-0.4314957
	54718	-0.43134020999999995
	57605	-0.4309139
	54624	-0.43087126
	53934	-0.42937062
	56873	-0.42460679999999995
	54814	-0.42289911
	53993	-0.41980404
	57127	-0.41605243999999997
	59025	-0.4152165
	59318	-0.4142475
	59088	-0.41095289999999995
	54817	-0.40976851
	59224	-0.4049451
	56691	-0.4048303
	59205	-0.40365439999999997
	59655	-0.4018443
	56190	-0.40023359999999997
	58520	-0.39937839999999997
	56777	-0.39873699999999995
	57517	-0.39873699999999995
	56755	-0.39681279999999997
	57988	-0.3960303
	59845	-0.3948
	56898	-0.39339199999999996
	54711	-0.39241736
	57806	-0.3920023
	54805	-0.38622722
	56195	-0.38601589999999997
	54815	-0.38557069
	59317	-0.3851775
	54811	-0.38144393
	58367	-0.3791
	59102	-0.37791
	57989	-0.37723169999999995
	54829	-0.3760979
	59847	-0.3755
	52896	-0.37478484
	54818	-0.3742221
	59659	-0.37384019999999996
	57995	-0.37384019999999996
	58454	-0.3688014
	57071	-0.36878227999999996
	54824	-0.36850091
	56746	-0.3684843
	53995	-0.36756301
	58356	-0.36495659999999996
	58542	-0.3601773
	57600	-0.3598254
	54714	-0.35461999
	58448	-0.3537819
	54607	-0.35321314
	56790	-0.35244929999999997
	54597	-0.34964912
	56878	-0.34924229999999995
	58463	-0.3489
	54732	-0.34814848
	52446	-0.34374035
	54519	-0.34073907
	58472	-0.3405066
	54821	-0.33820673999999995
	56883	-0.33641429999999994
	54502	-0.33539304
	54505	-0.33539304
	57902	-0.33534529999999996
	59488	-0.33382049999999996
	56748	-0.3304279
	59654	-0.32994450000000003
	57119	-0.32976564
	53989	-0.32929669
	53985	-0.32901532
	54712	-0.32873394999999994
	58918	-0.32849100000000003
	59289	-0.3281034
	54707	-0.32751468
	57021	-0.32751468
	59663	-0.3242274
	54717	-0.32404445
	57176	-0.32151211999999996
	53690	-0.32141833
	59493	-0.3205452
	54596	-0.3170102
	54834	-0.31522819
	56876	-0.3150343
	56962	-0.31428599999999995
	59213	-0.3102738
	57086	-0.30781877999999996
	56751	-0.3076582
	59218	-0.3075606
	59316	-0.3064947
	54803	-0.30547402999999995
	57507	-0.3044512
	54611	-0.30434855
	56649	-0.2963268
	54822	-0.2945006
	56197	-0.2923715
	57958	-0.2901186
	53983	-0.29009247
	53750	-0.2898111
	54911	-0.2879353
	53998	-0.28690361
	54819	-0.2851216
	59842	-0.2846
	54433	-0.2823079
	53782	-0.28118242
	56891	-0.2807194
	58523	-0.27740549999999997
	54724	-0.27555502
	54816	-0.27461712
	53848	-0.27452333
	54827	-0.27367922
	57030	-0.271991
	53696	-0.27142826
	56851	-0.27109839999999996
	59658	-0.2707386
	59640	-0.2681223
	56697	-0.2678914
	57035	-0.262612
	57156	-0.25867281999999997
	53596	-0.25773492
	54602	-0.25670323
	59293	-0.2555253
	54513	-0.25520259
	58544	-0.25504079999999996
	54506	-0.25370195
	58446	-0.2525214
	54910	-0.24638633
	54621	-0.2401024
	58531	-0.23988359999999997
	54398	-0.23691353999999998
	54823	-0.23663217
	54843	-0.23588185
	54825	-0.23569427
	54503	-0.23560047999999997
	54912	-0.23522532000000002
	58268	-0.2350731
	57110	-0.23494394999999998
	59456	-0.23420729999999998
	59027	-0.2334321
	54753	-0.23222403999999996
	54628	-0.23128614
	56764	-0.2297281
	54518	-0.22941034
	58449	-0.2289747
	56756	-0.2272694
	53991	-0.22650284999999998
	54515	-0.22631526999999999
	54904	-0.22528357999999998
	57408	-0.2243831
	53899	-0.22171955999999998
	56376	-0.2205347
	54737	-0.22012512999999997
	56977	-0.2193588
	54921	-0.21899965
	57024	-0.21843690999999998
	53866	-0.21815553999999998
	53806	-0.21787417
	54725	-0.21674869
	56768	-0.2135862
	54751	-0.21318467
	54706	-0.21299709
	54802	-0.2129033
	57022	-0.21140266
	59057	-0.2064939
	59319	-0.20620319999999998
	56959	-0.20524799999999999
	56782	-0.20514109999999997
	54738	-0.20483736
	56290	-0.20097199999999998
	58362	-0.2005
	53944	-0.20014785999999998
	54809	-0.19836584999999998
	59215	-0.1980636
	57033	-0.19799069
	56582	-0.1961615
	56298	-0.19594769999999997
	57083	-0.19592731
	57614	-0.19584079999999998
	54709	-0.19442667
	53688	-0.19142539
	54617	-0.18898685
	54616	-0.18861169
	56391	-0.18803709999999998
	54804	-0.18786137
	56091	-0.18692347
	54905	-0.18542282999999998
	59037	-0.1818813
	56767	-0.1784161
	57905	-0.1775609
	57606	-0.1765988
	53974	-0.17641898999999997
	53777	-0.17529351
	54719	-0.17435561
	56954	-0.1732849
	58456	-0.1706409
	59644	-0.17005949999999997
	54627	-0.16900958
	54828	-0.16807168
	54399	-0.16779031
	53832	-0.16769652
	57006	-0.16732136
	56664	-0.1633432
	57253	-0.1627018
	54511	-0.16009953
	56875	-0.1576775
	58352	-0.15746369999999998
	53997	-0.15719204
	57134	-0.15550382
	56095	-0.15531624
	54605	-0.15494108
	57298	-0.1547535
	53599	-0.15419075999999998
	57900	-0.1508359
	54416	-0.14987641999999998
	53674	-0.14950125999999997
	56670	-0.1494462
	56766	-0.1474151
	54800	-0.1472503
	53931	-0.14434281
	54727	-0.14340491
	59856	-0.1427
	54918	-0.14237322
	53666	-0.14199806
	56792	-0.13971830000000002
	58365	-0.1368
	56879	-0.1360837
	54914	-0.13327559
	57910	-0.13298359999999998
	54835	-0.12877367
	59848	-0.1287
	58555	-0.12752039999999998
	54594	-0.12708545000000002
	58462	-0.1232
	58451	-0.1218033
	54723	-0.11704991999999999
	56596	-0.11694859999999999
	59304	-0.1166676
	54604	-0.11639339
	53693	-0.11545549
	54820	-0.11526790999999999
	59477	-0.1137606
	53695	-0.11273558
	54730	-0.11273558
	58459	-0.11250089999999999
	56793	-0.1116036
	56478	-0.11128289999999999
	54831	-0.11067219999999998
	57085	-0.10889018999999998
	54841	-0.10626406999999999
	57031	-0.10626406999999999
	54752	-0.10513859
	58455	-0.1042644
	53898	-0.10110562000000001
	56688	-0.10080669999999999
	56251	-0.0999515
	56995	-0.09984459999999999
	57814	-0.0993101
	53896	-0.09810434
	59082	-0.0979659
	56785	-0.0965307
	54713	-0.09463411
	59045	-0.09321779999999999
	58353	-0.0922547
	54514	-0.09219556999999999
	54644	-0.08994461
	57039	-0.08966324
	59047	-0.0894387
	54726	-0.08900670999999999
	54916	-0.08872534
	53392	-0.08835018
	54507	-0.08806881
	59650	-0.0855627
	53893	-0.08234762
	57091	-0.08159729999999998
	58550	-0.0787797
	58458	-0.0776169
	54601	-0.07475062999999998
	54913	-0.07446926
	54419	-0.07249966999999999
	54722	-0.07184314
	54615	-0.07174934999999999
	54837	-0.07165556
	53986	-0.06987354999999999
	53868	-0.06968597
	59954	-0.068
	53691	-0.06734122
	53979	-0.06630952999999999
	58361	-0.0658
	58457	-0.0647292
	56671	-0.0638193
	57808	-0.0634986
	58464	-0.0634695
	59754	-0.06279119999999999
	57257	-0.0614675
	59945	-0.0603
	58460	-0.0587
	58557	-0.0556206
	57090	-0.05552368
	57065	-0.05496094
	54618	-0.05374166999999999
	57081	-0.053647879999999995
	54406	-0.0525224
	54915	-0.05186587
	57714	-0.050777499999999996
	59454	-0.0502911
	58461	-0.0496
	57256	-0.049173999999999995
	54631	-0.04914596
	59449	-0.04777169999999999
	59446	-0.047093399999999994
	59757	-0.047
	53872	-0.046895
	57949	-0.0437019
	58559	-0.0435081
	58484	-0.0434112
	57048	-0.04145518
	57106	-0.03920422
	56084	-0.03864148
	58264	-0.0379495
	53980	-0.03770358
	59290	-0.037209599999999995
	54801	-0.03545262
	58562	-0.0345933
	53687	-0.033483030000000004
	54710	-0.03207618
	57012	-0.031138279999999997
	54603	-0.029168689999999997
	57077	-0.029168689999999997
	53699	-0.028699739999999998
	59758	-0.0284
	57111	-0.02832458
	53966	-0.02673015
	54613	-0.02447919
	58652	-0.0244188
	58450	-0.0217056
	59303	-0.0215118
	56952	-0.0214869
	53954	-0.021102749999999997
	54700	-0.02100896
	58905	-0.0199614
	54908	-0.018476629999999997
	54620	-0.0178201
	57094	-0.01650704
	53857	-0.016319459999999997
	56580	-0.0112245
	57093	-0.00881626
	57259	-0.005558799999999999
	53763	-0.00412676
	59310	-5.813999999999999E-4
	50136	0.0
	50246	0.0
	50247	0.0
	50349	0.0
	50353	0.0
	50425	0.0
	50431	0.0
	50434	0.0
	50442	0.0
	50445	0.0
	50468	0.0
	50514	0.0
	50524	0.0
	50525	0.0
	50526	0.0
	50527	0.0
	50548	0.0
	50557	0.0
	50564	0.0
	50566	0.0
	50603	0.0
	50618	0.0
	50632	0.0
	50639	0.0
	50646	0.0
	50647	0.0
	50655	0.0
	50656	0.0
	50658	0.0
	50659	0.0
	50673	0.0
	50674	0.0
	50727	0.0
	50739	0.0
	50741	0.0
	50742	0.0
	50745	0.0
	50749	0.0
	50750	0.0
	50755	0.0
	50756	0.0
	50758	0.0
	50767	0.0
	50772	0.0
	50774	0.0
	50775	0.0
	50776	0.0
	50778	0.0
	50779	0.0
	50787	0.0
	50788	0.0
	50832	0.0
	50833	0.0
	50834	0.0
	50838	0.0
	50842	0.0
	50844	0.0
	50851	0.0
	50852	0.0
	50853	0.0
	50854	0.0
	50858	0.0
	50859	0.0
	50861	0.0
	50862	0.0
	50867	0.0
	50871	0.0
	50873	0.0
	50877	0.0
	50878	0.0
	50879	0.0
	50880	0.0
	50884	0.0
	50888	0.0
	50892	0.0
	50913	0.0
	50915	0.0
	50928	0.0
	50934	0.0
	50936	0.0
	50937	0.0
	50939	0.0
	50940	0.0
	50945	0.0
	50946	0.0
	50948	0.0
	50950	0.0
	50953	0.0
	50954	0.0
	50955	0.0
	50956	0.0
	50958	0.0
	50960	0.0
	50962	0.0
	50963	0.0
	50964	0.0
	50965	0.0
	50968	0.0
	50973	0.0
	50978	0.0
	50979	0.0
	50983	0.0
	50985	0.0
	50987	0.0
	51053	0.0
	51058	0.0
	51059	0.0
	51060	0.0
	51068	0.0
	51076	0.0
	51087	0.0
	51133	0.0
	51137	0.0
	51145	0.0
	51156	0.0
	51186	0.0
	51232	0.0
	51238	0.0
	51241	0.0
	51243	0.0
	51288	0.0
	51328	0.0
	51329	0.0
	51330	0.0
	51334	0.0
	51346	0.0
	51352	0.0
	51353	0.0
	51356	0.0
	51357	0.0
	51358	0.0
	51359	0.0
	51365	0.0
	51367	0.0
	51369	0.0
	51377	0.0
	51378	0.0
	51379	0.0
	51430	0.0
	51431	0.0
	51433	0.0
	51434	0.0
	51435	0.0
	51436	0.0
	51437	0.0
	51438	0.0
	51463	0.0
	51465	0.0
	51467	0.0
	51468	0.0
	51469	0.0
	51470	0.0
	51477	0.0
	51482	0.0
	51495	0.0
	51526	0.0
	51542	0.0
	51559	0.0
	51567	0.0
	51568	0.0
	51571	0.0
	51572	0.0
	51573	0.0
	51581	0.0
	51627	0.0
	51628	0.0
	51629	0.0
	51633	0.0
	51636	0.0
	51639	0.0
	51642	0.0
	51644	0.0
	51655	0.0
	51656	0.0
	51704	0.0
	51705	0.0
	51707	0.0
	51708	0.0
	51709	0.0
	51711	0.0
	51716	0.0
	51717	0.0
	51720	0.0
	51722	0.0
	51730	0.0
	51765	0.0
	51777	0.0
	51802	0.0
	51804	0.0
	51810	0.0
	51811	0.0
	51814	0.0
	51815	0.0
	51818	0.0
	51826	0.0
	51827	0.0
	51828	0.0
	51829	0.0
	51839	0.0
	51855	0.0
	51886	0.0
	51931	0.0
	52101	0.0
	52112	0.0
	52203	0.0
	52267	0.0
	52313	0.0
	52378	0.0
	52495	0.0
	52575	0.0
	52576	0.0
	52602	0.0
	52607	0.0
	52633	0.0
	52645	0.0
	52657	0.0
	52707	0.0
	52713	0.0
	52737	0.0
	52745	0.0
	52754	0.0
	52765	0.0
	52818	0.0
	52825	0.0
	52833	0.0
	52836	0.0
	52842	0.0
	52853	0.0
	52855	0.0
	52856	0.0
	52862	0.0
	52863	0.0
	52866	0.0
	52868	0.0
	52869	0.0
	52874	0.0
	52875	0.0
	52876	0.0
	52908	0.0
	52943	0.0
	52955	0.0
	52957	0.0
	52963	0.0
	52968	0.0
	52972	0.0
	52974	0.0
	53068	0.0
	53083	0.0
	53149	0.0
	53192	0.0
	53195	0.0
	53231	0.0
	53272	0.0
	53276	0.0
	53289	0.0
	53324	0.0
	53336	0.0
	53337	0.0
	53343	0.0
	53348	0.0
	53352	0.0
	53357	0.0
	53362	0.0
	53367	0.0
	53368	0.0
	53378	0.0
	53384	0.0
	53385	0.0
	53391	0.0
	53419	0.0
	53420	0.0
	53433	0.0
	53446	0.0
	53455	0.0
	53457	0.0
	53463	0.0
	53464	0.0
	53466	0.0
	53467	0.0
	53469	0.0
	53472	0.0
	53475	0.0
	53480	0.0
	53481	0.0
	53483	0.0
	53484	0.0
	53502	0.0
	53505	0.0
	53512	0.0
	53513	0.0
	53522	0.0
	53529	0.0
	53533	0.0
	53543	0.0
	53545	0.0
	53547	0.0
	53553	0.0
	53562	0.0
	53602	0.0
	53644	0.0
	53730	0.0
	53732	0.0
	54012	0.0
	54024	0.0
	54026	0.0
	54027	0.0
	54031	0.0
	54039	0.0
	54041	0.0
	54047	0.0
	54049	0.0
	54063	0.0
	54064	0.0
	54065	0.0
	54069	0.0
	54072	0.0
	54076	0.0
	54080	0.0
	54092	0.0
	54093	0.0
	54094	0.0
	54096	0.0
	54098	0.0
	54099	0.0
	54102	0.0
	54113	0.0
	54115	0.0
	54117	0.0
	54122	0.0
	54132	0.0
	54134	0.0
	54135	0.0
	54142	0.0
	54154	0.0
	54156	0.0
	54157	0.0
	54161	0.0
	54164	0.0
	54165	0.0
	54169	0.0
	54171	0.0
	54172	0.0
	54181	0.0
	54186	0.0
	54187	0.0
	54192	0.0
	54195	0.0
	54204	0.0
	54205	0.0
	54208	0.0
	54213	0.0
	54214	0.0
	54218	0.0
	54223	0.0
	54225	0.0
	54226	0.0
	54231	0.0
	54234	0.0
	54236	0.0
	54237	0.0
	54243	0.0
	54244	0.0
	54248	0.0
	54249	0.0
	54252	0.0
	54254	0.0
	54259	0.0
	54260	0.0
	54261	0.0
	54263	0.0
	54266	0.0
	54267	0.0
	54273	0.0
	54274	0.0
	54276	0.0
	54284	0.0
	54285	0.0
	54286	0.0
	54290	0.0
	54291	0.0
	54292	0.0
	54293	0.0
	54305	0.0
	54313	0.0
	54316	0.0
	54320	0.0
	54321	0.0
	54323	0.0
	54324	0.0
	54325	0.0
	54326	0.0
	54327	0.0
	54328	0.0
	54331	0.0
	54332	0.0
	54333	0.0
	54334	0.0
	54335	0.0
	54336	0.0
	54337	0.0
	54338	0.0
	54339	0.0
	54342	0.0
	54346	0.0
	54347	0.0
	54349	0.0
	54351	0.0
	54353	0.0
	54362	0.0
	54363	0.0
	54365	0.0
	54371	0.0
	54374	0.0
	54377	0.0
	54386	0.0
	54452	0.0
	54453	0.0
	54454	0.0
	54455	0.0
	54470	0.0
	54471	0.0
	54472	0.0
	54474	0.0
	54475	0.0
	54476	0.0
	54483	0.0
	54486	0.0
	54493	0.0
	54494	0.0
	54497	0.0
	54563	0.0
	54568	0.0
	54569	0.0
	54575	0.0
	54579	0.0
	54584	0.0
	54590	0.0
	54660	0.0
	54662	0.0
	55228	0.0
	55248	0.0
	55279	0.0
	55294	0.0
	55299	0.0
	55437	0.0
	55472	0.0
	55493	0.0
	55578	0.0
	55585	0.0
	55589	0.0
	55591	0.0
	55593	0.0
	55598	0.0
	55655	0.0
	55664	0.0
	55680	0.0
	55681	0.0
	55690	0.0
	55696	0.0
	55773	0.0
	56004	0.0
	56016	0.0
	56018	0.0
	56021	0.0
	56029	0.0
	56033	0.0
	56034	0.0
	56043	0.0
	56045	0.0
	56046	0.0
	56065	0.0
	56067	0.0
	56106	0.0
	56109	0.0
	56116	0.0
	56125	0.0
	56128	0.0
	56137	0.0
	56151	0.0
	56202	0.0
	56223	0.0
	56227	0.0
	56228	0.0
	56307	0.0
	56312	0.0
	56317	0.0
	56331	0.0
	56342	0.0
	56434	0.0
	59492	7.752E-4
	57992	9.69E-4
	54612	0.0011254799999999999
	57191	0.00206338
	56775	0.0024587
	54614	0.00347023
	57002	0.0040329699999999994
	57911	0.004169099999999999
	54431	0.0045019199999999995
	57281	0.00525224
	58354	0.0081244
	57162	0.00975416
	56869	0.0099417
	59448	0.011628
	53889	0.01256786
	59075	0.013662899999999999
	56774	0.014752199999999998
	53694	0.01706978
	57213	0.01706978
	54622	0.019039369999999996
	58565	0.0256785
	57070	0.02579225
	58620	0.0279072
	58452	0.0293607
	54836	0.0309507
	56961	0.0319631
	59500	0.0326553
	54610	0.03395198
	54832	0.03488988
	57041	0.03498367
	54510	0.0356402
	54906	0.03714084
	54909	0.037516
	57078	0.0393918
	59851	0.0406
	54729	0.041267599999999995
	53698	0.042299289999999996
	59843	0.0428
	56475	0.04286689999999999
	54728	0.04333098
	54645	0.04473783
	57128	0.04623847
	53773	0.046613629999999996
	58666	0.049709699999999996
	57042	0.05102175999999999
	53874	0.051115549999999996
	54619	0.0515845
	57296	0.052897559999999996
	53871	0.05374166999999999
	53958	0.05458578
	52424	0.05467957
	56742	0.0549466
	59501	0.055329899999999994
	56996	0.0553742
	56969	0.0556949
	57087	0.05608642
	58527	0.059496600000000004
	57028	0.059931809999999995
	58251	0.0632848
	56295	0.06777459999999999
	57903	0.0695919
	59656	0.0760665
	58567	0.0761634
	53950	0.0769078
	57996	0.0771324
	59021	0.0793611
	57723	0.08177849999999999
	53754	0.08197246
	58644	0.08323710000000001
	53759	0.0834731
	54530	0.08375447
	57271	0.08469237
	54626	0.08591164
	56654	0.0861614
	54623	0.08788123
	57173	0.08806881
	56186	0.0881925
	59116	0.09098909999999999
	53945	0.09247694
	54632	0.09247694
	52885	0.09257072999999999
	57857	0.094
	57994	0.0944775
	53941	0.09575958999999999
	53996	0.10110562000000001
	57075	0.10251247
	56490	0.1034792
	54920	0.10466964
	58224	0.10551029999999999
	57040	0.10654544
	53978	0.10823366
	57261	0.10926535
	58928	0.11095050000000001
	58556	0.11230709999999999
	57926	0.1151313
	58658	0.1202529
	56494	0.120797
	53988	0.12089530999999998
	56652	0.12646269999999998
	53788	0.12652270999999998
	52418	0.12830472
	58570	0.1293615
	57124	0.13018052
	53770	0.13083705
	56970	0.1344802
	54844	0.13571413
	58660	0.13759799999999997
	58435	0.13779409999999997
	56964	0.13832859999999997
	54517	0.1388092
	54311	0.14096636999999998
	57361	0.1414287
	56786	0.1431391
	54736	0.14640619
	58443	0.14690040000000001
	54606	0.14762546000000001
	57722	0.1501945
	56781	0.15126349999999997
	54412	0.15128327
	54744	0.1528777
	57063	0.15465970999999998
	58623	0.1566873
	57608	0.15714299999999998
	54501	0.15747340999999998
	57180	0.15878646999999999
	53982	0.16028710999999998
	57211	0.16075605999999998
	53884	0.16403871
	56567	0.1648398
	54731	0.16497661
	54764	0.16535177
	57037	0.16872821
	57072	0.16910336999999998
	56279	0.1691158
	58665	0.16967190000000001
	58477	0.1702533
	57268	0.17093309999999998
	53879	0.17135433
	53964	0.17182328
	56373	0.1739263
	57066	0.17407424
	59948	0.1765
	57993	0.1772301
	56286	0.177454
	57076	0.17763826
	53795	0.18082711999999998
	57506	0.1811955
	57525	0.1813024
	54528	0.18514145999999998
	54705	0.18579799
	58917	0.1877922
	58404	0.1907096
	58600	0.1913775
	57502	0.1925269
	54734	0.19255087
	57247	0.19423909
	57362	0.1968029
	53789	0.19845964
	56949	0.1987271
	58109	0.19883399999999998
	52980	0.19883479999999998
	57915	0.2000099
	58558	0.20155199999999998
	59052	0.2019396
	58642	0.20203649999999998
	53588	0.2035243
	57023	0.20596283999999998
	54421	0.20943307
	57811	0.2098447
	54640	0.20999580999999998
	57043	0.21037097
	57169	0.21168403
	53957	0.21337224999999999
	59457	0.21347069999999999
	57813	0.2142276
	59106	0.2152149
	57007	0.21618595
	59750	0.2168622
	57079	0.21824933
	53829	0.2194686
	52797	0.22078166
	53875	0.22265746
	56646	0.22342099999999998
	57957	0.2265522
	53984	0.22715938
	57003	0.22828486
	56289	0.2283384
	58906	0.2297499
	57231	0.22997308
	53689	0.23053581999999997
	53769	0.23156751
	54424	0.2316613
	58343	0.23207989999999998
	58202	0.23261439999999997
	58693	0.2330445
	52515	0.23344331
	58818	0.2351763
	54527	0.23606942999999997
	57025	0.23757007000000002
	57187	0.23925828999999998
	59092	0.2400213
	57242	0.24047756
	54704	0.24216577999999997
	57603	0.24448029999999998
	57011	0.24451052999999998
	53917	0.24488569
	54749	0.24610496
	53768	0.24676149
	59321	0.24680429999999998
	57096	0.24723044
	57395	0.24832869999999999
	58003	0.25004413999999997
	53956	0.25379574
	59664	0.25426560000000004
	57008	0.25529638
	58467	0.2555253
	53894	0.25782870999999996
	58903	0.2595951
	54755	0.26007967
	54917	0.26045482999999997
	53938	0.26383127
	56783	0.26511199999999996
	53704	0.26523811999999997
	59074	0.2653122
	53897	0.26702013
	58257	0.2698156
	53869	0.27189721
	54318	0.27339784999999994
	54521	0.27377301
	53790	0.27396059
	56966	0.27398469999999997
	58912	0.2772309
	53895	0.27921283
	59502	0.28382009999999996
	53926	0.2851216
	58911	0.2862426
	53970	0.28952973
	57044	0.290749
	56643	0.29386809999999997
	57948	0.29418839999999996
	53948	0.29553229
	58537	0.29680470000000003
	54608	0.29768946
	53968	0.29890872999999996
	57014	0.29900251999999994
	58220	0.29974759999999995
	57188	0.29994042
	58602	0.3007776
	53883	0.30172243
	53892	0.30322307
	54609	0.30472371
	57637	0.3070168
	58834	0.31008
	56189	0.3112928
	57265	0.31375149999999996
	58534	0.3139653
	57914	0.3139653
	58548	0.3162816
	57181	0.31869842
	59298	0.3243243
	58737	0.32732819999999996
	58546	0.3296538
	54765	0.32976564
	57154	0.33051596
	54919	0.33548683
	59109	0.33624299999999996
	54702	0.33717505
	56958	0.33791089999999996
	56291	0.3383385
	58643	0.34011899999999995
	58203	0.34026270000000003
	57991	0.3407004
	53947	0.34364656
	54759	0.34392793
	53987	0.34646025999999996
	59306	0.34651439999999994
	53784	0.34664784
	54922	0.34889879999999995
	53778	0.34974291
	58664	0.3500997
	54852	0.35133734
	59647	0.3529098
	53865	0.35302556
	54703	0.35302556
	58632	0.3553323
	57126	0.35593305
	53594	0.36231076999999995
	57177	0.3667189
	57189	0.36690648
	53791	0.36943880999999995
	58205	0.37168977
	56287	0.3818468
	54907	0.38247561999999996
	57192	0.38256940999999994
	58519	0.38265809999999995
	53967	0.38491415999999995
	53972	0.38660237999999997
	53929	0.38782164999999996
	56280	0.3900781
	56586	0.3903988
	58436	0.39168159999999996
	57273	0.39429316
	59849	0.395
	53949	0.39504348
	56092	0.39691928
	56543	0.3971335
	58821	0.39922799999999997
	54842	0.40123362
	53662	0.40170257
	53796	0.40451627
	58547	0.4056234
	56081	0.40826787
	59090	0.4093056
	56673	0.4099615
	53798	0.41070640999999997
	59114	0.41143739999999995
	56183	0.4125271
	53794	0.41530212
	57195	0.41548969999999996
	53664	0.41605243999999997
	58148	0.4162686
	58100	0.41689655
	53783	0.41811581999999997
	57082	0.41999161999999995
	58250	0.4202239
	58011	0.42121089
	54304	0.42271152999999995
	57285	0.4276824
	53924	0.42843272
	54420	0.42927683
	59855	0.4305
	53877	0.4323719
	57233	0.43509180999999997
	57609	0.4357244
	56278	0.4370072
	58754	0.43740660000000003
	58622	0.438957
	57496	0.43967969999999995
	59117	0.4407981
	57245	0.44390807
	57155	0.44728450999999997
	53660	0.44756587999999997
	54766	0.44850378
	53810	0.45141127
	58002	0.45328706999999996
	57719	0.45443189999999994
	57818	0.45550089999999993
	58359	0.4567837
	58154	0.4574251
	57055	0.45863309999999996
	54540	0.45872688999999994
	56483	0.45924239999999994
	53955	0.46285364999999995
	53852	0.46716799
	57080	0.46838725999999997
	58249	0.4718566
	57978	0.4745
	57047	0.4745774
	53878	0.47654698999999995
	57053	0.47701594
	58241	0.4770946999999999
	57505	0.4774154
	53797	0.47954826999999994
	58441	0.48126379999999996
	53863	0.48133027999999994
	53785	0.48179923
	58927	0.48420929999999995
	57469	0.48457769999999994
	58921	0.48498449999999993
	58500	0.48511219999999994
	54851	0.49108443999999996
	58667	0.49457759999999995
	57673	0.495
	58654	0.49816289999999996
	57178	0.49924417
	56192	0.50093239
	57912	0.5012540999999999
	59312	0.5041707
	57731	0.5059577
	54429	0.5061846299999999
	58426	0.5072405
	54428	0.50946728
	53787	0.5126561399999999
	59131	0.5132792999999999
	57153	0.5137816199999999
	58146	0.5146166
	58634	0.516477
	57129	0.52025313
	53953	0.52137861
	53928	0.5214724000000001
	53764	0.52156619
	53981	0.52287925
	57768	0.5235
	58931	0.5239383
	57074	0.52447368
	59315	0.5260701
	57084	0.5261619000000001
	59061	0.5264577
	53799	0.52653706
	53942	0.52813149
	53792	0.52822528
	52889	0.53000729
	57095	0.53132035
	54533	0.53150793
	54846	0.53197688
	59314	0.5359539
	57194	0.53657259
	58004	0.53779186
	53491	0.53901113
	53677	0.5392925
	58453	0.5394422999999999
	53685	0.54107451
	57377	0.5413416
	56498	0.5423036999999999
	57260	0.5423036999999999
	58823	0.5456439000000001
	59107	0.5456439000000001
	56094	0.54707707
	57816	0.5480763000000001
	57514	0.5496797999999999
	57293	0.54998456
	57713	0.5528868
	54301	0.55458027
	57140	0.55476785
	53886	0.5562684899999999
	57144	0.5562684899999999
	57396	0.5571126
	53697	0.55861324
	54923	0.5590821899999999
	59091	0.5599850999999999
	57932	0.5604766999999999
	59081	0.5606634
	58442	0.5627215999999999
	57067	0.56405306
	58631	0.5667681
	54539	0.5673357099999999
	54855	0.56874256
	56296	0.5698839
	53885	0.57014941
	58568	0.5721945
	57001	0.5749327
	53518	0.57643334
	53923	0.57737124
	54525	0.5787780899999999
	57057	0.5833737999999999
	58529	0.5834349
	53963	0.58412412
	58214	0.5844223
	59113	0.5848884
	57054	0.5853433899999999
	57198	0.5869378199999999
	57729	0.5881638
	56578	0.5888051999999999
	58637	0.5898303
	53862	0.59143974
	58814	0.5917683
	58235	0.5999228
	53584	0.60100632
	54633	0.60503929
	54438	0.60691509
	53975	0.6078529899999999
	57193	0.60879089
	58934	0.6103731
	57184	0.61301144
	58509	0.6142491
	57186	0.6157313499999999
	59126	0.6204506999999999
	58907	0.6206444999999999
	53864	0.62482898
	58923	0.625974
	57143	0.62604825
	58468	0.6278151
	53959	0.6280178399999999
	58659	0.6281057999999999
	58048	0.632848
	53935	0.63505209
	53859	0.6363651499999999
	58341	0.6381929999999999
	53930	0.6394602199999999
	53973	0.64067949
	58706	0.6442881
	57732	0.6486692
	58008	0.65052744
	58563	0.6526215
	58731	0.6560130000000001
	53771	0.65653
	59053	0.6565943999999999
	58135	0.6608558
	57475	0.6632075999999999
	57368	0.6635283
	53890	0.66544005
	56194	0.6658801
	58126	0.6684456999999999
	58101	0.6688164899999999
	57254	0.6690040700000001
	57249	0.6736837999999999
	58117	0.6783874
	53781	0.6798837099999999
	58730	0.6810132
	56199	0.6814874999999999
	58111	0.68175951
	58107	0.6821288999999999
	57586	0.6823427
	53961	0.6833539399999999
	56571	0.6835186
	57056	0.68410426
	57718	0.6867255999999999
	56144	0.6869393999999999
	57182	0.69010682
	57060	0.69188883
	53679	0.6921702
	54927	0.69301431
	58143	0.6946362
	58657	0.6963234
	58230	0.6964535
	53775	0.69648454
	57052	0.69676591
	59124	0.6987458999999999
	57636	0.7004087999999999
	54774	0.70445669
	54522	0.7055821699999999
	54436	0.7081145
	58243	0.7089608
	57089	0.71055304
	58569	0.7137654
	58141	0.7166576
	54434	0.7184313999999999
	58338	0.7196508
	58646	0.7210329
	57839	0.7211474
	58824	0.7213236
	57359	0.7234991999999999
	54531	0.7262159699999999
	54535	0.7262159699999999
	53767	0.72734145
	57680	0.7289
	54925	0.73071789
	53786	0.73137442
	58020	0.73146821
	57274	0.7328750599999999
	57251	0.7354719999999999
	57623	0.7381445
	53854	0.7390652
	56479	0.7392135
	58108	0.739748
	53821	0.7405658399999999
	58104	0.7407534199999999
	57348	0.740817
	58926	0.7409943
	57883	0.7427385
	54423	0.7446926
	57674	0.7455
	58240	0.7456275
	53617	0.74609945
	58212	0.7461619999999999
	56585	0.7461619999999999
	57294	0.7471311399999999
	58351	0.7478724
	57976	0.7482
	56184	0.7496897
	53817	0.7529461199999999
	53891	0.7530399099999999
	56276	0.7577071999999999
	57290	0.7586673099999999
	58752	0.7604712
	57821	0.7633728999999999
	53753	0.76410713
	58819	0.764541
	57737	0.766473
	57499	0.7676489
	57137	0.7678587299999999
	57460	0.7680764999999999
	57299	0.76851526
	58517	0.7720022999999999
	57407	0.7722456
	54541	0.7763936199999999
	58432	0.7771629999999999
	53678	0.77817563
	57583	0.7791941
	54534	0.78324029
	53962	0.78445956
	54408	0.7851160899999999
	57232	0.7851160899999999
	57049	0.78539746
	54849	0.78727326
	58127	0.7873185
	57196	0.7916813899999999
	53906	0.7988094299999999
	58345	0.7997188999999999
	57796	0.8001033
	54932	0.8003100699999999
	57105	0.80040386
	58358	0.8010016999999999
	58635	0.8011691999999999
	59071	0.8056266
	58656	0.8068863
	57355	0.8077364
	57895	0.8085336
	57279	0.8088054
	57476	0.8111572
	54432	0.8113772899999999
	53492	0.81297172
	58601	0.8161887
	57185	0.8179425899999999
	54425	0.8190680699999999
	57370	0.8196023
	57292	0.8198183899999999
	58005	0.82009976
	57612	0.8204575
	57519	0.8214195999999999
	58725	0.8245220999999999
	57248	0.82478926
	58719	0.8249097
	57051	0.8257271599999999
	58207	0.8286346499999999
	57710	0.8289025999999999
	53575	0.82900981
	58606	0.8296577999999999
	58633	0.8315957999999999
	57061	0.8337931
	58013	0.8353166
	58246	0.835958
	57509	0.8361718
	58804	0.8363438999999999
	53673	0.8423279899999999
	53882	0.84401621
	53888	0.84626717
	57972	0.8505
	57518	0.8515653999999999
	53707	0.85377037
	58113	0.8544516999999999
	53873	0.85461448
	57278	0.8574449
	57894	0.8579526
	57766	0.8594
	57498	0.8597967
	57481	0.8608657
	53705	0.86399348
	57516	0.8642865
	54405	0.86774508
	53976	0.86858919
	58208	0.8693395099999999
	57974	0.8721
	54532	0.8728097399999999
	58625	0.8780109
	53676	0.88125084
	58221	0.8825664
	58828	0.8842125
	53756	0.88790993
	57511	0.8894079999999999
	57385	0.8911184
	56074	0.89316217
	58437	0.8934702
	59051	0.8981661
	58615	0.8989412999999999
	58242	0.8993497
	57947	0.9009761999999999
	58433	0.9033049999999999
	57973	0.904
	59854	0.9052
	59125	0.9081468
	57295	0.9156717699999999
	56272	0.9176296
	56284	0.9203020999999999
	54439	0.9221432799999999
	53965	0.9226122299999999
	57179	0.92308118
	57742	0.9265023
	57466	0.9283195999999999
	58237	0.9296024
	58001	0.93077196
	58346	0.9319542
	58145	0.9327025
	53397	0.93311671
	54848	0.9333980799999999
	57896	0.9343098
	57936	0.9350543
	59122	0.9360539999999999
	58158	0.9378336999999999
	59072	0.9384765
	58245	0.9391164999999999
	58549	0.9414804
	58132	0.9433924999999999
	58748	0.9434184
	58612	0.9452595
	53880	0.9477479499999999
	53853	0.9493423799999999
	54935	0.9514057599999999
	53614	0.9518747099999999
	53780	0.9518747099999999
	53915	0.95637663
	59130	0.9594069
	57969	0.9616
	58760	0.9623138999999999
	57889	0.9628
	58407	0.9633828
	58715	0.9642518999999999
	57387	0.9666967
	57297	0.9701637599999999
	58929	0.9702597000000001
	58114	0.9739658999999999
	57678	0.9751
	54523	0.9755097899999999
	57956	0.9763644
	58210	0.9798454
	57389	0.9799522999999999
	54826	0.98132477
	57922	0.982411
	58006	0.9825440400000001
	58714	0.9850853999999999
	54945	0.9852639499999999
	58712	0.986442
	57720	0.9871146
	58707	0.9892520999999999
	57954	0.9899304
	53585	0.9932360999999998
	58806	0.9947754
	57776	0.996
	56196	0.996308
	57589	0.9964149
	58236	0.9974839
	58138	0.9978045999999999
	57045	0.99961382
	58342	1.0007978
	53579	1.00214615
	53517	1.0027088899999999
	53578	1.0054288
	58718	1.0060158
	57990	1.00776
	53576	1.00889903
	53772	1.00964935
	59063	1.011
	58129	1.0148017
	57985	1.0168
	58408	1.0184362999999999
	57774	1.0213
	53776	1.02718808
	58607	1.0278182999999999
	58238	1.029447
	54437	1.03009557
	58311	1.030516
	53618	1.03159621
	54449	1.03159621
	58128	1.0329747
	57378	1.0330816
	57216	1.0352196
	58735	1.0356672
	58337	1.0367161999999999
	59133	1.0429347
	54861	1.04313238
	57671	1.0456
	58836	1.0456478999999999
	57102	1.04735293
	57853	1.0494
	57734	1.0498649
	54857	1.0517610599999998
	58234	1.0547823
	58007	1.05860773
	57183	1.0626407
	58605	1.0645434
	53577	1.06564198
	58021	1.06582956
	56651	1.0662205999999999
	53499	1.07126938
	58826	1.0730705999999999
	57769	1.0754
	56288	1.0766968000000001
	53881	1.07849121
	56187	1.0819349
	58255	1.0833246
	57493	1.0862109
	56263	1.0863178
	58416	1.0877075
	53567	1.09743679
	58503	1.0985553
	58027	1.0991458
	58026	1.0994665
	58323	1.105346
	57582	1.1076978
	53748	1.10775369
	58734	1.1088267
	58301	1.10944191
	54929	1.1108487599999999
	54943	1.1120680299999999
	57098	1.11319351
	57841	1.115
	57099	1.11535068
	54863	1.1189147
	57846	1.1194
	57477	1.1215947999999998
	57866	1.1236
	57975	1.1267
	54308	1.12707443
	58820	1.1295632999999998
	57872	1.1298
	53486	1.13607827
	58247	1.1389125999999998
	53916	1.13945471
	57981	1.1399
	58421	1.1441507
	58429	1.1441507
	58215	1.1471438999999999
	59951	1.1481
	58744	1.1483619
	58335	1.1488543
	57717	1.1498163999999997
	57483	1.1508854
	58049	1.1531303
	53774	1.1545549
	57238	1.1574623899999998
	57204	1.1583683999999999
	57777	1.1652
	58339	1.1659583
	58034	1.16609107
	54853	1.16890477
	57921	1.1690584
	57482	1.1698067
	56374	1.1720516
	58514	1.1721993
	58102	1.1778241999999999
	58329	1.1807105
	53593	1.1826918999999998
	57595	1.1831692
	57522	1.1853072
	58147	1.1863761999999998
	57537	1.1883004
	58418	1.1889418
	57834	1.1978145
	58130	1.2004869999999999
	58402	1.2023043
	57388	1.2030526
	58118	1.2060458
	58933	1.2068895
	57513	1.2077562
	57798	1.2081491999999998
	59313	1.2094089
	52895	1.21045374
	57461	1.2121391
	58131	1.2128874
	57741	1.2141701999999999
	58015	1.2233636
	58647	1.2241377
	57891	1.2252036
	52995	1.22574151
	57363	1.2292431
	53841	1.2305248
	57590	1.2350157
	53590	1.23577704
	58624	1.2382851
	57835	1.2396124
	58012	1.2398262
	52996	1.24337403
	58125	1.2452781
	58501	1.2474161
	58619	1.2478782
	56158	1.2480574999999998
	58627	1.248072
	58025	1.2504082799999998
	54940	1.25219029
	58150	1.2536163
	59137	1.2594093
	52884	1.26100655
	57679	1.2667
	57699	1.2671613
	58746	1.26939
	57666	1.2707
	53850	1.27404336
	58629	1.2769482
	58932	1.278111
	58244	1.278524
	54430	1.2788266499999998
	57390	1.28145277
	56185	1.2851518
	56093	1.2885808099999998
	53665	1.28923734
	57792	1.2928398
	53914	1.29599022
	57696	1.3015607999999999
	58705	1.3030143
	57489	1.3031110000000001
	57398	1.3040730999999999
	57767	1.3056
	57913	1.3070662999999998
	58122	1.3126251
	57799	1.3192935
	57781	1.3199
	53580	1.3263781799999999
	54777	1.3274098699999999
	53611	1.33050494
	58331	1.3306911999999997
	57343	1.3308801
	58742	1.3344099
	58701	1.3346037
	57581	1.3350741
	58116	1.3358224
	58223	1.3411673999999998
	56181	1.3438399
	58839	1.344003
	58139	1.3497194
	53860	1.35517171
	58038	1.3581645
	58336	1.3660751
	53574	1.36689546
	57625	1.3672509999999998
	57698	1.3686156
	57824	1.3716338999999997
	57738	1.3766582
	57793	1.3770459
	58837	1.3822785
	58024	1.3868727299999999
	57860	1.3913
	57761	1.3929
	58713	1.3980732
	57870	1.3985
	58254	1.3997486
	58431	1.4040245999999998
	54401	1.4059121
	57566	1.4071
	57462	1.4076591999999999
	58035	1.4094765
	58710	1.4105733
	58419	1.4107593
	58626	1.4114453999999999
	56273	1.4116145
	54936	1.41416562
	53910	1.4178234299999999
	58140	1.4195251
	56096	1.4202619699999999
	58750	1.4211353999999998
	58724	1.4212322999999998
	52978	1.42476389
	56097	1.4295737
	57966	1.4298
	53612	1.4300161299999998
	57682	1.4304
	52982	1.43104782
	56198	1.4342772999999998
	53751	1.43883239
	58614	1.4398370999999999
	53845	1.44127093
	53565	1.444366
	53757	1.4467107499999998
	58225	1.4471052999999998
	58409	1.4472121999999998
	57736	1.4554435
	59320	1.4556318
	57825	1.4579022
	56168	1.4580090999999997
	57510	1.4612161
	57409	1.4679508
	58847	1.4697791999999998
	58749	1.4713296
	57871	1.4714
	58616	1.4714265
	57964	1.4722017
	56082	1.4726905799999999
	57842	1.4729
	58344	1.474151
	58428	1.4783201
	58843	1.4838297
	58032	1.4845081199999999
	58510	1.4851862999999998
	58316	1.4870858999999998
	58340	1.4903998
	57486	1.5018381
	58017	1.50185927
	57789	1.5045663
	52984	1.50514192
	58030	1.5072990899999998
	57899	1.5090237
	57786	1.5094113
	57399	1.5112453
	58938	1.5127058999999998
	57758	1.5152
	58512	1.517454
	57520	1.5236456999999999
	58745	1.5237525
	57585	1.5242
	57822	1.5246077999999998
	57845	1.5262
	57438	1.527601
	57876	1.529
	58822	1.5326673
	58609	1.5376092
	57874	1.5447
	57875	1.5448
	57735	1.5453464
	58417	1.547912
	58618	1.5491403
	58508	1.5512721
	53519	1.55194313
	57743	1.5526
	58935	1.5530163
	53488	1.5561636799999998
	52323	1.5656364699999998
	57345	1.568223
	57955	1.5692955
	57643	1.5717
	57405	1.5733541999999998
	58608	1.5777258
	58319	1.5798751
	57887	1.5837
	57881	1.584
	58330	1.5844718
	58306	1.5883201999999998
	57640	1.5954
	52998	1.59583685
	58222	1.5971928999999998
	53498	1.59827539
	58321	1.5998653999999999
	58022	1.6000573999999999
	57465	1.6040344999999998
	56180	1.604569
	53669	1.60934261
	57523	1.6107691999999998
	58420	1.6137624
	58747	1.6204587
	58423	1.6315077999999998
	58401	1.6356769
	57694	1.6441023000000001
	54939	1.64638966
	57425	1.6504291
	58751	1.6506915
	53490	1.65801962
	57965	1.6604
	53619	1.66139606
	58041	1.6644329999999998
	58414	1.6652882
	53760	1.66936821
	57851	1.6699
	58846	1.6732691999999998
	57304	1.6805748999999999
	57485	1.6829266999999999
	59322	1.6854786
	57971	1.6859
	53725	1.69553562
	57598	1.6976879999999999
	57662	1.6994
	53659	1.69956859
	58813	1.7006919
	57688	1.7023
	57780	1.7041
	58704	1.7058275999999999
	59127	1.7066028
	58502	1.707378
	57882	1.7095
	58427	1.7102931000000001
	56188	1.7106138
	53735	1.71129234
	57687	1.7138
	57779	1.7207
	54938	1.72395399
	57868	1.724
	58320	1.7268625999999998
	58506	1.7293743
	58942	1.7298588
	57512	1.7310317
	58936	1.7326689
	54410	1.7384914399999998
	57739	1.7532668999999999
	57046	1.7549984799999998
	57584	1.7574
	54776	1.7594066099999999
	58415	1.7654534999999998
	57426	1.7657741999999998
	57381	1.7761434999999999
	57634	1.7767848999999998
	53740	1.77816461
	57402	1.7788159999999997
	58016	1.783092
	57451	1.7885438999999999
	56645	1.7889715
	58326	1.790575
	56071	1.79129521
	53658	1.7928896399999998
	57886	1.7966
	57307	1.8028685
	58507	1.8099950999999999
	57317	1.8114204999999999
	57778	1.8163
	57642	1.8168
	57941	1.8254021999999999
	54404	1.82646646
	58736	1.8300534
	59134	1.8317976
	56172	1.8340832999999999
	58940	1.8360612
	57491	1.836542
	57635	1.8433836
	57859	1.8519528
	54319	1.86210666
	57837	1.8706431
	56285	1.8732087
	58946	1.8774374999999999
	57416	1.8798365
	57923	1.8827228
	57772	1.8893
	57492	1.8900989
	58845	1.8977864999999998
	57349	1.9034613999999999
	56193	1.9083787999999997
	58314	1.9155411
	57574	1.9216
	58036	1.9244138
	56385	1.9278345999999997
	58424	1.9315760999999998
	58045	1.9352106999999998
	57649	1.9447
	57960	1.949628
	57318	1.9661047999999999
	57306	1.9671737999999999
	58334	1.9763671999999999
	53681	1.9789689999999998
	57494	1.9802156
	53610	1.9878790499999999
	58040	1.9925090999999997
	57754	1.9961
	53903	1.99800837
	58047	1.9987092999999998
	57577	2.0109
	58327	2.0135684
	57760	2.0168
	56167	2.0173099
	57844	2.0196617
	57773	2.0231
	57413	2.0335587
	57865	2.0414
	53663	2.04143314
	57571	2.0460659999999997
	57565	2.0529
	57661	2.0682
	57536	2.0703323
	53564	2.0772609199999996
	58848	2.0819934
	57728	2.0878639
	57313	2.0925675
	57669	2.0935
	57573	2.0935295999999997
	57437	2.0948124
	57431	2.1033644
	57962	2.1134
	57763	2.1208
	58317	2.1228202
	54871	2.12415592
	53738	2.1280951
	58941	2.1292806
	57401	2.1328688
	53727	2.1562321
	53582	2.16064023
	57237	2.1648319
	57339	2.1675044
	57328	2.1842876999999996
	57942	2.1933315
	57771	2.1944
	52988	2.20162646
	56038	2.2076987999999997
	58944	2.2088355
	52983	2.2116619899999996
	57309	2.2124023999999998
	56146	2.2151818
	57655	2.2296
	57762	2.2355
	58844	2.2406186999999997
	57558	2.2416
	56444	2.2422275000000003
	53651	2.25124137
	57832	2.2540934
	57544	2.263
	57744	2.2712
	57315	2.2725871
	57657	2.273
	53573	2.27890942
	57324	2.2822081
	57320	2.285522
	57326	2.2889428
	57432	2.2941809
	57752	2.302
	57663	2.3022
	57217	2.3055122999999997
	54778	2.3067650499999997
	57564	2.3155
	57417	2.3183402999999996
	57464	2.3454929
	57575	2.3559
	57562	2.3605
	56080	2.3717615199999997
	53487	2.3794522999999996
	57358	2.3903909
	57867	2.3915
	52986	2.39389596
	57647	2.3985153
	57411	2.410595
	57439	2.4171158999999998
	52985	2.4570166299999996
	57829	2.4601966
	57658	2.4674
	57445	2.4680003
	56533	2.4719556
	53646	2.4731485099999997
	57303	2.4760177999999997
	57827	2.4778350999999996
	57447	2.4816835
	57206	2.4910906999999995
	57633	2.507874
	57414	2.5197399
	57745	2.5263
	57333	2.5551238
	56641	2.5967078999999997
	57840	2.5977769
	56164	2.6220432
	53615	2.63531142
	56178	2.6522959
	53478	2.6523811999999998
	57740	2.6702
	57329	2.6733551999999996
	57308	2.676776
	57554	2.695
	57540	2.6953766
	53723	2.6997451499999996
	57828	2.7378159
	53399	2.74288855
	57314	2.7644339999999996
	56182	2.7916934999999996
	56079	2.795435
	57541	2.7960764
	57458	2.8058042999999997
	57646	2.856
	57208	2.9131318999999998
	56548	2.9377188999999997
	58044	2.9388948
	56152	2.9555712
	57415	3.0343564999999995
	56171	3.0409843
	57545	3.0484673
	57543	3.1177384999999997
	57420	3.1643469
	56173	4.0136674
