	54846	-1.8726
	54835	-1.8394
	54844	-1.7881
	55279	-1.7227
	54455	-1.6843
	54237	-1.6612
	54142	-1.6564
	57279	-1.6193
	54248	-1.6063
	54453	-1.6038
	54324	-1.5862
	56389	-1.5723
	56844	-1.5611
	54334	-1.5517
	58100	-1.524
	54842	-1.5222
	57195	-1.5196
	56193	-1.5111
	57268	-1.5066
	54236	-1.4974
	55589	-1.4959
	57543	-1.4912
	57462	-1.4827
	56849	-1.4816
	57634	-1.4794
	52869	-1.4734
	54805	-1.4672
	54837	-1.4612
	54223	-1.4586
	52868	-1.4413
	57194	-1.4413
	54804	-1.4211
	57395	-1.4116
	54186	-1.4081
	54226	-1.4054
	57196	-1.4052
	56839	-1.4033
	59501	-1.392
	58101	-1.377
	54778	-1.3741
	54325	-1.3737
	54776	-1.3644
	54156	-1.3624
	54853	-1.3517
	57363	-1.3497
	54335	-1.3496
	56284	-1.3485
	54327	-1.3415
	54806	-1.3332
	55578	-1.3331
	57348	-1.3251
	52863	-1.3239
	54828	-1.3237
	56384	-1.3217
	54540	-1.3166
	54606	-1.305
	54285	-1.3046
	56278	-1.3002
	57361	-1.2991
	57439	-1.2988
	54609	-1.2981
	54454	-1.2974
	54855	-1.2926
	57297	-1.2923
	55585	-1.289
	56946	-1.2881
	58203	-1.286
	57355	-1.2852
	54919	-1.2784
	54832	-1.2764
	56223	-1.2763
	57445	-1.2711
	54633	-1.2675
	54377	-1.2674
	57636	-1.2659
	57265	-1.263
	57192	-1.2594
	54273	-1.2526
	56194	-1.2526
	54836	-1.2482
	54777	-1.2403
	59940	-1.2343
	56835	-1.2314
	54815	-1.231
	57274	-1.2306
	54332	-1.2279
	54338	-1.2264
	54935	-1.212
	56279	-1.2086
	57278	-1.2081
	57175	-1.1998
	54323	-1.1972
	57188	-1.1949
	57359	-1.1941
	55299	-1.1929
	57370	-1.1913
	54932	-1.1886
	57378	-1.1885
	57646	-1.1775
	54532	-1.1752
	57253	-1.1729
	57260	-1.1712
	56190	-1.157
	52856	-1.1545
	57189	-1.152
	54841	-1.1518
	57292	-1.1514
	57251	-1.1411
	57385	-1.1327
	54812	-1.1319
	54923	-1.1311
	54800	-1.1302
	54187	-1.1287
	54816	-1.1267
	50963	-1.1239
	56838	-1.1236
	59941	-1.1229
	59750	-1.1183
	57298	-1.1178
	56944	-1.1166
	56171	-1.1159
	54871	-1.1143
	56840	-1.114
	57294	-1.1139
	57451	-1.1128
	54705	-1.1104
	58104	-1.109
	57564	-1.1084
	53998	-1.1081
	56386	-1.0981
	57447	-1.0941
	54342	-1.0917
	57640	-1.0911
	56065	-1.0897
	54814	-1.0868
	58207	-1.0849
	54852	-1.0829
	55773	-1.0801
	56381	-1.0795
	58113	-1.0773
	52943	-1.0752
	54861	-1.0748
	54821	-1.0734
	57281	-1.0729
	57293	-1.0727
	57633	-1.0684
	57156	-1.0664
	54452	-1.0649
	57197	-1.0606
	54921	-1.0488
	54249	-1.0461
	54820	-1.0459
	56287	-1.0447
	57093	-1.0445
	54470	-1.0435
	56018	-1.0435
	54708	-1.0433
	54320	-1.043
	57295	-1.0421
	56016	-1.038
	53899	-1.0377
	54825	-1.0328
	57186	-1.0328
	50954	-1.0308
	58107	-1.0293
	54918	-1.0285
	56021	-1.0274
	54810	-1.0225
	59297	-1.0213
	58323	-1.0143
	54386	-1.0141
	54922	-1.011
	56543	-1.007
	59427	-1.0046
	59315	-1.004
	57296	-1.0037
	56966	-1.0033
	54849	-1.0027
	54336	-1.0023
	54826	-1.0019
	57396	-1.0004
	56285	-0.9999
	54260	-0.9998
	53997	-0.9992
	58109	-0.9968
	55664	-0.9967
	54522	-0.9926
	56280	-0.9908
	59425	-0.9869
	54749	-0.9843
	58472	-0.9799
	53707	-0.9781
	53817	-0.9756
	54903	-0.9743
	58041	-0.9647
	52866	-0.9641
	54801	-0.962
	53893	-0.9615
	56286	-0.9609
	54436	-0.9607
	58038	-0.9589
	57541	-0.9575
	57723	-0.9542
	54943	-0.952
	57345	-0.9486
	58666	-0.9478
	58108	-0.9473
	55591	-0.9445
	54337	-0.942
	54069	-0.9399
	53399	-0.9394
	57299	-0.9388
	57169	-0.9374
	58102	-0.9334
	54541	-0.9333
	57106	-0.9322
	52908	-0.9321
	54244	-0.9312
	58002	-0.9288
	57643	-0.927
	57016	-0.9259
	56948	-0.922
	54803	-0.9217
	57558	-0.9199
	57204	-0.9172
	59945	-0.9146
	59107	-0.9132
	57285	-0.9099
	57390	-0.9035
	54857	-0.9017
	57179	-0.8989
	54333	-0.8983
	50880	-0.8977
	53773	-0.8967
	54525	-0.8943
	54286	-0.8942
	59849	-0.893
	53785	-0.8925
	54438	-0.8921
	53996	-0.8918
	54049	-0.8915
	57256	-0.8872
	57989	-0.8804
	57642	-0.8797
	57438	-0.8793
	57176	-0.877
	54764	-0.8756
	54631	-0.8724
	57177	-0.8714
	56029	-0.8691
	54449	-0.8677
	54737	-0.8661
	56281	-0.865
	54319	-0.8644
	54351	-0.8641
	57077	-0.8638
	57663	-0.8635
	53890	-0.8633
	57635	-0.8633
	53967	-0.8611
	50953	-0.859
	53991	-0.8585
	57469	-0.8561
	54702	-0.8549
	56034	-0.8527
	54432	-0.852
	54843	-0.8512
	57566	-0.8498
	54437	-0.8487
	59500	-0.8461
	53697	-0.8403
	56164	-0.8399
	57273	-0.8394
	57362	-0.839
	54521	-0.8362
	54774	-0.8314
	59090	-0.8299
	54608	-0.8295
	57554	-0.8295
	53914	-0.8291
	58122	-0.8243
	58301	-0.823
	59631	-0.8215
	57995	-0.8207
	56331	-0.8203
	53897	-0.8181
	56380	-0.8161
	57465	-0.816
	58130	-0.8155
	56186	-0.8142
	54830	-0.8128
	56382	-0.8128
	54811	-0.8114
	54927	-0.8079
	54736	-0.8073
	54851	-0.8072
	57661	-0.8061
	55493	-0.806
	54906	-0.8054
	57187	-0.8046
	55593	-0.804
	59096	-0.8034
	54900	-0.8021
	58035	-0.8018
	53992	-0.8005
	54632	-0.8003
	54729	-0.7996
	54824	-0.7994
	54765	-0.7993
	54914	-0.7969
	54833	-0.7961
	58118	-0.7923
	54910	-0.7906
	54472	-0.7879
	58007	-0.7855
	52853	-0.7843
	53884	-0.7833
	56195	-0.7819
	53995	-0.7787
	54704	-0.7785
	57021	-0.7772
	56043	-0.7746
	54363	-0.7739
	58047	-0.7723
	54252	-0.7713
	53896	-0.7704
	57655	-0.7683
	59318	-0.7668
	54929	-0.7588
	57261	-0.7585
	57926	-0.7584
	54434	-0.7554
	50603	-0.7543
	54261	-0.7523
	54164	-0.7497
	56950	-0.7493
	57090	-0.749
	58665	-0.7477
	58013	-0.7471
	53727	-0.7466
	56106	-0.7455
	59851	-0.7439
	56378	-0.7431
	54909	-0.7399
	58210	-0.7396
	54818	-0.7364
	53799	-0.7357
	54715	-0.7338
	56748	-0.7333
	58214	-0.7317
	53894	-0.7291
	56571	-0.7288
	54920	-0.7287
	53983	-0.7278
	53796	-0.7273
	57091	-0.7256
	56181	-0.7239
	56976	-0.7226
	57731	-0.7219
	54701	-0.72
	59097	-0.7182
	58006	-0.717
	54318	-0.7155
	56298	-0.7133
	57099	-0.7123
	56843	-0.7109
	58012	-0.71
	59848	-0.7096
	54834	-0.7082
	54905	-0.7033
	59421	-0.7023
	54365	-0.701
	50618	-0.7004
	57734	-0.6999
	54172	-0.6912
	57688	-0.6911
	58015	-0.6905
	54620	-0.6898
	54917	-0.6886
	56841	-0.6885
	53903	-0.6877
	55696	-0.6825
	56189	-0.6821
	58667	-0.6815
	54539	-0.6809
	54027	-0.6803
	59109	-0.6799
	58034	-0.6789
	58205	-0.675
	54601	-0.6731
	54945	-0.6712
	57377	-0.6684
	54113	-0.6675
	54660	-0.6674
	54911	-0.6667
	54065	-0.6645
	59298	-0.6629
	57242	-0.6627
	58032	-0.6613
	58126	-0.66
	57381	-0.6593
	54901	-0.6562
	50884	-0.6547
	57129	-0.6541
	58111	-0.654
	58008	-0.6532
	54808	-0.6526
	54916	-0.6509
	54738	-0.6505
	59838	-0.65
	57113	-0.6499
	54234	-0.6497
	57540	-0.6492
	57738	-0.6478
	57571	-0.6442
	53806	-0.6416
	58116	-0.6394
	57574	-0.6393
	58311	-0.6361
	57127	-0.6358
	54134	-0.6333
	58026	-0.6312
	58127	-0.6308
	58021	-0.6299
	57349	-0.6295
	57562	-0.6282
	56173	-0.6278
	54347	-0.6272
	58327	-0.6263
	58236	-0.6245
	59635	-0.6235
	53738	-0.6231
	58223	-0.6223
	56533	-0.6219
	57245	-0.6219
	56854	-0.6217
	54161	-0.6207
	57022	-0.6201
	50767	-0.6198
	51058	-0.6178
	57996	-0.6173
	53790	-0.6168
	56251	-0.6156
	54706	-0.6119
	57477	-0.6111
	50788	-0.6102
	54822	-0.6101
	54511	-0.6093
	53891	-0.6091
	57889	-0.6086
	57581	-0.6085
	50962	-0.607
	54339	-0.6059
	56247	-0.6056
	57368	-0.6051
	56842	-0.6044
	56125	-0.602
	59082	-0.5999
	57657	-0.5991
	57183	-0.5985
	57185	-0.5978
	50949	-0.597
	59092	-0.5919
	56097	-0.5916
	54703	-0.5915
	57407	-0.5912
	56969	-0.5911
	50888	-0.5907
	53392	-0.5903
	57047	-0.5878
	54181	-0.5857
	57483	-0.5857
	56004	-0.5813
	52957	-0.579
	56151	-0.5787
	50431	-0.5778
	50968	-0.5771
	54431	-0.5757
	58117	-0.5756
	59502	-0.5748
	54416	-0.5741
	54154	-0.5723
	53778	-0.5687
	58760	-0.5669
	56774	-0.565
	56643	-0.5647
	53798	-0.5639
	57257	-0.5638
	53861	-0.5628
	58329	-0.5625
	59314	-0.5617
	57486	-0.5599
	57623	-0.5598
	56307	-0.5588
	57694	-0.5588
	57565	-0.5587
	56228	-0.5582
	56196	-0.5576
	57254	-0.5563
	54231	-0.5539
	57193	-0.5535
	58025	-0.5531
	54626	-0.5513
	54064	-0.5506
	54535	-0.5505
	53994	-0.5496
	58208	-0.5484
	58330	-0.5459
	53966	-0.5456
	50756	-0.5451
	59317	-0.5443
	54165	-0.5441
	58222	-0.5428
	54080	-0.5424
	53791	-0.542
	56079	-0.539
	53941	-0.5371
	54915	-0.5351
	57217	-0.5339
	57991	-0.5336
	54349	-0.5329
	58321	-0.5302
	57647	-0.5278
	54471	-0.5273
	54902	-0.5267
	54218	-0.5262
	54712	-0.5254
	56836	-0.5252
	58011	-0.5233
	58221	-0.5232
	58017	-0.5229
	54213	-0.5217
	54912	-0.5212
	53864	-0.5204
	53781	-0.5192
	57544	-0.5191
	57182	-0.5189
	57003	-0.5157
	56395	-0.5154
	54925	-0.5143
	53083	-0.5103
	54439	-0.5077
	57662	-0.5074
	53866	-0.5072
	56548	-0.5059
	57191	-0.5058
	56128	-0.5057
	51542	-0.504
	56371	-0.5035
	58314	-0.5026
	56295	-0.4985
	50425	-0.497
	53543	-0.4964
	56752	-0.4935
	53881	-0.493
	54569	-0.4922
	54321	-0.4915
	56962	-0.491
	58320	-0.4909
	53961	-0.4908
	57039	-0.4904
	59316	-0.4899
	56641	-0.4887
	59304	-0.4871
	57180	-0.4862
	54823	-0.486
	54907	-0.485
	58509	-0.4829
	50940	-0.4814
	53954	-0.4781
	57985	-0.478
	54362	-0.4762
	57990	-0.4753
	53810	-0.4717
	56197	-0.4709
	57309	-0.4681
	56188	-0.468
	57387	-0.4674
	53784	-0.467
	58225	-0.4659
	54276	-0.4653
	58044	-0.4647
	54534	-0.4645
	52955	-0.4619
	54243	-0.4613
	57153	-0.4571
	54636	-0.4564
	59229	-0.455
	50948	-0.4547
	58246	-0.4542
	56973	-0.4521
	57481	-0.4521
	57098	-0.4519
	57154	-0.4457
	57173	-0.4456
	53895	-0.4449
	57875	-0.4447
	57537	-0.4431
	53754	-0.4424
	53787	-0.4417
	54662	-0.4416
	58569	-0.4408
	53947	-0.4405
	57585	-0.4395
	53892	-0.4384
	55248	-0.4377
	54026	-0.4354
	54829	-0.4349
	56137	-0.4347
	57575	-0.4344
	58129	-0.4342
	59224	-0.4332
	54274	-0.4327
	57248	-0.4319
	54711	-0.4313
	54039	-0.4291
	54584	-0.4286
	50787	-0.4281
	58004	-0.428
	50936	-0.4265
	50524	-0.4253
	58306	-0.4246
	57155	-0.4239
	54707	-0.4231
	58048	-0.423
	57577	-0.4215
	53391	-0.4209
	54115	-0.4189
	57045	-0.4185
	54493	-0.4181
	54640	-0.4175
	59306	-0.4174
	54483	-0.4152
	58045	-0.4148
	54290	-0.4134
	57994	-0.4133
	56144	-0.4127
	58319	-0.41
	54603	-0.4098
	57981	-0.4073
	56961	-0.4071
	57973	-0.4071
	56742	-0.4062
	57736	-0.4058
	58429	-0.4058
	57211	-0.4052
	58220	-0.4051
	57894	-0.4029
	53368	-0.4021
	50928	-0.4019
	57231	-0.4004
	56199	-0.3984
	54617	-0.3965
	53963	-0.3958
	57988	-0.3936
	50854	-0.3927
	52754	-0.3922
	57545	-0.391
	57408	-0.3892
	53886	-0.3885
	56198	-0.3875
	57872	-0.3861
	58128	-0.3842
	56046	-0.3841
	51633	-0.3837
	50527	-0.3834
	58016	-0.3824
	57027	-0.3823
	57993	-0.3822
	57882	-0.3818
	57078	-0.3784
	52765	-0.3766
	53959	-0.3738
	54284	-0.3735
	58656	-0.3728
	57573	-0.3724
	54157	-0.3691
	53195	-0.3686
	53689	-0.3629
	59087	-0.3621
	54076	-0.3605
	50934	-0.3588
	57625	-0.3586
	53993	-0.3583
	56898	-0.3581
	58240	-0.3563
	51495	-0.356
	57307	-0.3553
	50776	-0.354
	54267	-0.3509
	56152	-0.3503
	54531	-0.3469
	56390	-0.3468
	58040	-0.3468
	59324	-0.3464
	54751	-0.3442
	58003	-0.3437
	57584	-0.3432
	50745	-0.3417
	50871	-0.3417
	53883	-0.3417
	54722	-0.3415
	57144	-0.3411
	58005	-0.3393
	53964	-0.3361
	57781	-0.3344
	54575	-0.3343
	57041	-0.3334
	57669	-0.3278
	56276	-0.327
	56297	-0.3269
	54940	-0.3261
	56856	-0.3253
	57972	-0.3251
	54475	-0.3248
	58215	-0.3227
	59435	-0.3225
	52875	-0.3214
	57476	-0.3205
	57735	-0.3199
	54520	-0.3172
	54214	-0.3171
	59017	-0.317
	54132	-0.3169
	57740	-0.3167
	58664	-0.3166
	57582	-0.3109
	51701	-0.3108
	57899	-0.3096
	53420	-0.3092
	57974	-0.309
	53957	-0.307
	53480	-0.3051
	58453	-0.3048
	54346	-0.3037
	59218	-0.3025
	57786	-0.3021
	56483	-0.301
	56757	-0.3005
	54506	-0.2981
	54494	-0.297
	59293	-0.2965
	56646	-0.2918
	54501	-0.2903
	59230	-0.2892
	54714	-0.2889
	57717	-0.2878
	53868	-0.2877
	57096	-0.2874
	57871	-0.286
	58001	-0.2851
	54817	-0.2846
	53865	-0.2838
	54208	-0.2835
	50647	-0.2834
	54716	-0.2822
	50978	-0.282
	57891	-0.281
	57247	-0.2786
	54117	-0.2772
	57658	-0.2728
	54135	-0.2727
	54433	-0.2723
	50772	-0.2721
	58707	-0.272
	56396	-0.2714
	53770	-0.2701
	57846	-0.2695
	56187	-0.2692
	54717	-0.2686
	57475	-0.2654
	53696	-0.2633
	57055	-0.2632
	54374	-0.2628
	54308	-0.2626
	53362	-0.2617
	56746	-0.2613
	54371	-0.2599
	56263	-0.2592
	56385	-0.2584
	57773	-0.2571
	59093	-0.2535
	57583	-0.2524
	53853	-0.2513
	53910	-0.2503
	54169	-0.2502
	56487	-0.2502
	54254	-0.2481
	58141	-0.2481
	59228	-0.2477
	52963	-0.2472
	52657	-0.2464
	57303	-0.2463
	57886	-0.2456
	56045	-0.244
	57752	-0.2437
	56296	-0.2432
	56267	-0.243
	56462	-0.2422
	57181	-0.242
	53705	-0.2418
	54619	-0.2405
	56954	-0.2402
	58340	-0.2389
	54623	-0.2386
	54700	-0.2372
	59492	-0.237
	57082	-0.2349
	54621	-0.234
	54304	-0.2337
	56257	-0.2304
	57038	-0.228
	53578	-0.2275
	58416	-0.227
	57798	-0.2269
	56434	-0.2266
	53949	-0.2254
	53564	-0.2249
	53859	-0.2241
	57976	-0.2233
	59640	-0.2226
	53676	-0.2213
	56383	-0.2206
	57649	-0.2206
	57020	-0.2196
	58135	-0.2182
	58442	-0.2176
	54072	-0.217
	56958	-0.2167
	57037	-0.2163
	57304	-0.2162
	54063	-0.2155
	57741	-0.214
	54732	-0.2129
	58316	-0.2119
	57713	-0.2113
	56376	-0.2092
	57213	-0.2064
	56951	-0.2057
	56693	-0.2055
	57075	-0.2054
	56970	-0.2038
	56480	-0.2031
	50353	-0.2026
	50758	-0.2023
	57536	-0.2022
	50778	-0.2008
	53948	-0.2002
	54502	-0.1997
	57966	-0.1995
	57722	-0.1982
	56688	-0.1939
	54611	-0.1931
	56067	-0.1915
	59632	-0.1909
	50526	-0.1905
	57425	-0.1904
	59431	-0.1903
	57743	-0.1889
	53562	-0.1886
	54510	-0.1886
	57034	-0.1877
	50742	-0.1872
	57927	-0.1868
	58431	-0.1854
	57232	-0.1826
	57779	-0.1826
	58352	-0.1819
	52836	-0.1814
	54710	-0.1803
	50434	-0.18
	50867	-0.1797
	52313	-0.1792
	53944	-0.1785
	57698	-0.1783
	50525	-0.1776
	56474	-0.1761
	53877	-0.1752
	54602	-0.1748
	50862	-0.1744
	57821	-0.1744
	57824	-0.1737
	57671	-0.1727
	58534	-0.1725
	57720	-0.1721
	57119	-0.1716
	50673	-0.1715
	57789	-0.1714
	54518	-0.1711
	57992	-0.1707
	57415	-0.1706
	54604	-0.1702
	53513	-0.1698
	50945	-0.1696
	57339	-0.1691
	53986	-0.168
	54624	-0.1679
	57778	-0.1674
	53988	-0.1653
	53704	-0.1646
	58420	-0.1643
	52876	-0.163
	57233	-0.1629
	58520	-0.1627
	58612	-0.1627
	57739	-0.1622
	57432	-0.1616
	57499	-0.1612
	58342	-0.1593
	54730	-0.159
	52737	-0.158
	53789	-0.157
	53862	-0.156
	54530	-0.1541
	56391	-0.1536
	51636	-0.1535
	53797	-0.1518
	56167	-0.1517
	57315	-0.151
	50514	-0.1507
	57033	-0.1502
	50557	-0.1487
	57308	-0.1472
	52576	-0.1468
	57522	-0.1455
	53699	-0.1446
	57803	-0.1428
	57606	-0.1424
	53466	-0.1422
	57126	-0.1419
	54533	-0.1413
	54047	-0.1396
	57590	-0.1394
	59310	-0.1378
	54613	-0.1377
	58402	-0.136
	54519	-0.1335
	54563	-0.1334
	57799	-0.133
	58147	-0.1291
	57076	-0.1284
	57080	-0.1271
	57489	-0.127
	57896	-0.1249
	57895	-0.1243
	56775	-0.1233
	53772	-0.1225
	53682	-0.1222
	56989	-0.122
	57249	-0.1218
	58905	-0.1199
	58244	-0.1195
	57832	-0.119
	59209	-0.1173
	57793	-0.1161
	54205	-0.1144
	57206	-0.1142
	58326	-0.1138
	59303	-0.112
	58441	-0.1115
	53984	-0.1105
	59754	-0.1079
	56147	-0.1074
	51356	-0.1069
	54594	-0.1069
	58907	-0.1068
	57143	-0.106
	54734	-0.1057
	54731	-0.1055
	56756	-0.1053
	54507	-0.1029
	57081	-0.1012
	57029	-0.0991
	59094	-0.097
	54612	-0.0968
	58341	-0.0951
	50950	-0.0942
	57035	-0.0939
	56116	-0.0931
	57941	-0.0905
	59417	-0.0899
	57887	-0.088
	53348	-0.0874
	53352	-0.0872
	57482	-0.0871
	57216	-0.0868
	50973	-0.0864
	53698	-0.0847
	54398	-0.0837
	54195	-0.0799
	57780	-0.0798
	58269	-0.0785
	59099	-0.0774
	58436	-0.0771
	52645	-0.0763
	56272	-0.0749
	57389	-0.0741
	56982	-0.0736
	53463	-0.0735
	53680	-0.0733
	58331	-0.0732
	57048	-0.0712
	56846	-0.0703
	58432	-0.0703
	57674	-0.0701
	54752	-0.0664
	58421	-0.0661
	57586	-0.0651
	54486	-0.0612
	54628	-0.0599
	57971	-0.0597
	53487	-0.0572
	59033	-0.0531
	59843	-0.0527
	59294	-0.0525
	57343	-0.0515
	59237	-0.0511
	57399	-0.0485
	56745	-0.0461
	53446	-0.0455
	57094	-0.0447
	57678	-0.0435
	53337	-0.0404
	57025	-0.0392
	59493	-0.0383
	54512	-0.0379
	58358	-0.0378
	51704	-0.0372
	58234	-0.0372
	53735	-0.0365
	56168	-0.0353
	57140	-0.0343
	51060	-0.0339
	53962	-0.0322
	58804	-0.0297
	58339	-0.0266
	53467	-0.0246
	53593	-0.0243
	57881	-0.0222
	50468	-0.0214
	56444	-0.0182
	57868	-0.0179
	53850	-0.0176
	54938	-0.0158
	53502	-0.0153
	51639	-0.015
	54605	-0.0141
	57028	-0.0129
	58459	-0.0129
	57086	-0.0124
	51711	-0.012
	58132	-0.0118
	54523	-0.0117
	54041	-0.0112
	51068	-0.0067
	50964	-0.0066
	50739	-0.0062
	59854	-0.0056
	53985	-0.0054
	53433	-0.0038
	56851	-0.0035
	57046	-0.0033
	53856	-0.0019
	50442	-5.0E-4
	56863	0.0010
	53577	0.0011
	53945	0.0012
	59757	0.0051
	56949	0.0054
	54292	0.0067
	53956	0.0070
	50892	0.0071
	53916	0.0099
	51705	0.0106
	54616	0.0107
	57065	0.012
	56582	0.0145
	54517	0.0156
	58237	0.0177
	50834	0.018
	53942	0.0187
	59312	0.0197
	54514	0.0202
	50983	0.022
	58138	0.0228
	59044	0.0238
	58336	0.0246
	53651	0.0254
	53567	0.0281
	59319	0.0294
	51358	0.0304
	57042	0.0304
	53740	0.0314
	54713	0.0325
	50853	0.0337
	54590	0.034
	53695	0.0343
	57494	0.0362
	54644	0.0369
	53664	0.0373
	53950	0.0383
	57883	0.0395
	56158	0.04
	53367	0.0402
	53149	0.0406
	50838	0.0416
	52112	0.042
	57822	0.0435
	59034	0.0435
	59270	0.044
	58719	0.0443
	57851	0.0445
	54614	0.0462
	59063	0.0471
	58255	0.0496
	56996	0.0509
	53975	0.054
	51716	0.0548
	57026	0.0548
	53953	0.0553
	53938	0.0555
	54503	0.057
	50632	0.0574
	57060	0.0582
	54627	0.0598
	59419	0.0638
	57409	0.0666
	58242	0.0667
	50851	0.0668
	59125	0.0673
	50833	0.0692
	57049	0.0693
	57067	0.0702
	58345	0.0705
	59842	0.0714
	54515	0.0728
	57595	0.0729
	51437	0.0738
	52633	0.0795
	52495	0.0799
	57320	0.0806
	57057	0.0808
	54404	0.0829
	53783	0.0837
	53854	0.0841
	56873	0.0872
	58531	0.0875
	54709	0.0887
	57328	0.0891
	57876	0.0892
	57079	0.09
	51708	0.091
	59285	0.0913
	57437	0.0915
	59045	0.0924
	51357	0.0931
	57493	0.0936
	58247	0.0938
	57845	0.0945
	54171	0.0946
	59037	0.0971
	57777	0.0972
	57842	0.0973
	58354	0.0988
	58224	0.1004
	58356	0.1007
	57030	0.1022
	57040	0.1032
	53690	0.1033
	53691	0.1042
	57306	0.1044
	56991	0.1048
	57859	0.105
	50727	0.106
	53231	0.106
	57745	0.1066
	51802	0.1067
	59106	0.1068
	54499	0.1073
	57237	0.1076
	58337	0.108
	50878	0.1082
	50873	0.1095
	58570	0.1101
	57737	0.1104
	53599	0.1108
	58404	0.1114
	57417	0.1116
	55294	0.1123
	53685	0.1125
	57326	0.1125
	57960	0.1127
	58607	0.113
	58550	0.1157
	58338	0.1158
	55228	0.1167
	58433	0.1179
	52833	0.1198
	58510	0.1214
	53517	0.1224
	57742	0.1236
	54399	0.1239
	58241	0.1245
	58344	0.1271
	53852	0.1312
	56443	0.1314
	57414	0.1315
	59022	0.1315
	50548	0.1321
	58548	0.1342
	52203	0.1346
	59023	0.1346
	51765	0.1354
	53782	0.1375
	58627	0.1378
	53576	0.139
	57124	0.14
	58020	0.1412
	58501	0.1413
	56492	0.1424
	58415	0.1429
	57329	0.1441
	57083	0.1453
	54102	0.1461
	58245	0.1473
	56959	0.1482
	58401	0.1492
	58317	0.153
	51330	0.1531
	58230	0.1538
	57426	0.1559
	53874	0.1577
	57043	0.1579
	59847	0.1594
	51642	0.162
	53780	0.162
	57907	0.1624
	57095	0.1644
	51777	0.1656
	57089	0.1677
	50832	0.1701
	59855	0.1726
	58530	0.1747
	58519	0.1759
	57771	0.1764
	53324	0.1784
	58836	0.1792
	53336	0.1828
	56665	0.1848
	58334	0.1858
	53976	0.1876
	57666	0.1879
	53673	0.1895
	51644	0.1896
	59470	0.19
	57947	0.1927
	54597	0.193
	50445	0.1931
	53596	0.1932
	58250	0.1942
	53955	0.1948
	57031	0.195
	59321	0.1958
	59289	0.1971
	54622	0.1978
	53579	0.1984
	50246	0.2
	53771	0.2023
	59004	0.2028
	57955	0.2061
	51629	0.2076
	57314	0.2076
	54610	0.2094
	58843	0.2119
	50774	0.2125
	58049	0.2125
	56485	0.2126
	56975	0.2146
	56881	0.2152
	57942	0.2156
	57084	0.2179
	50639	0.2185
	57906	0.2185
	57680	0.2193
	58438	0.2199
	59313	0.2205
	58022	0.2209
	58626	0.2211
	59215	0.2214
	53464	0.2237
	57710	0.2267
	53687	0.2277
	56185	0.2285
	58424	0.2322
	57070	0.2328
	54527	0.2329
	57324	0.2333
	57052	0.2361
	58523	0.2367
	51241	0.2387
	58500	0.2397
	58435	0.2402
	58027	0.2411
	54618	0.2415
	53490	0.2418
	58929	0.2427
	53776	0.2429
	57072	0.2468
	54410	0.2472
	51438	0.2481
	56964	0.2523
	56595	0.2527
	53505	0.2539
	53693	0.2566
	56399	0.2568
	51087	0.2571
	51156	0.2577
	52974	0.2582
	57921	0.2592
	57416	0.2598
	57682	0.2603
	56312	0.2618
	58652	0.2618
	57679	0.2629
	57485	0.2643
	57318	0.2644
	57744	0.2651
	57525	0.267
	56498	0.2675
	57137	0.2696
	58605	0.2701
	57865	0.2709
	51436	0.2726
	57948	0.2736
	54012	0.274
	57754	0.2741
	56394	0.2776
	57965	0.2784
	51855	0.2806
	57512	0.2809
	51053	0.2813
	59269	0.2826
	57523	0.2852
	53725	0.2862
	58646	0.2878
	57867	0.2884
	57916	0.2889
	57913	0.2891
	54579	0.2893
	56459	0.2914
	57835	0.2922
	57313	0.2923
	59025	0.2943
	57333	0.295
	57071	0.2952
	50939	0.2955
	57922	0.297
	58710	0.297
	56761	0.3016
	59027	0.3033
	56785	0.3049
	54528	0.3052
	56882	0.3056
	59205	0.3066
	56763	0.308
	57776	0.3104
	59264	0.3118
	51828	0.3124
	56675	0.3125
	53982	0.313
	53486	0.3136
	51243	0.3145
	57792	0.3146
	57728	0.315
	51829	0.3162
	56670	0.3169
	58409	0.3172
	57687	0.3178
	58446	0.319
	51352	0.3208
	57498	0.3225
	58024	0.3238
	54293	0.3253
	50247	0.3257
	54406	0.3258
	58503	0.3277
	57496	0.328
	56592	0.3301
	57708	0.3301
	54476	0.3322
	54615	0.3329
	57769	0.3333
	56182	0.3375
	50564	0.3394
	58602	0.3394
	53602	0.3425
	53970	0.3429
	50658	0.3435
	51232	0.3456
	57761	0.3467
	56994	0.3473
	58265	0.3478
	58143	0.3486
	57520	0.3498
	55680	0.3503
	59127	0.3511
	59007	0.3519
	53617	0.3522
	50859	0.3529
	57401	0.3537
	54031	0.3555
	56178	0.3596
	58359	0.3597
	56889	0.3601
	58824	0.3604
	56862	0.3607
	58235	0.3618
	56227	0.3626
	59266	0.3627
	58351	0.365
	58362	0.3662
	53860	0.367
	57874	0.3674
	58249	0.3695
	59038	0.3706
	58426	0.3707
	58647	0.3707
	58557	0.371
	57870	0.3714
	53478	0.3721
	58477	0.3724
	59052	0.3729
	58427	0.3735
	53646	0.3748
	57699	0.3795
	58625	0.3795
	57614	0.3799
	58923	0.3813
	58517	0.3814
	54291	0.384
	56594	0.3847
	56374	0.389
	56567	0.3893
	58934	0.3897
	57208	0.3925
	56977	0.3947
	58139	0.3961
	56575	0.3965
	56475	0.3969
	58527	0.3998
	51526	0.3999
	56489	0.3999
	58606	0.4001
	54192	0.4024
	59644	0.4024
	51346	0.4037
	56869	0.4046
	56777	0.4049
	53692	0.4053
	58484	0.4062
	58407	0.4073
	56645	0.4076
	52607	0.4083
	51186	0.4092
	56673	0.4095
	51137	0.4099
	58751	0.4113
	56995	0.4125
	50349	0.4149
	58264	0.4159
	57032	0.4169
	57834	0.417
	57857	0.4181
	58730	0.4191
	57774	0.4192
	59322	0.4197
	56952	0.42
	59487	0.4229
	56986	0.4233
	51707	0.4241
	56180	0.4282
	56751	0.4288
	59041	0.4317
	50915	0.4355
	51814	0.4371
	59131	0.4378
	58928	0.4404
	57805	0.4444
	57936	0.4458
	58353	0.4471
	57841	0.4474
	56669	0.4479
	59656	0.4487
	59647	0.4509
	58659	0.4512
	57956	0.4531
	53968	0.4542
	58257	0.4544
	57317	0.4554
	51076	0.4557
	51329	0.4579
	55472	0.458
	57839	0.4581
	57866	0.461
	51059	0.4632
	51720	0.4632
	57923	0.4645
	59268	0.4666
	56584	0.4687
	58251	0.469
	59211	0.4695
	57128	0.4707
	51359	0.4714
	58414	0.4714
	56172	0.4739
	51804	0.4743
	54719	0.4745
	56478	0.4769
	59845	0.477
	53618	0.4796
	59122	0.4808
	58140	0.4814
	58335	0.4819
	57975	0.4832
	58238	0.4843
	57054	0.4867
	57605	0.488
	59241	0.488
	56992	0.4881
	51328	0.4893
	57513	0.4902
	56671	0.4908
	56879	0.4909
	57829	0.4909
	59256	0.4926
	57760	0.4934
	57431	0.4939
	58428	0.4954
	51818	0.496
	51572	0.4969
	57085	0.4975
	53929	0.4987
	58546	0.4991
	58813	0.5005
	57978	0.5007
	57509	0.504
	59021	0.5045
	54645	0.5062
	58623	0.5066
	53663	0.5083
	58419	0.5116
	50779	0.5152
	57719	0.5173
	58254	0.5196
	58615	0.5201
	57511	0.521
	57828	0.5224
	59124	0.5229
	59213	0.5234
	51826	0.5237
	59117	0.5237
	59856	0.5237
	59012	0.5257
	59047	0.5259
	56783	0.5275
	56387	0.5317
	57714	0.5331
	56578	0.5342
	59088	0.5365
	51477	0.5388
	51810	0.5392
	57910	0.5401
	54607	0.541
	56652	0.5417
	56183	0.5418
	53612	0.5448
	57604	0.5461
	57696	0.5469
	57903	0.5507
	56586	0.5508
	58508	0.5508
	56569	0.551
	51581	0.5532
	58903	0.5544
	58616	0.5547
	59051	0.5552
	57900	0.5603
	57827	0.5615
	57860	0.5631
	57853	0.5654
	57914	0.5654
	58725	0.567
	54474	0.5679
	53419	0.5683
	57954	0.5715
	58365	0.5722
	58608	0.5754
	53619	0.5772
	59287	0.5787
	56880	0.5796
	56596	0.581
	58243	0.5815
	58146	0.5824
	59015	0.5831
	59001	0.5834
	58158	0.5857
	58343	0.5857
	57598	0.5864
	57969	0.5882
	52575	0.5906
	59278	0.5911
	58600	0.5919
	54513	0.5925
	53594	0.5945
	56767	0.5947
	51628	0.5964
	51627	0.5996
	58502	0.6023
	58456	0.6039
	57673	0.6046
	58906	0.6058
	59065	0.6097
	56782	0.612
	53588	0.6132
	58820	0.6155
	57825	0.6158
	53529	0.6177
	57908	0.6183
	58819	0.6205
	57517	0.6208
	53723	0.6217
	59284	0.622
	54096	0.6228
	56674	0.6239
	51567	0.6256
	57768	0.6259
	59046	0.6275
	51571	0.632
	59102	0.6321
	57912	0.6334
	59488	0.6346
	51717	0.6365
	51811	0.6372
	59265	0.6375
	51353	0.6376
	58558	0.6409
	57063	0.6415
	56585	0.6436
	57772	0.6502
	57405	0.6512
	56764	0.6517
	58701	0.6536
	56766	0.6537
	56654	0.6581
	57964	0.6587
	57844	0.6637
	51815	0.6676
	58822	0.6699
	51431	0.6727
	58715	0.6727
	57510	0.6737
	58451	0.6758
	54401	0.6771
	58559	0.6801
	58714	0.6861
	58369	0.6872
	58658	0.6883
	56357	0.6886
	51573	0.6894
	57932	0.6904
	59462	0.692
	56499	0.6924
	57491	0.6951
	56871	0.6961
	58828	0.6967
	57502	0.698
	58450	0.698
	58361	0.7
	58462	0.7015
	56867	0.7034
	51559	0.7059
	51238	0.7073
	58712	0.7095
	58609	0.7119
	57957	0.7144
	59446	0.7164
	59072	0.7247
	58417	0.7249
	58823	0.7275
	58917	0.7285
	52968	0.7289
	57612	0.7291
	57609	0.7297
	54939	0.7314
	57238	0.734
	51469	0.7354
	58754	0.7372
	58461	0.7381
	57800	0.7393
	58622	0.7399
	58826	0.7406
	56793	0.7437
	56755	0.7443
	57909	0.7444
	57053	0.7448
	58706	0.7454
	51378	0.7469
	58844	0.7473
	58619	0.7484
	57402	0.7486
	59650	0.749
	51839	0.7513
	54497	0.7524
	58818	0.7562
	56984	0.7579
	58731	0.758
	57518	0.7603
	51377	0.7612
	58936	0.7665
	56792	0.7676
	57814	0.7689
	57816	0.772
	59664	0.7742
	58926	0.7751
	56891	0.7761
	57958	0.7793
	58601	0.7808
	51145	0.7841
	59126	0.7861
	58443	0.7904
	51656	0.7913
	53978	0.7932
	57766	0.7964
	56772	0.7968
	57813	0.7972
	56146	0.7982
	56184	0.7986
	56875	0.8009
	57811	0.8014
	51433	0.8025
	56886	0.8055
	58346	0.8057
	58418	0.8114
	58567	0.8163
	59055	0.8166
	59064	0.8183
	58537	0.8203
	57061	0.8205
	58549	0.8222
	58268	0.8239
	57763	0.8244
	56778	0.8263
	58529	0.8327
	51435	0.8338
	58834	0.8347
	56987	0.8348
	56781	0.8367
	51434	0.8394
	59075	0.8406
	59113	0.8428
	59114	0.8453
	58620	0.846
	59271	0.8483
	59478	0.8491
	57505	0.8513
	51365	0.8521
	51931	0.8523
	53512	0.8567
	57729	0.8578
	57074	0.8583
	58556	0.8605
	51133	0.8685
	56691	0.8723
	58745	0.8726
	57962	0.8733
	56651	0.8746
	58806	0.8797
	51465	0.8836
	58259	0.8847
	58931	0.8865
	56885	0.8883
	56580	0.8992
	58634	0.9014
	57603	0.9041
	58360	0.9068
	53518	0.907
	59485	0.9088
	59475	0.9235
	58737	0.9253
	51288	0.9261
	57840	0.9302
	58145	0.9314
	58921	0.9328
	58154	0.9344
	59481	0.9375
	57905	0.9391
	58935	0.9436
	58624	0.9452
	58918	0.947
	57024	0.9556
	59480	0.964
	58148	0.9733
	51369	0.9798
	56593	0.9854
	58927	0.9855
	52818	0.9882
	56985	0.9898
	57044	0.9972
	58657	0.9993
	58933	1.0009
	59441	1.0014
	56978	1.0034
	56666	1.0142
	57762	1.0144
	57902	1.0187
	57837	1.0216
	58455	1.023
	58423	1.0271
	56790	1.0315
	58463	1.0365
	59116	1.0444
	58750	1.0751
	57915	1.0765
	58752	1.0802
	58547	1.0806
	57420	1.0851
	53979	1.095
	58938	1.1033
	59053	1.1062
	51379	1.1071
	52101	1.1085
	57949	1.1089
	57051	1.1106
	57807	1.113
	59654	1.114
	59249	1.1183
	57911	1.1266
	56876	1.13
	58507	1.1407
	58635	1.1427
	53615	1.1465
	56664	1.1479
	58911	1.1518
	59246	1.1529
	57514	1.1638
	57707	1.165
	58452	1.1661
	59653	1.1729
	58944	1.1743
	59137	1.1772
	57506	1.1778
	59280	1.1798
	53614	1.1808
	58848	1.1812
	56493	1.1816
	57134	1.1829
	57758	1.1884
	56878	1.1945
	58742	1.2013
	59061	1.2066
	58814	1.214
	58437	1.2157
	59448	1.216
	59456	1.2213
	53498	1.2234
	58912	1.2265
	53519	1.2306
	58932	1.2317
	58633	1.2352
	56496	1.24
	51568	1.2477
	57818	1.2497
	57411	1.2499
	57508	1.2518
	59071	1.2536
	59242	1.259
	58460	1.2697
	53611	1.2845
	59134	1.3015
	56872	1.3071
	59673	1.3077
	57413	1.3121
	51482	1.3138
	53610	1.3199
	59254	1.3199
	57519	1.3204
	57767	1.3264
	56883	1.3341
	58821	1.3395
	59658	1.3488
	59059	1.3521
	59235	1.3717
	51463	1.3757
	59471	1.3913
	57809	1.4076
	57608	1.4101
	59074	1.4158
	58468	1.4218
	58467	1.425
	59238	1.4346
	56768	1.4369
	58568	1.4606
	58614	1.4835
	58555	1.5088
	57516	1.5301
	56649	1.5303
	58704	1.5471
	57732	1.5561
	58846	1.5588
	51470	1.5773
	58458	1.5996
	58563	1.6277
	59655	1.6924
	58744	1.6936
	58749	1.7329
	57808	1.7893
	51655	1.7961
	59663	1.8013
	59659	1.8017
	57806	1.8052
	58644	1.8182
	56598	1.8203
	59453	1.8458
	58654	1.8468
	58631	1.8525
	58847	1.9087
	59452	1.9451
	59255	1.9701
	58748	2.0257
	59133	2.0628
	58941	2.0938
	58940	2.1101
	59476	2.1573
	58845	2.165
	59469	2.2229
	59276	2.2656
	58562	2.2723
	58746	2.3638
	54311	2.3854
	59451	2.3871
	59279	2.389
	59449	2.3964
	58946	2.4554
	58747	2.4871
	59288	2.5864
	58942	2.6746
	59057	2.7122
	59473	2.7175
	59457	2.7324
	56697	2.7337
