	54939	-2.6372
	54938	-2.6202
	58036	-2.5597
	58040	-2.4771
	58044	-2.4434
	57303	-2.312
	54848	-2.2913
	58016	-2.2503
	58047	-2.2464
	57180	-2.214
	58032	-2.1911
	58026	-2.1746
	58131	-2.1665
	57094	-2.1653
	51328	-2.1559
	58038	-2.1239
	57182	-2.0703
	58122	-2.0632
	58114	-2.0616
	58102	-2.0579
	57192	-2.0494
	53987	-2.0441
	58048	-2.0049
	54766	-1.9946
	57191	-1.987
	54455	-1.9674
	57087	-1.9649
	54935	-1.9635
	54841	-1.9443
	58100	-1.9171
	57086	-1.9161
	54929	-1.9035
	54752	-1.903
	54940	-1.9023
	54347	-1.8726
	54568	-1.8564
	58021	-1.8523
	57075	-1.8412
	57078	-1.8392
	54908	-1.8326
	53979	-1.8231
	58035	-1.8213
	58041	-1.8209
	57184	-1.8169
	56493	-1.8034
	51438	-1.796
	53576	-1.7959
	57089	-1.7944
	58126	-1.7932
	54855	-1.7836
	57185	-1.7823
	58003	-1.7822
	54759	-1.7813
	53989	-1.7789
	58008	-1.7747
	58132	-1.7728
	51434	-1.7715
	54776	-1.7714
	56074	-1.7708
	58130	-1.7614
	53599	-1.7447
	57072	-1.7438
	57099	-1.7435
	57095	-1.7429
	58128	-1.7422
	57181	-1.7287
	51437	-1.7059
	58027	-1.6932
	57162	-1.6898
	54846	-1.6881
	57368	-1.6853
	56084	-1.6846
	54751	-1.6763
	53972	-1.6677
	54753	-1.6626
	57090	-1.6612
	57176	-1.6586
	53795	-1.6542
	53988	-1.6515
	58025	-1.6513
	58118	-1.6459
	51430	-1.6445
	53682	-1.6435
	58013	-1.6381
	57016	-1.6307
	58020	-1.6277
	57173	-1.6251
	53276	-1.6247
	57178	-1.62
	53792	-1.6155
	57140	-1.6137
	51435	-1.6114
	58034	-1.6084
	57186	-1.6077
	57081	-1.6062
	53992	-1.6038
	54727	-1.5999
	57082	-1.5984
	59133	-1.5971
	54505	-1.5964
	57098	-1.5935
	57175	-1.5931
	53690	-1.5893
	57029	-1.5861
	57080	-1.5844
	57079	-1.5839
	57021	-1.5822
	54712	-1.5711
	58117	-1.5687
	54932	-1.5678
	51433	-1.5674
	58125	-1.5658
	53697	-1.5626
	53984	-1.5623
	57179	-1.5564
	56081	-1.5548
	58111	-1.5516
	54700	-1.5504
	57315	-1.5466
	53886	-1.5461
	56082	-1.5331
	54765	-1.5281
	54923	-1.5256
	54831	-1.5244
	54327	-1.5235
	58140	-1.5216
	53982	-1.5169
	57306	-1.5167
	57044	-1.5163
	57195	-1.5088
	58022	-1.5051
	54774	-1.5048
	54943	-1.5035
	57251	-1.5028
	54857	-1.5024
	56079	-1.4979
	57188	-1.4973
	57196	-1.4963
	58109	-1.4903
	54900	-1.4891
	51329	-1.4848
	54731	-1.4785
	57004	-1.4757
	54608	-1.4723
	54829	-1.4659
	56092	-1.4607
	57143	-1.4601
	57155	-1.4562
	58107	-1.4559
	53880	-1.4546
	54852	-1.454
	53688	-1.4524
	54842	-1.4486
	57183	-1.4459
	54907	-1.4455
	51431	-1.4398
	57067	-1.4241
	57377	-1.4202
	58222	-1.4185
	54734	-1.4177
	57993	-1.4171
	54825	-1.4106
	54475	-1.4102
	53782	-1.4089
	53584	-1.4083
	54851	-1.404
	54724	-1.4024
	57486	-1.4007
	56091	-1.3983
	54902	-1.3913
	57198	-1.3868
	53973	-1.3865
	57096	-1.3837
	57194	-1.3818
	57025	-1.3813
	53689	-1.376
	54835	-1.3712
	58007	-1.3705
	54439	-1.3663
	53917	-1.365
	54822	-1.3601
	54187	-1.3585
	51377	-1.3488
	57035	-1.345
	57084	-1.34
	54618	-1.3362
	54749	-1.3326
	53889	-1.3314
	57083	-1.3308
	53699	-1.3307
	57091	-1.3279
	57193	-1.3271
	54853	-1.327
	53978	-1.3261
	57039	-1.3256
	54386	-1.3254
	58127	-1.3242
	54453	-1.3205
	58203	-1.3204
	58129	-1.3178
	57040	-1.3153
	57033	-1.3124
	57003	-1.3079
	57460	-1.3077
	54824	-1.3053
	54711	-1.3019
	57006	-1.3002
	57074	-1.2981
	57001	-1.2977
	54377	-1.2966
	54539	-1.2945
	54614	-1.2929
	58135	-1.2927
	58049	-1.2921
	57431	-1.2915
	54579	-1.2913
	53927	-1.2908
	51465	-1.2874
	53585	-1.2868
	53997	-1.283
	57154	-1.2818
	54726	-1.2803
	57129	-1.2793
	53691	-1.2726
	53975	-1.2716
	53488	-1.2696
	51330	-1.267
	54486	-1.2668
	57002	-1.26
	58223	-1.2596
	58944	-1.2585
	54837	-1.2581
	54449	-1.2489
	54715	-1.2447
	57378	-1.2418
	54701	-1.241
	57031	-1.2391
	56492	-1.2382
	54764	-1.2379
	54532	-1.2373
	54436	-1.2355
	53915	-1.2332
	56093	-1.2311
	52998	-1.2238
	53976	-1.2231
	57070	-1.222
	57076	-1.2219
	57132	-1.2215
	54437	-1.2215
	54916	-1.2192
	54730	-1.2185
	57012	-1.2184
	57308	-1.2169
	51436	-1.2151
	53391	-1.2136
	57169	-1.2132
	58012	-1.2126
	57071	-1.2122
	51469	-1.2099
	54806	-1.2093
	57314	-1.2083
	57278	-1.2063
	56065	-1.2055
	53680	-1.2046
	53695	-1.2043
	59094	-1.2025
	58143	-1.2003
	54531	-1.1961
	53579	-1.194
	58141	-1.1931
	58104	-1.1911
	58017	-1.1908
	57057	-1.1884
	54644	-1.1865
	54729	-1.1859
	51369	-1.1858
	57187	-1.1841
	54584	-1.1797
	57034	-1.1767
	54621	-1.1762
	57144	-1.175
	57061	-1.174
	58108	-1.171
	58221	-1.1677
	53789	-1.1677
	53791	-1.1646
	57032	-1.1607
	54778	-1.16
	57077	-1.1592
	59063	-1.1587
	58001	-1.1571
	53938	-1.1562
	57189	-1.156
	59131	-1.1552
	54814	-1.1467
	53995	-1.1421
	54811	-1.1419
	53574	-1.1404
	54808	-1.1387
	54807	-1.1326
	54849	-1.1313
	54569	-1.13
	54716	-1.1288
	56959	-1.1288
	58224	-1.1284
	54590	-1.1283
	57233	-1.1264
	58024	-1.1258
	54710	-1.1202
	57339	-1.1183
	57020	-1.1167
	57387	-1.1091
	54335	-1.1083
	57128	-1.1071
	57381	-1.1054
	54515	-1.1045
	54844	-1.1038
	53696	-1.1
	54454	-1.0986
	57265	-1.0985
	54917	-1.0974
	53923	-1.0972
	53384	-1.0952
	57318	-1.095
	57038	-1.0939
	58011	-1.0934
	56976	-1.0914
	58202	-1.0902
	58101	-1.09
	54501	-1.0876
	57292	-1.0858
	54861	-1.0837
	54871	-1.0803
	53998	-1.0799
	57024	-1.0798
	54493	-1.0789
	57023	-1.0775
	54628	-1.077
	54909	-1.0751
	58926	-1.0751
	54266	-1.0739
	53993	-1.0718
	56386	-1.0687
	53926	-1.0684
	57271	-1.0648
	53483	-1.0621
	54921	-1.0616
	57313	-1.0603
	54843	-1.0582
	54323	-1.0575
	54722	-1.0574
	54617	-1.0562
	57469	-1.056
	57475	-1.0557
	53991	-1.0547
	54507	-1.0522
	53694	-1.0522
	54525	-1.0513
	57007	-1.0492
	54821	-1.0487
	58015	-1.0451
	54337	-1.0448
	54620	-1.0445
	54922	-1.0441
	57014	-1.0397
	53378	-1.0388
	57113	-1.0387
	57385	-1.0379
	58212	-1.0379
	56954	-1.0363
	54660	-1.0341
	54342	-1.0339
	53289	-1.0334
	57124	-1.0308
	58934	-1.0289
	54604	-1.0279
	59107	-1.0253
	57507	-1.022
	57320	-1.0202
	56487	-1.0198
	54738	-1.0186
	54736	-1.0154
	57261	-1.0121
	53974	-1.0113
	58139	-1.0085
	57254	-1.008
	53908	-1.0055
	54744	-1.0049
	59117	-1.0032
	53986	-1.0001
	53784	-0.9999
	57273	-0.9982
	54601	-0.9968
	57134	-0.9962
	54596	-0.9953
	54836	-0.9947
	53970	-0.994
	57438	-0.989
	53798	-0.9834
	57137	-0.9797
	57231	-0.9772
	54624	-0.9732
	57285	-0.9731
	54597	-0.973
	54611	-0.9725
	53397	-0.9676
	54412	-0.9636
	57851	-0.9605
	58210	-0.96
	58923	-0.9587
	56287	-0.9571
	57063	-0.9567
	57358	-0.9542
	58147	-0.9536
	52707	-0.9513
	54662	-0.951
	57048	-0.9502
	57260	-0.9486
	57279	-0.9483
	54927	-0.9464
	51356	-0.9442
	53796	-0.943
	54520	-0.9417
	54406	-0.9398
	57066	-0.9391
	51358	-0.934
	57008	-0.9328
	58145	-0.9283
	53676	-0.9265
	57056	-0.9257
	57102	-0.9257
	57388	-0.9252
	53529	-0.921
	52957	-0.9203
	57324	-0.92
	54737	-0.9163
	57026	-0.9154
	54901	-0.9136
	57477	-0.9136
	54452	-0.9133
	53891	-0.9131
	54609	-0.9091
	54353	-0.9043
	58942	-0.9006
	54810	-0.8988
	54713	-0.8978
	56378	-0.8933
	58006	-0.8923
	51470	-0.8896
	54910	-0.8877
	54719	-0.8855
	54863	-0.8852
	54332	-0.8827
	57941	-0.8826
	54914	-0.8825
	58154	-0.8822
	57027	-0.8812
	58928	-0.8797
	54425	-0.879
	54438	-0.8782
	57505	-0.876
	57845	-0.8738
	57485	-0.8735
	54339	-0.8731
	54506	-0.8717
	54817	-0.8701
	54541	-0.8681
	56485	-0.8678
	58225	-0.8666
	54434	-0.8656
	54331	-0.8649
	59106	-0.8632
	57408	-0.8608
	57274	-0.8587
	54534	-0.8577
	57309	-0.8552
	53573	-0.8547
	56071	-0.8543
	54398	-0.8527
	57395	-0.8515
	54636	-0.8513
	54237	-0.8475
	54605	-0.8471
	54815	-0.8471
	53590	-0.8468
	57051	-0.8451
	58929	-0.8433
	53385	-0.8425
	51463	-0.8391
	59298	-0.8371
	54499	-0.836
	56846	-0.8357
	57106	-0.8356
	57439	-0.8351
	54267	-0.835
	53994	-0.8339
	54410	-0.831
	58220	-0.8307
	57211	-0.83
	53928	-0.8271
	54474	-0.827
	58215	-0.8254
	53983	-0.8253
	58243	-0.8251
	54122	-0.8237
	53681	-0.8233
	58146	-0.8226
	57363	-0.8215
	58150	-0.8197
	57047	-0.8185
	57028	-0.8165
	54521	-0.8155
	57517	-0.8151
	54311	-0.8141
	56128	-0.8125
	53965	-0.8123
	54205	-0.8118
	53492	-0.8104
	59114	-0.8072
	57295	-0.8051
	53888	-0.8034
	57432	-0.8001
	57085	-0.7998
	53673	-0.7987
	57540	-0.7982
	58002	-0.7977
	54432	-0.7977
	53773	-0.7975
	57326	-0.7949
	57054	-0.794
	54703	-0.7932
	53925	-0.7911
	54640	-0.7906
	51087	-0.79
	53794	-0.7894
	58004	-0.7863
	54535	-0.782
	57093	-0.7818
	59304	-0.7816
	53981	-0.7811
	53797	-0.7796
	59137	-0.7792
	53692	-0.7762
	53419	-0.7755
	57290	-0.7749
	58138	-0.7664
	57458	-0.7661
	54497	-0.7616
	56489	-0.7613
	57370	-0.7578
	59264	-0.7573
	58214	-0.7551
	52988	-0.7544
	56593	-0.7541
	56199	-0.7513
	57976	-0.751
	51145	-0.749
	54519	-0.7474
	57975	-0.7466
	57995	-0.7443
	59092	-0.7433
	54607	-0.7429
	51186	-0.7384
	57232	-0.7381
	56393	-0.7349
	56946	-0.7345
	54819	-0.7319
	54915	-0.7296
	57293	-0.7279
	53962	-0.7268
	53916	-0.7244
	54805	-0.7236
	57992	-0.7226
	59090	-0.7226
	54830	-0.7216
	57545	-0.7213
	57119	-0.7201
	59268	-0.72
	53937	-0.7192
	54827	-0.7185
	54702	-0.718
	53195	-0.717
	57127	-0.7166
	57541	-0.7157
	53693	-0.7145
	57247	-0.7138
	57281	-0.7085
	54494	-0.7083
	53593	-0.707
	57294	-0.7067
	54405	-0.7065
	53967	-0.7056
	58148	-0.7055
	56592	-0.704
	56480	-0.7025
	57296	-0.6962
	53588	-0.6961
	54626	-0.6956
	57492	-0.6942
	57045	-0.6939
	57011	-0.6931
	59061	-0.6925
	57268	-0.6907
	54371	-0.6904
	57037	-0.6899
	57493	-0.6876
	53985	-0.6866
	57348	-0.6857
	57237	-0.6847
	57964	-0.6833
	54903	-0.6832
	53785	-0.6828
	56841	-0.6813
	54918	-0.6806
	54305	-0.6773
	54708	-0.6764
	53924	-0.6761
	51636	-0.6741
	51059	-0.669
	59293	-0.6683
	54483	-0.6637
	59476	-0.6629
	51357	-0.6628
	54316	-0.6623
	56192	-0.6603
	59297	-0.6602
	53272	-0.659
	59082	-0.6576
	57573	-0.6568
	57361	-0.6558
	54714	-0.655
	53961	-0.6523
	57991	-0.6515
	53878	-0.6512
	54208	-0.6497
	57065	-0.6494
	53582	-0.649
	54728	-0.6486
	52943	-0.6447
	54349	-0.6432
	54502	-0.6427
	57522	-0.6418
	57153	-0.6409
	53968	-0.6396
	51365	-0.6386
	54513	-0.6382
	57390	-0.6382
	59099	-0.6371
	54346	-0.6367
	53498	-0.6366
	54834	-0.6365
	57407	-0.6331
	53941	-0.6303
	57464	-0.6298
	59134	-0.6273
	56389	-0.6217
	57216	-0.6195
	54098	-0.6181
	54510	-0.6172
	53083	-0.6152
	57317	-0.6132
	54826	-0.6131
	57543	-0.609
	54430	-0.6084
	57494	-0.6083
	57177	-0.6057
	54594	-0.6031
	59321	-0.6021
	56373	-0.602
	54627	-0.6012
	53068	-0.6
	57355	-0.599
	56752	-0.5982
	53478	-0.5971
	54616	-0.5969
	58401	-0.595
	58234	-0.5925
	54925	-0.5899
	59052	-0.5896
	59475	-0.589
	57489	-0.581
	53895	-0.5804
	53399	-0.5802
	57046	-0.5792
	54336	-0.5777
	51367	-0.5755
	57206	-0.5722
	58836	-0.5703
	57461	-0.569
	56490	-0.5687
	57402	-0.5687
	53348	-0.567
	53362	-0.5661
	57245	-0.566
	53929	-0.5645
	50913	-0.564
	53861	-0.5638
	54424	-0.5615
	57994	-0.5602
	53996	-0.56
	56969	-0.5585
	57253	-0.5553
	58005	-0.5548
	53517	-0.5532
	53949	-0.5532
	57249	-0.5529
	57401	-0.5527
	53433	-0.5524
	59124	-0.5523
	58242	-0.5483
	53955	-0.5456
	54291	-0.5417
	57043	-0.5408
	54094	-0.5405
	54164	-0.5403
	57973	-0.5394
	51238	-0.5384
	56390	-0.5376
	54606	-0.5375
	54328	-0.5317
	56788	-0.5292
	52968	-0.5286
	53578	-0.5281
	54613	-0.5274
	57111	-0.5259
	56645	-0.5253
	54433	-0.5253
	59116	-0.5252
	54204	-0.5247
	56298	-0.5244
	54518	-0.5229
	53730	-0.5222
	53472	-0.521
	53959	-0.5189
	58205	-0.5176
	53487	-0.5163
	54832	-0.5159
	59473	-0.5146
	52856	-0.5089
	57343	-0.5088
	53964	-0.507
	53956	-0.5069
	54801	-0.5065
	54186	-0.5059
	59064	-0.5055
	54333	-0.5003
	54213	-0.4995
	51777	-0.4984
	56842	-0.4981
	59246	-0.4978
	53890	-0.4965
	57399	-0.4956
	54154	-0.4952
	54514	-0.4939
	57981	-0.4885
	54117	-0.4879
	54049	-0.4876
	56646	-0.4868
	53486	-0.4862
	53958	-0.4809
	54374	-0.4808
	54471	-0.4806
	56497	-0.4778
	57514	-0.4775
	54755	-0.477
	53788	-0.4769
	59477	-0.4745
	51241	-0.4715
	51133	-0.4707
	54320	-0.47
	54610	-0.4678
	57466	-0.4676
	57307	-0.4642
	51717	-0.4639
	54064	-0.4632
	54816	-0.4631
	51629	-0.462
	53562	-0.4568
	53533	-0.456
	56376	-0.4552
	56483	-0.4531
	54214	-0.4531
	59270	-0.4525
	50468	-0.4513
	57476	-0.4503
	51378	-0.4484
	57022	-0.4481
	57053	-0.4476
	50867	-0.4457
	56395	-0.4446
	57491	-0.4445
	53883	-0.442
	53594	-0.4391
	54318	-0.4391
	52982	-0.4371
	54428	-0.4351
	57110	-0.4331
	56095	-0.4326
	54511	-0.432
	58744	-0.4308
	59215	-0.4294
	53698	-0.4277
	55664	-0.4272
	56295	-0.4239
	57612	-0.4237
	52995	-0.4227
	54707	-0.4207
	59072	-0.4196
	54325	-0.4156
	53966	-0.415
	57213	-0.4142
	58241	-0.412
	57359	-0.4096
	53490	-0.4085
	58237	-0.405
	57966	-0.4037
	58208	-0.3997
	57523	-0.3991
	54528	-0.3988
	56399	-0.3972
	54096	-0.3972
	54911	-0.3964
	57954	-0.3954
	57518	-0.3946
	59081	-0.3943
	53149	-0.3934
	54419	-0.3925
	57445	-0.3903
	59269	-0.39
	54913	-0.3898
	56280	-0.3885
	54512	-0.3882
	54602	-0.3879
	53783	-0.3878
	57965	-0.3876
	50937	-0.3858
	52986	-0.3854
	53879	-0.3847
	59319	-0.3839
	52984	-0.3814
	57055	-0.3812
	50915	-0.3807
	58030	-0.3806
	56499	-0.3803
	54416	-0.3791
	54249	-0.377
	58935	-0.3764
	53954	-0.3752
	54026	-0.3749
	57974	-0.3748
	56067	-0.3742
	57972	-0.364
	57256	-0.3608
	58235	-0.3587
	58230	-0.3563
	54165	-0.3558
	56043	-0.3553
	51656	-0.354
	53545	-0.3528
	58918	-0.349
	52955	-0.3484
	58905	-0.3476
	54603	-0.346
	57839	-0.346
	57895	-0.3417
	54286	-0.3396
	56474	-0.3379
	58323	-0.3371
	51730	-0.334
	54274	-0.3319
	54421	-0.3304
	56180	-0.3294
	54828	-0.3271
	59289	-0.327
	53553	-0.3248
	56394	-0.3243
	57126	-0.3229
	54260	-0.3228
	56046	-0.3223
	51359	-0.3207
	56171	-0.3188
	54833	-0.3165
	56396	-0.3147
	57465	-0.3142
	51639	-0.3078
	53868	-0.3075
	57482	-0.3052
	54181	-0.305
	53898	-0.302
	57398	-0.301
	54623	-0.2946
	51137	-0.2926
	51076	-0.2905
	53882	-0.2895
	57242	-0.2881
	57425	-0.2837
	55437	-0.2832
	59324	-0.2823
	53950	-0.2821
	53957	-0.2787
	59109	-0.2781
	58927	-0.2753
	56584	-0.273
	53947	-0.2718
	57766	-0.2711
	51642	-0.2705
	57571	-0.2677
	57989	-0.2674
	59242	-0.267
	50353	-0.2669
	58932	-0.2664
	53685	-0.266
	58806	-0.2651
	52436	-0.2646
	54717	-0.2637
	53467	-0.2626
	57857	-0.2625
	57603	-0.2623
	57328	-0.2601
	54818	-0.2584
	53963	-0.256
	59449	-0.2558
	52833	-0.2546
	59125	-0.2537
	56380	-0.2519
	57362	-0.2503
	53906	-0.2478
	51765	-0.2459
	54326	-0.2459
	57297	-0.2454
	54156	-0.243
	54365	-0.2427
	51068	-0.2409
	54319	-0.2393
	54777	-0.2373
	53781	-0.237
	57217	-0.2352
	57942	-0.235
	56434	-0.2342
	53499	-0.2341
	51567	-0.2319
	53357	-0.2313
	52974	-0.2276
	57248	-0.2261
	51705	-0.224
	56854	-0.2205
	54408	-0.2178
	53392	-0.2169
	57481	-0.2159
	58921	-0.2154
	54431	-0.2122
	56951	-0.2097
	58251	-0.2085
	53740	-0.2064
	53894	-0.2047
	52978	-0.2042
	57409	-0.2029
	54285	-0.202
	57609	-0.2018
	54404	-0.2017
	55248	-0.1984
	58240	-0.1981
	57988	-0.1971
	53948	-0.1964
	57936	-0.1947
	56665	-0.1939
	50965	-0.1918
	54261	-0.1904
	58247	-0.1891
	59126	-0.1886
	54725	-0.1873
	54704	-0.1855
	53787	-0.1844
	54324	-0.1818
	50968	-0.1802
	59303	-0.1793
	57969	-0.1792
	54709	-0.1791
	53352	-0.1751
	57405	-0.1739
	53665	-0.1722
	59075	-0.1706
	54527	-0.1687
	53565	-0.165
	59130	-0.1639
	54363	-0.1598
	50833	-0.1596
	58207	-0.1571
	58750	-0.1539
	53343	-0.1532
	53884	-0.1527
	57426	-0.151
	51156	-0.1473
	54632	-0.1462
	57389	-0.1457
	54234	-0.1437
	57604	-0.1399
	54420	-0.1384
	58250	-0.1375
	55472	-0.1367
	52842	-0.1355
	52643	-0.1337
	57516	-0.1333
	53799	-0.1326
	52447	-0.1318
	54362	-0.1317
	53873	-0.1306
	57554	-0.1289
	52996	-0.1287
	59316	-0.1273
	57483	-0.1258
	50842	-0.1232
	57447	-0.123
	57932	-0.1227
	52863	-0.1218
	59087	-0.1205
	56756	-0.1198
	54517	-0.1188
	53832	-0.1174
	51352	-0.1152
	54231	-0.1152
	56970	-0.1144
	54706	-0.114
	54401	-0.1125
	56867	-0.1118
	51060	-0.1103
	54906	-0.1097
	54619	-0.1078
	53614	-0.1067
	56684	-0.1065
	57259	-0.1064
	56783	-0.1046
	53910	-0.1045
	59034	-0.1042
	57947	-0.1034
	59071	-0.1031
	57042	-0.1029
	54705	-0.1017
	51482	-0.101
	54622	-0.1002
	58946	-0.1
	54809	-0.0979
	54904	-0.0979
	58321	-0.0964
	53666	-0.0926
	56473	-0.0924
	53723	-0.0918
	51053	-0.0915
	53885	-0.0909
	59322	-0.0886
	58907	-0.0874
	52713	-0.0856
	53475	-0.0848
	54292	-0.0834
	53874	-0.0822
	54157	-0.0816
	50928	-0.0783
	53777	-0.0779
	51633	-0.0776
	53980	-0.0776
	57544	-0.0771
	54523	-0.077
	58620	-0.0757
	57510	-0.0755
	54905	-0.0749
	57519	-0.0743
	51811	-0.0738
	54919	-0.0728
	59290	-0.0718
	53892	-0.0695
	54912	-0.0684
	58704	-0.0674
	57416	-0.0666
	54723	-0.0663
	58917	-0.0645
	54225	-0.0643
	56869	-0.0624
	54113	-0.0617
	59102	-0.0616
	51709	-0.0594
	59237	-0.0559
	52993	-0.0556
	53337	-0.0534
	58804	-0.0526
	58843	-0.052
	56125	-0.049
	50958	-0.0484
	50349	-0.046
	58254	-0.0445
	56281	-0.0444
	53522	-0.0436
	56952	-0.0428
	51704	-0.042
	53786	-0.0409
	53674	-0.0396
	52546	-0.0394
	59318	-0.0355
	51495	-0.0334
	57769	-0.0292
	57520	-0.0291
	52515	-0.0283
	57345	-0.0271
	52980	-0.0242
	54284	-0.0227
	57304	-0.0222
	54399	-0.0222
	59462	-0.0213
	56137	-0.0208
	53502	-0.018
	58320	-0.0151
	59488	-0.0149
	57896	-0.0136
	59470	-0.0118
	57509	-0.0098
	55680	-0.0093
	57846	-0.0080
	52652	-0.0080
	58301	-0.0065
	51655	-0.0057
	58245	-0.0041
	54313	-0.0040
	59481	-0.0030
	53612	-3.0E-4
	59469	-2.0E-4
	53580	-1.0E-4
	53491	0.0025
	54031	0.0027
	53771	0.0040
	51542	0.0069
	59053	0.0076
	57926	0.0082
	54161	0.0091
	58158	0.0102
	53829	0.0105
	53664	0.0108
	52313	0.0112
	57299	0.0122
	53780	0.0127
	50832	0.0133
	59480	0.0136
	57865	0.0172
	53732	0.018
	54920	0.0184
	58236	0.0184
	52972	0.0184
	57498	0.0187
	52681	0.0213
	53618	0.022
	55294	0.0222
	58265	0.0239
	58244	0.0287
	50854	0.0289
	52885	0.0298
	56116	0.0303
	57996	0.0309
	52575	0.031
	54351	0.031
	56257	0.0312
	50963	0.0323
	54027	0.033
	53457	0.0337
	52737	0.0369
	53859	0.0374
	59320	0.0413
	54263	0.0415
	54802	0.0421
	57525	0.0458
	50745	0.0468
	57411	0.0475
	55696	0.0476
	58911	0.0499
	58848	0.051
	57496	0.0563
	56097	0.0582
	57513	0.0595
	53619	0.0601
	53769	0.0608
	54134	0.061
	56944	0.0653
	51353	0.0655
	51379	0.0671
	56856	0.0673
	51815	0.0675
	59478	0.0695
	51627	0.07
	58459	0.0704
	57867	0.0711
	52378	0.0777
	53877	0.0784
	54820	0.0788
	53615	0.0796
	52818	0.0805
	57868	0.0814
	56278	0.0832
	59487	0.0842
	52985	0.0847
	58818	0.0873
	53519	0.089
	58847	0.0916
	50742	0.0936
	51802	0.0947
	53945	0.095
	54135	0.096
	58701	0.0963
	52557	0.0966
	56382	0.1021
	56387	0.1026
	53367	0.106
	50739	0.1069
	58714	0.1072
	59654	0.1072
	55279	0.1091
	59256	0.1094
	53772	0.1096
	53543	0.111
	53899	0.1113
	53893	0.1132
	56227	0.1133
	53914	0.1138
	53751	0.114
	56193	0.1141
	51707	0.1142
	54243	0.1189
	50939	0.1194
	54115	0.1195
	57536	0.1218
	53512	0.124
	59074	0.1246
	54503	0.1272
	53577	0.1292
	54803	0.1303
	53866	0.1306
	57581	0.1312
	53881	0.1323
	56045	0.1327
	56739	0.1334
	52112	0.1348
	56958	0.1349
	53446	0.1353
	53617	0.1354
	59492	0.1355
	53596	0.1356
	54024	0.1369
	53897	0.138
	54804	0.1382
	53646	0.1421
	53368	0.1427
	57349	0.1429
	57105	0.1431
	54218	0.145
	57948	0.1457
	52825	0.1472
	57420	0.1478
	57634	0.1484
	57985	0.1497
	56950	0.1504
	59294	0.1523
	57396	0.1524
	53480	0.1524
	53464	0.1544
	56144	0.1562
	57882	0.158
	52983	0.1598
	56596	0.1622
	59017	0.1637
	53759	0.1646
	50788	0.166
	53875	0.1662
	56851	0.1676
	53336	0.1678
	58457	0.168
	50851	0.1686
	53658	0.1687
	57511	0.1707
	54293	0.1735
	56751	0.176
	52424	0.179
	59485	0.1803
	53469	0.1809
	52323	0.1814
	54533	0.1839
	59313	0.1865
	54540	0.1874
	58903	0.1876
	51716	0.188
	53678	0.1882
	56582	0.1883
	53659	0.1914
	50877	0.1916
	57049	0.1919
	56863	0.1921
	57298	0.1936
	58933	0.1945
	52963	0.201
	54321	0.2013
	53863	0.202
	56034	0.2042
	53513	0.2046
	58619	0.2047
	57866	0.2054
	59471	0.2054
	57537	0.2067
	53817	0.2083
	51722	0.2093
	50954	0.21
	53727	0.21
	57662	0.2121
	54069	0.2134
	53611	0.2138
	57853	0.2143
	51701	0.2152
	53896	0.2157
	57060	0.216
	56033	0.2161
	54800	0.2181
	53871	0.2185
	51477	0.2276
	56291	0.2289
	53687	0.2297
	57978	0.2298
	50983	0.2299
	56838	0.2305
	58316	0.2311
	56761	0.2324
	52533	0.2324
	59127	0.2386
	50639	0.2387
	58814	0.2388
	59656	0.2388
	54012	0.2389
	54631	0.2397
	58819	0.2401
	56975	0.2408
	56478	0.2414
	57512	0.2429
	56496	0.244
	53763	0.2445
	54080	0.2449
	54259	0.2453
	58238	0.2467
	56849	0.2479
	59045	0.2496
	57887	0.251
	57329	0.2516
	59122	0.2519
	56575	0.2529
	53778	0.2529
	59033	0.2535
	58824	0.2539
	51346	0.254
	53644	0.2546
	56096	0.2551
	54308	0.2573
	50978	0.2612
	56742	0.2617
	56289	0.2624
	54252	0.2625
	58844	0.2639
	54102	0.264
	59279	0.2642
	56643	0.267
	58760	0.2693
	50445	0.2705
	51826	0.2706
	50936	0.2746
	51810	0.2761
	50557	0.2768
	58565	0.2782
	54615	0.2796
	51814	0.2796
	56247	0.2804
	57960	0.2806
	50618	0.281
	57413	0.2813
	56767	0.2819
	53705	0.2825
	57876	0.2857
	53869	0.288
	54092	0.288
	56948	0.2894
	59044	0.2895
	51288	0.2908
	58311	0.2913
	59663	0.2916
	54132	0.2946
	56284	0.2959
	52495	0.2961
	50778	0.2964
	58268	0.2973
	53853	0.2983
	51232	0.2988
	53679	0.3004
	56567	0.3005
	53481	0.3015
	55681	0.3016
	53669	0.3018
	59229	0.303
	56312	0.3035
	53934	0.3049
	57333	0.3056
	51568	0.3059
	59493	0.3066
	58327	0.3079
	59046	0.308
	59452	0.308
	57990	0.3082
	52876	0.3088
	56184	0.3109
	58402	0.3112
	59091	0.3118
	57582	0.3137
	53768	0.3154
	57415	0.3159
	57502	0.3172
	56317	0.3193
	58752	0.3214
	59280	0.3227
	58458	0.3229
	56835	0.3231
	57874	0.3233
	52661	0.3234
	54244	0.3241
	53848	0.3252
	58931	0.3279
	50749	0.3281
	53770	0.3281
	52884	0.3317
	58345	0.332
	50247	0.3345
	53660	0.3378
	58366	0.3381
	58713	0.3384
	53677	0.3395
	56763	0.3408
	55228	0.3413
	54522	0.343
	54076	0.3431
	56641	0.3444
	57844	0.3472
	54276	0.3483
	52745	0.3489
	59954	0.3531
	50442	0.3591
	55572	0.3594
	58813	0.3598
	58344	0.3625
	59031	0.3631
	59058	0.3636
	59501	0.3662
	57566	0.3676
	59426	0.3682
	59312	0.3692
	58330	0.3698
	58822	0.3747
	53860	0.3758
	52895	0.3781
	56290	0.3799
	53903	0.3803
	59287	0.3839
	59453	0.3846
	54072	0.3851
	58441	0.3866
	54171	0.388
	57842	0.3886
	56357	0.3912
	58839	0.392
	55493	0.3923
	51243	0.3935
	58306	0.3937
	50873	0.3937
	56383	0.3939
	57835	0.3946
	58749	0.3963
	52101	0.4027
	53704	0.4028
	56441	0.4052
	59673	0.4098
	56839	0.4099
	58941	0.4102
	54169	0.4107
	51855	0.4124
	57860	0.4138
	55585	0.4181
	57955	0.4183
	58448	0.4203
	58754	0.4204
	59451	0.4207
	52765	0.4235
	58826	0.4256
	57971	0.4259
	59456	0.4259
	50853	0.4263
	58467	0.429
	53862	0.4296
	56889	0.4297
	50566	0.4314
	53610	0.4316
	54195	0.4321
	53856	0.4356
	58712	0.4375
	50948	0.4385
	51572	0.4388
	56992	0.4406
	52418	0.4422
	56565	0.4427
	58936	0.4449
	56016	0.4458
	58834	0.4467
	51334	0.4478
	51559	0.4529
	58264	0.4572
	51931	0.4578
	59288	0.4593
	51829	0.4616
	58828	0.4617
	59951	0.4632
	56782	0.4634
	50246	0.465
	50844	0.465
	53953	0.4651
	52889	0.4653
	56094	0.4667
	59255	0.4681
	56785	0.4691
	58257	0.47
	56840	0.4706
	50776	0.4718
	52576	0.4733
	58747	0.4751
	59659	0.4751
	50431	0.4763
	58314	0.4766
	56862	0.4771
	50934	0.4793
	52874	0.4793
	54301	0.4803
	55593	0.4804
	53767	0.4809
	53707	0.4818
	52656	0.4824
	56004	0.4826
	58453	0.483
	50524	0.4831
	56978	0.4843
	57583	0.4851
	56898	0.4863
	57584	0.4866
	56586	0.4869
	57906	0.4877
	56844	0.4906
	58404	0.4917
	58736	0.4917
	53810	0.492
	57506	0.493
	50741	0.4933
	56188	0.4941
	54290	0.4947
	53806	0.4952
	53567	0.4959
	54304	0.4961
	53420	0.497
	55598	0.4971
	54530	0.4986
	58259	0.4992
	57927	0.5001
	51708	0.5002
	50779	0.5016
	58710	0.5019
	56021	0.502
	56443	0.5025
	56870	0.5029
	52869	0.5063
	52836	0.5083
	59041	0.5087
	53857	0.5095
	57565	0.5111
	52446	0.5124
	53662	0.514
	56764	0.5147
	52896	0.5169
	56276	0.5194
	58269	0.5216
	51720	0.528
	52633	0.5285
	58255	0.5297
	56279	0.5303
	54633	0.5307
	56745	0.5307
	58746	0.5317
	55690	0.5328
	53324	0.5329
	59241	0.5343
	56182	0.5393
	58414	0.5403
	59940	0.5414
	56786	0.5418
	53231	0.5444
	57208	0.5451
	59015	0.5476
	58751	0.5504
	55589	0.5511
	59057	0.556
	56080	0.5577
	57758	0.5601
	58354	0.5607
	58352	0.5608
	58745	0.5615
	52607	0.5632
	58468	0.5653
	56697	0.5654
	58719	0.5669
	50647	0.5691
	56181	0.5705
	56778	0.5706
	53776	0.5718
	58443	0.5731
	57772	0.5755
	52679	0.5781
	56183	0.5783
	51818	0.5784
	54254	0.5784
	56595	0.5785
	58625	0.5794
	58706	0.5804
	59315	0.5817
	53564	0.582
	57257	0.5829
	53602	0.5855
	57614	0.5858
	57796	0.5878
	51711	0.5882
	59284	0.5898
	59650	0.593
	58436	0.5946
	57564	0.5968
	58446	0.5989
	57875	0.5998
	56533	0.6005
	59088	0.6012
	59097	0.606
	56251	0.6079
	53931	0.6084
	58562	0.61
	51804	0.6103
	56777	0.6106
	58629	0.6113
	58449	0.6121
	53735	0.619
	53518	0.6207
	59096	0.6212
	59276	0.6212
	53725	0.6224
	56186	0.6226
	53872	0.6226
	53547	0.6231
	58442	0.6252
	59435	0.6258
	57574	0.6262
	59441	0.6283
	57949	0.6299
	58343	0.6301
	56772	0.6327
	53774	0.6332
	56985	0.6345
	58748	0.6347
	54429	0.6356
	59310	0.6361
	50750	0.6404
	52674	0.6416
	58455	0.6422
	56543	0.6429
	58509	0.6434
	56885	0.644
	50838	0.6454
	53575	0.647
	56746	0.6479
	57923	0.6488
	57871	0.6493
	55655	0.6512
	56571	0.6526
	58249	0.6545
	50525	0.6567
	52853	0.6574
	57916	0.6582
	51828	0.6584
	58338	0.6586
	58331	0.6593
	58616	0.6596
	59278	0.6619
	53821	0.6642
	56883	0.6703
	56768	0.672
	59948	0.6737
	51581	0.6743
	58353	0.6771
	56670	0.6818
	50603	0.6858
	57837	0.6894
	52797	0.6909
	58637	0.6914
	58360	0.6924
	51573	0.6926
	57803	0.6956
	53463	0.7025
	59838	0.7039
	57841	0.7041
	59655	0.7075
	53484	0.7083
	50756	0.7084
	56836	0.7095
	55578	0.7096
	56029	0.714
	52645	0.7154
	56106	0.7172
	58356	0.7173
	57739	0.7174
	56966	0.7189
	59271	0.7199
	52866	0.7206
	50548	0.7207
	50758	0.7207
	50514	0.7216
	58602	0.7219
	57714	0.7222
	53753	0.7289
	57767	0.7295
	58912	0.7311
	50962	0.7334
	57558	0.7336
	57832	0.7343
	59093	0.7344
	52203	0.7393
	53865	0.7395
	58429	0.7398
	59025	0.7401
	56598	0.7429
	56297	0.7437
	58837	0.7472
	56748	0.7473
	59023	0.7503
	57608	0.7544
	56147	0.7575
	55299	0.7576
	54039	0.7609
	54142	0.7612
	59059	0.7647
	53841	0.765
	57799	0.7656
	53775	0.7672
	54099	0.7686
	58845	0.7744
	57870	0.7782
	59065	0.7783
	56018	0.7789
	56285	0.7816
	56649	0.7816
	57754	0.7847
	57499	0.785
	50940	0.7854
	56688	0.786
	59431	0.7931
	58452	0.796
	50564	0.797
	56569	0.7987
	54172	0.802
	50434	0.8023
	51526	0.8056
	53750	0.8153
	56691	0.8185
	58618	0.8188
	57886	0.82
	56886	0.8211
	52657	0.8216
	56384	0.8221
	57768	0.8231
	56991	0.8303
	58705	0.8311
	56267	0.8318
	56462	0.8328
	58337	0.8347
	56982	0.8358
	57577	0.8362
	58336	0.8391
	58334	0.8396
	58715	0.8413
	58460	0.8443
	53764	0.8476
	57793	0.8488
	58326	0.853
	58846	0.8556
	58510	0.857
	58626	0.8582
	58632	0.8585
	54226	0.8597
	57623	0.8641
	58735	0.8646
	53930	0.8661
	58693	0.8669
	54245	0.8669
	59051	0.8681
	59047	0.8684
	50946	0.87
	57774	0.8703
	57818	0.8704
	51571	0.8712
	57872	0.8788
	56876	0.8796
	59446	0.8832
	50960	0.8864
	59457	0.8882
	59113	0.893
	50834	0.8932
	57414	0.8949
	54063	0.8971
	56652	0.8982
	58724	0.8988
	59266	0.8995
	50526	0.8998
	53864	0.9018
	58451	0.9029
	54065	0.9088
	58427	0.9112
	58341	0.9162
	58658	0.9167
	58365	0.917
	50964	0.917
	57840	0.9172
	58339	0.9172
	55773	0.9176
	56273	0.9205
	58718	0.9274
	50858	0.9276
	59055	0.9305
	56381	0.9311
	54423	0.9312
	58646	0.9353
	57052	0.9421
	53852	0.9426
	56669	0.9428
	53845	0.9428
	59285	0.9439
	57792	0.9449
	50949	0.9454
	51839	0.9468
	50775	0.9519
	50527	0.9529
	57778	0.953
	50979	0.9542
	57957	0.955
	57808	0.9564
	50425	0.9572
	53748	0.9572
	58542	0.9576
	59417	0.9587
	53935	0.9611
	58600	0.9612
	58408	0.9623
	58612	0.9638
	53754	0.9648
	56296	0.9655
	51644	0.9658
	57761	0.9717
	59037	0.9739
	50632	0.9747
	58362	0.9758
	53455	0.9774
	51827	0.979
	57671	0.9792
	50674	0.9792
	58329	0.9812
	57825	0.9818
	56197	0.9835
	52754	0.9841
	58335	0.9858
	57834	0.9862
	50879	0.9913
	53192	0.9913
	57899	0.9927
	58546	0.9933
	58730	0.9938
	57806	0.9943
	54047	0.9961
	58456	0.9974
	56594	0.9988
	58563	1.0019
	52908	1.0025
	58426	1.0035
	58615	1.0035
	57798	1.0037
	50656	1.0054
	56185	1.0056
	58431	1.0064
	58550	1.0086
	57760	1.0095
	56654	1.0153
	58462	1.0161
	58537	1.0164
	56882	1.018
	57737	1.0183
	59454	1.0192
	58737	1.0193
	54041	1.0214
	58464	1.0228
	56881	1.027
	57956	1.0276
	58421	1.0297
	52855	1.0298
	58407	1.031
	57633	1.0336
	56755	1.0343
	51628	1.0368
	58342	1.0378
	56843	1.0391
	56168	1.0409
	56580	1.042
	56444	1.0426
	53663	1.0465
	58519	1.0468
	57575	1.0492
	58502	1.0494
	56875	1.0546
	57738	1.0552
	51468	1.0561
	57590	1.0562
	59224	1.0567
	57720	1.058
	57646	1.0604
	57643	1.0621
	58635	1.0632
	54093	1.0676
	57625	1.0711
	57718	1.0735
	57605	1.0772
	56585	1.0781
	58435	1.0854
	56371	1.0858
	56878	1.0913
	58508	1.0925
	50955	1.0962
	57889	1.1002
	57809	1.1016
	58823	1.1029
	57586	1.1031
	53756	1.1032
	56038	1.105
	58517	1.1106
	57687	1.1144
	52784	1.1164
	59314	1.1216
	58608	1.1234
	59664	1.1235
	56989	1.1278
	59306	1.1287
	58529	1.1293
	58906	1.1295
	57640	1.1315
	57910	1.1345
	58369	1.1404
	59218	1.1421
	50973	1.1422
	56189	1.147
	58428	1.1486
	56152	1.1499
	56187	1.1506
	50673	1.1539
	52787	1.1583
	58461	1.1589
	50772	1.1622
	56146	1.1636
	54273	1.1701
	57789	1.1721
	59855	1.1721
	56673	1.178
	50655	1.1808
	58419	1.1825
	53757	1.1825
	58821	1.1842
	58340	1.1857
	58734	1.1864
	57674	1.1868
	57682	1.1897
	57688	1.1898
	57777	1.1954
	57636	1.1975
	58624	1.2003
	56664	1.2093
	58707	1.216
	56194	1.2193
	57779	1.2203
	50727	1.2226
	58463	1.2246
	56190	1.2266
	57822	1.2277
	57661	1.2278
	56872	1.2299
	56675	1.2484
	56578	1.254
	57922	1.2542
	59856	1.2597
	58664	1.2609
	57707	1.2659
	56781	1.2686
	50892	1.271
	57905	1.2721
	56949	1.28
	56272	1.2807
	58570	1.2829
	59425	1.2842
	50945	1.2901
	58556	1.2909
	57562	1.2922
	58433	1.2923
	50950	1.2959
	58667	1.2962
	58731	1.3009
	56766	1.3081
	53850	1.3152
	59945	1.3182
	57585	1.319
	57773	1.3193
	58319	1.3211
	56775	1.3228
	59249	1.3231
	58500	1.3277
	57786	1.3295
	51467	1.3304
	58514	1.3353
	56871	1.3354
	50861	1.3361
	58507	1.3383
	58450	1.3395
	50878	1.3454
	56984	1.3463
	57909	1.3467
	59022	1.3479
	57719	1.3499
	56891	1.3572
	50774	1.3586
	57829	1.3619
	58358	1.3649
	56198	1.3674
	59209	1.3701
	58454	1.3703
	58647	1.3794
	58409	1.3808
	57417	1.3894
	57807	1.3939
	57891	1.394
	58631	1.3967
	50871	1.4018
	58820	1.4086
	58742	1.4285
	57708	1.4339
	50888	1.4351
	58415	1.4359
	59027	1.4382
	53760	1.441
	59658	1.4415
	50646	1.4456
	59254	1.447
	58501	1.4471
	59750	1.4529
	57678	1.4543
	57698	1.4559
	58606	1.4608
	59235	1.4614
	57762	1.4617
	57763	1.4642
	58725	1.4738
	57663	1.481
	59429	1.4821
	59448	1.4848
	56774	1.4872
	52862	1.4891
	56158	1.4934
	58622	1.494
	58361	1.4984
	57735	1.5004
	57903	1.5022
	58656	1.5031
	57912	1.5042
	50755	1.5073
	56996	1.5119
	59238	1.5144
	58472	1.5177
	57699	1.5212
	57771	1.5214
	57595	1.5251
	57742	1.5275
	57827	1.529
	50880	1.5317
	58666	1.5349
	56196	1.5466
	59265	1.5475
	58559	1.5482
	56548	1.5648
	59012	1.5648
	59653	1.5713
	58614	1.5766
	59038	1.5856
	56263	1.5908
	50884	1.5969
	56178	1.597
	57598	1.598
	56195	1.6059
	58367	1.6074
	58659	1.611
	59007	1.6153
	57642	1.6186
	57745	1.6195
	58557	1.6197
	57713	1.621
	57811	1.6302
	58417	1.6371
	57821	1.6378
	57781	1.6402
	58418	1.6528
	58477	1.6562
	56987	1.6593
	57962	1.6636
	59211	1.6663
	56792	1.6675
	58657	1.6707
	50985	1.6747
	59021	1.6832
	58424	1.6909
	56873	1.694
	57679	1.6955
	57696	1.6965
	56374	1.6993
	59228	1.7045
	58543	1.7161
	58420	1.7169
	57635	1.721
	57859	1.7381
	59941	1.741
	57780	1.7419
	56671	1.7429
	57728	1.7457
	57637	1.7461
	50852	1.7643
	57900	1.765
	59500	1.7954
	56994	1.8
	57828	1.8075
	57883	1.824
	57881	1.8243
	58438	1.8304
	59849	1.8316
	58643	1.8358
	56164	1.8363
	58506	1.843
	56973	1.8467
	57729	1.8494
	58609	1.8523
	58548	1.8583
	57800	1.8596
	57776	1.8629
	56962	1.8638
	57666	1.8707
	58503	1.8743
	56880	1.8803
	57744	1.8816
	59851	1.8834
	58317	1.8882
	59205	1.8941
	57717	1.8952
	58547	1.9016
	59213	1.9083
	58654	1.9256
	57589	1.9285
	58544	1.946
	59644	1.9632
	56167	1.9739
	56879	1.9744
	54223	1.9756
	58665	1.9773
	59004	1.9784
	58558	1.9942
	56693	2.0269
	58605	2.058
	57673	2.0649
	57914	2.0656
	56651	2.0919
	57805	2.1144
	57921	2.1204
	59227	2.1232
	58567	2.1258
	59640	2.1436
	58634	2.1448
	59754	2.1549
	57680	2.167
	58437	2.1681
	58549	2.1693
	56977	2.1705
	58432	2.2074
	56964	2.2086
	56793	2.2185
	58530	2.2223
	56986	2.2293
	57655	2.2303
	56995	2.2484
	56790	2.2651
	58644	2.2722
	59502	2.2749
	59419	2.2768
	59626	2.2919
	57902	2.3227
	57913	2.3254
	57722	2.3278
	57710	2.3288
	58346	2.3294
	58633	2.3548
	58660	2.3567
	57752	2.3583
	57741	2.3602
	57824	2.3784
	58416	2.3909
	57908	2.4098
	58652	2.4339
	58601	2.437
	59230	2.445
	57606	2.4513
	58523	2.454
	59842	2.4707
	58534	2.4751
	58520	2.4807
	58642	2.4949
	59632	2.5041
	57694	2.5562
	58527	2.5973
	59421	2.6271
	56961	2.6519
	59758	2.6685
	57915	2.6912
	57736	2.7289
	59854	2.7397
	57723	2.7481
	50862	2.7775
	57814	2.8154
	58569	2.8683
	58531	2.8707
	59647	2.8752
	57894	2.8893
	57907	2.9334
	57813	2.9507
	57731	2.9576
	59847	3.0478
	59001	3.0552
	59848	3.1485
	59845	3.1567
	57816	3.2427
	57647	3.2443
	57732	3.4107
	57657	3.459
	59757	3.4766
	57734	3.4991
	59427	3.6544
	57669	3.6842
	59843	3.7152
	57743	3.7338
	57649	3.7428
	57658	3.7613
	57740	4.0789
