50136     0
50246     1
50349     2
50353     1
50425     2
50431     3
50434     2
50442     1
50445     1
50468     1
50514     2
50524     1
50525     1
50526     1
50527     1
50548     1
50557     1
50564     1
50566     0
50603     0
50618     0
50632     1
50639     1
50646     2
50647     2
50655     0
50656     0
50658     1
50673     0
50674     0
50727     0
50741     1
50742     1
50745     1
50749     2
50750     1
50755     1
50756     0
50758     2
50772    -8
50774     0
50775     1
50776     0
50778     1
50779     0
50788    -4
50832     1
50833     1
50834     1
50838    -1
50842     2
50844     1
50851     2
50852     2
50853     0
50854     2
50858     2
50861    -1
50862     1
50867     2
50871     1
50873     1
50877     0
50878     0
50879     0
50880     0
50884    -4
50888     1
50892    -8
50913     2
50915     2
50928    -4
50934    -6
50936     2
50937   -12
50939    -7
50940     1
50946     1
50948     0
50949     1
50950     2
50953     1
50954     3
50958     2
50960     0
50962     0
50963     1
50964    -1
50965     1
50968     1
50978     1
50979    -3
50983     0
50985     0
51053     0
51059  -999
51060  -999
51068     0
51076     1
51087     1
51133     1
51137     0
51145     2
51156     0
51186     1
51232     0
51238  -999
51241    -2
51243     1
51288     0
51328   -18
51329   -16
51330     1
51334     0
51346     0
51352     0
51353     0
51356     0
51357     0
51358  -999
51359     0
51365     0
51367     0
51369    -4
51377    -2
51378     0
51379     0
51430    -3
51431    -9
51433  -999
51434    -8
51435   -11
51436    -7
51437    -8
51438    -8
51463    -3
51465     2
51467     0
51468     0
51469  -999
51470  -999
51477     0
51482    -2
51495     0
51526     0
51542   -10
51559     1
51567     0
51568     0
51571     0
51572     0
51573     0
51581     0
51627     1
51628     2
51629     2
51633     1
51636     0
51639  -999
51642     1
51644     1
51655  -999
51656     1
51701    -8
51704  -999
51705     1
51707     0
51708     1
51709     0
51711     0
51716     1
51717     0
51720     1
51722     2
51730     0
51765     0
51777     1
51802     0
51804     0
51810  -999
51811     1
51814     2
51815     1
51818     1
51826     0
51827     1
51828     0
51829     1
51839     1
51855     0
51886     0
51931     0
52101     0
52112  -999
52203     0
52267     0
52313     0
52323     0
52378     0
52418     0
52424     1
52436     1
52446     0
52447     1
52495     0
52515     0
52533     1
52546     0
52557     0
52575     0
52576     0
52602     0
52607     0
52633     2
52643     1
52645     2
52652     0
52656     0
52657     2
52661     0
52674    -2
52679     0
52681     0
52707     0
52713     0
52737     0
52745     1
52754     0
52765    -2
52784    -1
52787    -3
52797     0
52818     0
52825     0
52833     0
52836    -9
52842     1
52853     1
52855     1
52856     0
52862     0
52863     1
52866     1
52868     1
52869     1
52874    -2
52876     0
52884  -999
52885    -2
52889     1
52895     0
52896     0
52908     1
52943    -7
52955    -1
52957     0
52963     1
52968     1
52972     1
52978     0
52980     1
52982     2
52983     2
52984     2
52985     1
52986     2
52988     2
52993     1
52995     1
52996     2
52998     2
53068     0
53083     1
53149     0
53192     0
53195     0
53231     0
53272     0
53276     0
53289     2
53324     0
53336     0
53337     0
53343     0
53348    -9
53352    -6
53357     1
53362     1
53367     0
53368     1
53378     1
53384     1
53385     0
53391     2
53392     1
53397     2
53399     0
53419     0
53420     0
53433    -2
53446    -2
53455     0
53457     0
53463     2
53464     1
53467     1
53469     1
53472     1
53475     2
53478     2
53480     1
53481     2
53483     1
53484     3
53486     1
53487     2
53488     2
53491     3
53492     3
53498     2
53499     1
53502     0
53512     0
53513     0
53517     0
53518     0
53519     0
53522     1
53529    -1
53533     0
53543     2
53545     0
53547     1
53553     2
53562     2
53564     0
53565     1
53567     2
53573     2
53574     3
53575     3
53576     2
53577     2
53579     2
53580     2
53582     2
53584     2
53585     2
53588     2
53590     2
53593     1
53596     2
53599     1
53602     2
53610     1
53611     1
53614     0
53615     0
53617     0
53618     0
53619     1
53644     0
53646     1
53651  -999
53658     2
53659     2
53660     3
53662     2
53663     2
53664     2
53665     2
53666     3
53669     1
53673     2
53674     2
53676     2
53677     1
53678     2
53679     2
53680     1
53681     2
53682     2
53685     3
53688     1
53689     1
53690     1
53691     2
53692     2
53693     2
53694     2
53695     2
53696     3
53697     1
53698     2
53699     1
53704     0
53705     2
53707     1
53723     1
53725     2
53727     2
53730     0
53732     1
53735  -999
53738    19
53740     1
53748    24
53750     1
53751     2
53753     3
53754     2
53756     2
53757    30
53759    25
53760     2
53763     2
53764     3
53767     3
53768     2
53769     2
53770     2
53771     1
53772     1
53773     0
53774     1
53776     1
53777     1
53778     2
53780     2
53781    19
53782     2
53783     3
53784     1
53785     2
53786     2
53787    20
53788     2
53789     1
53790     2
53791     1
53792     2
53794     2
53795     2
53796     2
53797     2
53798     2
53799     1
53806     3
53810     1
53817     3
53821    25
53829     3
53832    29
53841    30
53845    30
53848     1
53850    30
53852    24
53853    21
53854  -999
53856     2
53857     1
53860    21
53861     2
53862    22
53863    14
53864     2
53865     1
53866     1
53868     1
53869     1
53871    22
53872    23
53873     4
53874     1
53875    18
53878    22
53879    24
53880    27
53881     2
53882    22
53883     2
53885     3
53886    17
53888    30
53889     1
53890    11
53891     1
53892     1
53893     1
53894     1
53895    14
53896     1
53897    -1
53898     0
53899    -2
53903     4
53906     3
53908     3
53914     3
53915     3
53916     3
53917     3
53923     2
53924    -8
53925     2
53926     1
53927     3
53928     2
53929    -6
53930    30
53931    12
53934     1
53935     0
53937     1
53938   -12
53941   -12
53942     0
53945    -7
53947    -2
53948  -999
53949    -3
53950    -8
53953     0
53954     0
53955  -999
53956     0
53957    -7
53958     0
53959     0
53961     1
53962     2
53963     1
53964     1
53965     1
53966     2
53967     1
53970     2
53972     1
53973     2
53974    -1
53975     4
53976     1
53978    -3
53979     0
53980     1
53981     0
53982    -1
53983     1
53984     2
53985     1
53986    -1
53987    -3
53988     0
53989     0
53991     0
53992    -7
53993     0
53994    -5
53995     0
53996     2
53997    -1
53998    -1
54012     1
54024     1
54026     2
54027     1
54031    -9
54039    -5
54041   -10
54047    -4
54049    -6
54063     2
54065     2
54069     1
54072     2
54076     2
54080     2
54092     2
54093     0
54094     1
54096     1
54098    -3
54099     0
54102     0
54113    -2
54115    -2
54117     1
54122     0
54132     0
54134     0
54135   -12
54142    -5
54154     1
54156     2
54157     0
54161     2
54164     1
54169     1
54171     1
54172     1
54181     2
54186    -4
54187     0
54195     0
54204     1
54205     1
54208     2
54213    -8
54214     0
54218     1
54223    -9
54225     1
54226     0
54231    -5
54234     0
54236     1
54237     1
54244    -1
54245     0
54249     1
54252     1
54254     1
54259     1
54261     0
54263     0
54266    -2
54267     1
54273     1
54274     0
54276     1
54284     1
54285     0
54290    -2
54291    -6
54292     0
54293     0
54301     1
54304     1
54305     1
54308    -1
54311    -4
54313     1
54316    -1
54318    -1
54319    -7
54320    -6
54321     0
54323     1
54324    -3
54325     1
54326    -4
54327     0
54328     1
54331     1
54332     1
54333     1
54334  -999
54335     1
54336    -2
54337     0
54338    -4
54339    -3
54342     0
54346    -3
54347    -5
54349  -999
54351     0
54362     1
54363     1
54365    -3
54371     1
54374     0
54377     1
54386     0
54398     0
54399     0
54401     1
54404     1
54405     1
54408     2
54410     0
54412    -1
54416     1
54419    -1
54420     1
54421     0
54423     0
54424     1
54425     2
54428     1
54429     1
54430    -1
54431     0
54432    -2
54433     0
54434    -1
54436     2
54437     0
54438     1
54439     1
54449     1
54453     0
54454     1
54455    -8
54471     1
54474     1
54475     0
54476     1
54483    -6
54486     1
54493     0
54494     1
54497     2
54499    -2
54501     1
54502     1
54503     1
54505     1
54506     2
54507     3
54510     1
54511     1
54512     2
54513     0
54514     1
54515     2
54517    -2
54518     1
54519     1
54520     3
54521     1
54522    -2
54523  -999
54525  -999
54527     1
54528  -999
54530    -3
54531     1
54532     2
54533     1
54534     1
54535    -7
54539    -6
54540     0
54541     1
54563     1
54568     1
54569     1
54579     3
54584     2
54590     2
54594     1
54596     1
54597     2
54601     1
54602     1
54603     1
54604     1
54605     1
54606     1
54607     2
54608     1
54609     1
54610     1
54611     2
54612     1
54613     2
54614     1
54615     2
54616     1
54617     1
54618     1
54619     2
54620     1
54621     1
54622     0
54623    -5
54624     0
54626     1
54627     1
54628     0
54631     1
54632     1
54633     3
54636     1
54640     1
54644     0
54660  -999
54662     2
54700     2
54701     1
54702     1
54703     1
54704     1
54705     2
54706     1
54707     0
54708     1
54709     1
54710     1
54711     0
54712     2
54713     0
54714     1
54715     1
54716     0
54717     0
54718     1
54719     1
54722     2
54723     1
54724     2
54725     2
54726     0
54727  -999
54728     1
54729    18
54730     1
54731     2
54734     2
54736     1
54737    17
54738    22
54744  -999
54749    29
54751    21
54752    17
54753     2
54755    28
54759    15
54764    14
54765    12
54766    14
54774    11
54776    10
54777     7
54778     0
54800     1
54801     0
54802     1
54803     0
54804     1
54805     1
54806     1
54807     0
54808     1
54809     0
54810     1
54811     1
54814     0
54815     1
54816     1
54817    -1
54818     1
54819     0
54820     1
54821     1
54822    12
54823     1
54824     6
54825     9
54826     1
54827     0
54828    -5
54829    14
54830    13
54831     0
54832    11
54833    15
54834    16
54835    -5
54836     0
54837    -5
54841     6
54842  -999
54843    -9
54844   -11
54846   -11
54848    -8
54849   -11
54851    11
54852    10
54853   -10
54855    -7
54857   -11
54861    -3
54863     0
54871     6
54900    -1
54901     1
54902    -9
54903   -10
54904     0
54905    -2
54906     1
54907     1
54908    -6
54909    -8
54910    -2
54911    -6
54912   -10
54913    -4
54914    -3
54915    -3
54916    -2
54917    -5
54918     0
54919    -7
54920     1
54921    -1
54922    -1
54923     1
54925     0
54927     1
54929    -3
54932     1
54935     1
54936  -999
54938     0
54939    -1
54940     1
54943     0
54945    -2
55228     1
55248     0
55279     0
55294     2
55299     1
55437     2
55472     1
55493     1
55572     1
55578     2
55585     0
55591     2
55598    -3
55655     0
55664     1
55680    -2
55681     0
55690   -16
55696     1
55773    -1
56004     0
56016     1
56018     0
56021     1
56029     1
56033     1
56034     1
56038     2
56043     1
56045    -9
56046     1
56065     0
56067     2
56071     1
56074     1
56079     2
56080     2
56081     2
56082     1
56084     2
56091     2
56092     2
56093     2
56094    -3
56095     1
56096     2
56097     1
56106     2
56116     1
56125   -11
56137     1
56144     1
56146     1
56147     1
56151     1
56152     1
56158     0
56164     3
56167    -3
56168    -8
56171     1
56172    -1
56173     2
56178   -22
56180     4
56181     5
56182    -1
56183     2
56184     0
56185    -1
56186    30
56187  -999
56188    30
56189    30
56190     4
56192     1
56193    30
56194    30
56195     4
56196     2
56197     5
56198     4
56199     4
56202     2
56223   -10
56227    -9
56247    -9
56251     0
56257     1
56263   -19
56267   -11
56272    30
56273     3
56276     3
56278     2
56279     4
56280     5
56281     2
56284     4
56285    30
56287     3
56289     2
56290    30
56291    30
56295     2
56296     4
56297     1
56298     2
56307     0
56312    -8
56317    -4
56331     1
56357     1
56371     1
56373     3
56374     1
56376   -12
56378     0
56380     2
56381     2
56382     2
56383     1
56384     2
56385     3
56386     2
56387    -4
56389     0
56390     1
56393     1
56394     3
56395     1
56396     2
56399    -7
56434    -6
56441     1
56443     1
56444     1
56459     2
56462     2
56473    -5
56474     2
56475     0
56478     1
56479     1
56480     0
56483     3
56485     2
56487     0
56489     1
56490     0
56492    -2
56493    -4
56496    -1
56497     2
56499     1
56533  -999
56543    -8
56548   -15
56565     1
56567     1
56569    -8
56571    -6
56575    -3
56578   -10
56582     2
56584    -4
56585     0
56586    -8
56592     0
56593    -2
56594     1
56595   -12
56596    -9
56598   -19
56641   -18
56645    -8
56646     0
56649    -6
56651     1
56652     1
56654    -1
56664     1
56665    -5
56669     0
56670   -10
56671    -8
56673    -9
56675    -7
56684   -18
56688   -18
56691    -9
56693  -999
56697    -9
56739     1
56742   -20
56745    -9
56746   -17
56748   -19
56751   -19
56752   -14
56755   -22
56756   -16
56757   -21
56761     0
56763    -4
56764    -2
56766    -8
56767    -7
56768    -5
56772    -2
56774    -5
56775     0
56777    -9
56778   -18
56781   -19
56782   -20
56783    -5
56785     0
56786   -17
56788    -2
56790     0
56792  -999
56793    -1
56835     2
56836     3
56838     1
56839     1
56840     0
56841     3
56842   -18
56843   -18
56844     2
56846    -9
56849    -2
56851   -24
56854    -6
56856   -27
56862    -9
56863    -6
56867   -14
56869   -18
56870    -8
56871   -11
56872   -13
56873   -12
56875   -11
56876   -14
56878    -6
56879    -8
56880   -12
56881   -12
56882    -4
56883     0
56885    -9
56886    -2
56889   -12
56891     2
56898    -6
56944     2
56946    13
56948    -3
56949     1
56950     0
56951    -4
56952     0
56954     1
56958     1
56959    -9
56961     0
56962     1
56964    -2
56966    -9
56969     0
56970   -11
56973    -8
56975     0
56976   -11
56977     2
56978    24
56982    -8
56984    -6
56985     0
56986     0
56987    -1
56989    -3
56992     2
56994    -1
56995    -7
56996    -4
57001     1
57002     3
57003  -999
57004     1
57006     2
57007     1
57008     1
57011     3
57012     3
57014  -999
57016    -3
57020   -13
57021   -10
57022   -10
57023   -20
57024   -11
57025  -999
57026   -14
57027   -10
57028  -999
57029   -11
57030  -999
57031   -14
57032   -10
57033   -10
57034   -12
57035   -15
57036    -4
57037    -9
57038   -14
57039   -12
57040    -7
57042   -13
57043    -3
57044     0
57045    -8
57046    -8
57047    -6
57048  -999
57049  -999
57051   -12
57053     0
57054     0
57055     0
57056    -2
57057    17
57060    -1
57061    -7
57063    -6
57065    -4
57066    -9
57067    -7
57070    -3
57071    -4
57072     1
57074    -7
57075   -12
57076    -9
57077   -13
57078    -9
57079    -4
57080    -1
57081    -7
57082     0
57083   -12
57085     0
57086   -11
57087   -11
57089    -8
57090    -7
57091    -8
57093    -1
57094   -14
57095   -16
57096   -17
57098   -15
57099   -22
57102     2
57105     3
57106     1
57110     2
57111     2
57113     1
57119     2
57124  -999
57126    -4
57127     1
57128    -1
57129    -7
57132     0
57134     0
57137     1
57140    -5
57143    -1
57144   -13
57153   -16
57154  -999
57155    -3
57156   -16
57162    -4
57169    -3
57173   -14
57175   -15
57176    -9
57177   -13
57178     1
57179   -14
57180   -22
57181   -11
57182    -9
57183    -6
57184   -13
57185   -12
57186   -17
57187    -8
57188    -9
57189   -11
57191   -15
57192   -20
57193   -21
57194   -14
57195   -12
57196    -6
57198   -14
57206     2
57208     4
57211  -999
57213     2
57216     1
57217     1
57231    -3
57232   -10
57233    -2
57237    -6
57238  -999
57242    -1
57245    -3
57247     1
57248     0
57249    -6
57251   -10
57253   -10
57254     1
57257    -7
57259    -8
57260   -13
57261   -11
57265   -10
57268   -10
57271    -4
57273    -7
57274   -14
57279     0
57281    -8
57290   -15
57292   -17
57293   -19
57294   -13
57295   -10
57296   -14
57297   -13
57298   -13
57299   -13
57303     2
57304     3
57306     2
57307     2
57308     1
57309     0
57313     0
57314    -6
57315    -5
57317    -4
57318     0
57320     0
57324     0
57326    -8
57328     1
57329     1
57333    -6
57339   -17
57343  -999
57345    -8
57348   -16
57349    -8
57355     0
57361    -9
57362    -9
57363    -8
57368    -1
57370   -10
57377   -10
57378    -3
57385    -5
57387    -8
57388     0
57389    -8
57390   -15
57396    -7
57398     1
57399     2
57401     1
57402    -7
57405    -4
57407     0
57408   -11
57409    -9
57411    -1
57413     1
57414     1
57415     1
57416     1
57417     1
57420     0
57425    -2
57426     0
57431    -4
57432    -6
57438   -10
57447   -11
57458     0
57460    -3
57461     0
57464   -10
57465   -14
57466   -13
57469     0
57475     0
57476    -5
57477     0
57481     0
57483    -5
57485     1
57486     0
57489     2
57491     2
57492     1
57494     1
57496     1
57498     0
57499    -8
57505    -6
57506     0
57507     0
57509   -15
57510    -7
57511     1
57513   -14
57514     0
57516    -2
57518    -6
57519   -10
57522   -18
57525   -17
57537   -17
57540    -4
57541     1
57543     0
57544    -4
57545     0
57554     0
57558    -8
57562     0
57564    -4
57565    -8
57566    -7
57571     1
57574    -2
57575    -1
57577     0
57582     0
57583     0
57584   -12
57585    -6
57586   -11
57589    -4
57590     1
57598    -4
57603    -3
57605    -9
57606   -30
57608    -7
57609    -7
57614  -999
57623   -15
57625  -999
57633    -1
57634    -8
57635    -8
57636   -20
57637    -7
57640   -10
57643   -11
57646   -17
57647  -999
57649   -11
57655   -12
57657   -18
57658   -16
57661   -12
57662    -4
57663    -6
57666    -1
57669   -10
57671   -13
57674    -7
57678     2
57680    -4
57682    -1
57687    -4
57688     1
57694     0
57698     0
57699    -1
57707   -17
57708    -9
57710  -999
57713   -16
57714   -18
57717   -17
57718  -999
57719   -12
57720   -22
57722  -999
57723    -8
57728   -15
57729  -999
57731   -22
57732   -19
57734   -21
57735   -10
57736   -19
57737   -24
57738   -22
57739   -11
57740    -8
57741  -999
57742   -12
57743   -12
57744   -13
57745   -15
57754    -3
57760   -10
57762    -7
57763    -3
57766   -16
57767   -12
57768    -2
57769   -16
57771     1
57772     1
57773     1
57774   -10
57776   -12
57777   -20
57778   -12
57780     1
57781   -13
57786   -19
57792   -10
57793   -14
57796   -20
57798   -11
57799   -16
57800    -9
57803   -26
57805  -999
57806   -15
57807    -8
57808   -11
57809   -18
57811   -15
57813    -3
57814   -16
57816   -11
57818   -26
57821   -16
57822   -26
57824   -21
57825   -17
57827  -999
57828    -9
57829     1
57832   -11
57834   -15
57835   -19
57837    -1
57839  -999
57840  -999
57842    -5
57844    -2
57845   -18
57846   -20
57851    -7
57853   -10
57859    -2
57860   -17
57865   -13
57866   -15
57867   -13
57868   -13
57870   -17
57871   -21
57872   -23
57874   -15
57875   -19
57876   -12
57881   -14
57882   -11
57883    -1
57886    -6
57887   -20
57891    -6
57894     1
57895   -14
57896   -21
57899   -13
57900   -10
57902   -13
57903   -23
57905   -26
57906   -18
57907  -999
57908   -14
57909   -16
57910  -999
57912  -999
57913   -13
57914    -8
57915    -9
57916    -6
57921   -10
57922   -13
57923   -16
57926  -999
57927    -7
57932   -15
57936   -11
57941   -11
57942    -8
57947     1
57948     1
57949    -4
57954    -2
57955    -4
57956     0
57957    -3
57960    -6
57962   -13
57964    -9
57965   -10
57966   -10
57969   -11
57971    -9
57972   -16
57973   -13
57975    -5
57976    -8
57978    -9
57981   -22
57985    -6
57988   -10
57989   -13
57990   -16
57991   -12
57992    -9
57993   -17
57994   -15
57995    -8
57996    -9
58001   -15
58002    -1
58003     1
58004   -14
58005   -13
58006     0
58007   -21
58008   -16
58011     0
58012    -1
58013     1
58015    -3
58016    -4
58017   -12
58020     2
58021     2
58022     1
58024     1
58025     1
58026  -999
58027    -2
58030     0
58032     1
58034  -999
58035    -1
58036     0
58038  -999
58040     1
58041     2
58044     0
58047  -999
58048    -9
58049    -2
58100   -10
58101   -14
58102   -16
58104   -13
58107   -16
58108   -16
58109   -14
58114   -19
58117   -16
58118  -999
58122   -15
58125    -9
58126    -5
58127    -6
58128   -17
58129    -6
58130  -999
58131    -7
58132   -11
58135  -999
58138     1
58139     0
58140    -6
58141    -5
58143  -999
58145   -10
58146    -7
58147     1
58148     0
58150    -1
58154     0
58158  -999
58202    -5
58203    -8
58205   -12
58207   -12
58208   -10
58210    -2
58212     0
58214    -3
58215     0
58220    -4
58221     0
58222     0
58223     1
58224     1
58230     2
58234     1
58235     1
58236     1
58237     1
58238     1
58240     1
58241     0
58242     2
58243    -2
58244     2
58245     2
58247     0
58249     0
58250     0
58251     0
58254     0
58255  -999
58257    -5
58259     1
58264     0
58265    -2
58268     1
58269    -7
58301     0
58306     2
58311     2
58314     1
58316     0
58317     2
58319     1
58320     1
58321     1
58323     1
58326     0
58327     1
58329    -1
58330     1
58331     1
58334    -9
58335     1
58337     0
58338    -3
58339    -3
58340     1
58341    -1
58342    -1
58343    -7
58344     0
58345     1
58346     0
58352    -3
58353    -8
58354  -999
58356  -999
58358    -8
58360    -7
58361    -7
58362     0
58365    -2
58366     0
58367    -8
58369    -2
58401     2
58402     2
58404     0
58407    -7
58408    -3
58409    -8
58415     1
58416     2
58417     0
58418     0
58420     1
58421     2
58424     2
58426     0
58427     1
58428     1
58431     0
58432     0
58433     1
58435    -4
58436    -4
58437     3
58438     1
58441    -3
58442     0
58443    -9
58446    -3
58448  -999
58449     1
58450  -999
58451    -2
58452    -2
58453     0
58454    -3
58455    -2
58456     1
58457     1
58458     0
58459     1
58460     1
58461    -7
58462   -10
58463    -1
58464     0
58467     0
58468     0
58472     0
58477     0
58501    -3
58502     0
58503     0
58506     1
58508     2
58509     1
58510     1
58514     1
58517     1
58519     1
58523     1
58527     1
58529     0
58530     1
58531     2
58534     1
58537    -3
58542     0
58543     1
58544     1
58546     0
58547    -7
58548   -12
58549    -9
58550     0
58553  -999
58556    -3
58557  -999
58558    -4
58559    -7
58562     0
58563     0
58565    -3
58567     0
58569     0
58570     1
58601     1
58602    -2
58605     1
58606     1
58608    -3
58609     0
58612     0
58614     2
58615     0
58616     0
58618     1
58620     1
58624     2
58625     1
58626     2
58629     1
58631     0
58632    -3
58633    -4
58634     0
58635     1
58642    -4
58643    -7
58644     1
58646    -9
58647    -2
58652  -999
58654     0
58656    -5
58657     1
58658     0
58659     0
58660    -2
58664     1
58665     0
58666     1
58667    -1
58693     1
58701    -1
58704    -3
58706    -4
58707   -13
58710    -7
58712    -1
58713    -2
58714    -8
58715    -5
58719    -7
58724    -6
58725   -12
58730    -6
58731     0
58735    -6
58736    -4
58737   -13
58742  -999
58745    -1
58746     1
58747     0
58748    -2
58749     1
58750    -9
58751    -3
58752    -5
58754    -3
58760    -5
58804   -18
58813   -20
58814   -19
58819   -18
58820   -13
58821   -12
58822   -18
58823    -6
58824   -13
58826    -8
58828    -5
58834    -5
58836    -1
58839     0
58844     0
58845   -10
58846    -7
58847    -4
58848    -8
58903   -22
58905   -17
58906    -9
58907    -4
58911   -13
58912   -10
58917    -5
58918     0
58921   -10
58923     0
58926     0
58928     1
58929     0
58931     2
58932    -9
58933     1
58934    -4
58935    -4
58941    -9
58942   -13
58944   -11
58946    -3
59001   -11
59004    -4
59007   -13
59012   -12
59015    -3
59017   -12
59021    -1
59022     0
59023   -10
59025    -7
59027   -20
59031   -12
59033    -3
59034   -10
59037     0
59038    -2
59041   -14
59044    -8
59045   -13
59046    -9
59047    -3
59051   -10
59052   -15
59053   -13
59055   -10
59057    -1
59058    -5
59059     0
59061    -5
59063   -12
59064    -4
59065   -11
59071    -8
59072    -7
59074    -7
59075    -7
59081    -5
59082    -8
59087    -8
59088  -999
59090   -13
59091    -8
59093    -6
59094    -8
59096    -4
59097  -999
59099     0
59102    -6
59106     0
59107  -999
59109     0
59114    -3
59116  -999
59117     0
59122     0
59124     1
59125     1
59126     1
59127    -1
59130     0
59131    -4
59133     0
59134     0
59137    -4
59205    -3
59209   -15
59211   -14
59213   -16
59215   -14
59218    -1
59224   -15
59227   -11
59228    -8
59229   -15
59230    -7
59235    -4
59237    -1
59238    -3
59241   -14
59242     0
59246    -9
59249    -3
59254    -5
59255     1
59256     0
59264     0
59265     0
59266     0
59268     0
59269     0
59270    -7
59271   -10
59276    -3
59278   -12
59279   -14
59280  -999
59284     0
59285   -10
59287    -2
59288    -1
59289  -999
59290    -4
59293     0
59294    -6
59297     0
59298     0
59303     0
59304  -999
59306  -999
59310     2
59312     1
59313     1
59314     3
59315     1
59316     2
59318     2
59319     2
59320     1
59321     2
59322     1
59324     1
59417    -6
59419    -3
59421     0
59425   -11
59426   -10
59427   -14
59429    -6
59431     0
59435     1
59441     1
59446     2
59448     0
59449     0
59451    -2
59452    -2
59453   -13
59454    -7
59456     0
59457     1
59462    -4
59469     1
59470     0
59471    -9
59473    -8
59475    -2
59476    -6
59477     0
59478    -5
59480    -5
59481    -4
59485  -999
59487     1
59488  -999
59492     0
59493     1
59500     3
59501     2
59502     3
59626    16
59632     1
59640     1
59644     0
59647     1
59650     1
59653     0
59654     1
59655     0
59656   -13
59658     0
59659    -6
59663    -5
59664   -11
59673     1
59750     1
59754     1
59757     0
59758    -2
59838   -11
59842    -4
59843     1
59845     0
59847     0
59848     0
59849    -3
59851    -4
59854    -2
59855     0
59856     0
59940     0
59941     1
59945     1
59948     3
59951     0
59954     2
