50136     1
50246     0
50349   -10
50353     1
50425    -4
50431     1
50434     0
50442     0
50445    -3
50468     2
50514    -2
50524    -6
50525    -1
50526     1
50527    -3
50548    -2
50557     1
50564     1
50566     3
50603    -6
50618    -2
50632     0
50639     1
50646     1
50647     1
50655     1
50656     0
50658     0
50673     2
50674     2
50727     2
50741     0
50742     0
50745     0
50749     0
50750     1
50755     1
50756     1
50758     0
50772     2
50774     2
50775     0
50776     1
50778     1
50779     1
50788     1
50832     1
50833     0
50834     1
50838     1
50842     1
50844     0
50851     1
50852     0
50853     2
50854     1
50858     1
50861     2
50862     1
50867     2
50871     2
50873     2
50877     2
50878     1
50879     2
50880     1
50884     1
50888     1
50892     1
50913     2
50915    -2
50928     1
50934     2
50936     0
50937     1
50939     0
50940     1
50946     1
50948     2
50949     1
50950     1
50953     1
50954     1
50958     1
50960     2
50962     2
50963     1
50964     1
50965     1
50968     1
50978     1
50979     2
50983     2
50985     1
51053     1
51059  -999
51060  -999
51068     1
51076     1
51087     0
51133     0
51137    -1
51145    -2
51156     0
51186     0
51232     0
51238  -999
51241    -1
51243     0
51288     0
51328    -1
51329    -4
51330    -4
51334     0
51346     0
51352     0
51353     0
51356    -9
51357     0
51358  -999
51359     0
51365     0
51367     0
51369     1
51377     0
51378     1
51379     1
51430    -5
51431    -5
51433  -999
51434    -1
51435    -6
51436    -2
51437    -1
51438     0
51463     0
51465     1
51467    -3
51468     2
51469  -999
51470  -999
51477     0
51482     1
51495     0
51526     0
51542    -5
51559     0
51567     0
51568     0
51571     0
51572     0
51573     0
51581     0
51627     0
51628     0
51629     0
51633     0
51636     0
51639  -999
51642     0
51644     0
51655  -999
51656     0
51701     1
51704  -999
51705     0
51707     0
51708     0
51709     0
51711    -7
51716     0
51717     0
51720     0
51722     0
51730     0
51765     0
51777     0
51802     0
51804     0
51810  -999
51811     0
51814     0
51815     0
51818     0
51826     0
51827     0
51828     0
51829     0
51839     0
51855     0
51886     0
51931     0
52101     1
52112  -999
52203     0
52267     0
52313     0
52323     0
52378     0
52418     0
52424     0
52436     0
52446     0
52447     0
52495     0
52515     0
52533     0
52546     0
52557     0
52575     0
52576     0
52602     0
52607     0
52633    -7
52643    -2
52645     0
52652     0
52656    -7
52657    -4
52661    -5
52674   -11
52679     0
52681     0
52707     0
52713     0
52737     0
52745    -9
52754    -6
52765     1
52784     0
52787     1
52797     0
52818     0
52825     0
52833     0
52836    -5
52842    -8
52853    -3
52855    -3
52856    -6
52862     0
52863     1
52866     0
52868     0
52869     0
52874     0
52876     0
52884  -999
52885     0
52889    -6
52895    -3
52896     0
52908     0
52943     0
52955     1
52957     1
52963     0
52968     0
52972     0
52978     1
52980     0
52982     0
52983    -4
52984     1
52985     1
52986     1
52988     1
52993    -4
52995     0
52996     0
52998     1
53068     0
53083     0
53149     0
53192     1
53195     0
53231     0
53272     0
53276    -6
53289    -3
53324     0
53336     1
53337     0
53343     0
53348     0
53352    -1
53357     0
53362     1
53367     1
53368     1
53378     0
53384     0
53385     0
53391     0
53392     0
53397     0
53399     1
53419     0
53420     0
53433    -3
53446     0
53455    -3
53457     0
53463     1
53464     1
53467     1
53469     1
53472     0
53475     1
53478     1
53480     0
53481     0
53483     1
53484     1
53486     0
53487     0
53488     0
53491     0
53492    -1
53498     0
53499     1
53502     0
53512     0
53513     0
53517     0
53518     0
53519     0
53522     0
53529    -3
53533     0
53543     1
53545    -7
53547    -2
53553     1
53562     1
53564     1
53565     0
53567     0
53573     0
53574    -2
53575     0
53576    -6
53577    -1
53579    -5
53580    -2
53582    -3
53584    -1
53585    -5
53588    -1
53590    -6
53593     0
53596   -13
53599    -8
53602    -9
53610     0
53611     0
53614     0
53615     0
53617     0
53618     0
53619    -4
53644     0
53646     0
53651  -999
53658     0
53659    -1
53660     0
53662     0
53663     0
53664     0
53665    -7
53666    -5
53669    -9
53673    -5
53674    -6
53676    -6
53677    -9
53678    -7
53679    -6
53680    -6
53681    -2
53682   -10
53685   -10
53688    -9
53689    -3
53690   -10
53691     0
53692    -7
53693    -6
53694   -10
53695    -9
53696   -10
53697    -5
53698    -3
53699     0
53704     0
53705    -6
53707    -5
53723     0
53725     0
53727    -2
53730     0
53732     0
53735  -999
53738     0
53740     0
53748     0
53750     0
53751    -3
53753    -4
53754    -3
53756    -2
53757    -3
53759    -4
53760     0
53763    -7
53764    -5
53767    -2
53768    -9
53769    -9
53770    -9
53771    -9
53772    -7
53773    -4
53774    -5
53776    -3
53777    -7
53778    -7
53780    -5
53781    -9
53782   -10
53783    -9
53784    -2
53785    -1
53786    -9
53787    -9
53788    -8
53789    -4
53790    -3
53791    -4
53792    -9
53794    -6
53795   -11
53796    -3
53797   -11
53798   -13
53799   -10
53806     0
53810    -2
53817     0
53821     0
53829    -3
53832    -4
53841    -3
53845    -4
53848    -4
53850    -1
53852    -4
53853    -7
53854  -999
53856    -8
53857    -9
53860    -6
53861    -7
53862    -8
53863   -11
53864    -8
53865   -11
53866    -7
53868    -6
53869    -8
53871    -9
53872   -11
53873    -8
53874    -6
53875    -9
53878   -10
53879    -6
53880    -7
53881     0
53882   -13
53883    -9
53885    -9
53886   -12
53888    -8
53889    -9
53890   -12
53891   -11
53892    -9
53893    -6
53894    -9
53895    -9
53896   -11
53897    -9
53898    -9
53899   -10
53903    -3
53906     0
53908    -5
53914    -1
53915     0
53916     0
53917     0
53923    -5
53924    -5
53925    -3
53926    -1
53927     0
53928    -1
53929    -6
53930    -2
53931    -4
53934    -3
53935    -6
53937    -4
53938    -4
53941    -7
53942    -5
53945    -9
53947    -8
53948  -999
53949    -5
53950    -6
53953     0
53954    -9
53955  -999
53956   -10
53957    -7
53958   -14
53959   -14
53961    -4
53962    -7
53963    -9
53964   -10
53965   -12
53966    -9
53967   -14
53970   -12
53972    -7
53973   -16
53974   -11
53975   -12
53976   -12
53978    -8
53979   -10
53980    -8
53981    -9
53982   -11
53983    -4
53984    -9
53985   -11
53986    -9
53987    -9
53988    -2
53989    -5
53991   -12
53992    -5
53993   -11
53994    -6
53995    -4
53996    -7
53997     0
53998    -6
54012     1
54024    -1
54026     0
54027     0
54031     2
54039     1
54041     2
54047     1
54049     1
54063     2
54065     1
54069     1
54072     1
54076     1
54080     1
54092     2
54093     2
54094     1
54096     3
54098     2
54099     2
54102     1
54113     0
54115    -2
54117     0
54122     1
54132     2
54134     2
54135     1
54142     1
54154     1
54156     1
54157     1
54161     1
54164     2
54169     1
54171     1
54172     1
54181     1
54186     2
54187     2
54195     3
54204     0
54205     0
54208     0
54213     0
54214    -6
54218    -4
54223     2
54225     1
54226     1
54231     3
54234     2
54236     1
54237     1
54244     1
54245     2
54249     1
54252     1
54254     0
54259     1
54261     2
54263     1
54266     1
54267     2
54273     1
54274     1
54276     1
54284     1
54285     1
54290     2
54291     2
54292     2
54293     3
54301     0
54304     1
54305     1
54308    -5
54311    -4
54313    -1
54316    -8
54318    -3
54319     0
54320     0
54321     0
54323     1
54324     1
54325    -1
54326     1
54327     0
54328     1
54331     0
54332     2
54333     1
54334  -999
54335     1
54336     1
54337     0
54338     1
54339     1
54342     2
54346     1
54347     1
54349  -999
54351     1
54362     1
54363     1
54365     2
54371     1
54374     0
54377     1
54386    -2
54398    -4
54399    -6
54401     0
54404     0
54405    -1
54408    -1
54410     0
54412    -6
54416    -3
54419     0
54420    -4
54421     0
54423    -5
54424    -6
54425    -2
54428    -2
54429    -2
54430    -3
54431    -2
54432     0
54433     0
54434    -2
54436     0
54437     1
54438     1
54439     1
54449     1
54453     0
54454     0
54455     0
54471     1
54474     1
54475     1
54476     2
54483     2
54486     2
54493     2
54494     3
54497     3
54499    -4
54501    -3
54502    -1
54503    -7
54505    -3
54506    -5
54507    -5
54510    -2
54511    -6
54512    -1
54513    -2
54514    -2
54515     0
54517    -1
54518    -1
54519     0
54520    -4
54521    -2
54522     0
54523  -999
54525  -999
54527     0
54528  -999
54530     0
54531     1
54532    -1
54533    -2
54534    -1
54535     1
54539     1
54540     1
54541     1
54563     0
54568    -1
54569    -1
54579     1
54584     1
54590     2
54594    -4
54596    -4
54597    -2
54601    -9
54602    -8
54603    -6
54604    -2
54605    -5
54606    -4
54607   -13
54608    -4
54609    -2
54610    -7
54611   -10
54612    -5
54613     0
54614     0
54615     0
54616     0
54617    -5
54618    -1
54619     0
54620    -4
54621     0
54622    -1
54623     0
54624     0
54626    -2
54627     0
54628     0
54631    -8
54632   -10
54633    -1
54636     0
54640    -9
54644     0
54660  -999
54662     0
54700    -2
54701     0
54702    -2
54703    -2
54704    -4
54705    -4
54706    -3
54707    -3
54708    -2
54709    -7
54710     0
54711    -2
54712    -4
54713     0
54714     0
54715    -6
54716     0
54717    -2
54718    -3
54719    -3
54722     0
54723     1
54724    -3
54725    -3
54726     1
54727  -999
54728     0
54729    -5
54730     0
54731    -4
54734    -2
54736    -5
54737    -8
54738    -5
54744  -999
54749     1
54751    -1
54752     0
54753     0
54755     0
54759     0
54764    -3
54765    -5
54766    -5
54774    -3
54776    -2
54777    -2
54778     0
54800    -9
54801    -7
54802     1
54803     0
54804   -15
54805    -2
54806   -12
54807   -10
54808    -6
54809    -8
54810     0
54811     0
54814   -10
54815   -11
54816    -8
54817    -9
54818    -8
54819    -8
54820    -7
54821    -3
54822    -7
54823    -6
54824    -4
54825    -9
54826    -8
54827    -8
54828    -7
54829    -7
54830    -8
54831    -4
54832    -2
54833    -6
54834    -6
54835    -8
54836    -4
54837    -4
54841    -7
54842  -999
54843    -7
54844    -6
54846    -3
54848    -5
54849    -5
54851    -1
54852    -4
54853    -9
54855   -10
54857    -8
54861    -7
54863    -9
54871     1
54900    -7
54901    -9
54902    -9
54903   -11
54904   -11
54905   -10
54906    -8
54907    -6
54908   -10
54909    -5
54910   -12
54911    -9
54912    -5
54913    -8
54914   -10
54915   -12
54916    -9
54917    -7
54918   -11
54919    -8
54920    -6
54921    -3
54922    -7
54923    -4
54925    -6
54927   -10
54929    -5
54932    -3
54935    -7
54936  -999
54938   -10
54939    -5
54940    -3
54943    -5
54945    -7
55228     0
55248     0
55279    -9
55294   -14
55299    -4
55437     0
55472    -6
55493   -14
55572  -999
55578   -15
55585   -14
55591   -14
55598   -12
55655   -11
55664    -8
55680    -7
55681   -16
55690    -2
55696   -15
55773    -2
56004    -6
56016    -2
56018    -1
56021     0
56029     1
56033     2
56034     0
56038     2
56043     0
56045     0
56046     0
56065     1
56067     1
56071     1
56074     0
56079     0
56080     1
56081     1
56082     1
56084    -1
56091     1
56092     0
56093     1
56094     0
56095     1
56096    -8
56097    -6
56106     0
56116     1
56125     0
56137     0
56144     1
56146     2
56147     0
56151    -3
56152     1
56158     1
56164     1
56167     1
56168     1
56171    -3
56172     2
56173     1
56178     0
56180     1
56181     0
56182     1
56183     1
56184     1
56185     1
56186     1
56187  -999
56188     1
56189    -5
56190    -4
56192    -6
56193    -5
56194     0
56195    -2
56196    -8
56197    -2
56198    -2
56199    -3
56202   -12
56223    -5
56227     1
56247    -8
56251    -1
56257    -3
56263     1
56267    -1
56272     0
56273     0
56276    -6
56278     0
56279     0
56280     0
56281     0
56284     0
56285     0
56287     1
56289    -2
56290    -5
56291    -4
56295    -3
56296    -6
56297    -8
56298    -4
56307   -13
56312     0
56317     0
56331    -7
56357    -2
56371    -6
56373     0
56374     0
56376     0
56378    -5
56380     0
56381    -3
56382    -2
56383    -4
56384     1
56385     1
56386    -1
56387    -2
56389    -2
56390   -11
56393    -1
56394    -3
56395    -2
56396     0
56399     1
56434     1
56441    -9
56443    -1
56444    -2
56459    -1
56462     0
56473    -3
56474     0
56475    -1
56478     1
56479     1
56480     0
56483     0
56485     0
56487    -1
56489     0
56490     1
56492     1
56493     1
56496     0
56497     1
56499     1
56533  -999
56543    -1
56548    -8
56565    -3
56567    -3
56569     0
56571     1
56575     1
56578     1
56582     0
56584    -3
56585    -2
56586    -6
56592     1
56593     1
56594    -1
56595    -5
56596     0
56598    -8
56641     0
56645   -13
56646    -6
56649    -9
56651    -6
56652    -3
56654   -12
56664     1
56665    -2
56669     0
56670    -1
56671    -5
56673     1
56675     0
56684    -5
56688    -9
56691    -1
56693  -999
56697    -9
56739     0
56742   -11
56745    -3
56746     0
56748    -2
56751    -3
56752    -8
56755    -8
56756     0
56757    -5
56761    -8
56763    -8
56764    -6
56766    -4
56767    -8
56768    -6
56772    -4
56774     0
56775     0
56777    -2
56778    -9
56781     0
56782     0
56783     0
56785    -4
56786    -9
56788    -6
56790    -9
56792  -999
56793    -8
56835    -8
56836    -9
56838    -6
56839    -8
56840    -5
56841     1
56842   -11
56843     0
56844   -12
56846    -2
56849    -2
56851   -13
56854    -9
56856   -18
56862     0
56863    -9
56867    -4
56869   -12
56870    -8
56871    -1
56872    -1
56873   -12
56875   -13
56876   -14
56878   -11
56879   -11
56880    -9
56881     0
56882    -9
56883   -10
56885   -13
56886   -12
56889    -3
56891   -11
56898    -9
56944    -5
56946   -11
56948   -18
56949   -15
56950   -12
56951   -16
56952    -3
56954     1
56958    -2
56959     0
56961    -6
56962   -16
56964    -6
56966   -15
56969   -10
56970   -19
56973   -17
56975   -13
56976   -12
56977   -10
56978   -13
56982   -16
56984   -11
56985   -12
56986   -13
56987     0
56989    -7
56992   -18
56994    -4
56995    -8
56996    -3
57001    -6
57002    -5
57003  -999
57004    -2
57006    -6
57007    -1
57008    -3
57011    -2
57012    -3
57014  -999
57016     0
57020    -4
57021    -1
57022    -5
57023    -9
57024    -3
57025  -999
57026    -7
57027    -3
57028  -999
57029    -8
57030  -999
57031   -10
57032    -6
57033    -9
57034    -7
57035    -8
57036    -9
57037    -9
57038   -10
57039    -5
57040    -7
57042    -8
57043   -11
57044    -8
57045    -8
57046    -6
57047   -10
57048  -999
57049  -999
57051    -8
57053   -11
57054    -8
57055   -10
57056   -10
57057   -10
57060   -11
57061    -8
57063    -9
57065    -8
57066    -6
57067    -6
57070    -8
57071    -8
57072    -7
57074    -6
57075   -13
57076    -5
57077    -7
57078    -7
57079    -9
57080    -5
57081    -5
57082    -3
57083    -4
57085    -3
57086    -6
57087    -8
57089   -12
57090    -9
57091    -9
57093    -9
57094    -9
57095   -11
57096    -7
57098   -13
57099   -11
57102    -7
57105    -9
57106    -9
57110    -2
57111     0
57113    -2
57119    -4
57124  -999
57126    -9
57127    -4
57128   -10
57129    -4
57132    -5
57134    -3
57137    -9
57140    -7
57143    -5
57144    -8
57153    -3
57154  -999
57155    -4
57156    -6
57162     0
57169    -8
57173    -8
57175    -6
57176    -9
57177   -11
57178   -10
57179    -6
57180    -7
57181    -8
57182    -9
57183   -12
57184   -11
57185   -11
57186   -11
57187    -8
57188   -10
57189    -6
57191   -10
57192    -6
57193   -10
57194    -9
57195    -7
57196    -3
57198    -7
57206    -1
57208     0
57211  -999
57213    -5
57216     1
57217     0
57231     0
57232    -5
57233     0
57237    -1
57238  -999
57242    -2
57245    -3
57247    -4
57248     0
57249     0
57251    -1
57253     0
57254    -1
57257    -6
57259    -1
57260    -9
57261    -3
57265    -8
57268    -3
57271    -6
57273    -8
57274    -2
57279    -2
57281    -5
57290   -10
57292    -6
57293    -3
57294   -11
57295     0
57296     0
57297     0
57298    -1
57299     0
57303     0
57304    -4
57306     1
57307     0
57308     0
57309     1
57313     0
57314     0
57315     1
57317     0
57318     0
57320    -4
57324     0
57326    -5
57328    -6
57329    -6
57333     0
57339   -10
57343  -999
57345    -8
57348    -8
57349    -5
57355    -1
57361     0
57362     0
57363    -9
57368     0
57370    -3
57377     0
57378    -1
57385    -2
57387     0
57388     1
57389     0
57390     0
57396     1
57398     0
57399    -1
57401     1
57402     1
57405     0
57407     1
57408     0
57409     0
57411     1
57413    -4
57414     1
57415     0
57416     0
57417     0
57420    -5
57425    -3
57426     0
57431    -8
57432    -4
57438     0
57447     1
57458     2
57460     1
57461     1
57464     0
57465     1
57466     1
57469     1
57475     1
57476     1
57477     1
57481     0
57483     0
57485     1
57486     0
57489     1
57491     0
57492     1
57494     1
57496     1
57498     1
57499     1
57505     0
57506     1
57507     1
57509     0
57510     0
57511     0
57513     1
57514     0
57516     2
57518    -2
57519     1
57522     0
57525    -2
57537    -2
57540     1
57541     1
57543     2
57544     0
57545     1
57554     1
57558     1
57562     0
57564     0
57565     0
57566     1
57571     0
57574     1
57575     0
57577     0
57582     1
57583     1
57584     1
57585     1
57586     1
57589     1
57590     1
57598     0
57603     0
57605    -3
57606    -6
57608     0
57609    -3
57614  -999
57623    -6
57625  -999
57633     1
57634   -12
57635     1
57636    -3
57637    -6
57640     0
57643     0
57646     0
57647  -999
57649     0
57655     1
57657     1
57658     1
57661     0
57662     1
57663    -1
57666     0
57669     0
57671     0
57674    -1
57678     0
57680     0
57682     0
57687    -3
57688     0
57694    -4
57698     0
57699     0
57707    -7
57708    -9
57710  -999
57713   -10
57714    -5
57717    -9
57718  -999
57719     1
57720    -2
57722  -999
57723    -6
57728     0
57729  -999
57731     0
57732     0
57734    -4
57735     0
57736    -3
57737     0
57738     0
57739     0
57740    -4
57741  -999
57742     0
57743     0
57744    -1
57745     0
57754     0
57760     0
57762    -4
57763    -5
57766    -5
57767    -1
57768    -4
57769    -6
57771    -2
57772    -4
57773    -3
57774    -8
57776    -1
57777    -4
57778    -5
57780    -2
57781    -1
57786    -1
57792    -6
57793     0
57796     0
57798    -5
57799    -1
57800   -11
57803    -6
57805  -999
57806    -6
57807    -7
57808    -4
57809     0
57811     0
57813    -2
57814    -4
57816     0
57818    -8
57821    -2
57822    -2
57824    -7
57825    -2
57827  -999
57828     0
57829    -7
57832     0
57834    -4
57835     0
57837    -5
57839  -999
57840  -999
57842    -4
57844    -5
57845    -4
57846    -3
57851    -2
57853     0
57859    -8
57860    -5
57865    -4
57866    -1
57867    -4
57868    -4
57870    -5
57871    -6
57872    -7
57874    -2
57875     0
57876    -2
57881    -4
57882    -4
57883     0
57886     0
57887    -6
57891    -1
57894    -4
57895    -4
57896    -5
57899    -4
57900    -6
57902    -8
57903    -7
57905   -12
57906   -11
57907  -999
57908   -13
57909   -10
57910  -999
57912  -999
57913    -5
57914    -1
57915     0
57916   -13
57921    -8
57922   -11
57923    -9
57926  -999
57927    -8
57932   -11
57936    -5
57941    -7
57942    -7
57947    -8
57948   -10
57949   -10
57954    -5
57955    -6
57956    -4
57957    -4
57960    -9
57962    -4
57964    -7
57965    -3
57966    -5
57969    -5
57971    -6
57972    -5
57973    -7
57975    -5
57976    -6
57978    -7
57981    -4
57985    -7
57988    -9
57989    -3
57990    -7
57991   -10
57992    -7
57993    -4
57994    -3
57995    -3
57996    -1
58001   -10
58002    -9
58003   -10
58004    -9
58005    -8
58006   -11
58007   -11
58008    -7
58011   -11
58012    -7
58013   -11
58015    -6
58016    -3
58017    -7
58020    -7
58021    -6
58022    -7
58024    -8
58025    -5
58026  -999
58027    -7
58030    -6
58032    -9
58034  -999
58035    -6
58036    -7
58038  -999
58040    -8
58041    -4
58044    -3
58047  -999
58048    -5
58049    -8
58100    -7
58101   -10
58102    -9
58104    -5
58107    -7
58108    -4
58109    -6
58114    -2
58117    -6
58118  -999
58122   -10
58125    -7
58126    -7
58127    -5
58128    -6
58129    -6
58130  -999
58131    -6
58132    -8
58135  -999
58138    -2
58139    -5
58140    -3
58141    -6
58143  -999
58145    -9
58146    -8
58147    -4
58148    -7
58150   -11
58154   -11
58158  -999
58202    -1
58203    -6
58205     0
58207    -2
58208     0
58210    -4
58212    -1
58214     0
58215     0
58220     0
58221    -5
58222    -2
58223    -2
58224     0
58230     0
58234    -3
58235    -1
58236     0
58237     0
58238     0
58240    -4
58241    -5
58242    -3
58243    -4
58244    -3
58245    -5
58247     0
58249    -4
58250    -2
58251    -8
58254    -6
58255  -999
58257    -5
58259    -8
58264    -4
58265    -6
58268    -8
58269   -10
58301     1
58306     1
58311     0
58314     0
58316     1
58317     0
58319     0
58320     0
58321     1
58323     0
58326     0
58327     0
58329     0
58330    -3
58331     0
58334     0
58335    -3
58337     0
58338     0
58339     0
58340     0
58341    -2
58342    -5
58343     0
58344    -2
58345     0
58346     0
58352    -6
58353    -5
58354  -999
58356  -999
58358    -2
58360   -10
58361    -7
58362    -7
58365    -3
58366    -9
58367    -5
58369    -5
58401     2
58402     1
58404     1
58407     2
58408     1
58409     1
58415     0
58416     0
58417     1
58418     1
58420    -1
58421     0
58424     0
58426     0
58427     0
58428     1
58431     0
58432     0
58433     0
58435     0
58436     0
58437     1
58438     1
58441     0
58442     0
58443     0
58446     0
58448  -999
58449    -1
58450  -999
58451    -5
58452     0
58453  -999
58454     0
58455    -4
58456    -5
58457    -4
58458    -5
58459    -4
58460    -6
58461    -6
58462    -6
58463    -5
58464    -6
58467    -4
58468    -2
58472   -10
58477   -12
58501     1
58502     1
58503     1
58506     1
58508     0
58509     0
58510     0
58514    -1
58517     0
58519     0
58523     1
58527     0
58529     0
58530     0
58531     0
58534     0
58537     1
58542     0
58543    -1
58544     0
58546     0
58547  -999
58548     0
58549     0
58550    -3
58553  -999
58556     0
58557  -999
58558     0
58559    -2
58562     0
58563    -3
58565    -5
58567    -4
58569    -4
58570  -999
58601     0
58602     0
58605     0
58606     0
58608    -4
58609     0
58612     0
58614     0
58615     0
58616     0
58618     0
58620     0
58624     0
58625     0
58626     0
58629     0
58631     0
58632     0
58633    -1
58634     0
58635     0
58642    -3
58643    -5
58644    -8
58646    -3
58647    -7
58652  -999
58654    -3
58656    -8
58657    -8
58658    -4
58659    -6
58660    -2
58664    -7
58665    -4
58666    -3
58667    -7
58693     0
58701     0
58704     0
58706    -2
58707    -2
58710    -1
58712     0
58713     0
58714    -1
58715    -1
58719    -1
58724     0
58725    -4
58730    -2
58731    -6
58735    -6
58736    -2
58737   -10
58742  -999
58745    -6
58746   -10
58747   -12
58748    -6
58749    -7
58750   -10
58751    -6
58752    -4
58754    -7
58760    -5
58804    -3
58813    -4
58814    -4
58819    -4
58820    -4
58821    -5
58822    -5
58823    -8
58824    -4
58826    -3
58828    -3
58834    -9
58836   -13
58839   -11
58844    -9
58845    -6
58846    -6
58847    -6
58848    -9
58903    -6
58905    -7
58906    -1
58907    -7
58911    -2
58912    -2
58917    -5
58918    -4
58921    -6
58923    -3
58926   -12
58928   -11
58929   -15
58931    -7
58932   -17
58933    -6
58934   -12
58935   -11
58941   -13
58942   -11
58944    -9
58946   -14
59001   -12
59004   -11
59007    -4
59012    -8
59015     0
59017   -10
59021    -6
59022    -6
59023    -9
59025    -3
59027    -6
59031    -9
59033    -7
59034    -8
59037    -2
59038    -7
59041    -9
59044    -7
59045    -5
59046    -6
59047    -4
59051    -8
59052    -9
59053    -7
59055    -8
59057   -10
59058    -5
59059    -5
59061    -7
59063    -5
59064    -8
59065    -6
59071    -7
59072    -5
59074     0
59075    -8
59081    -3
59082    -3
59087    -2
59088  -999
59090     6
59091    -6
59093    -7
59094   -11
59096   -12
59097  -999
59099   -13
59102    -2
59106    -7
59107  -999
59109   -10
59114   -12
59116  -999
59117   -11
59122   -19
59124   -24
59125   -15
59126   -14
59127   -21
59130   -13
59131   -17
59133   -16
59134   -15
59137   -16
59205    -6
59209    -4
59211   -10
59213    -7
59215    -5
59218    -5
59224    -7
59227    -2
59228    -2
59229    -1
59230    -7
59235    -3
59237    -6
59238     6
59241    -7
59242    -8
59246    -5
59249    -3
59254    -7
59255    -5
59256    -4
59264    -4
59265    -2
59266    -7
59268    -2
59269    -1
59270    -1
59271    -4
59276    -5
59278    -2
59279    -7
59280  -999
59284    -8
59285     0
59287    -9
59288    -5
59289  -999
59290    -7
59293   -11
59294   -10
59297   -12
59298   -18
59303   -15
59304  -999
59306  -999
59310   -16
59312   -24
59313   -21
59314   -21
59315   -14
59316   -20
59318   -17
59319   -26
59320   -21
59321   -17
59322   -19
59324   -17
59417    -3
59419     0
59421    -4
59425     6
59426     6
59427     6
59429    11
59431     6
59435     6
59441     8
59446   -12
59448    -9
59449     6
59451    -1
59452    -5
59453    -1
59454    -3
59456    -4
59457     6
59462    -5
59469    -2
59470    -3
59471    -3
59473    -8
59475    -6
59476    -5
59477    -8
59478    -8
59480    -8
59481    -8
59485  -999
59487   -10
59488  -999
59492   -22
59493   -18
59500   -18
59501   -18
59502   -21
59626    -6
59632     6
59640    -7
59644    11
59647     6
59650    -4
59653    -2
59654    -5
59655     6
59656    -4
59658    12
59659    -6
59663    -3
59664     6
59673    -9
59750     6
59754    -2
59757    -6
59758    -2
59838    -8
59842    -4
59843    -3
59845    -1
59847    -3
59848    -3
59849     6
59851    -6
59854     6
59855    -7
59856    -4
59940    -8
59941     6
59945     6
59948   -11
59951    -1
59954     6
