	56976	-1.865
	54610	-1.79260848
	58408	-1.6429
	54531	-1.64155638
	56669	-1.6221
	54332	-1.5895689300000002
	53696	-1.58845647
	57875	-1.5662
	57482	-1.5048
	54336	-1.50478332
	53699	-1.4946744299999999
	56856	-1.4639
	58517	-1.4532
	54620	-1.4518608899999998
	58549	-1.4485
	54335	-1.4381302200000001
	54334	-1.43304165
	57481	-1.4181
	54505	-1.4092326899999998
	57899	-1.4006
	56652	-1.3991
	58615	-1.3783
	54319	-1.37503746
	58520	-1.375
	57499	-1.3737
	54333	-1.36115664
	58402	-1.3542
	58634	-1.3479
	54609	-1.3474218
	54470	-1.34338248
	54308	-1.33315062
	57385	-1.3302
	58404	-1.3227
	54626	-1.3047935999999998
	54331	-1.30217223
	56950	-1.2988
	54614	-1.2918197999999999
	54534	-1.2797726999999999
	54706	-1.26568686
	53689	-1.2504889799999999
	54502	-1.24974762
	54703	-1.2339010499999998
	57835	-1.2291
	58148	-1.2278
	54321	-1.22677539
	56788	-1.2185
	54324	-1.21566654
	58407	-1.2152
	57496	-1.1902
	53698	-1.18126449
	54535	-1.1777430299999998
	54225	-1.1763913799999999
	58631	-1.1752
	54617	-1.16643729
	53796	-1.1643985499999998
	58547	-1.163
	54412	-1.15642893
	58401	-1.1513
	54602	-1.1492933399999998
	54512	-1.14688392
	58418	-1.1411
	54453	-1.13338938
	57769	-1.1304
	54579	-1.12228053
	54541	-1.12204836
	54623	-1.12139967
	54596	-1.11695151
	58500	-1.1158
	57298	-1.11472743
	54514	-1.1136153899999999
	58507	-1.1123
	57758	-1.1034
	57486	-1.1004
	58140	-1.089
	53697	-1.0862777399999999
	56395	-1.0828
	57399	-1.0822
	54704	-1.08155157
	54612	-1.0790494800000001
	58523	-1.0744
	54325	-1.06652127
	53790	-1.0637589299999999
	54702	-1.05773538
	58693	-1.0573
	56761	-1.0557
	56985	-1.055
	58632	-1.0535
	54438	-1.04985843
	58543	-1.0491
	54594	-1.04263017
	54326	-1.0411500900000001
	58147	-1.0347
	59626	-1.0297
	58529	-1.0276
	54226	-1.02473766
	56666	-1.0213
	54337	-1.02000744
	58903	-1.0178
	57438	-1.0156
	57786	-1.0122
	57881	-1.0114
	57781	-1.0105
	54533	-1.00769358
	54342	-0.99277284
	54774	-0.9926810399999999
	54707	-0.98980827
	56752	-0.9826
	58548	-0.9797
	56396	-0.9793
	54711	-0.97183029
	58438	-0.9679
	54709	-0.9670114500000001
	54636	-0.9628412999999999
	57752	-0.9598
	58531	-0.9595
	53948	-0.95811513
	54499	-0.9477360899999999
	58503	-0.9477
	58416	-0.9457
	56664	-0.9427
	57492	-0.9388
	53693	-0.93772773
	58707	-0.9376
	54506	-0.9324455399999999
	58501	-0.9318
	54710	-0.93170418
	56763	-0.9126
	54237	-0.9125741100000001
	58534	-0.9091
	54472	-0.90856059
	58429	-0.9069
	57102	-0.90659061
	58906	-0.9061
	58145	-0.9013
	56688	-0.8989
	54611	-0.89621157
	58132	-0.8944
	58519	-0.8944
	54633	-0.89250477
	54613	-0.8875932599999999
	54439	-0.88295976
	56863	-0.8823
	56962	-0.877
	54601	-0.8757314999999999
	57041	-0.87452679
	58247	-0.873
	58409	-0.8717
	58420	-0.8714
	57772	-0.8687
	54523	-0.86766921
	56767	-0.8648
	57395	-0.8626
	56768	-0.8609
	56084	-0.85923624
	53596	-0.8503399199999999
	53980	-0.84969123
	53691	-0.84932055
	54436	-0.8488572
	54766	-0.8484865199999999
	57127	-0.8450577300000001
	54530	-0.8405169
	54497	-0.83904069
	57698	-0.8383
	58644	-0.8334
	54313	-0.83051196
	58624	-0.8271
	57299	-0.82077819
	56774	-0.8184
	58544	-0.8116
	53680	-0.81095517
	54701	-0.80928711
	54339	-0.8060008200000001
	57508	-0.8002
	57846	-0.7993
	57860	-0.795
	54416	-0.7944599099999999
	56674	-0.7932
	58035	-0.7905
	57119	-0.78964107
	57387	-0.7856
	58424	-0.7821
	54725	-0.7804667399999999
	51352	-0.77855121
	54328	-0.77776284
	58514	-0.7741
	58607	-0.7735
	57339	-0.773
	58620	-0.7717
	53899	-0.7692536699999999
	57042	-0.76693692
	54708	-0.76378614
	54267	-0.7625688
	57296	-0.76100604
	54540	-0.75868929
	54521	-0.75748458
	56673	-0.7527
	58510	-0.752
	54455	-0.74981154
	54399	-0.74710554
	54528	-0.7463641799999999
	57156	-0.74302806
	57688	-0.7429
	54434	-0.7422867
	57169	-0.7421013599999999
	56684	-0.7417
	54234	-0.74063778
	57760	-0.7382
	54320	-0.73726929
	58154	-0.7359
	56766	-0.732
	57766	-0.7314
	57175	-0.7287568799999999
	54117	-0.72831054
	57184	-0.72671814
	58102	-0.7264
	56869	-0.7224
	53785	-0.7220846399999999
	54323	-0.72186024
	54231	-0.72128688
	58633	-0.7203
	58508	-0.7198
	54507	-0.71921187
	54619	-0.71865585
	57398	-0.7159
	57306	-0.7134
	53897	-0.71142759
	54511	-0.71050089
	57777	-0.7081
	54606	-0.70772079
	57408	-0.7053
	55696	-0.70258101
	54700	-0.70132656
	54115	-0.70014423
	57035	-0.6980831099999999
	54615	-0.69660039
	54621	-0.6958590299999999
	57489	-0.6956
	57182	-0.69493233
	53996	-0.69187422
	54603	-0.68900145
	52643	-0.68816742
	57506	-0.6864
	54525	-0.6860360099999999
	57297	-0.68464596
	56851	-0.6824
	57110	-0.67982712
	51495	-0.6745580400000001
	54722	-0.6721355099999999
	57043	-0.6718575
	57396	-0.6678726899999999
	56565	-0.6654
	56584	-0.6653
	57260	-0.6631
	57033	-0.6617564699999999
	58250	-0.661
	54513	-0.6605517599999999
	54645	-0.6568449599999999
	56228	-0.65334372
	54765	-0.64887534
	54925	-0.6465585899999999
	56870	-0.6451
	56646	-0.6448
	57916	-0.6429
	53896	-0.64183242
	54430	-0.64155441
	57389	-0.6399
	53593	-0.63766227
	54608	-0.6375696
	57796	-0.635
	56178	-0.6349
	56671	-0.634
	54259	-0.62833089
	58251	-0.6282
	58146	-0.6281
	58542	-0.6271
	56462	-0.6264
	57841	-0.6264
	58414	-0.6262
	58629	-0.6245
	53481	-0.6236723399999999
	54632	-0.62209371
	57197	-0.62190837
	54041	-0.6213789
	58141	-0.6209
	57271	-0.61662618
	56966	-0.614
	56757	-0.6138
	57494	-0.6123
	58240	-0.6115
	58249	-0.6109
	54705	-0.61060263
	58143	-0.6106
	54751	-0.60986127
	53594	-0.60921258
	58158	-0.6092
	59051	-0.6092
	57348	-0.6041
	58026	-0.6033
	54753	-0.6004089300000001
	57049	-0.60022359
	54338	-0.59944788
	53599	-0.5991115499999999
	53894	-0.5971654799999999
	53794	-0.59660946
	57295	-0.59633145
	56670	-0.5955
	57493	-0.5936
	58512	-0.5935
	56775	-0.5906
	54248	-0.58884072
	57111	-0.5886398399999999
	54351	-0.58683396
	59856	-0.5855593099999999
	58813	-0.5847
	53792	-0.5831723099999999
	57285	-0.58067022
	53682	-0.58067022
	54607	-0.57937284
	57498	-0.577
	56838	-0.575
	57176	-0.57436866
	56641	-0.5742
	54132	-0.57242829
	58427	-0.5711
	56875	-0.5692
	55655	-0.56913147
	54024	-0.5671963799999999
	54420	-0.56667705
	57055	-0.56454564
	54712	-0.56454564
	58241	-0.5639
	50524	-0.5629678499999999
	56393	-0.5613
	53892	-0.56102418
	58415	-0.5586
	53694	-0.55639068
	54715	-0.55546398
	57737	-0.5554
	54590	-0.55522749
	54569	-0.5532924
	58502	-0.5499
	57029	-0.54906975
	53688	-0.54869907
	57089	-0.5485137299999999
	57279	-0.5484
	54244	-0.5482755
	57972	-0.5459
	54347	-0.5454087
	54260	-0.54447699
	53784	-0.54110013
	57507	-0.5388
	54777	-0.53794935
	58126	-0.5376
	57179	-0.53526192
	54423	-0.53516925
	53590	-0.53507658
	58139	-0.534
	53773	-0.53396454
	54726	-0.5338718699999999
	58428	-0.5316
	57188	-0.53072109
	51855	-0.5302146600000001
	53491	-0.52988706
	54764	-0.52701429
	58317	-0.5269
	51642	-0.52684617
	57011	-0.52673628
	56891	-0.5203
	57249	-0.5193
	58135	-0.5191
	55680	-0.51566565
	54755	-0.51543054
	54871	-0.5143185
	54801	-0.5132064599999999
	54431	-0.50996301
	57308	-0.5091
	54776	-0.50736825
	58433	-0.5058
	57767	-0.5053
	54474	-0.50326674
	57309	-0.5029
	53857	-0.49986198
	59004	-0.4995
	57317	-0.499
	57183	-0.49698920999999996
	56742	-0.4969
	57185	-0.49634051999999995
	53869	-0.49383843
	54519	-0.49040964
	53730	-0.48857438999999997
	57193	-0.48586881
	54728	-0.48531279000000005
	58417	-0.4826
	54809	-0.48253269000000004
	51329	-0.48026067
	50603	-0.47954397000000004
	54631	-0.47938190999999997
	51655	-0.47911395
	52656	-0.47882589000000003
	54724	-0.47762118
	53378	-0.47574545999999995
	54935	-0.47521176000000004
	56307	-0.47438373000000006
	56886	-0.474
	57186	-0.47345103
	57955	-0.4723
	58245	-0.4718
	58337	-0.4714
	54432	-0.46631543999999997
	54063	-0.46556832
	53695	-0.46474004999999996
	58244	-0.4642
	57411	-0.4639
	51765	-0.46384824
	53950	-0.46186728
	57024	-0.46121859
	54433	-0.45936519
	53908	-0.45834581999999996
	53669	-0.45778979999999997
	57016	-0.45677043
	54404	-0.45556571999999995
	57995	-0.4532
	58419	-0.4529
	58114	-0.449
	57233	-0.44880081
	56854	-0.4485
	54718	-0.44472333
	58426	-0.4439
	54605	-0.44314794
	56975	-0.4431
	59427	-0.443
	58342	-0.441
	56777	-0.4391
	58246	-0.437
	58537	-0.4356
	58647	-0.4342
	54471	-0.43403352
	57320	-0.434
	57694	-0.433
	54410	-0.43193486999999997
	57048	-0.4318422
	54475	-0.43123839
	53789	-0.4299888
	57328	-0.4291
	58627	-0.4284
	58208	-0.4272087
	57290	-0.42702335999999996
	50775	-0.42636483
	53795	-0.426282
	54254	-0.42399972
	57381	-0.4227
	57265	-0.422
	57326	-0.4217
	58623	-0.4193
	57261	-0.4188684
	57113	-0.41682966
	57077	-0.41275218
	57740	-0.4122
	57037	-0.41154746999999997
	57038	-0.41015742
	57153	-0.40941606
	58343	-0.4089
	57213	-0.40746998999999995
	53498	-0.40746998999999995
	56247	-0.4074
	58210	-0.4067
	57735	-0.4065
	57882	-0.4065
	51431	-0.40629722999999995
	58606	-0.4056
	54515	-0.40515323999999997
	57132	-0.40506056999999995
	54429	-0.40431921
	54803	-0.40367052
	56096	-0.40329983999999997
	56095	-0.40098309
	57045	-0.39755429999999997
	55681	-0.39712347000000003
	54802	-0.39681294
	54778	-0.39672027
	57294	-0.39644226
	58509	-0.3963
	59001	-0.3962
	57792	-0.3954
	54316	-0.39526005
	57324	-0.395
	57231	-0.39421818
	58642	-0.3911
	50353	-0.39081651
	58367	-0.39
	57345	-0.3899
	54510	-0.38912133
	57281	-0.38875065
	57871	-0.3877
	54452	-0.38730468
	54437	-0.38708259
	57189	-0.38559987
	54142	-0.38522625
	51243	-0.38214444000000003
	51636	-0.38214444000000003
	53993	-0.38161506
	54518	-0.37855694999999995
	58527	-0.3768
	57292	-0.37522082999999995
	57736	-0.3723
	56665	-0.3708
	56948	-0.3696
	58612	-0.3683
	57027	-0.36725121
	56497	-0.3649
	56772	-0.3649
	57957	-0.364
	57370	-0.3632
	53791	-0.36215435999999995
	57582	-0.3561
	57390	-0.35418474
	54622	-0.35094128999999996
	54064	-0.35082465
	53480	-0.34781451
	54804	-0.34528842
	56878	-0.3446
	57021	-0.3438057
	53944	-0.34371303
	53692	-0.34315701
	57485	-0.3424
	57744	-0.3399
	57906	-0.3374
	54428	-0.33537273
	57020	-0.33528006
	50425	-0.33441222000000004
	53895	-0.33416801999999995
	54662	-0.33383886
	57268	-0.3324
	54923	-0.33222195
	57981	-0.3321
	58432	-0.3305
	56756	-0.3294
	53959	-0.32842247999999996
	58550	-0.3277
	57143	-0.32573504999999997
	51430	-0.32552514
	54604	-0.32527169999999994
	56091	-0.32508635999999996
	57405	-0.323
	57779	-0.3229
	57590	-0.3216
	57842	-0.3216
	58111	-0.31989684
	58301	-0.31943349
	54401	-0.3187848
	58254	-0.3175
	58316	-0.3164
	59246	-0.3162
	58806	-0.3149
	53854	-0.31489266
	57313	-0.3137
	57502	-0.3126
	57958	-0.3122
	54616	-0.31164920999999995
	58602	-0.3102
	57128	-0.30571833000000004
	52862	-0.30560088
	51567	-0.30517086
	54252	-0.3017307
	57144	-0.30164085
	58335	-0.3001
	54363	-0.29993895
	58109	-0.2999
	53864	-0.29950943999999996
	58557	-0.2995
	58223	-0.2971
	54568	-0.29671379999999997
	57402	-0.2967
	54027	-0.29649879
	57032	-0.28987176000000003
	57057	-0.28987176000000003
	54805	-0.28829636999999997
	54759	-0.28811103
	53367	-0.28746837000000003
	57763	-0.2874
	54527	-0.28699898999999995
	57887	-0.2859
	53955	-0.28551626999999996
	53778	-0.28523826
	54714	-0.28412622
	58108	-0.28
	54800	-0.27689796
	54618	-0.27680529000000004
	57762	-0.2752
	59053	-0.2735
	57773	-0.2733
	58257	-0.2727
	51434	-0.27112761
	54072	-0.27076926
	53992	-0.27041106
	57603	-0.2703
	56594	-0.27
	58224	-0.2696
	56994	-0.2693
	57257	-0.2689
	54723	-0.26698227
	53195	-0.26603904
	57349	-0.2659
	50525	-0.26546568
	53617	-0.26382448
	57954	-0.2632
	57870	-0.2625
	57417	-0.2623
	53384	-0.26209719000000004
	54749	-0.26207076
	53685	-0.26197809
	57194	-0.26188542
	54353	-0.26138049
	58207	-0.26105139
	51330	-0.2608788
	54825	-0.26021736
	59052	-0.2598
	57872	-0.2566
	57040	-0.25604720999999997
	57273	-0.25493517
	53866	-0.25252575
	57034	-0.25243308
	56399	-0.2522
	53974	-0.25122837
	57895	-0.2499
	58441	-0.2499
	59102	-0.2499
	54266	-0.24955494
	56790	-0.2488
	54424	-0.24826293000000002
	56882	-0.2455
	58704	-0.2454
	56841	-0.244
	57483	-0.2435
	54532	-0.24307340999999996
	57026	-0.24214670999999996
	57098	-0.2418687
	57025	-0.24066398999999997
	54286	-0.24059619
	54820	-0.23899593
	57844	-0.2379
	57609	-0.2367
	51437	-0.23557929
	58843	-0.2349
	52645	-0.23479092000000001
	53499	-0.23343573
	58637	-0.2332
	54494	-0.23278416
	53392	-0.23232368999999997
	53368	-0.23206745999999998
	53362	-0.23106408
	56575	-0.2306
	54522	-0.23009960999999998
	54249	-0.22970235
	53798	-0.22935824999999999
	50945	-0.229344
	50950	-0.22848395999999999
	56459	-0.2284
	57742	-0.2282
	57086	-0.22806087
	50946	-0.22633386000000003
	51435	-0.22619052
	54902	-0.22509542999999999
	50954	-0.22418376
	57278	-0.2237
	56092	-0.22314936
	57154	-0.22259334
	53690	-0.22027659
	59061	-0.2199
	54563	-0.2185935
	57155	-0.21416037
	57030	-0.21258497999999998
	54218	-0.21192819000000002
	58236	-0.2118
	55773	-0.21056646
	58225	-0.2085
	54449	-0.20822949
	58221	-0.2082
	58044	-0.2077
	53924	-0.20674677
	54719	-0.2057274
	57087	-0.20544939
	53483	-0.20490453
	54539	-0.2048007
	50934	-0.20347113
	56434	-0.20239607999999998
	59041	-0.202
	54575	-0.20132102999999998
	53469	-0.20089101
	57942	-0.1996
	53619	-0.19907698
	58130	-0.1978
	58127	-0.1955
	54816	-0.19497768
	57129	-0.19460699999999997
	57022	-0.19432898999999998
	54065	-0.19315065
	53799	-0.19293894
	51804	-0.19293564
	50527	-0.19264895999999998
	53875	-0.19108554
	53893	-0.19080753
	53941	-0.19006617
	57510	-0.189
	56317	-0.18763206
	57682	-0.1846
	58625	-0.1834
	58205	-0.18330126
	53810	-0.18310593
	53781	-0.18181854
	57242	-0.18172586999999998
	54386	-0.18075174
	54327	-0.17953335
	57253	-0.1784
	56480	-0.1769
	51353	-0.17580651
	58237	-0.1755
	56846	-0.1748
	53985	-0.17347824
	56783	-0.1728
	57581	-0.1725
	57362	-0.1721
	51346	-0.17179299
	54520	-0.17079081
	57248	-0.17060547
	58622	-0.1701
	57315	-0.1699
	58341	-0.1695
	57067	-0.16819604999999999
	58339	-0.1677
	56881	-0.1664
	53871	-0.16634264999999998
	57006	-0.16606463999999999
	56483	-0.1651
	54047	-0.1641243
	57415	-0.163
	50566	-0.16297757999999998
	58614	-0.1626
	58431	-0.1625
	50514	-0.16111416
	57401	-0.1603
	54290	-0.15932241
	58131	-0.1593
	58705	-0.1591
	57511	-0.1584
	56227	-0.15810401999999998
	58730	-0.1572
	56493	-0.157
	53994	-0.15698298
	56312	-0.15638394
	57314	-0.1559
	57388	-0.1546
	57789	-0.1546
	57923	-0.1538
	57004	-0.15373952999999999
	56842	-0.1537
	54713	-0.15355418999999998
	50936	-0.15272877
	50674	-0.15165372000000002
	54318	-0.15142277999999998
	53399	-0.15021806999999998
	51356	-0.14936028
	54039	-0.1454901
	57936	-0.1445
	58336	-0.1442
	56786	-0.1438
	54425	-0.14150709
	51358	-0.14147658
	58329	-0.1412
	59321	-0.14
	59449	-0.1395
	57874	-0.1385
	58609	-0.1368
	56984	-0.1363
	56193	-0.1362
	53770	-0.13585422
	57303	-0.1354
	57361	-0.1353
	50832	-0.13502628
	54406	-0.13325946
	57039	-0.13242542999999998
	54597	-0.13186941
	54922	-0.1315914
	53848	-0.13112805
	58138	-0.131
	54102	-0.12943602
	59106	-0.1293
	54501	-0.12844062
	54049	-0.12707091
	51777	-0.12699923999999999
	54405	-0.12658722
	53954	-0.12630921
	57095	-0.12547518
	54851	-0.12454847999999999
	51468	-0.12384576000000001
	57505	-0.1232
	57044	-0.12241706999999999
	51802	-0.12205401
	57198	-0.12149036999999999
	54261	-0.11940222
	59109	-0.1183
	58215	-0.1182
	57741	-0.1179
	54274	-0.11725212
	57956	-0.1171
	57679	-0.116
	57008	-0.1158375
	53490	-0.11574482999999999
	56764	-0.1136
	54584	-0.11302359000000001
	51328	-0.11295192
	53492	-0.11213069999999999
	53991	-0.11148201
	53917	-0.10814589
	58214	-0.1077
	53885	-0.1074972
	56168	-0.1061
	58118	-0.106
	58944	-0.1056
	57195	-0.10499510999999999
	50779	-0.10442319
	57793	-0.1023
	53705	-0.10221472
	54243	-0.09954963
	57126	-0.09832286999999999
	57971	-0.0978
	58243	-0.0977
	54863	-0.09591345
	53467	-0.09503442
	53958	-0.09489408
	58319	-0.0946
	50873	-0.09453273
	57052	-0.09415272
	53961	-0.09406005
	57696	-0.0936
	53660	-0.0935967
	53889	-0.09341136
	53865	-0.09127995
	53545	-0.08973084
	53348	-0.0895875
	57774	-0.0888
	58117	-0.0887
	58710	-0.0885
	51436	-0.08793909
	56097	-0.087
	54842	-0.08683179
	58643	-0.0811
	50879	-0.07826364000000001
	57416	-0.076
	53768	-0.07497003
	56151	-0.07439346000000001
	57099	-0.07172658
	50776	-0.07152666
	51633	-0.07138332
	54421	-0.06959517
	54214	-0.06772815
	51568	-0.06615141
	57974	-0.0646
	54811	-0.06375696
	51701	-0.06349961999999999
	57096	-0.06329361
	56675	-0.0631
	58220	-0.0623
	57902	-0.0617
	54853	-0.06162555
	57254	-0.06088418999999999
	58546	-0.0608
	54476	-0.06063282
	57002	-0.05903079000000001
	57031	-0.058938120000000004
	53986	-0.057826079999999995
	59948	-0.05497261
	58558	-0.0543
	57192	-0.04967112
	58041	-0.0495
	56152	-0.0492
	54031	-0.04823391
	59093	-0.0477
	51581	-0.04766055
	57177	-0.0454083
	53914	-0.04402829999999999
	56745	-0.0438
	55598	-0.04364703
	53543	-0.04336035
	57414	-0.0426
	53981	-0.04253553
	56093	-0.04225752
	56492	-0.0411
	57745	-0.0369
	55690	-0.036838380000000004
	59045	-0.0364
	53725	-0.03512193
	57921	-0.0339
	56489	-0.0331
	54919	-0.031137119999999997
	57054	-0.030673769999999996
	54920	-0.030488429999999997
	54164	-0.02924136
	54408	-0.0287277
	54905	-0.02863503
	54821	-0.02705964
	57739	-0.0253
	58334	-0.0252
	53891	-0.0240942
	58701	-0.0236
	54857	-0.02326017
	52993	-0.023074829999999998
	54640	-0.02288949
	57293	-0.02279682
	54943	-0.022426139999999997
	50928	-0.01906422
	59635	-0.0183
	57969	-0.0179
	50978	-0.01727247
	56645	-0.0148
	50937	-0.014334
	54808	-0.01427118
	56190	-0.0138
	57180	-0.01371516
	58101	-0.013344479999999999
	53928	-0.012325109999999998
	53083	-0.00981879
	50939	-0.00946044
	58045	-0.0093
	51639	-0.0073820100000000005
	56387	-0.0059
	54135	-0.00537525
	54624	-0.00528219
	57140	-0.0051895199999999995
	51886	-0.004586880000000001
	51467	-0.0038701800000000004
	53192	-0.00379851
	53957	-0.0037068
	57761	-0.0035
	54939	-0.00324345
	59090	-0.0019
	50618	-8.6004E-4
	53953	0.0020387400000000003
	57251	0.0024
	54346	0.00250845
	57851	0.0050
	58804	0.0064
	58472	0.0068
	59213	0.0068
	57211	0.007228259999999999
	51707	0.009388770000000001
	57586	0.0114
	53942	0.01195443
	53612	0.01260418
	56567	0.0149
	58608	0.015
	57075	0.015012539999999998
	59228	0.0166
	51559	0.01927923
	57206	0.0193
	57865	0.0193
	53788	0.02001672
	55589	0.02157267
	57274	0.022055460000000002
	53573	0.02631828
	56885	0.027
	51241	0.0272346
	57012	0.03011775
	58462	0.0323
	57437	0.0333
	53852	0.033361199999999994
	57094	0.03410256
	58911	0.0353
	54929	0.03586329
	54113	0.03626502
	58032	0.03660465
	53472	0.03662337
	50948	0.037053390000000005
	57359	0.0376
	58047	0.0384
	57181	0.03855072
	57256	0.0397
	57743	0.0399
	50833	0.04042188
	51137	0.04063689
	56880	0.0427
	53782	0.044666939999999995
	57053	0.045037619999999993
	52657	0.04508043
	58202	0.0463
	58234	0.0467
	54823	0.04735437
	53877	0.04800306
	51629	0.04866393
	57720	0.0491
	51377	0.04938063
	51359	0.049810650000000005
	54398	0.053377919999999995
	53446	0.05411085
	50844	0.05497089
	53457	0.05554425
	54304	0.05606534999999999
	56376	0.0564
	58569	0.0569
	53767	0.05708472
	53947	0.057362729999999994
	56649	0.0574
	57425	0.06
	57047	0.06051350999999999
	57867	0.0615
	54814	0.061718220000000004
	52633	0.06263958
	58004	0.06310827
	52418	0.06329361
	55294	0.06335628
	58030	0.06394230000000001
	54810	0.06394230000000001
	53862	0.06459099
	57907	0.0652
	51573	0.06629475
	57060	0.06737109
	59847	0.06783853999999999
	57512	0.0679
	57134	0.06978051
	53890	0.07172658
	54628	0.07200459000000001
	57776	0.074
	57798	0.074
	54454	0.07611354000000001
	54734	0.07626741
	53433	0.07654356000000001
	53687	0.07960353
	57191	0.08034489
	57007	0.08108625
	56751	0.0825
	58927	0.0831
	54807	0.08349567
	54122	0.08371056
	53884	0.08377367999999999
	56992	0.0842
	53863	0.08442237
	54927	0.08507106
	57732	0.0887
	53732	0.08872746
	53878	0.09090927
	50877	0.09109257
	54836	0.09415272
	56898	0.0955
	54828	0.09656213999999999
	57090	0.09684014999999999
	58107	0.0996
	58450	0.1027
	53859	0.10314171
	54717	0.10323438
	58570	0.1049
	54483	0.10886673000000001
	57023	0.10888724999999999
	56578	0.1089
	53906	0.10916526
	58331	0.1094
	56844	0.1095
	57407	0.1113
	56978	0.1119
	51628	0.11209188
	54419	0.11259404999999999
	57106	0.11463279
	53562	0.1161054
	53276	0.11854218
	57891	0.1214
	57491	0.123
	53970	0.12315842999999999
	51711	0.12427578
	54204	0.1254225
	57046	0.12547518
	52652	0.1269579
	53610	0.12699143
	50884	0.12742926000000002
	54362	0.12742926000000002
	53797	0.12825528
	56094	0.12945999
	53783	0.13251809999999997
	50834	0.13301952
	58442	0.1331
	53769	0.13316678999999998
	53567	0.13372281
	55591	0.13416624
	57657	0.1342
	58365	0.135
	57992	0.1352
	58461	0.1358
	52495	0.13817976
	54815	0.139005
	53486	0.14048772
	58345	0.1405
	51438	0.14061654
	58320	0.1412
	54752	0.14224845
	54377	0.1426233
	53926	0.14336049
	58918	0.1437
	58821	0.1442
	50727	0.14520342
	58359	0.1453
	54291	0.14821356000000002
	58104	0.14956937999999997
	59209	0.1499
	56973	0.1509
	54918	0.15253482
	57003	0.15299817
	53995	0.15309084
	56785	0.1537
	57445	0.155
	59446	0.1553
	52765	0.15659895000000001
	57768	0.1573
	58100	0.15967041
	57853	0.1599
	53845	0.15994842
	57771	0.1615
	53853	0.16152381000000002
	56185	0.1628
	59116	0.1635
	55585	0.16498433999999998
	54830	0.16615730999999997
	58122	0.1663
	56106	0.16684776
	59435	0.1682
	56889	0.1688
	54812	0.16884474
	54716	0.16967877
	57825	0.1702
	58506	0.1702
	53879	0.17060547
	50871	0.17258136
	58907	0.174
	50838	0.17523315
	58361	0.1757
	56357	0.176
	58040	0.1763
	53962	0.18191121
	58742	0.1826
	58230	0.1829
	57259	0.1846
	53723	0.1847462
	59255	0.1853
	56986	0.1863
	57014	0.19006617
	51572	0.19028385
	58113	0.191
	56197	0.1926
	58568	0.1932
	55664	0.19322232
	51059	0.19494240000000002
	50851	0.19616079
	57232	0.19646039999999998
	55572	0.19788087000000001
	57093	0.19840647
	57178	0.19942584
	54187	0.19945761
	54285	0.19974429
	54156	0.20103435000000003
	58001	0.203874
	52575	0.20440284
	56194	0.2046
	57606	0.2054
	52436	0.20563473
	57976	0.2074
	58463	0.2097
	56082	0.21082425
	58448	0.2112
	50987	0.21128316
	58311	0.2146
	53963	0.21555042
	50983	0.21794846999999998
	54729	0.21925722
	54819	0.21925722
	54245	0.21945354000000003
	57778	0.2233
	58619	0.2249
	57731	0.225
	58600	0.2263
	57461	0.2264
	56879	0.2265
	54486	0.22676388
	57837	0.2305
	57105	0.23093364
	53385	0.23170911
	51433	0.23285583
	52323	0.23362107
	56991	0.2364
	59421	0.24
	54493	0.24066785999999998
	56871	0.2422
	50639	0.24468137999999998
	59046	0.245
	57608	0.2451
	56593	0.2467
	56987	0.2472
	51060	0.25027164
	53881	0.25113397
	54817	0.25159905
	54292	0.25256508
	52853	0.25278009
	52996	0.25335978
	53966	0.25549119
	59951	0.25561732
	54660	0.25629192
	53872	0.25771527
	54824	0.26253411
	58635	0.2641
	57217	0.2656
	57363	0.2657
	59044	0.2676
	57973	0.2678
	58024	0.26846499
	53488	0.27096707999999997
	53666	0.27115242
	56284	0.2713
	51477	0.27134262
	50749	0.27148596
	58460	0.2717
	50955	0.27256101000000005
	56202	0.27263268
	51730	0.27334938000000003
	53663	0.27337649999999997
	52661	0.27383985
	50940	0.27506946
	56033	0.27514113
	57237	0.276
	53861	0.27699063
	51722	0.2780796
	53787	0.27921471
	58238	0.28
	53856	0.28069742999999997
	51839	0.28080306
	51058	0.2823798
	56342	0.28273815
	58423	0.2841
	56184	0.2843
	58731	0.2851
	53964	0.28672098
	57845	0.2869
	50956	0.2881134
	54273	0.28847175
	57673	0.289
	53868	0.29079846000000004
	54503	0.29089113
	56548	0.2915
	57598	0.2915
	54861	0.29274453
	53289	0.29291529
	50673	0.29348864999999996
	54846	0.29367123
	54900	0.29413458
	53925	0.29626599
	58235	0.2983
	52995	0.29830473
	57780	0.2987
	58818	0.2995
	58847	0.2996
	54827	0.29997279
	54901	0.30015813
	53883	0.30136283999999997
	56180	0.3026
	57001	0.30340158
	58222	0.3041
	53771	0.30831309
	53934	0.30914712
	59304	0.3094
	51931	0.30968607
	53658	0.30970314
	53829	0.30979580999999995
	53975	0.30979580999999995
	51811	0.31004442
	54852	0.3104445
	58822	0.3111
	57187	0.31118586
	53898	0.31201988999999997
	58567	0.3121
	53949	0.31248324
	58212	0.3131
	56386	0.3139
	56977	0.3147
	57124	0.31498532999999995
	53419	0.31513299
	56478	0.3161
	58003	0.31665339
	53945	0.31813610999999997
	53337	0.32014989
	57028	0.32026752
	56257	0.3203
	53475	0.32043657
	53564	0.32054552999999997
	50136	0.32115327
	54157	0.32122494
	57714	0.3218
	57966	0.3221
	51644	0.32409174
	57965	0.3255
	53582	0.32564237999999995
	54301	0.32610573
	50742	0.32660019
	54938	0.32740311
	53956	0.32758845
	56081	0.32832981
	50878	0.32853528
	59124	0.3295
	56487	0.3312
	53780	0.33129525
	57196	0.33157326
	53580	0.33175859999999996
	51704	0.33226212
	57519	0.3326
	58734	0.3329
	58150	0.3337
	58203	0.3338
	57834	0.3341
	53466	0.33462723
	57595	0.3347
	54276	0.33477057
	51818	0.33527226
	57245	0.33565074
	59113	0.3359
	59431	0.336
	53420	0.336849
	58646	0.3372
	58556	0.3392
	57896	0.3399
	56289	0.3414
	50564	0.34150755
	56192	0.34213763999999997
	56755	0.3433
	54154	0.34573608
	53764	0.34871721
	53873	0.35103396000000003
	57754	0.3512
	53735	0.35251668
	53585	0.35325804
	57091	0.35437008000000003
	58242	0.3563
	54349	0.35691660000000003
	58449	0.3571
	54908	0.35900358
	56883	0.3591
	58555	0.3605
	56183	0.3609
	57343	0.36169101
	58129	0.3627
	54833	0.36298839
	53644	0.36351024
	58007	0.36428577
	53678	0.36502713
	51826	0.36831213
	56651	0.3686
	58435	0.3689
	58038	0.369
	50953	0.36945884999999995
	54843	0.37012397999999996
	51365	0.37304234999999997
	51827	0.37325736000000004
	56873	0.3742
	53738	0.3743868
	59064	0.3745
	56391	0.375
	59092	0.3778
	53553	0.37791591
	56778	0.3786
	57431	0.3796
	54069	0.3805677
	59114	0.3822
	57604	0.3826
	56592	0.3836
	58814	0.3838
	54835	0.38513652
	53935	0.38754594
	57432	0.3878
	51656	0.3884514
	53464	0.38995647
	56038	0.39
	51357	0.39052983
	57426	0.3914
	59632	0.392
	53972	0.39375483
	54213	0.39382665
	51814	0.39404165999999996
	58437	0.3945
	56016	0.39669345
	59007	0.3975
	54186	0.39769682999999995
	57066	0.39811031999999996
	54826	0.39811031999999996
	56125	0.39870021
	50787	0.39999027000000004
	58265	0.4008
	53676	0.40274382
	59851	0.40288437
	56004	0.40414712999999997
	58340	0.4043
	53707	0.40445605
	51716	0.40479215999999996
	54909	0.4049679
	54161	0.40543719
	56872	0.4058
	57922	0.4058
	51367	0.40730061
	58626	0.408
	58436	0.4094
	58905	0.4104
	58932	0.4111
	53929	0.41182548
	58848	0.4134
	53397	0.41395688999999997
	54916	0.41497626
	56485	0.416
	51720	0.41776442999999996
	53533	0.41812278
	53841	0.41868305999999994
	53484	0.41869614000000005
	58834	0.4193
	50973	0.4207029
	57687	0.4216
	57947	0.4238
	53584	0.42405792
	53774	0.42507729
	53763	0.42618933
	54165	0.42722487
	59664	0.4279
	54311	0.42887675999999997
	51133	0.42994833
	52602	0.42994833
	54849	0.43174953
	53772	0.4318422
	52378	0.43274346
	58446	0.4334
	58453	0.4339
	50880	0.4350369
	54829	0.43656837
	57658	0.4375
	53973	0.43777308
	56263	0.4383
	57072	0.4392558
	58326	0.4397
	50862	0.43976712
	57583	0.4427
	56944	0.4468
	59448	0.4498
	51810	0.45015927
	54903	0.45167357999999996
	53967	0.45334164
	57600	0.4534
	52533	0.45380499
	58468	0.454
	50756	0.45453114
	52986	0.45519504
	58601	0.4555
	58125	0.456
	57589	0.4561
	50468	0.45861633
	56043	0.458688
	54293	0.45918969000000004
	51232	0.46019307
	58553	0.4624
	53455	0.46262984999999995
	52313	0.46277319000000006
	56444	0.4634
	58477	0.4654
	52576	0.46628502
	57318	0.4678
	57307	0.4719
	56951	0.472
	57614	0.4724
	53602	0.47409704999999996
	54731	0.47743584
	58912	0.4782
	53579	0.47965991999999996
	58036	0.4809
	56496	0.4818
	59843	0.48231287999999994
	58934	0.4826
	53665	0.48308871
	51542	0.48434585999999996
	58559	0.4849
	51571	0.48513422999999994
	58006	0.4865175
	53927	0.48688817999999995
	56473	0.4876
	59235	0.4877
	59134	0.4887
	56793	0.4889
	59293	0.4891
	52203	0.48972111
	53651	0.49050231
	59322	0.491
	53886	0.49133634
	53832	0.49170701999999994
	57655	0.4923
	57378	0.4927
	54737	0.49356041999999994
	58314	0.4938
	53965	0.4973598899999999
	56267	0.4984
	53968	0.4985646
	53565	0.50403213
	59849	0.5043231899999999
	58005	0.50625621
	54195	0.50685024
	57329	0.5094
	53357	0.51064875
	56989	0.5115
	53487	0.5124651
	54627	0.5124651
	57707	0.5156
	53806	0.51659872
	58327	0.5179
	54236	0.5182457699999999
	51717	0.51838911
	53662	0.5189520000000001
	54205	0.52010919
	57078	0.5205273899999999
	51627	0.52061088
	52998	0.5206200599999999
	54806	0.52089807
	53998	0.52210278
	53938	0.52247346
	54730	0.52275147
	56116	0.5229759900000001
	56996	0.5236
	57247	0.5253462299999999
	53850	0.52580958
	53937	0.52618026
	56982	0.529
	56781	0.5312
	50349	0.5325081
	50958	0.53415651
	50852	0.53451486
	56840	0.5346
	59038	0.5365
	51828	0.53953176
	53984	0.53971008
	58706	0.5403
	50767	0.5407501499999999
	52674	0.5418414899999999
	56533	0.5436
	57056	0.54443625
	53068	0.5451220200000001
	58845	0.5457
	53391	0.5499955799999999
	51705	0.5509272900000001
	56491	0.5514
	59099	0.5527
	58565	0.5529
	56137	0.5530057199999999
	52842	0.55429578
	51829	0.55443912
	58358	0.555
	57413	0.5579
	57960	0.5583
	53578	0.55842942
	56582	0.559
	55299	0.55931268
	57900	0.5604
	51482	0.56232282
	53513	0.5626811700000001
	50632	0.56311119
	54904	0.56890113
	53727	0.569778
	57857	0.5702
	54284	0.57579678
	58666	0.5776
	50861	0.5776602000000001
	55437	0.57787521
	50246	0.58059867
	56297	0.5815
	50985	0.58310712
	50772	0.58454052
	57061	0.5845623600000001
	57612	0.5861
	50557	0.58661895
	57079	0.58808382
	54181	0.58891239
	57051	0.5905859099999999
	51526	0.59070414
	57886	0.5923
	56782	0.5934
	50892	0.59615106
	55228	0.59873118
	57082	0.59948223
	50548	0.60045126
	56479	0.6014
	50962	0.60310305
	57932	0.6038
	50755	0.6051098100000001
	58714	0.6053
	54822	0.60689583
	58017	0.6075445199999999
	51076	0.60761826
	52745	0.60768993
	58116	0.6085
	58027	0.6089
	52833	0.6106284
	59845	0.6110785099999999
	58002	0.61291938
	53983	0.6131047199999999
	54172	0.61399689
	57868	0.614
	53775	0.61458744
	58917	0.6149
	53976	0.61505079
	57514	0.6163
	58605	0.6163
	51068	0.6180820800000001
	56839	0.6187
	57948	0.6197
	59441	0.62
	57839	0.6205
	54841	0.6217230300000001
	53618	0.62183499
	58820	0.6223
	58654	0.6233
	54906	0.6235764300000001
	54727	0.6263565299999999
	59230	0.627
	56378	0.6281
	53614	0.63089964
	56970	0.6323
	57909	0.6336
	56298	0.6357
	50745	0.6363579300000001
	55578	0.63750465
	54093	0.64424163
	56389	0.6446
	56586	0.6455
	59313	0.6465
	59012	0.6475
	57840	0.6484
	56223	0.64918686
	54911	0.65035806
	59055	0.6504
	54914	0.65156277
	51369	0.65198199
	57475	0.652
	53817	0.65412241
	57304	0.6544
	56187	0.6563
	56961	0.657
	56792	0.6577
	58323	0.6582
	54834	0.6582350100000001
	50788	0.6591489899999999
	57368	0.6613
	51087	0.66258915
	56876	0.6651
	56867	0.6652
	54012	0.66574263
	52818	0.66746271
	53673	0.66861405
	51238	0.66875277
	53923	0.66926274
	53502	0.66975615
	53529	0.66982782
	59848	0.6704106499999999
	50445	0.67133289
	53915	0.67148682
	50741	0.67470138
	51469	0.6753464100000001
	51708	0.67649313
	53874	0.67658367
	53759	0.6786224099999999
	53880	0.67871508
	58344	0.679
	53931	0.67917843
	53982	0.67973445
	57162	0.67982712
	56697	0.6816
	52868	0.68380347
	56021	0.6886053599999999
	52713	0.6887487
	57699	0.6906
	54305	0.69111381
	59127	0.6915
	53750	0.6915962099999999
	53519	0.6929709099999999
	57517	0.6933
	59037	0.6945
	59855	0.69635517
	53988	0.69845379
	58750	0.6992
	53704	0.69979098
	59270	0.7018
	51145	0.70265268
	57832	0.705
	57333	0.7068
	56394	0.7087
	57083	0.7089255
	53664	0.71272497
	53888	0.7144857
	59091	0.7182
	54915	0.71856318
	54913	0.71939721
	53997	0.72032391
	54732	0.7231966799999999
	56147	0.7253
	50854	0.72831054
	54936	0.7283862
	52863	0.72852555
	53324	0.7292422500000001
	50913	0.72945726
	53882	0.7299615899999999
	59227	0.7319
	56596	0.7341
	58016	0.7345
	53910	0.7355316
	53916	0.73587692
	53272	0.73683927
	53987	0.73802388
	59640	0.7389
	59290	0.7432
	58338	0.7434
	52836	0.74558301
	58255	0.7479
	50774	0.7505999099999999
	54910	0.7507196700000001
	57964	0.7508
	57238	0.7530364199999999
	59082	0.7533
	50960	0.75361005
	50658	0.7537533900000001
	50842	0.75547347
	59063	0.7569
	54818	0.7598013299999999
	50247	0.7605620399999999
	57822	0.762
	54945	0.7625814299999999
	56276	0.7646
	54374	0.7647189
	57137	0.76489818
	57173	0.7662882299999999
	58269	0.7683
	56146	0.7683
	52895	0.76879032
	53547	0.7693774499999999
	53615	0.7697182799999999
	54208	0.7697358000000001
	58021	0.7699950299999999
	58354	0.7707
	55472	0.77410767
	50750	0.7747527
	57081	0.77518455
	51815	0.7753977300000001
	58530	0.7761
	51186	0.77611443
	53505	0.77625777
	53753	0.77629659
	59754	0.7772
	55248	0.77733282
	57808	0.7775
	53786	0.7795400399999999
	53478	0.78380286
	57859	0.7843
	50859	0.78464316
	53989	0.78621228
	53574	0.78973374
	57084	0.7907531099999999
	57738	0.7914
	50858	0.7915234800000001
	58366	0.7942
	57573	0.7943
	53463	0.79431861
	58718	0.7956
	57462	0.7969
	56585	0.7975
	59310	0.7976
	56272	0.7976
	56946	0.7979
	52754	0.80048223
	56390	0.8005
	58443	0.8005
	58128	0.8016
	50434	0.8025606599999999
	58008	0.80335623
	59453	0.8069
	56382	0.807
	56172	0.8085
	56029	0.8102293500000001
	59287	0.8103
	56580	0.8112
	58616	0.8123
	59238	0.8151
	57516	0.8182
	58020	0.81836877
	58356	0.8191
	57991	0.8195
	59034	0.8247
	53756	0.82494834
	54192	0.8249933700000001
	57523	0.8271
	57605	0.8304
	53677	0.83199126
	50867	0.83230371
	57722	0.8324
	50526	0.83302041
	55593	0.8331637500000001
	54096	0.83337876
	51334	0.83488383
	59215	0.8351
	50853	0.83681892
	56843	0.837
	57876	0.8371
	57085	0.83727345
	56954	0.8415
	52855	0.8419074900000001
	54171	0.8434842300000001
	56374	0.8436
	57520	0.8439
	59254	0.8443
	53674	0.8447797199999999
	51465	0.84649437
	56196	0.8474
	56182	0.848
	58618	0.8483
	54644	0.85080327
	56331	0.85172628
	51053	0.8564565000000001
	54371	0.8586066
	53777	0.8588655599999999
	50739	0.85925163
	57975	0.8598
	57518	0.8605
	54098	0.86161674
	59072	0.8617
	59451	0.8634
	57409	0.8637
	52968	0.86627529
	54921	0.86785455
	50431	0.8692137600000001
	57680	0.8697
	58938	0.8701
	59757	0.8717996699999999
	58353	0.8727
	54169	0.87487569
	57513	0.8752
	58484	0.8755
	56171	0.8755
	58306	0.878
	56065	0.8781725100000001
	54263	0.88111098
	53776	0.88119903
	54831	0.8820330599999999
	56959	0.8822
	51463	0.8824010400000001
	57678	0.8843
	52825	0.88605621
	56384	0.8862
	50647	0.8866295700000001
	58941	0.8879
	52972	0.88999806
	56109	0.89107311
	56373	0.8929
	57216	0.8931
	55279	0.8935098899999999
	56251	0.8941
	50915	0.89522997
	56186	0.8976
	53588	0.89862099
	56654	0.9017
	58451	0.9045
	56128	0.9056221200000001
	56835	0.9081
	56291	0.9087
	56849	0.913
	59133	0.9142
	53231	0.91458087
	54744	0.9148382399999999
	57993	0.9152
	57420	0.9158
	59317	0.9161
	54848	0.91632096
	54080	0.92196288
	54832	0.9232712099999999
	50646	0.92611974
	59137	0.9284
	57978	0.9293
	53336	0.9300615900000001
	56164	0.9302
	52515	0.93198219
	58754	0.9328
	59205	0.9339
	59426	0.9351
	59650	0.9357
	54099	0.9374436
	57985	0.9383
	57866	0.939
	52957	0.94210215
	59312	0.9432
	55493	0.94382223
	52869	0.9510609
	58362	0.9533
	57962	0.9538
	56018	0.95435772
	58259	0.9553
	56969	0.9554
	54844	0.9557983800000001
	51709	0.9563644800000001
	59303	0.9587
	52784	0.9587638199999999
	53149	0.9600196499999999
	53343	0.9603063300000001
	56188	0.9607
	59107	0.9609
	57522	0.9624
	56643	0.9632
	58351	0.9662
	57355	0.9664
	59429	0.967
	59320	0.9675
	56281	0.9729
	59256	0.9742
	57208	0.9767
	58844	0.979
	59838	0.9802562699999999
	57669	0.9808
	53757	0.9813753
	53748	0.9831360299999999
	53522	0.98367075
	59025	0.9883
	57829	0.9885
	51156	0.9889743299999999
	57377	0.989
	56046	0.9897627
	58748	0.9908
	53751	0.9946271099999999
	54738	0.9948124499999998
	57509	0.996
	52889	0.99703653
	56441	0.9984
	52681	0.99926061
	52737	0.9995814900000001
	54076	1.00180326
	52557	1.00287474
	59294	1.0051
	57476	1.0052
	58836	1.0078
	56034	1.01377215
	58321	1.0178
	53740	1.01862864
	59654	1.0191
	58011	1.02085272
	57647	1.0216
	53903	1.02206087
	57080	1.0227061199999998
	53517	1.02534141
	56158	1.0262
	53576	1.028637
	54094	1.03054293
	52896	1.03169511
	59644	1.0341
	59211	1.0372
	58268	1.0417
	58819	1.0431
	57674	1.0444
	53760	1.04642964
	54026	1.05104055
	50442	1.05111222
	59419	1.0527
	59122	1.057
	53821	1.05856941
	59280	1.0587
	54736	1.06033014
	58745	1.0604
	50778	1.06057266
	57358	1.0608
	59285	1.0619
	53611	1.06850641
	57903	1.0717
	58022	1.0722845699999999
	52546	1.0751573399999999
	53679	1.07626938
	57827	1.077
	53754	1.0772887500000001
	56498	1.0788
	56952	1.0822
	56287	1.086
	54912	1.08692643
	59417	1.0876
	57949	1.088
	57915	1.0884
	58664	1.0884
	54837	1.08924318
	56067	1.08945567
	59065	1.0913
	56295	1.0967
	56288	1.0992
	57941	1.1005
	59249	1.1034
	58735	1.1041
	58330	1.1047
	52707	1.1086632299999999
	59750	1.1116
	56189	1.1123
	57460	1.1125
	58421	1.1137
	59241	1.1151
	54134	1.11547188
	53978	1.11676617
	54855	1.1186195700000001
	59097	1.1212
	57625	1.1221
	52874	1.1229255599999999
	56383	1.1259
	57994	1.1289
	50758	1.13037924
	59758	1.1351790800000001
	56144	1.136
	58369	1.137
	58660	1.1393
	52856	1.14091473
	50656	1.1422764600000002
	58665	1.1442
	57536	1.1443
	56371	1.1446
	58823	1.1465
	57908	1.1494
	59023	1.15
	57996	1.1504
	58667	1.1525
	53979	1.15457553
	53518	1.15587237
	58012	1.1562
	57708	1.1571
	57910	1.1574
	57905	1.1587
	57729	1.1588
	57637	1.1608
	51288	1.16349078
	59647	1.1646
	59656	1.1647
	53575	1.1666226299999998
	59265	1.1686
	53659	1.17190482
	58828	1.1726
	54932	1.17588963
	57065	1.17653832
	57911	1.1788
	53860	1.17959643
	50964	1.18026156
	56045	1.18090659
	52875	1.18420341
	56079	1.1853
	52978	1.18599066
	58013	1.1908
	59047	1.1945
	54907	1.1962770299999999
	56199	1.1967
	57585	1.1982
	57477	1.1991
	57447	1.2002
	59284	1.2005
	58562	1.2086
	56071	1.21128957
	57584	1.2145
	52988	1.21842516
	59425	1.2199
	57204	1.2204
	56949	1.2209
	58942	1.2229
	50963	1.22398026
	59224	1.2255
	51378	1.22598702
	56290	1.2266
	58737	1.2318
	57649	1.2321
	59266	1.2326
	58921	1.2336
	59237	1.2342
	59658	1.2342
	56595	1.2369
	50888	1.23752589
	56181	1.2399
	56569	1.24
	57989	1.2437
	57646	1.2497
	52943	1.2515732099999999
	58264	1.2554
	58760	1.2559
	59033	1.2592
	57071	1.26707691
	56691	1.2674
	57816	1.2749
	56748	1.2757
	58749	1.2791
	58454	1.2816
	57074	1.28236746
	57076	1.28236746
	52876	1.28489976
	58712	1.2882
	57575	1.2906
	57799	1.2948
	52267	1.2957936
	56273	1.3008
	59940	1.30477543
	50979	1.30905255
	56198	1.3126
	51470	1.3158612
	59088	1.3199
	56499	1.3253
	59125	1.3256
	53577	1.32675639
	57525	1.3281
	52980	1.3289804699999999
	56862	1.3306
	57927	1.3318
	58048	1.3329
	56385	1.333
	58713	1.3353
	56286	1.3371
	52908	1.3387956
	52101	1.3409457
	57541	1.3411
	56739	1.3439
	53512	1.34538924
	59454	1.3486
	59059	1.3498
	52447	1.35400137
	58724	1.3568
	51379	1.35986658
	57894	1.3643
	58839	1.3648
	56598	1.3682
	57464	1.3697
	54917	1.37086731
	59462	1.3753
	59117	1.3754
	58652	1.3776
	57063	1.3777248899999999
	57926	1.3821
	50659	1.38423438
	58015	1.3919
	56543	1.3938
	59673	1.3977
	53352	1.40036013
	56964	1.4009
	56167	1.4063
	59655	1.4071
	58736	1.4097
	57710	1.4169
	54365	1.42214781
	58837	1.4254
	58563	1.4266
	57803	1.4347
	59289	1.4363
	52797	1.43703369
	58751	1.4374
	57734	1.4395
	56443	1.4396
	53646	1.44064782
	53930	1.4422232099999999
	50655	1.44350547
	59315	1.4451
	57988	1.4471
	58936	1.4485
	54940	1.45167555
	59954	1.4533184399999999
	57466	1.457
	57723	1.4608
	52446	1.4614059
	57811	1.4649
	56296	1.4651
	58746	1.4696
	58826	1.4749
	59229	1.4763
	52679	1.47651111
	59288	1.4934
	57439	1.4935
	58656	1.4965
	52963	1.5065034
	56195	1.5081
	58929	1.5153
	57713	1.5165
	58459	1.517
	52866	1.5212674199999998
	57800	1.5253
	52112	1.52843442
	57914	1.5332
	57821	1.5361
	50968	1.5376798500000002
	58457	1.5459
	57809	1.5472
	57818	1.5482
	57070	1.54990575
	57635	1.5506
	58458	1.5509
	56836	1.5524
	59242	1.5526
	56381	1.5528
	59022	1.5559
	59027	1.5565
	53681	1.5574120200000001
	59087	1.5613
	58049	1.5753
	56995	1.58
	59480	1.5927
	58034	1.60096692
	57571	1.6014
	59218	1.6079
	57671	1.6162
	57566	1.6186
	58933	1.6253
	57813	1.627
	56080	1.62756321
	58467	1.6383
	57558	1.6394
	58940	1.6431
	52983	1.65082338
	54092	1.65371358
	52974	1.65529032
	56380	1.6573
	57883	1.6622
	57564	1.6682
	59096	1.6708
	58715	1.6722
	57623	1.6758
	56746	1.6761
	59319	1.6781
	59268	1.6791
	56474	1.6812
	52787	1.686594
	59297	1.6951
	58464	1.6965
	56475	1.7002
	59269	1.7065
	59130	1.7071
	56173	1.7159
	59264	1.7168
	58452	1.7201
	56571	1.7269
	59279	1.7301
	50965	1.7311888500000001
	52884	1.7341337099999998
	59131	1.738
	57640	1.7499
	58846	1.7542
	59457	1.7545
	59071	1.7565
	59653	1.7779
	59501	1.7786
	57828	1.7898
	58935	1.7927
	58752	1.7973
	58824	1.8025
	56494	1.8054
	57636	1.8115
	57814	1.8232
	57990	1.826
	58658	1.8506
	58928	1.859
	59456	1.8613
	52982	1.86201831
	56285	1.8632
	57642	1.8641
	57718	1.8705
	57574	1.8715
	59081	1.8801
	59017	1.8802
	59126	1.8847
	59094	1.8877
	58346	1.9022
	59481	1.9034
	57806	1.9076
	57469	1.9095
	59502	1.9113
	57577	1.9129
	59074	1.9225
	59298	1.9326
	57824	1.9515
	57728	1.9969
	59476	2.0016
	59631	2.0075
	59945	2.02175862
	57643	2.025
	57537	2.0306
	59493	2.0458
	59058	2.0568
	52607	2.0572873499999997
	52985	2.0600541
	59842	2.06514126
	59941	2.0659918999999998
	58926	2.0952
	59278	2.1108
	58659	2.1175
	57633	2.121
	58657	2.1232
	59471	2.1501
	59316	2.1569
	57666	2.1636
	57465	2.1709
	56279	2.1789
	59314	2.1801
	58725	2.1843
	59452	2.2071
	59500	2.2078
	52984	2.2342737
	58931	2.2584
	57562	2.2746
	59324	2.2856
	58946	2.3017
	56074	2.31406257
	58456	2.3405
	56693	2.3662
	52955	2.38818774
	59271	2.3907
	59075	2.4097
	57913	2.4241
	59473	2.4319
	58923	2.4384
	56278	2.4498
	57565	2.4591
	57540	2.4595
	52885	2.46251991
	59276	2.4642
	57663	2.4745
	58025	2.47493769
	57662	2.5105
	58377	2.5229
	57912	2.5244
	59318	2.539
	57554	2.5411
	56280	2.5442
	57807	2.5683
	58747	2.5685
	57458	2.5905
	59492	2.6006
	56958	2.6326
	59021	2.6352
	59478	2.6357
	57634	2.6547
	59031	2.6547
	59306	2.6551
	59659	2.6714
	59488	2.7026
	59475	2.7056
	59487	2.7292
	57717	2.7523
	58352	2.7818
	59470	2.7853
	56490	2.8005
	59663	2.8009
	59015	2.8161
	57543	2.8175
	58719	2.8385
	57661	2.8599
	58744	2.901
	58360	3.0197
	58455	3.0217
	57805	3.0567
	59057	3.0801
	59477	3.1278
	59485	3.1985
	57889	3.2314
	57719	3.2457
	59854	3.28038683
	59469	3.4642
	57544	4.0874
	57545	4.1739
