	57606	-2.1101
	57808	-2.0762
	58472	-1.9683
	56976	-1.9228
	57045	-1.9057
	57033	-1.8799
	57809	-1.8362
	56766	-1.7999
	52661	-1.7903
	57053	-1.7803
	57043	-1.748
	57061	-1.7201
	53950	-1.7084
	57051	-1.6886
	57046	-1.6881
	57054	-1.6624
	56693	-1.6546
	57720	-1.6467
	57818	-1.6449
	52656	-1.5906
	57906	-1.552
	58003	-1.5516
	53958	-1.5474
	57047	-1.5452
	57052	-1.5375
	52784	-1.5272
	57040	-1.5238
	57044	-1.5231
	57807	-1.5174
	57710	-1.5041
	57048	-1.482
	57042	-1.4818
	53959	-1.4687
	51437	-1.467
	52576	-1.4383
	57625	-1.4352
	57049	-1.4281
	57806	-1.4278
	57903	-1.4209
	56992	-1.4166
	57026	-1.4076
	57803	-1.4055
	53949	-1.3992
	53991	-1.3955
	57144	-1.3826
	54841	-1.3777
	57805	-1.3777
	56767	-1.3711
	57910	-1.3687
	57032	-1.3579
	54837	-1.3565
	53898	-1.3562
	54778	-1.3467
	58150	-1.321
	54917	-1.32
	57055	-1.3159
	58002	-1.3149
	56989	-1.3103
	57060	-1.309
	57722	-1.3088
	58442	-1.3082
	58011	-1.3065
	57029	-1.306
	54843	-1.2972
	52575	-1.2932
	57707	-1.2928
	57082	-1.2668
	57039	-1.2642
	57913	-1.2639
	57248	-1.2557
	54908	-1.255
	52546	-1.2527
	53897	-1.2516
	56665	-1.2456
	56357	-1.2416
	53619	-1.2411
	57154	-1.2296
	57036	-1.2274
	54903	-1.226
	57091	-1.2258
	57176	-1.2248
	51436	-1.2202
	53889	-1.2079
	58335	-1.1946
	51137	-1.1877
	53512	-1.1866
	53617	-1.1838
	57034	-1.181
	51434	-1.1722
	53502	-1.1674
	52652	-1.1592
	57129	-1.1586
	57090	-1.155
	54844	-1.1537
	57708	-1.1462
	54916	-1.1428
	54912	-1.1404
	54909	-1.1349
	53612	-1.1287
	57137	-1.1275
	56381	-1.1199
	54846	-1.1198
	52818	-1.1184
	53948	-1.1156
	57908	-1.1115
	58326	-1.11
	57132	-1.1085
	57153	-1.1057
	58420	-1.101
	54906	-1.0979
	57242	-1.0963
	57083	-1.0927
	52679	-1.0911
	57057	-1.0906
	51642	-1.0901
	58404	-1.0856
	54807	-1.0843
	52101	-1.0841
	54398	-1.084
	58143	-1.0779
	57093	-1.0777
	57077	-1.0772
	57143	-1.074
	54855	-1.0668
	56654	-1.0651
	53981	-1.0635
	54914	-1.0583
	56846	-1.0577
	57902	-1.0576
	57995	-1.0576
	57056	-1.0573
	54913	-1.0552
	56474	-1.0496
	57912	-1.0484
	56761	-1.0476
	54902	-1.0449
	53518	-1.0449
	51435	-1.042
	58435	-1.0419
	59092	-1.0309
	58414	-1.0306
	53894	-1.0284
	53967	-1.022
	56995	-1.0211
	56565	-1.0187
	52313	-1.0167
	54836	-1.0154
	53956	-1.0137
	58401	-1.0126
	56774	-1.0104
	58319	-1.0081
	53899	-1.0011
	54832	-1.0002
	58917	-1.0002
	57035	-0.9997
	57900	-0.9992
	58407	-0.9959
	52876	-0.9955
	58329	-0.9937
	54842	-0.9912
	53893	-0.9893
	53615	-0.9891
	53890	-0.9856
	57909	-0.9833
	56889	-0.9752
	51058	-0.9751
	54915	-0.9748
	54828	-0.9717
	57027	-0.9631
	54901	-0.9626
	54871	-0.9582
	57140	-0.9562
	53976	-0.9553
	56459	-0.9539
	54736	-0.9493
	56691	-0.9493
	56697	-0.945
	54936	-0.9431
	56684	-0.942
	57016	-0.9382
	52424	-0.9374
	58501	-0.9361
	54817	-0.9345
	57800	-0.93
	57037	-0.9292
	56478	-0.9245
	57279	-0.9234
	57031	-0.9223
	53420	-0.9221
	56751	-0.9212
	53993	-0.9193
	52323	-0.9167
	56688	-0.9161
	53970	-0.9134
	59107	-0.913
	53941	-0.913
	59004	-0.9117
	58418	-0.9102
	53980	-0.9093
	56752	-0.9034
	57078	-0.9033
	57245	-0.9018
	58251	-0.9011
	58339	-0.8998
	54419	-0.8972
	57126	-0.896
	52674	-0.8951
	52787	-0.8951
	58463	-0.8947
	57081	-0.8925
	54827	-0.8892
	51438	-0.8878
	57038	-0.8861
	56281	-0.8857
	53618	-0.8841
	54835	-0.884
	56775	-0.8821
	57024	-0.8774
	53992	-0.8763
	57096	-0.8734
	57343	-0.8715
	58342	-0.8695
	54851	-0.8663
	58158	-0.8657
	52974	-0.8611
	54323	-0.8605
	57094	-0.8599
	57731	-0.8562
	58408	-0.8533
	51431	-0.8505
	54922	-0.849
	57905	-0.8474
	54911	-0.8416
	58409	-0.8412
	57636	-0.8411
	54501	-0.8405
	58334	-0.8363
	57713	-0.8354
	52515	-0.8294
	57022	-0.8276
	54433	-0.8272
	56580	-0.8272
	56756	-0.8271
	52643	-0.8258
	52707	-0.8245
	57020	-0.8234
	57128	-0.8231
	56342	-0.8228
	54623	-0.8204
	53704	-0.817
	58906	-0.8137
	53974	-0.8123
	57067	-0.8107
	56862	-0.8081
	57028	-0.8066
	59090	-0.8063
	58419	-0.8044
	57173	-0.8042
	58301	-0.8037
	58543	-0.8033
	59290	-0.8031
	57080	-0.8008
	54849	-0.7998
	53973	-0.7993
	57261	-0.7984
	57030	-0.7953
	58255	-0.7936
	59093	-0.7924
	58038	-0.7896
	54904	-0.7889
	57087	-0.7884
	54819	-0.7881
	54852	-0.7856
	56851	-0.7832
	51328	-0.7832
	51655	-0.7801
	53998	-0.7788
	54525	-0.7782
	57921	-0.7774
	51639	-0.776
	54777	-0.7738
	57025	-0.7713
	51581	-0.771
	58426	-0.7693
	53324	-0.7679
	59501	-0.7655
	54808	-0.7653
	57066	-0.7648
	54925	-0.7647
	57923	-0.7634
	56768	-0.7611
	54935	-0.7606
	57273	-0.7604
	54399	-0.7544
	58907	-0.7477
	57994	-0.7466
	54826	-0.7461
	54900	-0.746
	57076	-0.7458
	51145	-0.7451
	56571	-0.7443
	57085	-0.7441
	58243	-0.7408
	54848	-0.7405
	53886	-0.7401
	57231	-0.7383
	58634	-0.7374
	54115	-0.7372
	58140	-0.7364
	58529	-0.7357
	56793	-0.7352
	58247	-0.7347
	58323	-0.7339
	57247	-0.733
	59502	-0.732
	57499	-0.7298
	53965	-0.7293
	59001	-0.7249
	51329	-0.7225
	58241	-0.7224
	56575	-0.7221
	54910	-0.7212
	58432	-0.7174
	58424	-0.7166
	51765	-0.7152
	59114	-0.7115
	53947	-0.7108
	53954	-0.7106
	57063	-0.7079
	53995	-0.7068
	57008	-0.7049
	51567	-0.7046
	58048	-0.7044
	56792	-0.7032
	57169	-0.7031
	59109	-0.7015
	56443	-0.7013
	54404	-0.6981
	54863	-0.6975
	59102	-0.6964
	54921	-0.696
	58548	-0.6955
	57996	-0.6953
	53885	-0.6952
	58340	-0.6942
	53964	-0.689
	54505	-0.687
	53419	-0.6856
	58330	-0.685
	52863	-0.6849
	54622	-0.682
	53962	-0.6796
	58331	-0.6788
	58438	-0.6788
	58484	-0.6786
	58049	-0.6749
	56185	-0.6748
	58633	-0.6734
	57191	-0.672
	56885	-0.6712
	58344	-0.6709
	56948	-0.6703
	57086	-0.6693
	54809	-0.6674
	53399	-0.6666
	58317	-0.6643
	58441	-0.6641
	58250	-0.6623
	56651	-0.6622
	57232	-0.6618
	58016	-0.6606
	58523	-0.6602
	58369	-0.6566
	58433	-0.6563
	54861	-0.6557
	57233	-0.6541
	58148	-0.6535
	53892	-0.6524
	56748	-0.6513
	53968	-0.6492
	59082	-0.6482
	56764	-0.6479
	51433	-0.646
	52889	-0.6444
	58911	-0.6423
	53938	-0.642
	54421	-0.6395
	58030	-0.6376
	58154	-0.6361
	58427	-0.636
	57814	-0.6346
	58417	-0.6337
	58012	-0.6324
	54645	-0.6321
	52986	-0.6319
	53989	-0.6308
	57162	-0.6292
	54214	-0.6286
	57816	-0.6279
	56745	-0.6269
	58008	-0.6269
	51430	-0.6265
	52895	-0.6251
	58416	-0.625
	57271	-0.6246
	58138	-0.6213
	53614	-0.6213
	53988	-0.6202
	54730	-0.62
	58336	-0.6198
	52998	-0.6198
	54626	-0.618
	58311	-0.6166
	53882	-0.6153
	54596	-0.6143
	57605	-0.6118
	54744	-0.6116
	56317	-0.6113
	58013	-0.6094
	56986	-0.6091
	58321	-0.6081
	56278	-0.6073
	54606	-0.6052
	53773	-0.6035
	58044	-0.6031
	59017	-0.602
	59838	-0.6004
	51526	-0.6
	58537	-0.5988
	53690	-0.5987
	53994	-0.5983
	57004	-0.5962
	53707	-0.5934
	56975	-0.5933
	54223	-0.5926
	53505	-0.5901
	57813	-0.59
	54640	-0.588
	59293	-0.588
	53997	-0.5874
	57274	-0.5858
	54039	-0.5848
	54624	-0.5837
	57075	-0.5825
	54821	-0.5811
	54752	-0.5803
	57989	-0.5788
	58415	-0.578
	53896	-0.5753
	54905	-0.5744
	53480	-0.5741
	56080	-0.5737
	57915	-0.5736
	54929	-0.5725
	53611	-0.5714
	57498	-0.5703
	59493	-0.5686
	58306	-0.5685
	54755	-0.568
	53983	-0.5676
	57023	-0.5671
	53957	-0.5649
	53996	-0.5646
	54514	-0.5636
	56475	-0.5627
	54804	-0.5618
	53878	-0.5617
	54818	-0.5599
	56781	-0.5596
	59133	-0.5594
	54800	-0.5563
	54532	-0.5552
	57074	-0.5541
	51156	-0.5536
	54522	-0.5506
	57438	-0.5493
	51495	-0.5493
	57134	-0.5464
	58421	-0.5459
	54918	-0.5442
	56297	-0.544
	52495	-0.5416
	53513	-0.5412
	58327	-0.5409
	54499	-0.5407
	56152	-0.539
	56595	-0.5388
	52825	-0.5386
	54324	-0.5371
	54731	-0.5369
	53792	-0.5347
	57396	-0.533
	54533	-0.5318
	59015	-0.5314
	57181	-0.5305
	51656	-0.5297
	52874	-0.528
	53978	-0.5273
	59012	-0.5272
	59137	-0.5247
	56755	-0.524
	54428	-0.5225
	52203	-0.5221
	56786	-0.5214
	57634	-0.5183
	56641	-0.5168
	57349	-0.5164
	59478	-0.5148
	58238	-0.5106
	54613	-0.5096
	58244	-0.5085
	57926	-0.5072
	59091	-0.5071
	57348	-0.5065
	57916	-0.5061
	54041	-0.5036
	52972	-0.5031
	52378	-0.5012
	54431	-0.5008
	57714	-0.5008
	57385	-0.4991
	52112	-0.4982
	56473	-0.4949
	51572	-0.4939
	58549	-0.4924
	52978	-0.4905
	56378	-0.4891
	54517	-0.4881
	58531	-0.4867
	54945	-0.4861
	54737	-0.4834
	56966	-0.4805
	57496	-0.4802
	54031	-0.4794
	58520	-0.4793
	58017	-0.4777
	59476	-0.4758
	56434	-0.4737
	56496	-0.4736
	58001	-0.4726
	57732	-0.4719
	58024	-0.4713
	53599	-0.4706
	54608	-0.4691
	58264	-0.4689
	56669	-0.4684
	58402	-0.4684
	58147	-0.4682
	54102	-0.4682
	53384	-0.4677
	53367	-0.4632
	54734	-0.4629
	58027	-0.4626
	58341	-0.4618
	56835	-0.4603
	56996	-0.4601
	54424	-0.4587
	58629	-0.4584
	54530	-0.458
	53986	-0.4574
	56649	-0.4565
	57071	-0.4518
	54416	-0.4517
	57084	-0.4509
	59656	-0.4501
	57175	-0.4497
	58245	-0.4496
	56584	-0.449
	54857	-0.4489
	54831	-0.4488
	54619	-0.4479
	58632	-0.4476
	53797	-0.4473
	54304	-0.4454
	56991	-0.4452
	58500	-0.4452
	57187	-0.445
	54412	-0.444
	52446	-0.4439
	57590	-0.4437
	53798	-0.4433
	56578	-0.4423
	58254	-0.4421
	59088	-0.441
	53680	-0.4405
	58502	-0.4392
	59487	-0.4348
	54812	-0.4324
	54321	-0.432
	58113	-0.4318
	59131	-0.4318
	56598	-0.4314
	51367	-0.4263
	57811	-0.4256
	52447	-0.4246
	58819	-0.4236
	58570	-0.423
	54632	-0.4228
	54932	-0.4217
	56287	-0.4215
	57361	-0.4215
	56664	-0.4205
	55690	-0.4199
	58314	-0.4194
	53336	-0.4175
	56987	-0.4172
	58131	-0.4157
	58345	-0.4147
	53694	-0.4136
	57927	-0.4132
	56569	-0.4121
	53979	-0.4118
	57254	-0.411
	56279	-0.4106
	51467	-0.4106
	53529	-0.4096
	54597	-0.4081
	54631	-0.4076
	58246	-0.4063
	58530	-0.4063
	56673	-0.4061
	53873	-0.4059
	57637	-0.4049
	54907	-0.4039
	54824	-0.4033
	57237	-0.4029
	54617	-0.4012
	58437	-0.4002
	58905	-0.3996
	58622	-0.3981
	57824	-0.398
	57299	-0.3972
	53955	-0.3955
	53883	-0.393
	56994	-0.3919
	57098	-0.3911
	58240	-0.3905
	53895	-0.3903
	57586	-0.3893
	58006	-0.3882
	51568	-0.3851
	54943	-0.3827
	54711	-0.3822
	58004	-0.3818
	56071	-0.3811
	59280	-0.3805
	58343	-0.3803
	52681	-0.3803
	52982	-0.3771
	58316	-0.3768
	56782	-0.3748
	54805	-0.3735
	53588	-0.3734
	53486	-0.3724
	54628	-0.3711
	58145	-0.3706
	58921	-0.3704
	58534	-0.3702
	54534	-0.3686
	54455	-0.3684
	53972	-0.3669
	53490	-0.3668
	56670	-0.3662
	53945	-0.3661
	58429	-0.3636
	56092	-0.363
	54614	-0.3615
	54729	-0.3611
	54437	-0.3609
	54527	-0.3609
	57992	-0.3602
	51814	-0.3579
	58242	-0.357
	57106	-0.3556
	54815	-0.3544
	54923	-0.3542
	54802	-0.3537
	54511	-0.3526
	56284	-0.3506
	57079	-0.3504
	56182	-0.3489
	54820	-0.3481
	58146	-0.3478
	56671	-0.3477
	53781	-0.3471
	56841	-0.3466
	57278	-0.3463
	54609	-0.3461
	58431	-0.346
	57990	-0.3457
	58249	-0.3453
	52557	-0.3451
	53963	-0.3451
	59847	-0.3448
	58007	-0.3445
	54518	-0.3441
	53392	-0.3431
	53522	-0.3427
	56746	-0.342
	56982	-0.3415
	57922	-0.3398
	54406	-0.3395
	57359	-0.3385
	57296	-0.338
	54291	-0.3374
	52980	-0.3372
	58935	-0.3351
	54919	-0.3344
	57281	-0.3336
	59473	-0.333
	57437	-0.3318
	53881	-0.3313
	57021	-0.3305
	54759	-0.3298
	53985	-0.3298
	54706	-0.3295
	57520	-0.3279
	54135	-0.3277
	53868	-0.3251
	54134	-0.3249
	58015	-0.3236
	52737	-0.323
	54320	-0.3225
	52418	-0.3213
	59481	-0.321
	58351	-0.3206
	53987	-0.3175
	57723	-0.3172
	56742	-0.3169
	57492	-0.3144
	54726	-0.3142
	53799	-0.3134
	54521	-0.3128
	56867	-0.3126
	57002	-0.3117
	56074	-0.3116
	53877	-0.3111
	57102	-0.311
	54535	-0.3109
	54225	-0.3106
	56952	-0.3091
	51365	-0.3085
	54722	-0.3077
	53231	-0.3072
	54723	-0.3061
	54701	-0.3056
	58936	-0.3056
	57729	-0.3039
	56873	-0.3036
	58235	-0.3029
	54610	-0.3028
	57313	-0.3028
	54823	-0.3019
	58635	-0.3016
	57317	-0.3001
	52797	-0.3
	57914	-0.2998
	56985	-0.2965
	56772	-0.2962
	57377	-0.2953
	56444	-0.2946
	58047	-0.2946
	53785	-0.2934
	54113	-0.291
	58005	-0.2907
	58514	-0.2904
	58903	-0.289
	57251	-0.2873
	56849	-0.2865
	54616	-0.2861
	52875	-0.285
	57717	-0.2819
	58268	-0.2815
	51377	-0.2808
	54724	-0.2799
	59007	-0.2777
	58926	-0.2763
	58111	-0.2762
	53935	-0.273
	54205	-0.2728
	54753	-0.2722
	54507	-0.2716
	56596	-0.2705
	54187	-0.2704
	58025	-0.2703
	54825	-0.2699
	58477	-0.2689
	57180	-0.2687
	51468	-0.2679
	56386	-0.2674
	54704	-0.2665
	57411	-0.2633
	57095	-0.2616
	54386	-0.2615
	53944	-0.2608
	56567	-0.2605
	59304	-0.2603
	56977	-0.2584
	54213	-0.2578
	57294	-0.2578
	52607	-0.2578
	56984	-0.2553
	53705	-0.2539
	58257	-0.2517
	54420	-0.2514
	57256	-0.2504
	59106	-0.2497
	51559	-0.2492
	58510	-0.248
	54603	-0.2476
	58620	-0.2461
	51356	-0.2461
	57395	-0.2441
	54803	-0.2438
	53573	-0.2425
	58020	-0.2404
	57285	-0.2395
	58923	-0.2392
	54531	-0.238
	54920	-0.2364
	54528	-0.2344
	58814	-0.2333
	57290	-0.2329
	53378	-0.2324
	59205	-0.2317
	53149	-0.2317
	58026	-0.2311
	58337	-0.2309
	57993	-0.2307
	54290	-0.2305
	58600	-0.2303
	54122	-0.2302
	53698	-0.2294
	54822	-0.2291
	56973	-0.2282
	53681	-0.227
	54749	-0.2269
	57089	-0.2262
	57589	-0.2248
	57523	-0.22
	54602	-0.2194
	57388	-0.2191
	54594	-0.2187
	54938	-0.2176
	54601	-0.2175
	54833	-0.2168
	53693	-0.2164
	57387	-0.216
	53688	-0.2158
	54615	-0.2147
	50879	-0.214
	54620	-0.2136
	58912	-0.2135
	56675	-0.2133
	58040	-0.2121
	54510	-0.211
	54853	-0.2103
	59096	-0.2088
	54727	-0.2044
	58946	-0.2037
	58132	-0.2029
	56247	-0.2014
	53610	-0.2014
	58527	-0.2006
	57065	-0.1999
	53966	-0.1997
	52885	-0.1974
	57238	-0.1972
	57314	-0.1972
	58141	-0.1957
	57119	-0.1947
	54519	-0.1941
	56674	-0.1941
	54830	-0.194
	59022	-0.194
	54738	-0.193
	53795	-0.1923
	53579	-0.1919
	57368	-0.1911
	57006	-0.1892
	56273	-0.1888
	58237	-0.1882
	51358	-0.1868
	54751	-0.1854
	56790	-0.1849
	57249	-0.1832
	53517	-0.1828
	58139	-0.1798
	58352	-0.1789
	57179	-0.1788
	59094	-0.1769
	57007	-0.1768
	57155	-0.1766
	56840	-0.176
	54713	-0.1757
	53602	-0.1748
	54049	-0.1745
	56763	-0.1737
	57070	-0.1736
	51482	-0.173
	57623	-0.1729
	53794	-0.1722
	58346	-0.1707
	58544	-0.1706
	51818	-0.1704
	59285	-0.1702
	58207	-0.1688
	51827	-0.168
	53810	-0.1677
	54766	-0.1666
	54816	-0.1646
	56389	-0.1642
	57370	-0.1626
	54568	-0.1623
	57598	-0.1616
	59303	-0.1608
	54612	-0.1604
	57936	-0.1598
	54604	-0.1593
	56384	-0.1568
	58104	-0.1557
	54801	-0.1541
	56045	-0.1526
	53491	-0.1526
	51465	-0.1525
	56399	-0.1519
	54611	-0.1504
	54814	-0.1492
	58114	-0.1488
	53982	-0.1486
	58236	-0.1475
	54834	-0.1471
	50779	-0.1471
	58503	-0.1467
	57991	-0.145
	58918	-0.1435
	56199	-0.1427
	53682	-0.142
	57381	-0.1384
	57399	-0.1381
	54716	-0.1379
	52436	-0.1378
	57003	-0.1368
	58847	-0.1368
	52983	-0.136
	57257	-0.1351
	54725	-0.1339
	56376	-0.131
	58130	-0.1298
	59298	-0.1285
	57390	-0.126
	54810	-0.1254
	53483	-0.125
	56757	-0.1249
	58041	-0.1248
	57398	-0.124
	58813	-0.123
	58223	-0.1225
	51720	-0.121
	57608	-0.1208
	57189	-0.1197
	59284	-0.1193
	59289	-0.1179
	53725	-0.1175
	57182	-0.1157
	56881	-0.1151
	57345	-0.1142
	57001	-0.1135
	54607	-0.1132
	57297	-0.1128
	51133	-0.1126
	57505	-0.1125
	54705	-0.1124
	57012	-0.1123
	57198	-0.112
	59475	-0.1119
	58220	-0.1117
	54515	-0.1116
	54662	-0.1108
	57333	-0.11
	59099	-0.1092
	57260	-0.1091
	52896	-0.1081
	56091	-0.1078
	52836	-0.1064
	53446	-0.1058
	59287	-0.1053
	51815	-0.1053
	57326	-0.1048
	54301	-0.1041
	59500	-0.1028
	54502	-0.1013
	53984	-0.0997
	55696	-0.099
	54076	-0.0978
	54660	-0.0977
	57728	-0.0974
	57113	-0.0959
	52533	-0.0952
	56978	-0.095
	53352	-0.0948
	53678	-0.0938
	53884	-0.0937
	56383	-0.0936
	57124	-0.0932
	56391	-0.0925
	54732	-0.0924
	54939	-0.0924
	56493	-0.092
	58932	-0.0915
	52988	-0.0906
	56298	-0.0903
	53596	-0.0902
	58837	-0.0899
	56854	-0.0898
	54703	-0.0867
	53519	-0.0867
	57265	-0.0857
	59271	-0.0853
	54503	-0.0822
	55680	-0.0818
	59480	-0.0816
	57882	-0.0811
	53891	-0.081
	57595	-0.0808
	51573	-0.0807
	53348	-0.0787
	53385	-0.0779
	54325	-0.0777
	54605	-0.0761
	54710	-0.0758
	57389	-0.0742
	54195	-0.0737
	58358	-0.0734
	57482	-0.0717
	56844	-0.0708
	51828	-0.0689
	56843	-0.0682
	55437	-0.0663
	59306	-0.0653
	58656	-0.0652
	59097	-0.061
	56081	-0.0604
	51352	-0.0599
	57298	-0.0583
	57985	-0.058
	54096	-0.0569
	56331	-0.0567
	54627	-0.0558
	54718	-0.0539
	57315	-0.0532
	57216	-0.0516
	53594	-0.0513
	51931	-0.051
	53195	-0.0489
	58205	-0.0488
	52855	-0.0468
	52866	-0.0466
	54234	-0.0464
	57445	-0.0453
	58109	-0.0444
	57932	-0.0434
	51542	-0.0434
	54401	-0.0432
	57491	-0.0427
	57837	-0.0417
	56181	-0.0401
	56296	-0.0375
	58804	-0.0372
	57211	-0.0357
	57522	-0.0353
	53942	-0.0337
	54719	-0.0333
	56479	-0.0331
	54453	-0.0329
	59081	-0.0326
	54292	-0.0324
	53674	-0.0311
	57460	-0.0298
	52833	-0.0294
	56886	-0.0291
	57177	-0.0279
	57582	-0.0277
	53861	-0.0276
	56870	-0.0268
	57508	-0.0267
	57099	-0.0264
	56043	-0.0256
	53859	-0.0238
	58818	-0.0233
	57614	-0.0229
	53362	-0.0227
	57183	-0.0226
	57194	-0.0212
	52984	-0.0197
	58557	-0.0196
	59294	-0.0193
	53806	-0.0193
	54715	-0.0188
	58436	-0.0184
	54423	-0.0162
	54540	-0.0148
	58934	-0.0126
	57420	-0.0109
	53929	-0.0107
	56863	-0.0103
	58512	-0.0091
	57835	-0.0090
	58135	-0.0085
	54712	-0.0065
	56652	-0.0058
	51839	-0.0040
	56065	-0.0039
	58021	-0.0031
	53272	-0.0024
	57871	-9.0E-4
	54728	6.0E-4
	50945	0.0016
	56970	0.0022
	54012	0.0025
	58615	0.0027
	56380	0.0037
	57895	0.0042
	59130	0.0057
	56876	0.0090
	56548	0.0093
	51855	0.0106
	53791	0.0106
	56883	0.0107
	54117	0.0111
	57292	0.0121
	58666	0.0151
	53673	0.0155
	58464	0.0164
	57846	0.0166
	54047	0.019
	53692	0.0205
	53723	0.0214
	57178	0.0218
	53697	0.0223
	52868	0.0263
	58234	0.0264
	56480	0.0267
	53593	0.0282
	59485	0.0303
	58517	0.0305
	59664	0.0313
	54319	0.0334
	53689	0.0336
	59297	0.0339
	57295	0.037
	54636	0.0373
	56178	0.0391
	51826	0.0401
	58737	0.041
	58839	0.0417
	57105	0.0448
	53543	0.0463
	56184	0.0465
	53192	0.0475
	53499	0.0476
	54512	0.0477
	58210	0.0477
	58127	0.0484
	59209	0.0487
	53457	0.0489
	57253	0.049
	54709	0.0506
	53888	0.0512
	58928	0.0518
	53771	0.0523
	53790	0.0527
	58508	0.0554
	56387	0.0561
	59279	0.0579
	53695	0.0583
	53769	0.0594
	58230	0.0609
	53481	0.0618
	58718	0.0639
	53879	0.0642
	56777	0.0643
	53908	0.0645
	53691	0.0655
	53789	0.0662
	59025	0.0672
	54308	0.069
	58942	0.0722
	53337	0.0734
	56788	0.0754
	53924	0.0766
	57827	0.0784
	57887	0.0794
	56783	0.0801
	57188	0.0809
	59087	0.0815
	55681	0.0822
	51644	0.0823
	56289	0.0825
	58460	0.0828
	53784	0.0828
	51241	0.0834
	58929	0.0837
	58820	0.0842
	53788	0.0868
	59317	0.0878
	58259	0.0884
	51829	0.089
	56280	0.0909
	54811	0.0919
	57363	0.092
	57881	0.095
	57585	0.0966
	53786	0.0972
	54452	0.0975
	54454	0.0977
	54430	0.098
	58730	0.099
	53872	0.0992
	58222	0.0994
	57737	0.1005
	54708	0.1015
	58845	0.1022
	54717	0.1027
	58693	0.1031
	54927	0.1045
	53547	0.1074
	57110	0.1088
	57309	0.1088
	59315	0.1108
	57417	0.1124
	54429	0.1126
	51463	0.1135
	54700	0.1149
	57259	0.1154
	58558	0.1158
	54765	0.1165
	59658	0.1185
	59041	0.1188
	54252	0.119
	53927	0.1193
	56373	0.1229
	53782	0.1235
	58448	0.1244
	54326	0.1245
	57734	0.1245
	54313	0.1251
	52884	0.1257
	53875	0.1263
	57320	0.1272
	53783	0.1275
	57875	0.1277
	54318	0.1287
	54337	0.1298
	53975	0.1324
	58102	0.1362
	53478	0.1367
	56382	0.1373
	56872	0.1379
	57127	0.1387
	57476	0.1397
	58108	0.1435
	57481	0.1438
	53871	0.1439
	57872	0.1442
	57293	0.1444
	54027	0.1451
	58606	0.1486
	54334	0.1493
	59316	0.1495
	57014	0.1498
	54506	0.1501
	53576	0.1512
	53582	0.1524
	54523	0.1525
	53926	0.1536
	56836	0.154
	58265	0.1548
	58507	0.1548
	51378	0.1551
	56962	0.1576
	56951	0.1588
	56196	0.1589
	58637	0.1594
	51636	0.1596
	53774	0.1628
	56494	0.1631
	53740	0.1636
	57822	0.1655
	59117	0.1668
	55585	0.1673
	51369	0.1684
	58359	0.1695
	54520	0.1704
	58667	0.1711
	58941	0.1712
	57328	0.1714
	54218	0.1728
	52657	0.1729
	56593	0.1734
	58221	0.1746
	58602	0.1751
	59314	0.1763
	54286	0.1765
	57329	0.1786
	58710	0.1797
	59052	0.1804
	53564	0.1815
	50928	0.1818
	56492	0.1826
	52869	0.1827
	54621	0.183
	54940	0.1844
	57956	0.1845
	53590	0.1856
	54132	0.1857
	57789	0.1881
	58519	0.1881
	53580	0.1897
	57197	0.1902
	57779	0.1922
	56969	0.1924
	55664	0.1937
	58035	0.1954
	54311	0.196
	57777	0.1975
	53289	0.1977
	58212	0.1985
	56891	0.1986
	58844	0.1989
	57193	0.199
	58360	0.1992
	57868	0.1998
	56875	0.2022
	56290	0.2038
	53665	0.2079
	57870	0.2082
	58569	0.2094
	58719	0.2134
	58616	0.2136
	56462	0.2149
	57907	0.2154
	58712	0.2159
	54539	0.2177
	56842	0.2179
	53276	0.2183
	57825	0.2184
	52985	0.2191
	56197	0.2195
	57415	0.2207
	54432	0.2208
	51469	0.2211
	58735	0.2229
	57486	0.2234
	54806	0.2249
	53796	0.2249
	56295	0.2252
	58642	0.2252
	57408	0.2254
	54618	0.2256
	53699	0.2257
	59488	0.2268
	53677	0.2271
	54434	0.2272
	52993	0.2279
	53772	0.2282
	57213	0.2305
	54069	0.2312
	56183	0.2323
	57339	0.2325
	51716	0.2327
	57514	0.2332
	54764	0.2343
	57988	0.2348
	53397	0.2355
	54425	0.2359
	57829	0.2385
	57842	0.2396
	51705	0.2399
	50937	0.2404
	57483	0.2413
	50548	0.2419
	53763	0.2466
	58848	0.2478
	57738	0.2479
	53756	0.2489
	58601	0.2499
	58354	0.2507
	57362	0.2509
	52267	0.2514
	57439	0.2526
	57461	0.2536
	56393	0.2543
	57502	0.255
	53953	0.2562
	56785	0.2587
	57413	0.259
	57828	0.2591
	51379	0.2598
	51701	0.2607
	57600	0.2628
	59045	0.2632
	57318	0.2642
	54702	0.2652
	58556	0.2654
	53584	0.2654
	52765	0.2657
	53770	0.2669
	51470	0.2678
	54541	0.268
	54776	0.2691
	59127	0.2694
	51060	0.2694
	53934	0.2696
	56004	0.2703
	52856	0.2705
	53687	0.2706
	56643	0.2707
	58452	0.2709
	51777	0.2731
	59033	0.2742
	58931	0.275
	51353	0.2798
	54154	0.28
	56371	0.2813
	54226	0.2814
	52908	0.2818
	58821	0.2821
	53669	0.2831
	58713	0.2845
	57583	0.285
	58446	0.287
	56739	0.2884
	58202	0.292
	57760	0.2935
	58715	0.2943
	51571	0.2949
	56173	0.2972
	53730	0.2974
	57426	0.2982
	59319	0.2997
	59124	0.3017
	50939	0.3022
	59027	0.3026
	57976	0.3036
	56838	0.3047
	58506	0.3048
	59322	0.3054
	54244	0.3064
	57536	0.3075
	53903	0.3076
	57402	0.3095
	54579	0.3105
	54633	0.3107
	58107	0.3107
	53487	0.3109
	55773	0.3115
	57111	0.3119
	58509	0.3122
	54186	0.3124
	56390	0.3128
	57525	0.3146
	57192	0.315
	52963	0.3155
	51232	0.3169
	59477	0.3171
	57960	0.3175
	53937	0.3179
	51288	0.3181
	52995	0.3193
	59673	0.3204
	53787	0.3212
	59051	0.3223
	53577	0.3224
	56778	0.3227
	56396	0.324
	57072	0.3251
	57778	0.326
	57839	0.3263
	58125	0.3268
	57899	0.3276
	52996	0.3279
	56871	0.3282
	58644	0.3285
	54644	0.3288
	59021	0.3288
	57465	0.3299
	53696	0.3314
	59310	0.3334
	58836	0.3357
	57447	0.3375
	58822	0.3379
	54486	0.3382
	58034	0.3389
	53925	0.3394
	58625	0.3436
	53585	0.3446
	57941	0.3449
	58225	0.3451
	58846	0.3452
	56543	0.3458
	53475	0.3459
	54438	0.346
	57506	0.3466
	58224	0.3469
	53853	0.3472
	53469	0.3486
	57355	0.349
	57409	0.349
	57957	0.3508
	59324	0.3509
	59074	0.3513
	57485	0.3518
	57466	0.3527
	53865	0.3537
	57537	0.3553
	53775	0.3558
	58826	0.3565
	57844	0.3568
	54439	0.3569
	56646	0.3589
	53857	0.3604
	53778	0.3605
	57798	0.3608
	54470	0.3611
	56291	0.3612
	58612	0.3624
	56095	0.3627
	53083	0.3647
	56645	0.3656
	53777	0.3669
	57414	0.3672
	51730	0.3685
	56498	0.3697
	54094	0.3699
	57845	0.371
	53906	0.371
	56582	0.3712
	52645	0.374
	57507	0.3758
	57834	0.3758
	53768	0.3767
	51711	0.3774
	51068	0.3789
	57204	0.3795
	58129	0.3809
	56251	0.3816
	58449	0.3823
	51053	0.3823
	58126	0.3824
	58619	0.3839
	56097	0.3858
	58725	0.3871
	54305	0.3873
	57761	0.3902
	59321	0.3903
	58944	0.3913
	52713	0.3915
	56491	0.3936
	50968	0.3938
	56033	0.3964
	58377	0.3966
	51708	0.3977
	59031	0.3981
	59134	0.3982
	50940	0.3984
	57464	0.3985
	53565	0.4
	57682	0.4007
	58022	0.4008
	57647	0.4011
	58366	0.4012
	58736	0.4014
	59288	0.4029
	57769	0.4036
	58269	0.4042
	59113	0.4058
	56958	0.406
	57206	0.4061
	59075	0.4064
	57489	0.4102
	51087	0.4108
	53928	0.4111
	57217	0.4128
	51722	0.4133
	57896	0.4139
	57469	0.4142
	53575	0.4159
	54172	0.4164
	57431	0.4173
	53484	0.4177
	58367	0.4179
	51811	0.4179
	54099	0.418
	59469	0.4193
	54405	0.4194
	57853	0.4202
	53488	0.4205
	57407	0.4219
	54245	0.428
	59848	0.4281
	54243	0.4288
	50934	0.4289
	51633	0.4325
	57942	0.4336
	58646	0.4345
	56585	0.4368
	59270	0.438
	53391	0.4388
	53764	0.439
	56172	0.4395
	58208	0.4396
	59663	0.44
	51357	0.4416
	59126	0.4422
	56195	0.4424
	56285	0.4429
	54449	0.443
	57475	0.4436
	51359	0.4445
	54575	0.4459
	52943	0.4464
	53658	0.4474
	57513	0.448
	56046	0.4486
	51707	0.4486
	54829	0.449
	57401	0.4521
	57718	0.4521
	58356	0.4527
	59318	0.4527
	53433	0.4535
	53533	0.4537
	50854	0.4544
	53917	0.4569
	56586	0.4573
	53659	0.4573
	59276	0.4598
	53863	0.4598
	57185	0.4603
	50946	0.4604
	57954	0.4614
	53578	0.4614
	56147	0.4621
	50949	0.4621
	56188	0.4624
	59038	0.4643
	51076	0.4643
	50566	0.4644
	57493	0.4656
	57195	0.4682
	58705	0.4689
	57786	0.4691
	58659	0.4712
	57699	0.4722
	56228	0.4723
	54026	0.4725
	57544	0.4781
	58626	0.4782
	58624	0.4785
	53068	0.4787
	54072	0.4798
	59456	0.4803
	51629	0.4805
	57516	0.4811
	58806	0.4811
	56164	0.4813
	59320	0.4815
	56490	0.4817
	56949	0.4818
	53467	0.4819
	57860	0.4843
	56487	0.4851
	56144	0.487
	56067	0.4871
	57886	0.4871
	57011	0.4879
	53676	0.4887
	56312	0.4893
	57512	0.4895
	56592	0.4897
	56171	0.4901
	53864	0.4909
	53856	0.4929
	51717	0.4933
	57268	0.4937
	57947	0.4943
	57510	0.4949
	57184	0.4954
	58450	0.4958
	51477	0.4959
	53368	0.4985
	56263	0.4998
	54231	0.5
	54493	0.5
	53679	0.5003
	56084	0.5008
	53455	0.5016
	54338	0.5019
	57768	0.5024
	53644	0.5027
	54237	0.5048
	53357	0.505
	54494	0.5053
	54164	0.5065
	50353	0.5068
	57196	0.5074
	57876	0.5105
	58203	0.5108
	59278	0.5133
	56029	0.5162
	56276	0.5165
	58467	0.5179
	53666	0.518
	57948	0.5186
	58714	0.519
	52633	0.5201
	50787	0.5219
	55598	0.5228
	58118	0.5228
	54204	0.5229
	58724	0.5229
	59037	0.5232
	54161	0.5237
	53472	0.5257
	51334	0.5267
	56497	0.5276
	50844	0.5301
	58706	0.5302
	51802	0.5326
	53553	0.5342
	58664	0.5411
	57186	0.544
	50888	0.5449
	52957	0.5468
	51704	0.5484
	57554	0.5495
	54142	0.5495
	57509	0.5504
	50950	0.5518
	50442	0.5542
	54316	0.5544
	56189	0.5557
	54476	0.5558
	57696	0.5584
	58032	0.5601
	58365	0.5601
	57762	0.5606
	53498	0.5634
	58734	0.5637
	50861	0.5645
	56879	0.5647
	59462	0.5661
	54483	0.5691
	58457	0.5692
	54584	0.5696
	58605	0.5709
	50985	0.572
	57545	0.5733
	54774	0.5734
	50858	0.5734
	57973	0.5743
	53914	0.5744
	56190	0.5746
	57981	0.5753
	56223	0.5762
	56839	0.5772
	55572	0.5789
	57581	0.5795
	57771	0.5814
	57494	0.5819
	54156	0.5831
	57633	0.5834
	56441	0.5835
	53727	0.5842
	57680	0.5857
	57378	0.5866
	56038	0.5877
	57477	0.5889
	53750	0.5906
	59268	0.5915
	53776	0.5927
	54064	0.5933
	53753	0.5936
	57416	0.5944
	55228	0.5946
	56194	0.595
	58459	0.5961
	57688	0.5974
	54024	0.5978
	54236	0.5983
	56385	0.5985
	56882	0.5991
	58453	0.6007
	57859	0.601
	50915	0.6023
	56483	0.6031
	59269	0.6055
	58701	0.6089
	58567	0.6097
	53759	0.6104
	54157	0.6108
	57307	0.611
	58461	0.6115
	54377	0.6119
	57767	0.6122
	57955	0.6124
	53567	0.6139
	56094	0.6162
	50778	0.617
	58643	0.6173
	57405	0.6184
	57867	0.6184
	53860	0.6187
	56096	0.6191
	57324	0.6201
	57458	0.6227
	59072	0.6232
	58704	0.6251
	57766	0.6253
	59626	0.6258
	52968	0.6262
	54336	0.6265
	57308	0.6271
	54266	0.6274
	59229	0.6285
	59063	0.6297
	51186	0.6311
	53685	0.6314
	56307	0.632
	53930	0.6335
	56880	0.6357
	53562	0.6357
	57841	0.6358
	59125	0.6365
	57694	0.637
	56198	0.6371
	59218	0.6372
	54331	0.6403
	56193	0.6404
	57425	0.6417
	57865	0.6436
	57604	0.6437
	55493	0.6441
	59313	0.6442
	57306	0.6446
	57974	0.6451
	54332	0.647
	57745	0.6496
	54327	0.6499
	52955	0.6538
	57517	0.6554
	50775	0.6571
	51709	0.6583
	50954	0.6594
	57603	0.6603
	57540	0.6619
	56267	0.6637
	59116	0.664
	58843	0.6654
	50776	0.6659
	57609	0.668
	58618	0.6681
	50948	0.6687
	57866	0.6689
	59044	0.6703
	56961	0.6709
	58754	0.6719
	55655	0.6743
	54063	0.6759
	54474	0.6807
	50788	0.6811
	50774	0.6845
	53735	0.6866
	58362	0.687
	57894	0.6873
	57558	0.6875
	57874	0.6877
	58748	0.6879
	53732	0.6893
	54093	0.6893
	57432	0.6895
	50965	0.6898
	50136	0.6923
	57564	0.6934
	56946	0.6939
	54098	0.6947
	53780	0.6955
	58823	0.6958
	53466	0.6972
	58927	0.6991
	50557	0.6991
	56151	0.6995
	54714	0.7
	59228	0.7016
	51810	0.7026
	57754	0.7037
	57543	0.7059
	57358	0.7071
	57972	0.7093
	54328	0.7097
	53646	0.7105
	53748	0.7105
	58824	0.711
	59071	0.7141
	53869	0.7149
	57763	0.716
	53931	0.7198
	58608	0.7202
	59940	0.7222
	58100	0.7241
	57758	0.7277
	56187	0.7285
	58933	0.7303
	53829	0.7309
	51886	0.7316
	58660	0.7323
	57304	0.7348
	57687	0.7386
	59471	0.7418
	57891	0.7451
	57971	0.7452
	57635	0.7456
	58101	0.747
	59470	0.748
	59312	0.7485
	56093	0.7528
	50514	0.753
	57511	0.7551
	58731	0.7571
	58542	0.758
	50953	0.7589
	52745	0.7604
	58828	0.7609
	54169	0.7694
	51628	0.771
	57643	0.7719
	58652	0.7739
	55578	0.7745
	57739	0.7749
	53862	0.7767
	57573	0.7774
	53915	0.7798
	56856	0.7814
	52602	0.7827
	57781	0.7831
	59845	0.7851
	50862	0.7875
	56272	0.7894
	57776	0.799
	50979	0.8003
	56202	0.8008
	56878	0.8028
	59055	0.8038
	50963	0.8045
	55593	0.8086
	58462	0.8101
	50468	0.8107
	58665	0.8113
	57208	0.8114
	54181	0.8136
	53343	0.8142
	56374	0.8143
	50956	0.8144
	58361	0.818
	54408	0.8189
	54065	0.8197
	57966	0.8204
	58614	0.8212
	57889	0.8216
	57673	0.8253
	58468	0.8268
	55589	0.8274
	59053	0.8313
	50936	0.8318
	57584	0.8339
	53751	0.8349
	57719	0.8353
	53767	0.8388
	53574	0.8464
	54273	0.8468
	57562	0.847
	57964	0.8523
	57978	0.856
	59855	0.8566
	54707	0.8597
	59122	0.8605
	54563	0.8633
	59417	0.8649
	51346	0.865
	58751	0.8662
	57796	0.8769
	50646	0.8769
	55279	0.8778
	56079	0.8781
	51059	0.879
	53738	0.8819
	59454	0.8828
	50767	0.8828
	56395	0.8862
	57969	0.8913
	59064	0.8914
	58647	0.892
	54471	0.896
	56869	0.8978
	56180	0.9012
	56168	0.9019
	56018	0.9037
	57640	0.9044
	54080	0.9068
	53463	0.907
	53757	0.9102
	57303	0.9154
	56499	0.9253
	50246	0.9253
	56186	0.9293
	58834	0.9315
	51238	0.9317
	59754	0.9326
	53916	0.9339
	57678	0.9352
	57792	0.9361
	59213	0.9391
	54208	0.9394
	56950	0.9396
	58215	0.9406
	50632	0.9417
	57799	0.9441
	53923	0.9454
	57741	0.948
	57642	0.9481
	57832	0.9501
	56167	0.9516
	57735	0.954
	58609	0.9546
	59215	0.9566
	54274	0.9572
	57772	0.9588
	53651	0.9594
	59758	0.9602
	57612	0.9669
	53492	0.9696
	53663	0.9737
	53852	0.9743
	54436	0.977
	57793	0.9819
	50445	0.9839
	57774	0.984
	50853	0.9854
	50673	0.9862
	57541	0.9869
	56109	0.9876
	53660	0.9891
	57851	0.9899
	57674	0.9903
	50349	0.9907
	57565	0.9914
	57821	0.9925
	58122	0.9933
	54249	0.9955
	54349	1.0002
	56533	1.001
	57698	1.0017
	50655	1.0045
	56288	1.0048
	57679	1.0055
	50425	1.0062
	59750	1.0071
	53848	1.009
	59211	1.013
	59851	1.0207
	54342	1.0228
	56944	1.0262
	57857	1.0282
	57736	1.0335
	59023	1.0352
	58746	1.0355
	58742	1.0372
	50978	1.04
	59655	1.0419
	59059	1.043
	58214	1.0441
	50564	1.0503
	56394	1.0545
	58752	1.0555
	50755	1.0588
	59034	1.0616
	57773	1.0658
	56485	1.0662
	50659	1.0685
	59856	1.0713
	55591	1.0729
	50892	1.0736
	56898	1.0767
	57742	1.0773
	56034	1.0789
	54276	1.085
	50973	1.088
	50878	1.089
	56016	1.0906
	54365	1.0918
	55248	1.0922
	50964	1.0938
	59241	1.0941
	53850	1.0951
	59650	1.0998
	50749	1.1077
	59951	1.1079
	50739	1.112
	57519	1.1122
	56594	1.114
	59061	1.1151
	56125	1.1156
	57575	1.1182
	56257	1.1212
	54374	1.1227
	53464	1.1266
	50838	1.1301
	50647	1.1331
	51804	1.1335
	59047	1.1341
	57752	1.1353
	53854	1.1378
	57658	1.1419
	56158	1.1443
	52862	1.1456
	58562	1.146
	53662	1.1499
	50524	1.1515
	50247	1.1531
	50756	1.1552
	57965	1.1629
	54339	1.1633
	50603	1.1635
	58707	1.1663
	57646	1.1669
	50741	1.1688
	50859	1.1741
	57949	1.1788
	57883	1.1798
	54260	1.1827
	59419	1.183
	59227	1.1864
	50852	1.1887
	59242	1.1939
	56137	1.1954
	50434	1.2023
	54254	1.2044
	57518	1.2052
	53760	1.2075
	54333	1.2079
	57962	1.208
	53817	1.2094
	58749	1.2096
	58117	1.2134
	59842	1.2142
	54261	1.2147
	50742	1.2208
	55294	1.2239
	53664	1.224
	50674	1.2244
	57840	1.2249
	50960	1.2282
	57744	1.2362
	54475	1.2447
	54263	1.247
	59854	1.247
	53821	1.2559
	51627	1.2603
	50834	1.2706
	56489	1.2825
	56192	1.2874
	57571	1.2884
	57975	1.3058
	53754	1.3102
	57666	1.3236
	56959	1.3272
	51243	1.3296
	53910	1.3358
	57574	1.3365
	59046	1.3449
	50639	1.3459
	54472	1.3506
	59065	1.3551
	50526	1.3589
	57780	1.3612
	59266	1.3615
	51330	1.385
	59255	1.391
	50527	1.3911
	59421	1.3992
	50431	1.3992
	59427	1.401
	50987	1.4029
	54351	1.4063
	53832	1.4136
	59849	1.4151
	58747	1.4182
	52853	1.4206
	54497	1.4236
	54569	1.4247
	54285	1.4321
	59230	1.4332
	54165	1.441
	59647	1.4445
	54092	1.4484
	50880	1.4554
	50658	1.4615
	50958	1.4662
	52754	1.4716
	54335	1.4811
	54363	1.484
	56021	1.4843
	50750	1.4885
	59224	1.5037
	56227	1.5112
	59264	1.5137
	59265	1.5202
	50884	1.5205
	59256	1.521
	50842	1.5239
	58744	1.5252
	50913	1.5272
	50758	1.5275
	53845	1.5275
	59237	1.5329
	57657	1.539
	53841	1.5454
	57566	1.549
	50525	1.549
	54347	1.558
	57649	1.5614
	50745	1.5695
	50867	1.5711
	56128	1.5716
	59632	1.5746
	57740	1.5784
	56116	1.5802
	50877	1.5864
	54267	1.5991
	50871	1.6167
	57671	1.619
	59653	1.6254
	57655	1.6337
	59058	1.6388
	50833	1.6419
	50955	1.643
	59843	1.648
	59451	1.6569
	54284	1.6628
	54346	1.6669
	59254	1.6697
	55472	1.6708
	50656	1.6725
	52842	1.6893
	50873	1.7045
	59452	1.7124
	56964	1.7181
	54353	1.7221
	59453	1.7261
	56954	1.7515
	57669	1.7577
	57743	1.7693
	50772	1.7744
	57577	1.825
	59246	1.8358
	57663	1.8513
	59249	1.8616
	50851	1.8727
	50983	1.8858
	59948	1.8982
	50832	1.9144
	59654	1.9445
	57661	1.947
	56106	1.9648
	55299	1.9676
	59954	1.9827
	54590	1.984
	59941	2.0062
	57662	2.0125
	59057	2.0171
	59446	2.0208
	59431	2.072
	54259	2.0729
	59457	2.1053
	56146	2.106
	59435	2.1121
	59426	2.1381
	50962	2.2
	59945	2.2189
	50618	2.2532
	59235	2.258
	59425	2.4366
	50727	2.4795
	59448	2.5503
	59429	2.6478
	59640	2.6485
	59238	2.8172
	59449	2.8174
	59441	2.9122
	59644	3.0061
