	56184	-1.661
	54594	-1.4379
	54511	-1.387
	54530	-1.3534
	56251	-1.3323
	54513	-1.3177
	54505	-1.2694
	56144	-1.2549
	54611	-1.2404
	57731	-1.2399
	53599	-1.238
	54623	-1.2299
	54596	-1.2203
	58129	-1.2084
	56158	-1.1846
	54645	-1.1649
	56178	-1.1413
	54527	-1.1345
	57304	-1.1345
	54421	-1.1317
	54507	-1.115
	56247	-1.0878
	54597	-1.0818
	54499	-1.0339
	56147	-1.0317
	54622	-1.0267
	54399	-1.0258
	54517	-1.0179
	53695	-1.0059
	54528	-0.9953
	54328	-0.991
	54502	-0.9775
	56146	-0.9754
	54398	-0.9672
	53696	-0.9665
	54514	-0.9661
	54416	-0.9613
	57687	-0.9564
	53698	-0.949
	57679	-0.9456
	54619	-0.9334
	56168	-0.9333
	57204	-0.9244
	57752	-0.9189
	57761	-0.9162
	57655	-0.9151
	58127	-0.9141
	53691	-0.9136
	56285	-0.9132
	57772	-0.9092
	54535	-0.9044
	54431	-0.8913
	57678	-0.8897
	54433	-0.8888
	53690	-0.8824
	57666	-0.8793
	54181	-0.8789
	56181	-0.862
	57208	-0.8594
	57657	-0.8541
	54412	-0.842
	57771	-0.8412
	54523	-0.8382
	53889	-0.8373
	54602	-0.8353
	54603	-0.832
	53694	-0.8243
	56374	-0.8236
	59945	-0.8079
	59941	-0.788
	57564	-0.7851
	56571	-0.7829
	54386	-0.7817
	56434	-0.7789
	57777	-0.7756
	53688	-0.768
	57768	-0.7645
	54506	-0.7615
	54419	-0.7573
	56183	-0.7521
	57781	-0.7499
	57680	-0.7431
	57773	-0.7357
	53995	-0.7356
	57734	-0.7288
	53693	-0.7273
	57606	-0.7207
	57769	-0.7203
	57760	-0.7166
	54286	-0.7162
	53992	-0.7119
	53689	-0.7108
	57658	-0.6993
	58514	-0.693
	56180	-0.6915
	55593	-0.6884
	57674	-0.6804
	58126	-0.6706
	56189	-0.6686
	57732	-0.6679
	57694	-0.6616
	54614	-0.661
	58128	-0.6605
	53594	-0.6568
	51804	-0.6548
	57661	-0.6547
	54308	-0.6473
	53991	-0.6465
	58600	-0.6451
	56263	-0.6439
	56291	-0.6426
	54483	-0.6318
	57699	-0.6277
	56187	-0.6232
	57774	-0.621
	57763	-0.6194
	58223	-0.6109
	53789	-0.61
	56284	-0.6099
	56199	-0.6067
	56167	-0.6047
	53576	-0.6047
	57669	-0.6041
	56378	-0.6034
	56172	-0.6031
	54903	-0.6
	57793	-0.5959
	54455	-0.5873
	56389	-0.5847
	50727	-0.5791
	54434	-0.5788
	58635	-0.5764
	56190	-0.5762
	59848	-0.5752
	54521	-0.5709
	58602	-0.5663
	59940	-0.5627
	56279	-0.5606
	54901	-0.5594
	56273	-0.5592
	51542	-0.5576
	54311	-0.5543
	56381	-0.5533
	57766	-0.5528
	58212	-0.5494
	58138	-0.5482
	56116	-0.548
	53993	-0.5456
	54486	-0.5448
	59849	-0.5437
	53795	-0.5421
	54494	-0.5412
	56286	-0.541
	54430	-0.535
	53580	-0.529
	56295	-0.5273
	54424	-0.5249
	56197	-0.5225
	54436	-0.5192
	56298	-0.5191
	52876	-0.5177
	56280	-0.5169
	54900	-0.5153
	57798	-0.5145
	57786	-0.509
	53676	-0.508
	56188	-0.5034
	56202	-0.5034
	54606	-0.4987
	54214	-0.4985
	56595	-0.4906
	56443	-0.4878
	58131	-0.4864
	54218	-0.4843
	51353	-0.4826
	56387	-0.4819
	56331	-0.4804
	54115	-0.4802
	58713	-0.4801
	57206	-0.4791
	54333	-0.4764
	54420	-0.4761
	57643	-0.4743
	57307	-0.4666
	50353	-0.4649
	54902	-0.4642
	56289	-0.4639
	54351	-0.4625
	50425	-0.4618
	58240	-0.4614
	50658	-0.4552
	56390	-0.4544
	56195	-0.4542
	50434	-0.4534
	58125	-0.4532
	54404	-0.4531
	57636	-0.4531
	57860	-0.4519
	56272	-0.4434
	50246	-0.441
	54515	-0.4386
	57871	-0.4327
	57458	-0.4289
	57662	-0.4254
	54525	-0.4247
	50851	-0.4246
	54493	-0.4236
	58946	-0.4232
	58725	-0.4192
	54377	-0.4161
	53673	-0.4158
	54292	-0.414
	59847	-0.4125
	50548	-0.4119
	57688	-0.4071
	57723	-0.4028
	53687	-0.4016
	54817	-0.4004
	54428	-0.3974
	58243	-0.3927
	56296	-0.3887
	58944	-0.3855
	50349	-0.3819
	56290	-0.3796
	58938	-0.3759
	53578	-0.3759
	55598	-0.3743
	54857	-0.3708
	54259	-0.3693
	57682	-0.3686
	56462	-0.3663
	52984	-0.3655
	58821	-0.362
	54320	-0.3615
	55589	-0.3553
	58117	-0.3549
	54534	-0.3539
	50527	-0.3534
	57663	-0.349
	57720	-0.3486
	58114	-0.3464
	57401	-0.346
	57558	-0.3432
	51352	-0.3364
	53997	-0.3351
	53791	-0.3336
	50618	-0.3225
	50247	-0.321
	59954	-0.3193
	57743	-0.3189
	54410	-0.3171
	55681	-0.3163
	55680	-0.3157
	57486	-0.314
	54539	-0.3138
	55696	-0.3075
	58220	-0.3073
	53784	-0.307
	58147	-0.3064
	52112	-0.3029
	57778	-0.3008
	54945	-0.3
	59838	-0.3
	57014	-0.2997
	50431	-0.2966
	50526	-0.2888
	57722	-0.2876
	57776	-0.2874
	55572	-0.2872
	57635	-0.286
	54318	-0.2835
	57762	-0.2833
	51186	-0.2803
	57745	-0.28
	58601	-0.2796
	53890	-0.2795
	57780	-0.2792
	50859	-0.277
	54365	-0.2754
	54353	-0.2742
	54363	-0.271
	58706	-0.2689
	59137	-0.2688
	53994	-0.2636
	58202	-0.2613
	57789	-0.257
	54205	-0.2554
	57673	-0.2545
	54518	-0.2534
	56186	-0.2517
	58224	-0.2517
	59948	-0.2495
	54346	-0.2446
	57646	-0.2408
	57671	-0.2388
	57577	-0.2342
	58704	-0.2299
	54349	-0.2285
	56297	-0.2282
	54423	-0.2275
	58041	-0.2271
	58609	-0.2254
	58623	-0.2253
	53787	-0.2242
	54449	-0.2241
	50745	-0.2237
	58508	-0.219
	56152	-0.2183
	52378	-0.2178
	54541	-0.2174
	51243	-0.2149
	58625	-0.2143
	53894	-0.2143
	58606	-0.2141
	53512	-0.2087
	50442	-0.2082
	54236	-0.2075
	52436	-0.2058
	50833	-0.2023
	51495	-0.2012
	58035	-0.1959
	54276	-0.1946
	50776	-0.1945
	58730	-0.1941
	50557	-0.1903
	58607	-0.1892
	55585	-0.189
	50774	-0.1883
	51156	-0.1867
	54248	-0.1858
	50445	-0.1846
	58714	-0.1806
	56196	-0.18
	54186	-0.1799
	56276	-0.179
	51826	-0.1785
	58646	-0.1768
	57308	-0.1756
	53617	-0.1753
	53794	-0.1751
	56444	-0.1736
	51839	-0.1732
	53519	-0.1698
	53420	-0.1683
	54429	-0.1662
	57573	-0.1661
	59673	-0.1655
	50514	-0.1644
	51477	-0.1644
	58942	-0.1629
	54319	-0.1629
	58823	-0.161
	50838	-0.1595
	58734	-0.1568
	56384	-0.1551
	53898	-0.1541
	57647	-0.1532
	53884	-0.1523
	54848	-0.1509
	57744	-0.1458
	58616	-0.144
	54608	-0.1426
	57625	-0.1405
	50742	-0.1397
	54208	-0.1384
	53518	-0.1279
	54213	-0.1278
	53984	-0.1262
	51708	-0.1246
	52446	-0.1227
	53392	-0.1212
	50832	-0.1186
	54285	-0.1137
	56485	-0.1126
	57407	-0.1117
	50955	-0.1114
	57309	-0.1104
	51931	-0.1078
	57846	-0.1077
	57303	-0.1076
	54225	-0.1067
	53978	-0.1016
	59843	-0.1015
	58745	-0.1013
	56312	-0.1009
	56376	-0.1
	54249	-0.0988
	53988	-0.0975
	57872	-0.0969
	53577	-0.0956
	52657	-0.0894
	56391	-0.0875
	57605	-0.0835
	54932	-0.0832
	57741	-0.0819
	50844	-0.0797
	54263	-0.0796
	53611	-0.0776
	57758	-0.0769
	51815	-0.0768
	53498	-0.072
	59758	-0.0718
	54069	-0.0692
	53513	-0.0691
	53986	-0.0671
	54335	-0.0664
	58109	-0.0658
	53972	-0.0657
	58647	-0.0652
	57767	-0.0636
	56137	-0.0631
	50834	-0.0628
	58012	-0.0616
	58731	-0.0596
	57565	-0.0587
	52447	-0.0573
	57475	-0.0554
	59133	-0.0549
	58113	-0.0497
	57072	-0.0495
	55578	-0.0482
	58210	-0.0476
	58049	-0.0473
	50775	-0.0466
	53797	-0.0436
	58016	-0.0434
	54195	-0.0398
	57106	-0.039
	51828	-0.0384
	58710	-0.0366
	55228	-0.0349
	58207	-0.0339
	50739	-0.0336
	54273	-0.0332
	57079	-0.0318
	57483	-0.0311
	51571	-0.0294
	58111	-0.0233
	56479	-0.0197
	51814	-0.0167
	54064	-0.0148
	55773	-0.0133
	54702	-0.0131
	54266	-0.0093
	50853	-0.0075
	52203	-0.0073
	52681	-0.0041
	58517	-0.0029
	56288	-0.0010
	56651	0.0
	51829	4.0E-4
	58834	0.0015
	57598	0.0037
	54342	0.0043
	53983	0.0058
	51356	0.0063
	53998	0.0064
	53982	0.0079
	53798	0.0104
	51827	0.0109
	56227	0.011
	56223	0.0115
	56281	0.0129
	57298	0.0132
	53987	0.0132
	55664	0.0135
	53892	0.0139
	58509	0.014
	57740	0.0152
	57581	0.016
	58146	0.0169
	54374	0.018
	58502	0.0188
	50647	0.0189
	51367	0.0189
	53979	0.0191
	54113	0.0197
	53618	0.0207
	57962	0.022
	57870	0.0222
	57736	0.0264
	57698	0.0274
	58013	0.0313
	51359	0.0315
	52908	0.0333
	51365	0.0344
	58605	0.0348
	58048	0.0348
	53276	0.0353
	56585	0.0376
	56492	0.0382
	58221	0.0408
	54936	0.0425
	50468	0.043
	54406	0.0443
	56267	0.0447
	58693	0.0449
	54855	0.0455
	54171	0.0455
	50564	0.0456
	56046	0.0473
	51802	0.0474
	58637	0.0499
	50632	0.0531
	51818	0.054
	56194	0.0541
	58936	0.0551
	50639	0.0576
	54715	0.0581
	58116	0.0583
	54254	0.0589
	54939	0.0605
	56371	0.0608
	57874	0.0613
	59842	0.0622
	57713	0.0626
	51334	0.0635
	56386	0.0664
	51573	0.0667
	57506	0.0674
	52825	0.0693
	57562	0.072
	56193	0.0729
	58150	0.0735
	50524	0.075
	55493	0.076
	58724	0.0767
	51378	0.0788
	51811	0.0854
	50656	0.0882
	50772	0.0892
	54324	0.0902
	54237	0.0903
	53490	0.0906
	57045	0.0911
	57071	0.0912
	58705	0.0916
	53579	0.0939
	56278	0.0966
	57891	0.0966
	57049	0.0967
	51717	0.0987
	54832	0.1
	58707	0.1012
	57033	0.1023
	54332	0.1026
	56373	0.1031
	58847	0.1043
	59856	0.1046
	53959	0.1099
	57361	0.1101
	59845	0.1104
	57411	0.1107
	59854	0.1117
	57792	0.1118
	58045	0.1133
	50862	0.1135
	59131	0.1141
	54425	0.1142
	56106	0.1146
	58715	0.1151
	54725	0.1152
	56021	0.116
	58038	0.1161
	58644	0.1183
	50603	0.1201
	51076	0.1203
	52836	0.1219
	54024	0.1231
	54940	0.1241
	54705	0.1252
	53863	0.1262
	52737	0.1266
	54935	0.1267
	57315	0.1267
	57076	0.1269
	58135	0.129
	58145	0.1305
	56383	0.1308
	54929	0.131
	54063	0.1315
	52866	0.1331
	56257	0.1332
	58737	0.1334
	57314	0.1342
	50756	0.1343
	52943	0.1353
	54432	0.136
	54704	0.1362
	58108	0.1363
	50136	0.1393
	51709	0.1393
	51346	0.1419
	58047	0.1422
	51572	0.1441
	51357	0.1485
	58222	0.1487
	51704	0.1503
	57956	0.1539
	52533	0.1543
	57296	0.1552
	57511	0.1553
	57566	0.1556
	54157	0.161
	55294	0.1633
	51526	0.1639
	58006	0.1647
	54304	0.165
	58712	0.1653
	56494	0.1665
	57162	0.1674
	58015	0.1684
	58122	0.1699
	51058	0.1701
	52323	0.1714
	54244	0.1714
	57960	0.1718
	52797	0.1757
	58011	0.1766
	57922	0.1767
	58234	0.1769
	54117	0.1773
	57614	0.1792
	54252	0.181
	53463	0.1817
	54709	0.1828
	56684	0.183
	54226	0.1845
	51087	0.1852
	58818	0.186
	54094	0.1873
	54818	0.1886
	52267	0.1886
	58667	0.1894
	58934	0.1901
	54824	0.1914
	57025	0.1914
	57519	0.1918
	56096	0.1955
	57306	0.1961
	50948	0.197
	58826	0.1991
	58102	0.1999
	57717	0.2012
	58107	0.2019
	57883	0.2021
	57649	0.2035
	55248	0.2086
	56287	0.2097
	51627	0.2138
	50673	0.2153
	51707	0.2162
	51701	0.2163
	57016	0.2167
	58005	0.2186
	57536	0.222
	58241	0.2268
	59757	0.2277
	57134	0.228
	58247	0.2287
	54618	0.2324
	57051	0.2324
	58409	0.2337
	50787	0.2351
	54714	0.238
	53446	0.2389
	57099	0.2394
	58828	0.2406
	57502	0.2408
	51358	0.2415
	56198	0.2416
	52868	0.2448
	57038	0.2453
	57866	0.2458
	58143	0.2458
	54027	0.2474
	57637	0.2479
	50963	0.2486
	50788	0.2506
	53593	0.2506
	58940	0.2508
	58627	0.251
	56673	0.2515
	50778	0.2531
	54724	0.2536
	58718	0.2553
	56033	0.256
	58205	0.2561
	54823	0.2562
	57056	0.2589
	52856	0.2608
	55690	0.261
	58214	0.2616
	57510	0.2633
	57465	0.2643
	54918	0.2662
	58701	0.2683
	53588	0.2684
	50950	0.269
	50873	0.2694
	57124	0.2695
	57368	0.2714
	57739	0.2729
	58652	0.2737
	59754	0.2752
	57093	0.2753
	54919	0.2756
	53651	0.2758
	51330	0.2773
	57063	0.2775
	53944	0.2778
	53615	0.2782
	57481	0.2786
	57048	0.2788
	58519	0.2828
	58301	0.2844
	57090	0.2853
	54362	0.2861
	58118	0.2873
	58040	0.2875
	58507	0.2884
	57358	0.2895
	59130	0.2903
	58417	0.2904
	57034	0.2913
	56382	0.2931
	57574	0.2941
	57070	0.295
	58820	0.2964
	54836	0.297
	53529	0.2981
	54822	0.3003
	51145	0.3008
	51377	0.3054
	53502	0.3065
	51470	0.3072
	54080	0.3072
	56646	0.3079
	54135	0.3092
	56567	0.3095
	58719	0.3099
	57882	0.3118
	54828	0.3124
	57867	0.3125
	59487	0.3129
	53399	0.3129
	53612	0.3137
	57451	0.3148
	58017	0.3159
	50877	0.3163
	50939	0.3167
	57348	0.3167
	58154	0.317
	58032	0.3172
	57461	0.3177
	51855	0.321
	56441	0.3211
	59321	0.3212
	54904	0.323
	56569	0.3232
	53068	0.3234
	56641	0.3248
	57585	0.325
	57405	0.327
	58929	0.3284
	56018	0.3288
	57586	0.3295
	54844	0.3302
	54719	0.3304
	57514	0.3316
	58141	0.332
	54808	0.3332
	57640	0.3338
	57402	0.336
	56317	0.3369
	57387	0.338
	54923	0.3402
	57445	0.3406
	54716	0.3412
	52418	0.3419
	58044	0.343
	57169	0.3437
	54846	0.3441
	57853	0.3445
	58101	0.3468
	57623	0.3469
	52679	0.3472
	53619	0.3523
	53955	0.3534
	59488	0.3594
	58027	0.3604
	58036	0.3619
	57460	0.3629
	57127	0.3634
	54843	0.3638
	58007	0.3642
	57144	0.3661
	57175	0.3662
	50945	0.3701
	51810	0.3714
	57633	0.373
	51633	0.3731
	58608	0.3735
	58130	0.3783
	52576	0.3789
	52424	0.3803
	54347	0.3804
	51465	0.3822
	57324	0.3829
	54812	0.3838
	53948	0.387
	51059	0.3882
	56395	0.39
	59500	0.3902
	50949	0.3908
	56480	0.3911
	59134	0.3915
	52495	0.3915
	54041	0.3915
	50962	0.3916
	54914	0.3934
	57642	0.3944
	53817	0.3963
	54501	0.3975
	52546	0.3988
	50934	0.3998
	58140	0.4003
	59320	0.4004
	53149	0.4006
	53614	0.4006
	57779	0.4026
	54616	0.4028
	57517	0.4035
	57476	0.4037
	56043	0.404
	57923	0.4041
	58104	0.4097
	58414	0.4098
	57512	0.4145
	57509	0.4162
	51468	0.4163
	55299	0.4174
	50854	0.4182
	58619	0.4184
	56393	0.4201
	58323	0.4204
	51777	0.4217
	57696	0.4221
	57738	0.4221
	54260	0.4226
	50936	0.4227
	51655	0.4251
	57545	0.4253
	53083	0.4266
	57742	0.4269
	58643	0.4272
	54727	0.4282
	57584	0.4283
	54405	0.4299
	57271	0.4301
	58139	0.4314
	54142	0.4324
	57575	0.4328
	58626	0.4346
	50928	0.4352
	58100	0.4353
	53915	0.4362
	58020	0.438
	58559	0.4381
	54916	0.4392
	57389	0.4397
	56128	0.443
	51716	0.4436
	58249	0.4436
	54723	0.4437
	56654	0.4443
	52674	0.4455
	50968	0.4456
	57052	0.446
	58008	0.4465
	53771	0.4467
	57865	0.447
	57317	0.448
	58941	0.4484
	50878	0.4485
	53517	0.4517
	58736	0.4519
	58510	0.4538
	57195	0.4574
	58132	0.4583
	53923	0.459
	59322	0.4602
	57589	0.4606
	57842	0.4606
	53478	0.4609
	52955	0.4613
	58418	0.4623
	58401	0.4628
	54915	0.4631
	58614	0.4631
	57887	0.4634
	54925	0.4645
	54921	0.465
	55279	0.4652
	59124	0.4653
	50958	0.4654
	51060	0.4661
	57192	0.467
	53231	0.4676
	59951	0.4684
	54726	0.4692
	57176	0.4692
	51068	0.4694
	54922	0.4701
	53882	0.4704
	53774	0.4706
	50964	0.4707
	52889	0.4714
	53610	0.473
	57973	0.4755
	58246	0.4776
	56164	0.4777
	57799	0.4781
	54811	0.4788
	58642	0.4809
	53975	0.4821
	54624	0.4827
	51232	0.4833
	56016	0.4836
	54231	0.484
	58245	0.4854
	59626	0.486
	56742	0.4863
	53772	0.4869
	58819	0.4871
	51467	0.488
	54243	0.488
	54718	0.4894
	58034	0.4915
	53775	0.4922
	54912	0.4927
	59635	0.494
	58624	0.4948
	57257	0.496
	52652	0.4962
	56548	0.4968
	53968	0.4989
	54913	0.4995
	53663	0.4999
	58742	0.5006
	54917	0.5008
	50525	0.5025
	51053	0.5035
	50937	0.5039
	58501	0.5046
	57868	0.5046
	58215	0.5062
	59855	0.507
	58911	0.5076
	57735	0.5079
	57582	0.5088
	56491	0.5098
	54830	0.51
	56493	0.5131
	56097	0.5149
	53352	0.515
	54161	0.5164
	50973	0.5172
	58004	0.5195
	57859	0.5214
	59502	0.5217
	57378	0.526
	56045	0.5264
	54835	0.529
	52765	0.5327
	53602	0.533
	58822	0.5334
	54284	0.5335
	57926	0.5353
	57496	0.5372
	56489	0.5373
	57140	0.5384
	57910	0.5393
	57554	0.5406
	51581	0.5418
	57408	0.5418
	57886	0.5432
	54920	0.5453
	51238	0.5458
	56394	0.5461
	54821	0.549
	57540	0.5491
	53664	0.5509
	59656	0.5529
	57974	0.555
	51379	0.5557
	53873	0.5569
	54810	0.5571
	56490	0.5574
	56989	0.5577
	58001	0.558
	56497	0.5596
	59435	0.5614
	54732	0.5616
	58230	0.5618
	54234	0.563
	53942	0.5637
	57197	0.5682
	50965	0.5685
	58814	0.5689
	57612	0.5698
	57081	0.5699
	57964	0.5704
	54803	0.5711
	50978	0.5715
	58021	0.572
	54827	0.5741
	54223	0.5748
	57972	0.5749
	59303	0.5782
	57525	0.579
	57232	0.5801
	57417	0.581
	51369	0.5813
	59658	0.5861
	55472	0.5868
	52787	0.5871
	57754	0.5875
	50867	0.5905
	53678	0.5909
	57085	0.5913
	50960	0.592
	57295	0.5922
	57921	0.5936
	57707	0.5951
	57900	0.596
	53547	0.5967
	57464	0.5986
	54852	0.5993
	58415	0.5997
	56586	0.6004
	57942	0.6011
	53780	0.6019
	59237	0.6025
	54829	0.6033
	57414	0.6042
	51642	0.6063
	59493	0.6069
	54122	0.6078
	57313	0.6087
	59127	0.6117
	52983	0.6119
	54712	0.612
	54031	0.6142
	58225	0.6155
	57840	0.6156
	56976	0.6161
	57194	0.6162
	56565	0.6164
	57191	0.6169
	54132	0.6178
	57955	0.6182
	56592	0.6196
	57388	0.6197
	56185	0.6208
	57196	0.621
	57245	0.6223
	54842	0.6226
	57249	0.625
	58030	0.6298
	54728	0.6301
	57796	0.6306
	59501	0.6307
	57522	0.6312
	58026	0.6312
	57293	0.6324
	54816	0.6365
	57485	0.637
	54909	0.6394
	59316	0.6398
	57292	0.6411
	58735	0.6417
	56598	0.6437
	59476	0.6443
	59851	0.6446
	57583	0.6467
	57217	0.6541
	54026	0.6541
	58025	0.6557
	57094	0.6567
	58257	0.6575
	57320	0.6583
	58615	0.6589
	58760	0.6604
	57037	0.6604
	59452	0.661
	59122	0.6614
	58654	0.6617
	57343	0.6621
	59480	0.6637
	57173	0.6643
	57177	0.6656
	59255	0.6661
	54819	0.6667
	58748	0.6676
	57003	0.6687
	58512	0.6691
	53646	0.6699
	57590	0.67
	57971	0.6705
	57178	0.6717
	59116	0.6747
	54805	0.6749
	52645	0.6757
	54905	0.677
	59315	0.6772
	58527	0.6774
	53336	0.6774
	56645	0.6819
	58341	0.6841
	57737	0.6847
	59065	0.6848
	59427	0.6866
	57439	0.6867
	57876	0.6867
	56697	0.6873
	54165	0.6875
	59631	0.6882
	51482	0.6902
	59242	0.6914
	52101	0.6942
	59075	0.695
	57261	0.6957
	57875	0.6971
	57318	0.698
	54807	0.6998
	57513	0.7002
	58003	0.704
	58806	0.7042
	58928	0.7046
	57927	0.7048
	57544	0.7084
	57080	0.7086
	51711	0.7087
	58250	0.7089
	54722	0.7093
	54156	0.7118
	54938	0.7122
	50879	0.7137
	53740	0.7151
	57184	0.7166
	54911	0.7173
	54047	0.7187
	58923	0.7196
	54841	0.7203
	59475	0.7209
	53738	0.7224
	57981	0.7231
	52853	0.7232
	54802	0.7238
	51705	0.7239
	57180	0.727
	56029	0.7275
	57505	0.7284
	56643	0.7292
	58244	0.7296
	58903	0.7336
	59256	0.734
	58565	0.7342
	57273	0.7346
	57899	0.7349
	58503	0.7457
	58317	0.7482
	51720	0.7499
	54749	0.7512
	57091	0.7524
	59750	0.7538
	59632	0.7553
	52313	0.759
	54815	0.7601
	51433	0.761
	59312	0.761
	58404	0.7611
	58558	0.7625
	52884	0.7635
	59117	0.7643
	57800	0.766
	58804	0.7665
	52995	0.7674
	57571	0.7676
	57466	0.7684
	57469	0.7685
	51288	0.7699
	58002	0.7728
	58660	0.7734
	59481	0.7768
	58632	0.7777
	55591	0.7783
	57238	0.7807
	58921	0.7827
	57966	0.7846
	58024	0.7856
	57976	0.7871
	57477	0.789
	58236	0.7917
	57086	0.7932
	54736	0.7946
	58932	0.7954
	56380	0.7964
	57881	0.7971
	59310	0.7989
	50888	0.8
	54039	0.8015
	57377	0.8017
	58906	0.8021
	54730	0.8071
	57333	0.8072
	57260	0.8089
	53862	0.8089
	58529	0.8103
	57259	0.8103
	58629	0.8123
	53486	0.8132
	54012	0.8136
	59664	0.8146
	57326	0.815
	57339	0.815
	58844	0.8154
	57932	0.8187
	56385	0.819
	58555	0.8194
	59238	0.8204
	57398	0.8264
	59313	0.8281
	56691	0.8294
	56533	0.8295
	57954	0.8304
	54927	0.8317
	56151	0.8327
	53195	0.8332
	59235	0.8335
	52833	0.8335
	57030	0.8335
	59425	0.8336
	58022	0.8379
	59453	0.8386
	58926	0.839
	56688	0.8392
	59241	0.8403
	59314	0.8404
	57156	0.8415
	57299	0.843
	58408	0.846
	57903	0.847
	57729	0.8481
	57832	0.849
	53868	0.8517
	51469	0.855
	58242	0.8552
	54908	0.8574
	58927	0.8597
	57965	0.8608
	57603	0.8625
	58631	0.8626
	58416	0.8639
	58402	0.8641
	58500	0.8644
	57520	0.8661
	59012	0.8724
	52968	0.873
	57216	0.8731
	59297	0.8732
	59034	0.874
	58366	0.8761
	52895	0.8771
	57499	0.8771
	59306	0.8772
	59109	0.8778
	57181	0.8781
	57083	0.8799
	51656	0.8801
	57395	0.8807
	56665	0.8824
	57957	0.8826
	54910	0.8836
	55437	0.8846
	57807	0.885
	57814	0.8859
	59451	0.8869
	57844	0.8872
	58657	0.8882
	52633	0.8885
	57183	0.8904
	59264	0.892
	58556	0.8923
	54744	0.8946
	57237	0.8953
	51438	0.8964
	54863	0.8974
	58562	0.8986
	57936	0.899
	59454	0.9001
	59446	0.9003
	57409	0.9013
	59229	0.9044
	57516	0.9051
	57355	0.9052
	57841	0.9074
	58365	0.9092
	50915	0.9131
	59431	0.914
	58362	0.9172
	59270	0.9196
	57911	0.9202
	58567	0.9211
	58548	0.9226
	59033	0.9261
	59055	0.9282
	56079	0.9297
	57608	0.9297
	58935	0.9328
	59478	0.9339
	58547	0.934
	57077	0.9344
	51559	0.9352
	59485	0.9366
	57294	0.9373
	57096	0.9385
	56004	0.9409
	59113	0.9415
	59287	0.9418
	53976	0.942
	57857	0.9421
	56745	0.9422
	59304	0.9435
	57916	0.9447
	57818	0.945
	59254	0.9482
	53705	0.9495
	57906	0.9501
	58463	0.9526
	59022	0.9543
	53487	0.9546
	57851	0.9553
	57198	0.9559
	59426	0.9596
	59246	0.9602
	59318	0.9605
	57087	0.9622
	57098	0.9627
	56171	0.9628
	58656	0.9686
	58836	0.9693
	58839	0.9705
	57895	0.9705
	57809	0.9722
	59125	0.973
	59266	0.9731
	56067	0.9738
	53963	0.9748
	56977	0.976
	58367	0.9761
	57251	0.977
	53764	0.9775
	56065	0.9797
	59025	0.9805
	53367	0.9842
	57825	0.9853
	54806	0.9858
	54731	0.9879
	59456	0.9885
	59469	0.9891
	58931	0.9893
	56396	0.9894
	57432	0.9911
	54776	0.9945
	58460	0.9951
	56578	0.9955
	57894	0.9957
	59650	0.9964
	53754	0.9965
	58254	0.9965
	58208	0.9968
	57710	1.0002
	54734	1.0011
	51437	1.002
	51137	1.0033
	58461	1.0037
	54729	1.0041
	57211	1.0041
	51463	1.0044
	57281	1.0044
	58848	1.0047
	57595	1.0049
	59126	1.0057
	57185	1.0067
	57182	1.0078
	59317	1.009
	57543	1.01
	56782	1.0105
	57067	1.0118
	59224	1.019
	56792	1.0201
	54831	1.0203
	59271	1.0276
	57806	1.0289
	58813	1.0297
	59417	1.0306
	58846	1.0355
	58321	1.0364
	52818	1.0367
	59268	1.0383
	57889	1.0385
	58462	1.0418
	58620	1.0441
	57297	1.0456
	57065	1.0459
	57491	1.0474
	57816	1.0477
	58148	1.0486
	58634	1.0516
	58544	1.055
	56038	1.055
	53192	1.0608
	54871	1.0621
	56652	1.063
	59280	1.0642
	52974	1.0647
	57193	1.0649
	51241	1.0656
	58456	1.0675
	59284	1.0703
	57186	1.0704
	57328	1.0743
	59663	1.0749
	58423	1.0762
	56182	1.0797
	52661	1.0797
	58420	1.0798
	54906	1.0813
	57902	1.0826
	51722	1.0845
	58458	1.0846
	52957	1.0862
	59230	1.0887
	57808	1.0908
	57835	1.0909
	57994	1.0916
	56969	1.0931
	57805	1.0959
	54134	1.0969
	51133	1.0989
	57915	1.0992
	58824	1.0994
	57492	1.0998
	59419	1.1053
	58557	1.1078
	56991	1.1085
	57188	1.1101
	56093	1.1128
	57609	1.1132
	51730	1.1146
	59037	1.1147
	56498	1.1181
	57253	1.1182
	57078	1.1188
	57728	1.1201
	59492	1.1204
	56080	1.1251
	59457	1.1263
	57811	1.1263
	57447	1.127
	57837	1.1293
	57537	1.1296
	53704	1.1317
	57914	1.1322
	57370	1.134
	59421	1.1364
	56173	1.1374
	58361	1.1398
	56838	1.1424
	56670	1.1434
	59096	1.1467
	59640	1.1481
	57948	1.1481
	59473	1.1492
	57265	1.1513
	54851	1.1525
	54837	1.1537
	59324	1.156
	56593	1.1566
	58369	1.1578
	59265	1.1613
	59319	1.1618
	58912	1.1636
	59269	1.1647
	59015	1.165
	56748	1.1673
	54861	1.1675
	57438	1.1683
	58612	1.1685
	57482	1.1704
	52996	1.1713
	57719	1.172
	57489	1.1726
	58237	1.1728
	59647	1.1789
	58203	1.1798
	59429	1.181
	56671	1.186
	54454	1.1868
	58330	1.1869
	56666	1.1873
	57415	1.1886
	57822	1.1904
	57187	1.1906
	56496	1.1911
	58342	1.1951
	54751	1.1968
	59007	1.1987
	57995	1.1991
	53859	1.2008
	59099	1.2011
	54814	1.2037
	58746	1.2037
	59448	1.2054
	58542	1.2055
	58457	1.207
	53543	1.2098
	54834	1.2114
	58546	1.2118
	58568	1.2132
	58622	1.2149
	57992	1.2151
	57896	1.2162
	51636	1.2181
	58933	1.2193
	51567	1.2195
	59289	1.2197
	53914	1.2208
	57359	1.2223
	58549	1.2309
	57969	1.2316
	57082	1.233
	51765	1.2349
	57839	1.2378
	56992	1.2379
	57821	1.2381
	58754	1.2412
	58451	1.2423
	56793	1.2456
	57518	1.2458
	57991	1.246
	58269	1.2463
	58905	1.2489
	57828	1.2494
	57803	1.2566
	57813	1.2572
	59063	1.2609
	59045	1.2611
	57493	1.2619
	58845	1.2632
	58306	1.2642
	58520	1.2667
	56649	1.2682
	58633	1.269
	57993	1.2701
	59655	1.2704
	58744	1.2706
	59205	1.2712
	57988	1.2725
	58449	1.2744
	57390	1.2767
	56674	1.2795
	59027	1.281
	58550	1.2821
	58459	1.2838
	59213	1.2853
	59653	1.2857
	56786	1.2874
	57285	1.2876
	58238	1.288
	59064	1.2893
	58747	1.2896
	57425	1.2916
	56399	1.2918
	58251	1.2923
	57416	1.2935
	53929	1.2961
	58443	1.2962
	58531	1.2989
	57834	1.2996
	58377	1.3014
	58442	1.3022
	59279	1.3068
	58353	1.3084
	51644	1.3091
	59017	1.3101
	59088	1.3134
	58749	1.3143
	56746	1.3157
	54102	1.3159
	53735	1.3194
	57095	1.3262
	58424	1.3303
	57714	1.3306
	57179	1.3342
	57941	1.3347
	58534	1.3376
	56844	1.3389
	59298	1.3399
	56836	1.3428
	56995	1.3444
	54474	1.3449
	54753	1.3449
	57431	1.3478
	58464	1.3479
	57990	1.3498
	59092	1.3506
	58907	1.3508
	57498	1.3521
	59218	1.3528
	57396	1.3542
	58543	1.3562
	58419	1.3581
	54755	1.3582
	54737	1.3584
	59294	1.3587
	57909	1.3588
	57074	1.3592
	58158	1.3593
	58346	1.3626
	57075	1.3655
	58360	1.366
	56594	1.3682
	53810	1.3705
	57978	1.371
	58436	1.3711
	58235	1.3718
	57523	1.3723
	57189	1.3772
	57256	1.3775
	58453	1.3775
	57912	1.3783
	58432	1.3806
	59278	1.3827
	58335	1.3834
	57268	1.3858
	58666	1.3859
	57634	1.3872
	59228	1.3892
	59090	1.3895
	57437	1.3912
	58468	1.3926
	57824	1.3927
	59087	1.3934
	58351	1.3966
	53821	1.397
	59052	1.3973
	57399	1.3976
	56761	1.398
	58455	1.3987
	54339	1.3993
	57985	1.3994
	56543	1.4039
	58428	1.4039
	56987	1.4046
	53903	1.4053
	59074	1.4059
	57413	1.4066
	59659	1.4072
	58343	1.4072
	58618	1.4075
	56985	1.4117
	53806	1.4149
	58569	1.4153
	58359	1.4172
	59227	1.4177
	59071	1.4185
	56693	1.4206
	56790	1.4212
	57507	1.4216
	59061	1.4303
	59094	1.4311
	58259	1.4311
	59021	1.4386
	56840	1.4401
	59449	1.4409
	58750	1.4429
	56499	1.4432
	57290	1.4456
	59249	1.4458
	58454	1.4467
	58437	1.4484
	58448	1.4494
	59290	1.4543
	58537	1.4546
	54738	1.4573
	57329	1.4596
	51435	1.4608
	59053	1.461
	58265	1.4644
	56483	1.4705
	56984	1.4723
	58467	1.4752
	58426	1.4785
	57508	1.4828
	59644	1.4865
	57345	1.4865
	57845	1.4892
	58358	1.4917
	59041	1.4918
	57947	1.4969
	58658	1.4998
	57958	1.5009
	58665	1.502
	57426	1.5034
	58843	1.5035
	56885	1.5087
	58452	1.5093
	56996	1.5111
	59038	1.5131
	58477	1.5148
	59462	1.5206
	59004	1.5214
	59470	1.5231
	58356	1.5237
	58917	1.5245
	56763	1.5249
	58264	1.5254
	59276	1.5281
	58438	1.5292
	58523	1.5306
	57089	1.5307
	59057	1.5322
	57046	1.5327
	59114	1.5336
	58352	1.5345
	56756	1.5352
	59023	1.5392
	59215	1.5408
	59097	1.5432
	58450	1.5498
	59072	1.5511
	59093	1.553
	55655	1.5536
	58441	1.5537
	51568	1.5545
	58472	1.5568
	58354	1.5586
	59211	1.5597
	58327	1.5601
	59081	1.5612
	56889	1.5673
	54778	1.5696
	58331	1.5732
	58530	1.5752
	56886	1.5762
	53854	1.5771
	58563	1.5772
	59441	1.5773
	56739	1.5812
	58407	1.5818
	57905	1.5835
	58752	1.5861
	54777	1.5862
	53564	1.5884
	56783	1.5946
	56751	1.595
	59285	1.5955
	58664	1.5977
	59059	1.5992
	53725	1.6032
	57718	1.6056
	56994	1.6066
	58918	1.607
	57975	1.6096
	56986	1.6126
	53881	1.619
	54766	1.6227
	56669	1.6247
	58268	1.6255
	56973	1.6259
	57913	1.626
	59091	1.6263
	58421	1.6273
	58659	1.6277
	56883	1.6452
	56582	1.6471
	52986	1.6481
	57143	1.6492
	59288	1.6587
	58334	1.6596
	51430	1.6635
	59051	1.6651
	51434	1.6654
	54765	1.6695
	54826	1.6716
	56764	1.6734
	54764	1.6749
	59654	1.6769
	57996	1.6796
	56841	1.6894
	59209	1.6953
	56978	1.6987
	51436	1.7013
	57708	1.7018
	58446	1.7053
	53853	1.7062
	59058	1.7106
	56835	1.7124
	56781	1.7158
	56879	1.7231
	58570	1.7239
	57363	1.7318
	58345	1.7376
	59107	1.7377
	57420	1.7412
	57381	1.7413
	59102	1.7433
	59031	1.7437
	58336	1.7447
	59046	1.7487
	58427	1.7525
	57949	1.7656
	54759	1.7657
	53877	1.7665
	56664	1.7788
	56788	1.7804
	58837	1.781
	59477	1.7845
	58339	1.7846
	57154	1.785
	58433	1.7856
	58255	1.7885
	51431	1.7923
	57827	1.7972
	56074	1.799
	59106	1.8041
	58337	1.808
	58751	1.8153
	58484	1.8203
	58338	1.8277
	57907	1.8322
	59293	1.8362
	51329	1.8472
	54662	1.8583
	53723	1.8676
	58435	1.8696
	59471	1.8752
	54752	1.8782
	56842	1.8815
	59047	1.8819
	53727	1.8865
	59001	1.8877
	56876	1.8928
	56839	1.8979
	57829	1.9005
	57084	1.9034
	56966	1.9116
	59082	1.9123
	58344	1.9138
	59044	1.921
	56982	1.9221
	57604	1.9258
	58431	1.9284
	57494	1.93
	57541	1.9362
	56975	1.937
	56881	1.944
	56970	1.9506
	51639	1.9514
	57349	1.9614
	56958	1.9704
	58329	1.9706
	56959	1.9935
	54774	2.0042
	56873	2.0076
	57278	2.0121
	56755	2.0155
	56752	2.0382
	53860	2.046
	57274	2.0678
	53910	2.0687
	58429	2.0805
	57600	2.0808
	56869	2.0831
	56357	2.0855
	56766	2.086
	58314	2.0911
	56596	2.0995
	56757	2.1017
	53845	2.1027
	58319	2.1212
	53916	2.123
	58340	2.1245
	51628	2.1339
	56891	2.1642
	56125	2.1646
	58311	2.1658
	57908	2.1781
	58320	2.1896
	56785	2.204
	51629	2.2155
	58316	2.2178
	58326	2.2331
	56962	2.2491
	56882	2.2568
	56871	2.2707
	56898	2.2801
	56875	2.2968
	51328	2.2971
	56880	2.3316
	56867	2.3356
	56878	2.3362
	56775	2.3453
	56961	2.3501
	57279	2.3511
	56872	2.3974
	56849	2.4052
	56964	2.412
	56854	2.4591
	56774	2.5357
	56843	2.5622
	56846	2.5862
	56946	2.5863
	56772	2.5994
	56952	2.6101
	56949	2.628
	56778	2.6395
	56856	2.6542
	56948	2.6626
	56863	2.675
	56851	2.676
	50983	2.6814
	56870	2.6825
	56777	2.6882
	56862	2.7791
	56944	2.8534
	56950	2.8586
	56767	2.869
	57028	2.9192
	56768	3.0245
	56951	3.0623
	56954	3.1648
	53707	3.9407
