	54569	-3.5954541
	57722	-2.97504
	54575	-2.7262305
	54252	-2.6709669
	54662	-2.606814
	57249	-2.5551600000000003
	54333	-2.5471592999999997
	54579	-2.4747597
	54113	-2.4725106
	54483	-2.4486273
	57719	-2.42856
	57710	-2.41272
	58008	-2.40464835
	54918	-2.3955056999999997
	59322	-2.34948
	54584	-2.3491314
	58004	-2.3475327
	54568	-2.3324238
	54335	-2.296224
	58725	-2.2603199999999997
	54486	-2.2549905
	54245	-2.2432095
	58731	-2.22744
	57720	-2.2231199999999998
	57682	-2.2157999999999998
	59116	-2.19228
	54285	-2.1822695999999997
	54377	-2.1815199
	57698	-2.17068
	54115	-2.1693105
	54362	-2.1583862999999996
	54286	-2.1569939999999996
	58005	-2.15415705
	54363	-2.1539952
	59319	-2.15088
	57181	-2.14984215
	57718	-2.1498
	59500	-2.1370799999999996
	58547	-2.13636
	54254	-2.1311828999999998
	54475	-2.1253995
	54346	-2.1191877
	54563	-2.1139398
	57835	-2.11212
	57438	-2.10552
	54455	-2.1031227
	58011	-2.0874861
	54187	-2.0811672
	57875	-2.07828
	57191	-2.0741043
	58003	-2.0633886
	54752	-2.0553561
	54336	-2.0524644
	57090	-2.0516213999999997
	58633	-2.0512799999999998
	59122	-2.04372
	56950	-2.03976
	54751	-2.0390769
	57385	-2.0351999999999997
	54291	-2.0202273
	54915	-2.0173356
	54225	-2.0012706
	57566	-1.99656
	51365	-1.9957014
	57752	-1.9946399999999997
	54472	-1.9897037999999998
	57486	-1.9814399999999999
	59125	-1.97136
	54334	-1.9658204999999997
	58517	-1.9577999999999998
	58514	-1.94916
	54260	-1.9486844999999997
	54660	-1.9476134999999999
	57389	-1.9436399999999998
	58737	-1.9430399999999999
	54342	-1.9376531999999997
	57760	-1.93464
	59492	-1.9211999999999998
	58507	-1.92096
	57744	-1.91892
	57359	-1.91604
	54927	-1.9062729
	54827	-1.9061658
	54925	-1.9038096
	54065	-1.8996327
	57955	-1.8955199999999999
	54470	-1.8909576
	57477	-1.88868
	59131	-1.88604
	57096	-1.8844758
	54454	-1.8823896
	54923	-1.8796049999999997
	57259	-1.87512
	59114	-1.87428
	59130	-1.8728399999999998
	59124	-1.8624
	57771	-1.8534
	57388	-1.8516
	59046	-1.8512399999999998
	57713	-1.84896
	54920	-1.8416915999999999
	59321	-1.8406799999999999
	54349	-1.8180224999999999
	54590	-1.8169514999999998
	58001	-1.81032765
	59313	-1.7949599999999999
	58044	-1.79016
	57673	-1.7861999999999998
	57345	-1.7844
	53998	-1.7842111499999997
	54332	-1.7771103
	59137	-1.77312
	59297	-1.773
	54610	-1.7712198
	54259	-1.7549406
	57717	-1.75464
	58821	-1.75332
	54161	-1.7480862
	57860	-1.74708
	57696	-1.74384
	59317	-1.7398799999999999
	57469	-1.73688
	58006	-1.7308426499999998
	54076	-1.7185266
	54324	-1.7185266
	54603	-1.7164917
	57077	-1.7153998499999998
	57445	-1.70556
	58520	-1.70376
	54134	-1.6982847
	54267	-1.6942149
	54244	-1.6780427999999998
	58530	-1.67448
	54540	-1.6646553
	59294	-1.66464
	57743	-1.65936
	57606	-1.6542000000000001
	53992	-1.64840535
	57099	-1.639662
	58637	-1.6357199999999998
	59304	-1.63512
	57183	-1.62478695
	58523	-1.6213199999999999
	59316	-1.61976
	58907	-1.6194
	54353	-1.6178526
	58438	-1.6139999999999999
	58632	-1.6139999999999999
	54064	-1.6070354999999998
	54494	-1.6010379
	57481	-1.599
	56227	-1.5983603999999998
	54243	-1.5981462
	54331	-1.5934338
	58015	-1.59012
	57735	-1.5899999999999999
	54236	-1.5862581
	59264	-1.58616
	57361	-1.5844799999999999
	59065	-1.58052
	57936	-1.57752
	57185	-1.5744843
	57053	-1.5643025999999998
	57671	-1.5639599999999998
	59033	-1.56204
	58735	-1.5618
	54047	-1.560447
	54914	-1.5592689
	57723	-1.55856
	59298	-1.55808
	54453	-1.5568056
	54231	-1.5529499999999998
	57942	-1.5495599999999998
	54237	-1.5458813999999999
	57253	-1.5440399999999999
	58927	-1.54212
	59502	-1.54212
	54922	-1.5363495
	54098	-1.5215697
	57494	-1.51956
	59061	-1.5183600000000002
	58122	-1.51644
	57437	-1.5147599999999999
	59320	-1.5130799999999998
	59134	-1.5061200000000001
	57328	-1.5042
	58730	-1.50216
	54248	-1.5006852
	58724	-1.49664
	54276	-1.4960799
	54339	-1.4883686999999999
	57674	-1.48392
	59072	-1.48332
	53948	-1.4814071999999998
	54039	-1.4814071999999998
	57778	-1.48128
	57811	-1.476
	57420	-1.47528
	54386	-1.4745527999999999
	53950	-1.4708043
	54909	-1.46727
	53993	-1.46468145
	59310	-1.46052
	58929	-1.45728
	57625	-1.45704
	59102	-1.44852
	54186	-1.4431724999999997
	53698	-1.442637
	57732	-1.43928
	57634	-1.4281199999999998
	57728	-1.4274
	57511	-1.42704
	57399	-1.4258399999999998
	57565	-1.42224
	58509	-1.4183999999999999
	58414	-1.41672
	59133	-1.41276
	57426	-1.41228
	51329	-1.410507
	57248	-1.4062229999999998
	54172	-1.405152
	53696	-1.404081
	57761	-1.40304
	54626	-1.4006538
	57585	-1.39932
	51058	-1.3934780999999998
	59290	-1.392
	57821	-1.3918799999999998
	54117	-1.3804119
	57708	-1.37964
	54226	-1.3716297
	59109	-1.36716
	58510	-1.36596
	51059	-1.3632758999999999
	58401	-1.3609200000000001
	58404	-1.3559999999999999
	57055	-1.3531014000000001
	57737	-1.3526399999999998
	54755	-1.3519233
	56317	-1.3503167999999999
	54063	-1.3479606
	55773	-1.3441049999999999
	58601	-1.3432799999999998
	54828	-1.3430339999999998
	57637	-1.3398
	57729	-1.33872
	59454	-1.3341599999999998
	57581	-1.33116
	54323	-1.3296465
	57499	-1.3264799999999999
	52643	-1.3255767
	58615	-1.3244399999999998
	57562	-1.3217999999999999
	54351	-1.3155093
	57519	-1.31412
	57731	-1.31364
	57786	-1.3119599999999998
	57086	-1.3100263499999998
	58647	-1.30884
	58605	-1.30812
	57268	-1.30656
	51133	-1.305549
	54851	-1.3053348
	58635	-1.3014
	57853	-1.2926399999999998
	54290	-1.2908763
	51804	-1.2906621
	54609	-1.2852
	54320	-1.2828438
	51431	-1.2747042
	54912	-1.2690279
	57476	-1.26612
	58634	-1.2659999999999998
	57859	-1.2638399999999999
	53995	-1.2635844
	57741	-1.26348
	54814	-1.2632444999999999
	54497	-1.260567
	59064	-1.26048
	51435	-1.2571397999999998
	54541	-1.2536055000000002
	54861	-1.2532841999999997
	59324	-1.25172
	58503	-1.2507599999999999
	57349	-1.25052
	57633	-1.2504
	54904	-1.2465369
	57738	-1.24512
	54612	-1.2448233
	57657	-1.24476
	57754	-1.24248
	51430	-1.241289
	56976	-1.24032
	53791	-1.2400038
	54606	-1.2389328
	57623	-1.23624
	53983	-1.2348562499999998
	57714	-1.2348
	56966	-1.23384
	57512	-1.2314399999999999
	54614	-1.2296150999999997
	54132	-1.2289724999999998
	53986	-1.22849745
	54535	-1.2264021
	54819	-1.2260808
	59501	-1.2246
	54774	-1.2221180999999999
	53959	-1.2169773
	57482	-1.21656
	59074	-1.21608
	51369	-1.2159062999999999
	58007	-1.2157798499999999
	54080	-1.2148353
	57169	-1.21260045
	58036	-1.2123599999999999
	51137	-1.2111939
	54208	-1.2094802999999998
	54910	-1.2081951
	57398	-1.2053999999999998
	57571	-1.20528
	58818	-1.2042
	58918	-1.20288
	58548	-1.19988
	58537	-1.19916
	57558	-1.19652
	57231	-1.1935224
	58917	-1.1927999999999999
	57491	-1.1922
	57260	-1.19124
	58002	-1.1911662
	54718	-1.1838833999999998
	57762	-1.18176
	54815	-1.1804562
	51434	-1.1758509000000001
	54266	-1.1736018000000001
	57734	-1.17072
	59113	-1.16808
	58101	-1.1668398
	57523	-1.1627999999999998
	57772	-1.15788
	54852	-1.1553947999999998
	58543	-1.15248
	54826	-1.1515392
	59071	-1.15092
	58942	-1.14924
	57143	-1.1484333
	57057	-1.1466125999999999
	58208	-1.14628725
	57736	-1.13904
	58625	-1.13892
	57405	-1.1387999999999998
	59075	-1.13712
	59456	-1.1298
	57496	-1.12788
	54608	-1.1240145000000001
	57387	-1.1230799999999999
	57867	-1.1230799999999999
	51377	-1.1208015
	57098	-1.1189217
	58426	-1.11804
	51241	-1.1164104
	54531	-1.1154465
	51328	-1.111698
	57995	-1.10988
	57093	-1.1092699499999998
	54214	-1.108485
	51367	-1.1071998
	53782	-1.1069856
	59041	-1.1068799999999999
	53697	-1.1068785
	57042	-1.1039868
	58415	-1.10208
	57803	-1.09896
	51482	-1.0979891999999998
	57573	-1.0951199999999999
	57339	-1.0928399999999998
	57740	-1.0928399999999998
	54449	-1.0871720999999999
	53994	-1.0853108999999999
	51352	-1.083852
	59107	-1.08384
	58544	-1.08204
	58666	-1.08036
	54273	-1.0793538
	58569	-1.07784
	53789	-1.0773189
	58820	-1.07724
	54929	-1.0738917
	54165	-1.0707858
	57129	-1.0690722
	58607	-1.0669199999999999
	59315	-1.06056
	54620	-1.0603970999999999
	58416	-1.05768
	57834	-1.05732
	58944	-1.0549199999999999
	57186	-1.0546524
	54205	-1.0509723
	57777	-1.0489199999999999
	57636	-1.04808
	57669	-1.0462799999999999
	53689	-1.0444392
	54808	-1.0443320999999999
	54916	-1.0417617
	57381	-1.0415999999999999
	57506	-1.0402799999999999
	51145	-1.0394055
	54917	-1.0391913
	57646	-1.0389599999999999
	54715	-1.037799
	57679	-1.03776
	57781	-1.03512
	58319	-1.035
	54474	-1.0278387
	57066	-1.0267191
	54337	-1.0240902
	54777	-1.0196991
	54700	-1.0193778
	54321	-1.0191636
	59117	-1.01808
	54764	-1.0140228
	54027	-1.0133802
	54371	-1.0126305
	54801	-1.0116665999999999
	57067	-1.01093565
	59057	-1.00776
	57043	-1.0072755
	59044	-1.00284
	57153	-1.0011708
	58843	-1.00044
	54234	-0.9974223
	54249	-0.9952803
	58356	-0.993
	58437	-0.99276
	57688	-0.99048
	57962	-0.9865200000000001
	54142	-0.9834993
	58420	-0.98208
	57536	-0.9789599999999999
	51463	-0.9753596999999999
	57348	-0.97452
	58940	-0.9744
	58938	-0.9700799999999999
	57658	-0.9699599999999999
	57416	-0.96876
	51469	-0.9653993999999999
	57947	-0.96516
	54293	-0.9586521
	54706	-0.9517977
	57643	-0.9461999999999999
	58111	-0.9460986
	57845	-0.9453599999999999
	54907	-0.9431226
	53899	-0.9428013
	59318	-0.9425999999999999
	58117	-0.9415199999999999
	58408	-0.9396
	58600	-0.9387599999999999
	57041	-0.9377676
	58912	-0.93612
	53788	-0.9336978
	59081	-0.9280799999999999
	57822	-0.9279599999999999
	58247	-0.9254399999999999
	53799	-0.9247013999999999
	57649	-0.91884
	51243	-0.9181682999999999
	57184	-0.91646205
	53593	-0.9164547
	58751	-0.91644
	58026	-0.9135599999999999
	54284	-0.9110997
	57699	-0.90684
	57326	-0.90312
	57083	-0.9013598999999999
	54195	-0.9004968
	57261	-0.899316
	54338	-0.896427
	56178	-0.8960400000000001
	53790	-0.8950347
	59099	-0.89268
	57049	-0.8891442
	58631	-0.8838
	58748	-0.88368
	57182	-0.883419
	57489	-0.88296
	53195	-0.8808975
	54169	-0.8805762
	57773	-0.87972
	58017	-0.8781956999999999
	54722	-0.8762922
	57156	-0.87399435
	57298	-0.8727453
	54308	-0.8702945999999999
	51356	-0.8697591
	51886	-0.8681525999999999
	58045	-0.86664
	57306	-0.8661599999999999
	53972	-0.8642290499999999
	54807	-0.8601201
	59097	-0.85992
	57842	-0.85836
	57887	-0.85788
	57492	-0.8542799999999999
	58608	-0.85356
	59082	-0.8534400000000001
	54842	-0.8529443999999999
	58941	-0.85116
	51087	-0.8511236999999999
	54712	-0.8496243
	58664	-0.8472
	53669	-0.8458758
	57425	-0.8341200000000001
	57988	-0.8335199999999999
	54919	-0.8315243999999999
	54811	-0.8294894999999999
	58546	-0.8288399999999999
	57072	-0.8284608
	57586	-0.8274
	57739	-0.82584
	59255	-0.82536
	53980	-0.8248842
	57091	-0.8160838499999999
	54863	-0.8142813
	58701	-0.81336
	54530	-0.8133174
	51330	-0.8124606
	59088	-0.81024
	54313	-0.809676
	54701	-0.8061417
	54765	-0.8033570999999999
	57493	-0.80292
	58734	-0.80076
	57872	-0.8001599999999999
	54724	-0.7975736999999999
	53881	-0.7969310999999999
	53958	-0.796824
	57087	-0.7955312999999999
	57194	-0.7898537999999999
	58024	-0.789327
	51358	-0.7892199
	54633	-0.7864353
	54913	-0.7864353
	58624	-0.78468
	53796	-0.7845075
	57037	-0.7845075
	57402	-0.78108
	58529	-0.78096
	57085	-0.7787259
	54347	-0.775404
	50987	-0.7747614
	57040	-0.7741188
	57395	-0.77364
	53989	-0.7732755
	57844	-0.77304
	59312	-0.7711199999999999
	57483	-0.7668
	58629	-0.76548
	54476	-0.7650153000000001
	57256	-0.76428
	57084	-0.7641915
	54493	-0.7629804
	57774	-0.76296
	53944	-0.7618023
	57965	-0.7614
	53666	-0.7609454999999999
	57941	-0.76056
	58903	-0.75696
	56786	-0.7564799999999999
	50349	-0.7564473
	54471	-0.7563402
	54645	-0.7546265999999999
	54802	-0.7517349
	58847	-0.7494000000000001
	59055	-0.7490399999999999
	54617	-0.7459515
	57189	-0.7444337999999999
	57140	-0.7440237
	57056	-0.7434118499999999
	57906	-0.74232
	57792	-0.74148
	54041	-0.7373835
	51495	-0.7332065999999999
	58558	-0.73128
	54261	-0.7290296999999999
	57193	-0.72774195
	57793	-0.7266
	53945	-0.7238889
	58428	-0.72348
	57598	-0.72312
	59045	-0.72168
	52576	-0.7201404
	53896	-0.7192835999999999
	58116	-0.7158
	58567	-0.71448
	54623	-0.7129646999999999
	59106	-0.71148
	53810	-0.7092162
	50955	-0.7086806999999999
	57051	-0.70594035
	53857	-0.7049322
	54437	-0.7026831
	54374	-0.702576
	53693	-0.6995772
	57144	-0.6994701
	54072	-0.6987203999999999
	57913	-0.6983999999999999
	57080	-0.6964021499999999
	58035	-0.696
	51470	-0.6935796
	58259	-0.6923999999999999
	53961	-0.6904737
	57911	-0.69012
	58484	-0.69
	54092	-0.6850115999999999
	54135	-0.6850115999999999
	57796	-0.6846
	54601	-0.6840477
	53956	-0.6825483
	58424	-0.68148
	57054	-0.6809418
	58846	-0.67944
	57038	-0.6763364999999999
	57541	-0.67572
	53884	-0.6751583999999999
	54702	-0.6728021999999999
	57315	-0.6708000000000001
	54766	-0.6706601999999999
	59293	-0.66936
	59303	-0.6689999999999999
	59427	-0.66888
	54704	-0.6677685
	54759	-0.6677685
	53894	-0.6640199999999999
	53862	-0.6632703
	57510	-0.66252
	57902	-0.6597599999999999
	58620	-0.65916
	54622	-0.6536312999999999
	56777	-0.6522
	58848	-0.6511199999999999
	54908	-0.6509538
	54049	-0.6497757
	57584	-0.64788
	57045	-0.6476337
	54156	-0.6465626999999999
	54911	-0.6454917
	56312	-0.6405650999999999
	59127	-0.6404399999999999
	52656	-0.6370308
	53984	-0.6347445
	54604	-0.6343533
	56004	-0.6331751999999999
	57075	-0.63304125
	57046	-0.6314616
	57179	-0.6288398999999999
	57608	-0.6283199999999999
	56247	-0.6282
	57769	-0.62688
	57964	-0.62508
	58926	-0.6248400000000001
	57839	-0.62256
	54319	-0.6223580999999999
	58627	-0.62076
	59488	-0.6204
	58506	-0.6183599999999999
	58047	-0.6170399999999999
	59285	-0.6168
	58210	-0.61656
	53955	-0.6164676
	50958	-0.6159320999999999
	53967	-0.6115409999999999
	51433	-0.6087564
	53895	-0.6083279999999999
	54274	-0.6062931
	57417	-0.6056400000000001
	57309	-0.60024
	58342	-0.5995199999999999
	57960	-0.59892
	58030	-0.5962257
	58750	-0.59496
	58427	-0.5948399999999999
	52765	-0.5926914
	58016	-0.59244
	53949	-0.5921559
	57742	-0.59184
	51465	-0.591192
	58542	-0.5886
	53982	-0.5877347999999999
	53596	-0.5874435
	53873	-0.5873364
	53883	-0.5853014999999999
	50954	-0.5848731
	54636	-0.5829453
	54328	-0.5828382
	54164	-0.581553
	57564	-0.57912
	58534	-0.57648
	53785	-0.5764122
	54499	-0.574056
	57498	-0.57312
	57825	-0.57312
	57603	-0.57216
	54905	-0.5721282
	57513	-0.57048
	54812	-0.5697720000000001
	54096	-0.5694507
	53795	-0.5691294
	54102	-0.568701
	57415	-0.56784
	54709	-0.5652738
	59058	-0.56292
	59096	-0.56232
	57176	-0.56150475
	58102	-0.56112
	58254	-0.5604
	54818	-0.5598117
	59256	-0.55968
	58402	-0.5590799999999999
	57806	-0.55896
	57094	-0.5575304999999999
	57296	-0.55491885
	51855	-0.5538141
	57846	-0.5538
	52546	-0.5530643999999999
	57447	-0.5521199999999999
	57089	-0.5511716999999999
	51359	-0.5492088
	57173	-0.54810585
	57432	-0.5475599999999999
	54803	-0.5458887
	58353	-0.54048
	54728	-0.5401052999999999
	54624	-0.5399982
	53276	-0.5397839999999999
	54725	-0.5392484999999999
	54804	-0.5375349
	57808	-0.53736
	54069	-0.5352858
	54533	-0.5343219
	57976	-0.53208
	51633	-0.5317514999999999
	56876	-0.53148
	54753	-0.5305734
	56881	-0.52716
	57285	-0.5266449
	58113	-0.52596
	54154	-0.5220054
	53954	-0.5218983
	58819	-0.52116
	54171	-0.5205059999999999
	57308	-0.5166
	58932	-0.51576
	58646	-0.5131199999999999
	57966	-0.5119199999999999
	57035	-0.5096889
	57543	-0.50952
	57396	-0.50677365
	57948	-0.50232
	57881	-0.50136
	54502	-0.4985505
	56946	-0.49535999999999997
	57874	-0.49439999999999995
	58906	-0.49272
	57078	-0.49201215
	57485	-0.49188
	53871	-0.490518
	53879	-0.4882689
	57324	-0.48804
	58512	-0.48707999999999996
	58125	-0.48660000000000003
	53770	-0.4859127
	54534	-0.48377069999999994
	58760	-0.48312
	57329	-0.48156
	57052	-0.48045059999999995
	58609	-0.48012
	57065	-0.47861325
	54412	-0.4770234
	58531	-0.4762799999999999
	59094	-0.47544
	57574	-0.4728
	54596	-0.4727394
	58331	-0.47267999999999993
	52652	-0.4725252
	58118	-0.47052
	57032	-0.46866959999999996
	57614	-0.4668
	57039	-0.4642785
	53783	-0.4622436
	57635	-0.46188
	59126	-0.46055999999999997
	59246	-0.45899999999999996
	51542	-0.45881639999999996
	57520	-0.45599999999999996
	57590	-0.45468
	54821	-0.45303299999999996
	58255	-0.45011999999999996
	57362	-0.44783999999999996
	58654	-0.447
	54935	-0.4448934
	53947	-0.4443579
	59052	-0.44423999999999997
	53988	-0.44341275
	57807	-0.44268
	53877	-0.44114489999999995
	57466	-0.44088
	56016	-0.43718219999999997
	51353	-0.4366467
	57905	-0.43511999999999995
	56781	-0.43368
	57475	-0.43368
	54292	-0.4323627
	58041	-0.43188
	53974	-0.4285377
	58946	-0.42719999999999997
	59053	-0.42516
	53869	-0.4233663
	54031	-0.42175979999999996
	57082	-0.4214976
	58257	-0.41928
	54776	-0.41886809999999997
	54632	-0.4167261
	57048	-0.4153338
	57768	-0.41507999999999995
	54263	-0.4149054
	58143	-0.41484
	59284	-0.41484
	57431	-0.41424
	58140	-0.4122
	57029	-0.4120137
	50247	-0.41083559999999997
	58704	-0.41075999999999996
	57233	-0.40944329999999995
	53985	-0.4077580499999999
	54703	-0.40698
	53773	-0.4062303
	57132	-0.40462380000000003
	51232	-0.4044096
	58365	-0.4011
	57655	-0.40092
	57814	-0.39972
	59254	-0.3996
	54726	-0.39691259999999995
	56785	-0.3966
	58502	-0.39611999999999997
	53699	-0.39584159999999996
	55437	-0.39562739999999996
	56223	-0.3944493
	54778	-0.3924144
	50946	-0.3912363
	58527	-0.39024
	54438	-0.38995109999999994
	57411	-0.3894
	57060	-0.3873807
	54301	-0.38695229999999997
	51765	-0.3857742
	58329	-0.38436
	58354	-0.38243999999999995
	57188	-0.38175509999999996
	58752	-0.37956
	57127	-0.3789198
	57175	-0.37846214999999994
	57813	-0.37836000000000003
	51346	-0.37431449999999994
	58834	-0.37368
	59493	-0.37091999999999997
	54806	-0.36895949999999994
	59270	-0.36744000000000004
	53885	-0.36703169999999996
	53996	-0.3669246
	53941	-0.36660329999999997
	57044	-0.3663891
	50948	-0.3660678
	58238	-0.366
	50978	-0.36574650000000003
	54539	-0.36403289999999994
	59051	-0.3636
	53674	-0.3621051
	58316	-0.36144000000000004
	58214	-0.36108
	58421	-0.35988
	54732	-0.358785
	58423	-0.35856
	52784	-0.35814239999999997
	57461	-0.35736
	57595	-0.35531999999999997
	58352	-0.35196
	57408	-0.35172000000000003
	57989	-0.34992
	53968	-0.3496815
	54829	-0.3488247
	58205	-0.34632749999999995
	53778	-0.3432555
	58928	-0.34128
	57192	-0.34099065
	58264	-0.33912000000000003
	53866	-0.33907859999999995
	58236	-0.33744
	52895	-0.3360798
	58936	-0.33336
	58265	-0.33108
	54817	-0.33099824999999994
	56151	-0.3305106
	55680	-0.3301893
	53965	-0.3296538
	54423	-0.3278331
	58813	-0.32387999999999995
	57605	-0.32244
	51436	-0.3208716
	53975	-0.31712309999999994
	50928	-0.3162663
	57297	-0.3158961
	54316	-0.3158379
	54723	-0.31540949999999995
	54615	-0.3153024
	58301	-0.31419284999999997
	57640	-0.31344
	58431	-0.31308
	57081	-0.3077205
	57177	-0.30692565
	58207	-0.3024972
	58341	-0.30096
	56793	-0.2994
	56496	-0.2958
	58022	-0.2946321
	50246	-0.29452500000000004
	56768	-0.29316
	58141	-0.29303999999999997
	58362	-0.2925
	58713	-0.29232
	53685	-0.29216879999999995
	53784	-0.290241
	53513	-0.28917
	57909	-0.285
	58806	-0.28403999999999996
	58212	-0.28319999999999995
	58048	-0.28056
	54506	-0.27920969999999995
	58268	-0.27552
	57198	-0.2750181
	54181	-0.2747115
	57996	-0.27432
	54822	-0.2733192
	57023	-0.2726766
	53594	-0.2717127
	57949	-0.27144
	54512	-0.26860680000000003
	53897	-0.2679642
	57279	-0.26748
	58612	-0.26748
	57789	-0.2652
	54857	-0.2650725
	57827	-0.2646
	57767	-0.26388
	57809	-0.26328
	58215	-0.26208
	58366	-0.2619
	53987	-0.261165
	57034	-0.2577897
	58693	-0.25776
	53792	-0.2553264
	53492	-0.2545767
	53676	-0.25404119999999997
	57910	-0.25344
	58568	-0.2532
	57871	-0.25139999999999996
	58477	-0.25068
	57763	-0.24888
	56790	-0.24636
	58351	-0.24263999999999997
	57870	-0.24251999999999999
	57278	-0.24180000000000001
	54094	-0.23722649999999998
	57033	-0.23701229999999998
	57257	-0.237
	57837	-0.23351999999999998
	57370	-0.23256
	58931	-0.23087999999999997
	53964	-0.22897979999999998
	54607	-0.2286585
	53730	-0.22630229999999998
	57355	-0.2256
	58823	-0.22428
	58508	-0.22368000000000002
	56034	-0.22191119999999998
	53707	-0.2218041
	53577	-0.21709169999999997
	54714	-0.2169846
	50960	-0.2147355
	53757	-0.2145213
	57829	-0.21395999999999998
	57975	-0.21144
	53794	-0.2069172
	57932	-0.20616
	54505	-0.2039184
	58432	-0.20303999999999997
	54619	-0.20295449999999998
	57245	-0.2018835
	57128	-0.2008125
	57766	-0.20052
	53798	-0.20027699999999998
	58013	-0.19632
	57589	-0.19607999999999998
	58519	-0.1956
	53575	-0.19545749999999998
	54707	-0.1943865
	57016	-0.1937439
	57745	-0.19307999999999997
	58249	-0.19068000000000002
	58553	-0.18852
	58344	-0.18696
	58377	-0.18696
	56788	-0.18564
	58804	-0.18539999999999998
	57299	-0.18520004999999998
	54855	-0.184212
	54631	-0.1834623
	57828	-0.18252000000000002
	57956	-0.18228
	57851	-0.18192
	59452	-0.17988
	58320	-0.17964
	57251	-0.1782
	58132	-0.17688
	54325	-0.1711458
	58623	-0.17016
	53663	-0.1699677
	53083	-0.1696464
	58361	-0.1689
	58417	-0.16752
	58643	-0.1668
	57390	-0.1664643
	56763	-0.16391999999999998
	54906	-0.1626849
	58433	-0.16236
	58326	-0.16140000000000002
	57537	-0.1608
	58419	-0.15768
	53953	-0.15583049999999998
	58642	-0.15527999999999997
	59047	-0.15516
	54825	-0.1544382
	57912	-0.15431999999999998
	57401	-0.15348
	51357	-0.1525104
	57903	-0.15095999999999998
	58409	-0.14856
	53590	-0.146727
	58338	-0.14556
	52896	-0.14426369999999997
	57522	-0.14328
	57242	-0.14276429999999998
	58032	-0.1388016
	58614	-0.1386
	53644	-0.1383732
	58203	-0.1374
	54900	-0.13614645
	54406	-0.1337679
	57974	-0.13224
	53691	-0.1254141
	53868	-0.125307
	54192	-0.1244502
	57047	-0.12252239999999999
	57413	-0.12023999999999999
	59480	-0.11831999999999998
	57333	-0.11807999999999999
	54408	-0.11652479999999998
	58034	-0.11652479999999998
	57162	-0.11593455
	54503	-0.1158822
	57891	-0.1152
	51060	-0.11459699999999999
	59034	-0.11172
	57378	-0.11159999999999999
	57026	-0.11084849999999999
	57824	-0.10416
	55655	-0.10270889999999999
	54213	-0.0994959
	53512	-0.0991746
	51636	-0.0986391
	57509	-0.09312
	50939	-0.0929628
	58602	-0.09011999999999999
	52557	-0.08428770000000001
	53997	-0.08402699999999999
	54830	-0.08300249999999999
	58845	-0.081
	54430	-0.0809676
	57320	-0.07992
	57465	-0.07955999999999999
	58358	-0.0756
	53942	-0.0711144
	54594	-0.0711144
	58147	-0.07044
	58836	-0.07008
	54218	-0.06779429999999999
	54939	-0.06629489999999999
	56898	-0.06408
	54099	-0.0640458
	54611	-0.0627606
	52515	-0.062118
	58418	-0.05652
	57985	-0.05604
	59306	-0.05352
	53759	-0.053335799999999996
	51722	-0.0530145
	51777	-0.052800299999999994
	58012	-0.05208
	57502	-0.05088
	50892	-0.048194999999999995
	58150	-0.04692
	58657	-0.0462
	57516	-0.04452
	53864	-0.044125199999999996
	52323	-0.042839999999999996
	53599	-0.0424116
	54326	-0.041661899999999995
	53875	-0.041554799999999996
	57958	-0.04044
	57155	-0.0388773
	57061	-0.037592099999999996
	53772	-0.03727079999999999
	54514	-0.035343
	57647	-0.03528
	58570	-0.033839999999999995
	50979	-0.0329868
	53481	-0.0323442
	57095	-0.030658499999999998
	56774	-0.028439999999999997
	50603	-0.0280602
	52602	-0.027845999999999996
	53878	-0.023669100000000002
	53763	-0.023454899999999997
	58241	-0.02292
	54716	-0.021741299999999998
	58667	-0.01908
	57694	-0.01752
	58127	-0.01644
	58154	-0.014759999999999999
	53704	-0.0130662
	57582	-0.0096
	53384	-0.0094248
	56944	-0.00912
	53617	-0.0065331
	54093	-0.004284
	58131	-0.0036
	52986	-0.0031058999999999995
	57923	-7.199999999999999E-4
	57458	0.0018
	56046	0.0029988
	58323	0.0036
	57254	0.0046053
	57663	0.004679999999999999
	53764	0.0076041
	53768	0.009317699999999998
	57195	0.00942465
	52657	0.0095319
	54621	0.011780999999999998
	58246	0.0126
	57265	0.01356
	57079	0.01646475
	53854	0.018207
	59242	0.018359999999999998
	53694	0.0190638
	58707	0.020279999999999996
	57295	0.020893199999999997
	54816	0.022062599999999998
	57317	0.02208
	59856	0.022319999999999996
	53585	0.0239904
	56846	0.024480000000000002
	53853	0.027631799999999998
	58108	0.028319999999999998
	52436	0.028488599999999996
	54613	0.0287028
	58652	0.02928
	53890	0.0311661
	50779	0.0328797
	54731	0.0361998
	58339	0.036719999999999996
	52868	0.03727079999999999
	56962	0.03851999999999999
	56984	0.03851999999999999
	58934	0.03864
	56021	0.039091499999999994
	53491	0.041661899999999995
	51438	0.0424116
	54902	0.044852249999999996
	50983	0.044874899999999995
	54711	0.0457317
	54849	0.0466956
	58463	0.0486
	53787	0.0495873
	53399	0.0530145
	57805	0.053759999999999995
	58911	0.053880000000000004
	53543	0.0542997
	59441	0.05496
	57612	0.05567999999999999
	51238	0.05622749999999999
	51334	0.0570843
	51467	0.0571914
	58360	0.05724
	53680	0.0577269
	53564	0.057833999999999997
	52862	0.0591192
	57978	0.059879999999999996
	54853	0.0626535
	53962	0.0652239
	58269	0.06659999999999999
	58109	0.0684
	53892	0.0691866
	53582	0.072828
	59091	0.07343999999999999
	53660	0.0742203
	51076	0.0748629
	56029	0.07497000000000001
	56598	0.075
	53938	0.0774333
	57922	0.07752
	56263	0.07908
	58314	0.0798
	53751	0.08075339999999999
	56873	0.08316
	56691	0.08496
	51567	0.08589419999999999
	54835	0.0891072
	53723	0.08974979999999999
	57180	0.0906129
	53863	0.09274859999999999
	58245	0.093
	51802	0.0939267
	58224	0.09455999999999999
	59485	0.0954
	58234	0.09552000000000001
	58921	0.09732
	53957	0.09756809999999999
	58500	0.099
	57687	0.10056
	58448	0.10332
	53781	0.10506510000000001
	53687	0.1051722
	57126	0.10570769999999999
	54901	0.1058286
	54602	0.106029
	54809	0.106029
	56038	0.10692
	57832	0.10704
	57313	0.10896
	56875	0.10956
	53692	0.10988459999999999
	58563	0.11159999999999999
	58644	0.11159999999999999
	58824	0.1134
	58565	0.11375999999999999
	53499	0.1148112
	50136	0.1180242
	53682	0.1184526
	58814	0.12023999999999999
	51639	0.1203804
	56374	0.12048
	58828	0.1212
	53420	0.12273659999999999
	57666	0.12419999999999999
	56772	0.12624
	57303	0.1284
	54846	0.1299123
	57800	0.13127999999999998
	53754	0.1319472
	57798	0.13548
	58719	0.13584
	58330	0.13968
	51559	0.1397655
	57247	0.1415862
	59314	0.14171999999999998
	57525	0.14196
	56095	0.14640569999999997
	56180	0.14759999999999998
	57024	0.147798
	57816	0.14796
	53780	0.14908319999999997
	58501	0.14928
	58656	0.15036
	51655	0.1507968
	53619	0.1537956
	53664	0.1547595
	53651	0.1548666
	54810	0.1549737
	54921	0.15904349999999998
	58665	0.16283999999999998
	50945	0.1639701
	53970	0.168147
	56748	0.16836
	58327	0.16907999999999998
	59640	0.17028
	50524	0.17285939999999997
	58839	0.1752
	58220	0.17736
	53991	0.17940899999999999
	59289	0.18095999999999998
	53966	0.18153450000000002
	57022	0.18517589999999998
	53502	0.18528299999999998
	57914	0.18636
	56492	0.1866
	57915	0.1866
	57900	0.18696
	59249	0.18971999999999997
	58244	0.18984
	58555	0.19008
	58435	0.19032
	57213	0.1905309
	56854	0.19152
	53681	0.19224449999999998
	54452	0.1923516
	51068	0.19245869999999998
	53519	0.1937439
	54523	0.1942794
	54805	0.19492199999999998
	54943	0.1950291
	50674	0.1953504
	58139	0.19632
	54749	0.20027699999999998
	50937	0.20059829999999998
	53963	0.20059829999999998
	53662	0.2016693
	53727	0.20713139999999997
	57343	0.20841659999999998
	50425	0.21077279999999998
	54823	0.21077279999999998
	53891	0.2128077
	59487	0.21768
	57030	0.21891239999999998
	58559	0.22128
	53567	0.22158989999999998
	53850	0.22191119999999998
	57969	0.22332
	58550	0.22332
	56871	0.22488
	56985	0.22751999999999997
	57707	0.22824
	54518	0.230265
	54327	0.2305863
	57076	0.23073359999999998
	54938	0.23240699999999997
	57414	0.23676
	59269	0.23687999999999998
	53610	0.23722649999999998
	51568	0.2390472
	51642	0.2401182
	52446	0.240975
	53498	0.2412963
	54410	0.24172470000000001
	59653	0.24203999999999998
	59268	0.24251999999999999
	57070	0.24356475
	57407	0.2436
	58472	0.24624
	56867	0.24947999999999998
	56185	0.25404
	57154	0.2543625
	54432	0.25693289999999996
	57776	0.26004
	55696	0.2605743
	53385	0.2619666
	58049	0.26376
	50434	0.26475119999999996
	53775	0.26785709999999996
	58221	0.27084
	57363	0.27168
	55228	0.2728908
	57134	0.273105
	53774	0.2785671
	57993	0.28092
	58027	0.2814
	56783	0.28343999999999997
	56228	0.28349369999999996
	53289	0.2840292
	58336	0.28584
	52863	0.2858499
	56880	0.28608
	58114	0.28619999999999995
	50727	0.28777769999999997
	57111	0.2887416
	59265	0.28956
	57238	0.29045519999999997
	56879	0.29124
	57994	0.29148
	58744	0.29375999999999997
	54705	0.2943108
	58557	0.29519999999999996
	54616	0.296667
	57314	0.29856
	58822	0.29988
	51378	0.3003084
	53562	0.300951
	56267	0.30168
	53893	0.30362849999999997
	58038	0.30468
	54871	0.3053421
	59092	0.30708
	58225	0.30923999999999996
	53547	0.3098403
	58367	0.3101
	56396	0.3102
	53856	0.31166099999999997
	58335	0.31176
	53469	0.3124107
	57113	0.3129462
	54405	0.3130533
	53786	0.31380299999999994
	53981	0.315945
	53880	0.31808699999999995
	52995	0.31926509999999997
	54836	0.32301359999999996
	54401	0.32440589999999997
	59238	0.32544
	57921	0.32627999999999996
	56462	0.3264
	57464	0.33096
	59012	0.33552
	54820	0.336294
	54734	0.338436
	51711	0.3388644
	58933	0.34008
	54439	0.3407922
	50888	0.34132769999999996
	56697	0.34212000000000004
	53979	0.34258035000000003
	58658	0.34259999999999996
	57758	0.34296
	56497	0.34632
	58040	0.34812000000000004
	53748	0.34828919999999997
	53852	0.3508596
	54157	0.35107379999999994
	53457	0.35139509999999996
	53618	0.3524661
	54717	0.3579282
	58202	0.3594
	58715	0.36251999999999995
	54710	0.36296189999999995
	58429	0.3636
	53665	0.36403289999999994
	59271	0.36528
	57232	0.3653181
	58407	0.36876000000000003
	56116	0.36895949999999994
	57609	0.3702
	52418	0.3706731
	59276	0.3714
	58107	0.37151999999999996
	58130	0.37236
	56673	0.37511999999999995
	58935	0.37776000000000004
	56106	0.3808476
	58905	0.38172
	54404	0.3832038
	56684	0.38351999999999997
	54843	0.3847032
	53889	0.39027135
	58126	0.39036
	56949	0.3918
	58146	0.39275999999999994
	56499	0.39311999999999997
	58251	0.39348
	57187	0.39367785
	53573	0.3960558
	57271	0.39731144999999995
	54627	0.39744809999999997
	50968	0.3981978
	57377	0.39840000000000003
	54936	0.39851909999999996
	57971	0.39887999999999996
	57028	0.399483
	52889	0.40023269999999994
	57119	0.4036599
	57899	0.40968
	51379	0.4100859
	58460	0.4103
	59227	0.41052
	57318	0.41064
	53446	0.41319179999999994
	54204	0.4139415
	58222	0.41412
	57841	0.41436
	57006	0.41790419999999995
	58145	0.41952
	54832	0.4213314
	58844	0.42192
	57972	0.42228
	53490	0.42390179999999994
	52633	0.4243302
	50776	0.42507989999999996
	57954	0.42552
	57027	0.4258296
	53688	0.42615089999999994
	53769	0.426258
	57031	0.42754319999999996
	56856	0.42911999999999995
	51573	0.4295781
	56091	0.4309704
	53545	0.4310775
	57137	0.43311239999999995
	54932	0.4361112
	50527	0.43686089999999994
	58020	0.4370751
	57876	0.44436000000000003
	54644	0.446607
	56641	0.44664
	53776	0.4472496
	58240	0.44856
	59063	0.44939999999999997
	56948	0.44976
	54945	0.4533543
	58468	0.45528
	54628	0.4553892
	53865	0.45549629999999997
	54719	0.4597803
	53898	0.46033169999999995
	57074	0.46044525000000003
	57992	0.46415999999999996
	53861	0.46556369999999997
	54736	0.4662063
	51730	0.46706309999999995
	54436	0.4673844
	53771	0.46909799999999996
	57957	0.47592
	51707	0.4797009
	57991	0.48263999999999996
	58343	0.48347999999999997
	54844	0.48430619999999996
	54800	0.4845204
	54713	0.4856985
	54431	0.48741209999999996
	57102	0.49094639999999995
	53886	0.4924458
	56755	0.49739999999999995
	58359	0.50076
	50525	0.5009066999999999
	54305	0.5063688
	58712	0.50652
	58749	0.5075999999999999
	58826	0.50844
	58311	0.5089199999999999
	56675	0.50904
	58736	0.50928
	58549	0.50976
	52853	0.5100102
	52645	0.5124734999999999
	56276	0.51276
	53392	0.5137587
	57896	0.51384
	52884	0.5145084
	59266	0.51684
	58626	0.52056
	54304	0.5218983
	57518	0.52788
	54737	0.530145
	57368	0.53088
	56096	0.5320728
	58317	0.53448
	53756	0.5352858
	59453	0.53532
	53612	0.5368923
	58250	0.53772
	52378	0.5382846
	54122	0.5404266
	52101	0.5413904999999999
	56836	0.54204
	54605	0.5421402
	53767	0.5446034999999999
	51629	0.5449248
	56757	0.54732
	58158	0.5475599999999999
	57273	0.54924135
	58746	0.54936
	53725	0.5508153
	53976	0.5511365999999999
	59473	0.55296
	52533	0.5540282999999999
	54311	0.5543495999999999
	57642	0.5544
	50566	0.5552064
	50655	0.5557419
	56975	0.55752
	58754	0.5604
	56843	0.56268
	50431	0.5635602
	52681	0.564417
	58237	0.56712
	53483	0.56763
	52842	0.568701
	53848	0.5692364999999999
	51810	0.5696649
	53487	0.5720211
	53845	0.5754483
	57020	0.579411
	57021	0.580482
	58556	0.58092
	53978	0.5810353500000001
	57439	0.58128
	52447	0.5848731
	54834	0.5853014999999999
	56595	0.5873999999999999
	58606	0.5873999999999999
	53611	0.5876577
	55681	0.5880861000000001
	53797	0.5891571
	56889	0.59112
	53336	0.5914062
	57678	0.60192
	53973	0.6062931
	56951	0.60672
	58021	0.6076854
	53673	0.6116481
	53740	0.6118623
	58230	0.612
	53860	0.6122907
	53908	0.6128262
	50775	0.6145398
	56669	0.61548
	53367	0.6231078
	59280	0.6291599999999999
	54318	0.6321041999999999
	59417	0.636
	53924	0.6373521
	56752	0.6379199999999999
	56840	0.64056
	59093	0.6414
	59448	0.64404
	56183	0.6444
	53925	0.6476337
	51477	0.6477408
	55294	0.6553449
	54729	0.6556662
	57926	0.6571199999999999
	54708	0.6571656
	53872	0.6578082
	59001	0.65796
	53695	0.6610212
	56891	0.66336
	53579	0.6633773999999999
	57197	0.6642674999999999
	59025	0.6648000000000001
	53480	0.6684110999999999
	58616	0.66924
	57008	0.6701247
	53565	0.6722667
	53753	0.6729092999999999
	50514	0.6741944999999999
	50953	0.6752655
	52833	0.6785856
	53378	0.6789069
	58462	0.6795
	56666	0.67992
	57554	0.68052
	54429	0.6810489
	56394	0.6823199999999999
	52787	0.6838334999999999
	59462	0.68544
	57063	0.6906110999999999
	51571	0.6921873
	53732	0.6937938
	53841	0.6939009
	58369	0.6946
	56395	0.6982799999999999
	58923	0.69924
	54511	0.7017192
	54527	0.7028973
	54398	0.7040753999999999
	54528	0.7062174
	57818	0.70668
	57866	0.7090799999999999
	51156	0.7098587999999999
	59279	0.7102799999999999
	53705	0.7142499
	56152	0.71448
	57981	0.7146
	56863	0.71712
	56838	0.71844
	51628	0.7199262
	51720	0.7219611
	54640	0.7253883
	56792	0.72588
	54738	0.7281728999999999
	53488	0.7283871
	53486	0.7284942
	56342	0.7295652
	54824	0.7319213999999999
	54399	0.7324569
	59031	0.73272
	58446	0.73656
	56592	0.7372799999999999
	59087	0.73872
	53735	0.7393113
	59757	0.74016
	57007	0.7412391
	54519	0.7427385
	54848	0.7434882
	57895	0.74412
	59855	0.74496
	53529	0.7459515
	56775	0.74856
	54618	0.7517349
	50468	0.7544124
	57014	0.7570899
	59241	0.7608
	50936	0.7610526
	56756	0.762
	57293	0.76248825
	57460	0.7651199999999999
	53806	0.7665147
	56498	0.76656
	53859	0.7679069999999999
	57505	0.76908
	50632	0.7702631999999999
	59287	0.77196
	52674	0.7745471999999999
	57011	0.7747614
	59205	0.77532
	56444	0.77856
	58148	0.77916
	56094	0.7801164
	57110	0.7808660999999999
	56045	0.7819370999999999
	56878	0.78228
	53466	0.7832222999999999
	53419	0.7837578
	58618	0.78576
	59230	0.78792
	50878	0.7879347
	58242	0.78864
	57071	0.7900809
	51526	0.7924329
	50833	0.7933968
	53578	0.7937181
	51826	0.7950033
	56043	0.7952175
	57779	0.7974
	53324	0.7977879
	58104	0.79882425
	59758	0.7995599999999999
	50934	0.8013222
	58660	0.8025599999999999
	53505	0.8101044
	50950	0.8106399
	58306	0.8108399999999999
	52998	0.8109611999999999
	56393	0.81312
	51644	0.8136387
	53517	0.8140670999999999
	54744	0.8152452
	53522	0.8194220999999999
	53760	0.8224209
	53553	0.8231705999999999
	56491	0.8242799999999999
	52836	0.8285255999999999
	52993	0.8387001
	59475	0.8387999999999999
	57889	0.83892
	57196	0.8411784
	53750	0.8418059999999999
	58449	0.84312
	53882	0.8434124999999999
	50749	0.8448047999999999
	57990	0.8481599999999999
	57927	0.84924
	56307	0.8510165999999999
	51704	0.851445
	54727	0.8543367
	54833	0.8553006
	54903	0.8566212
	58138	0.85764
	54940	0.8591562
	54522	0.8599058999999999
	56109	0.8627975999999999
	51931	0.8633331
	53658	0.8637615
	56782	0.86448
	56751	0.86832
	58025	0.868581
	52983	0.8689023
	57508	0.86916
	56688	0.86952
	53588	0.871794
	54730	0.8725436999999999
	54831	0.8755425
	59421	0.88056
	53602	0.8818614
	52797	0.8826111
	58461	0.8828
	57680	0.8838
	57857	0.8929199999999999
	52988	0.8948205
	59059	0.89712
	54507	0.8988903
	52745	0.9001755
	52661	0.901782
	56092	0.9026388
	57290	0.90556125
	51705	0.9085293
	53455	0.9136700999999999
	56192	0.9137772
	56033	0.9148481999999999
	57217	0.9168
	57780	0.9175199999999999
	53935	0.9209529
	54433	0.9211670999999999
	57840	0.9241199999999999
	50787	0.9278072999999999
	56767	0.93024
	53821	0.9319841999999999
	56851	0.93312
	56184	0.93336
	53533	0.9334836
	59843	0.93372
	50526	0.9342332999999999
	51839	0.9405522
	57012	0.9440864999999999
	54434	0.9451574999999999
	50778	0.9459072
	53362	0.9460143
	57907	0.9493199999999999
	51827	0.9525473999999999
	59476	0.9535199999999999
	53690	0.9554391
	53467	0.9558674999999999
	57540	0.9580799999999999
	56862	0.95868
	57462	0.9605999999999999
	59278	0.96132
	50880	0.9636858
	53614	0.9639
	57514	0.9639599999999999
	51053	0.9650780999999999
	50884	0.9664704
	54837	0.9694691999999999
	58457	0.9767999999999999
	56081	0.9808217999999999
	58562	0.9813599999999999
	58235	0.98292
	54424	0.9845703
	50965	0.9861767999999999
	56571	0.9865200000000001
	53584	0.9866052
	59235	0.9873599999999999
	53929	0.988533
	51828	0.9901395
	53433	0.9954945
	56575	0.9967199999999999
	50940	0.9969938999999999
	51709	0.9977436
	54026	0.9989216999999999
	57600	0.9993599999999999
	58837	0.99996
	56164	1.0029599999999999
	57799	1.0042799999999998
	56870	1.0076399999999999
	51716	1.0078109999999998
	59023	1.00848
	56067	1.0099529999999999
	57025	1.0108097999999999
	57281	1.0118440499999999
	53817	1.0129518
	58345	1.01568
	56593	1.0178399999999999
	50673	1.0201275
	56146	1.02684
	51829	1.0284813
	57004	1.0289097
	56168	1.0309199999999998
	56982	1.03668
	58346	1.03764
	59644	1.04076
	50844	1.0414404
	56493	1.04256
	56074	1.0432610999999998
	56674	1.04676
	52818	1.0471167
	54420	1.0516149
	51814	1.0521504
	56996	1.05276
	55279	1.0527929999999999
	57274	1.0528356
	58718	1.07304
	55589	1.0779614999999998
	57292	1.08042825
	53397	1.0818170999999999
	56478	1.08348
	53391	1.096704
	59021	1.0968
	59426	1.0974
	57545	1.10076
	54521	1.100988
	59851	1.10304
	59457	1.10652
	57575	1.11264
	52996	1.1150181
	58706	1.11588
	59004	1.1172
	51627	1.1189807999999999
	52203	1.1215511999999999
	51572	1.1218725
	58337	1.12188
	59654	1.12212
	56645	1.1230799999999999
	56082	1.1250855
	56764	1.12512
	57544	1.1288399999999998
	57211	1.1304405
	59288	1.1308799999999999
	52607	1.1357955
	58450	1.13676
	53914	1.1375091
	50973	1.1471481
	52885	1.1472551999999998
	53348	1.1500398
	56670	1.15032
	56065	1.1515392
	56565	1.1562
	53472	1.1606427000000001
	54517	1.1639628
	58441	1.164
	53574	1.1662119
	55248	1.1724237
	57583	1.17312
	59449	1.17564
	55593	1.1775645
	53580	1.1790638999999998
	56869	1.17996
	58321	1.1807999999999998
	58659	1.185
	56994	1.1904
	53874	1.1908449
	54501	1.1947005
	57216	1.19604
	56434	1.1995200000000001
	51468	1.2018762
	54513	1.2032684999999999
	53917	1.2062673
	56844	1.2094799999999999
	59228	1.21164
	58100	1.21623405
	54532	1.2225465
	53646	1.2271518
	56742	1.22748
	52869	1.2287583
	59038	1.2318
	59481	1.23564
	57661	1.23588
	58129	1.23636
	50858	1.2385044
	50564	1.239147
	56594	1.23948
	53679	1.2453588
	59037	1.2463199999999999
	53829	1.2493215
	50646	1.2511421999999999
	58454	1.2566399999999998
	56664	1.2594
	53777	1.2654935999999999
	59446	1.2664799999999998
	53576	1.269135
	57577	1.2708
	54510	1.2722409
	58742	1.2731999999999999
	57304	1.27524
	50656	1.2757752
	59419	1.27728
	56959	1.2784799999999998
	56761	1.27932
	56842	1.27932
	58622	1.28256
	52737	1.2846644999999999
	53738	1.2859497
	53475	1.2879846
	56479	1.28988
	57882	1.2931199999999998
	53832	1.2936609
	59451	1.29636
	58223	1.3071599999999999
	53149	1.3114394999999999
	50956	1.3129389
	50639	1.3167945
	53928	1.3190435999999999
	54416	1.3203287999999997
	53272	1.3233276
	51656	1.3238630999999998
	58714	1.32828
	57973	1.3309199999999999
	56128	1.3320026999999999
	56399	1.34028
	57003	1.3405707
	53903	1.3415346
	56970	1.34472
	53931	1.3460328
	57865	1.34772
	56257	1.34928
	58128	1.3546799999999999
	57001	1.3559930999999998
	57358	1.35768
	59007	1.3609200000000001
	52825	1.3610267999999999
	59673	1.36416
	59425	1.365
	52957	1.3654179
	53888	1.3656320999999998
	59470	1.3657199999999998
	50867	1.3661676
	57894	1.3695599999999999
	58619	1.37088
	52968	1.3710942
	53916	1.3727007
	58745	1.37388
	59429	1.3750799999999999
	53906	1.3779485999999999
	53464	1.3813758
	57886	1.38588
	56872	1.39032
	56171	1.39092
	53678	1.3937993999999998
	57307	1.3951200000000001
	58747	1.3956
	51811	1.3957271999999998
	53343	1.398726
	58443	1.4046
	53677	1.4153265
	56298	1.422
	53926	1.4288211
	54525	1.4292495
	51717	1.4307489
	56835	1.4410800000000001
	53484	1.4419944
	53930	1.4477778
	56543	1.4502
	58436	1.45428
	50745	1.4550606
	56172	1.4634
	53231	1.4678055
	55591	1.4877261
	59090	1.48776
	57507	1.48944
	53910	1.4910462
	53615	1.498329
	53478	1.5005781
	57517	1.5018
	53915	1.5045408
	58135	1.51788
	59647	1.51992
	54515	1.5223194
	59659	1.5250799999999998
	55598	1.5285312
	50873	1.5289595999999999
	50985	1.5317442
	50658	1.5337790999999998
	52866	1.536885
	54597	1.5376347
	56331	1.5466311
	59213	1.54812
	59469	1.54896
	57908	1.5513599999999999
	56766	1.55304
	53659	1.5619463999999998
	57002	1.5709428
	54425	1.5728706
	59754	1.5742800000000001
	58243	1.575
	56390	1.58208
	52679	1.5880788
	55690	1.5903279000000001
	54012	1.5906492
	59229	1.5929999999999997
	56567	1.5952799999999998
	53937	1.6022159999999999
	54841	1.6091775
	56147	1.6111199999999999
	56643	1.6129200000000001
	56954	1.61448
	56745	1.61772
	56665	1.62
	50859	1.6211727
	56357	1.6317599999999999
	53368	1.6357383
	50741	1.640772
	59471	1.64712
	59022	1.64976
	56841	1.65072
	59431	1.6555199999999999
	50851	1.655766
	56882	1.65684
	54421	1.6604784
	52963	1.6699031999999998
	52754	1.6720452
	54428	1.6754723999999999
	50755	1.6780427999999998
	58453	1.67916
	59027	1.68264
	50838	1.6923942
	59215	1.69344
	56489	1.69476
	54419	1.6979634
	56652	1.69848
	50557	1.7039609999999998
	56202	1.705032
	50445	1.7169200999999998
	53352	1.7171343
	50964	1.7175626999999998
	50854	1.7184195
	53463	1.7295578999999999
	56646	1.73448
	54520	1.7374833
	50788	1.7481933
	59650	1.75776
	52855	1.7611524
	57178	1.76558895
	52943	1.7728263
	57105	1.7775386999999998
	59655	1.7793599999999998
	58340	1.78248
	58467	1.7835599999999998
	52972	1.7888912999999997
	56079	1.7894400000000001
	52707	1.7989586999999998
	56973	1.8005999999999998
	59209	1.8051599999999999
	50758	1.829268
	51818	1.8300177
	52267	1.8387999
	56251	1.84296
	59941	1.84404
	56584	1.8498
	53518	1.8540081
	57409	1.85928
	58442	1.85928
	56885	1.8626399999999999
	50834	1.864611
	53357	1.8684665999999999
	56093	1.8711441
	57124	1.873179
	53068	1.8732861
	56886	1.88436
	56978	1.896
	59945	1.8979199999999998
	52978	1.8994185
	56778	1.91064
	53927	1.9126988999999999
	55572	1.9367964
	51815	1.9425798
	56187	1.9484399999999997
	59435	1.9621199999999999
	58705	1.96692
	56739	1.9677599999999997
	53923	1.9738529999999999
	50852	1.9832777999999998
	59632	1.9845599999999999
	56586	1.98804
	52982	1.9902393
	50772	1.9904534999999999
	50742	1.9914173999999998
	50442	1.9947375
	57883	1.99476
	57294	1.9975716000000001
	58459	2.0028
	52984	2.0056617
	56387	2.01468
	58710	2.02452
	56585	2.0284799999999996
	58451	2.03952
	59478	2.0539199999999997
	55493	2.0724921
	50659	2.078811
	53934	2.078811
	59626	2.08032
	50750	2.0811672
	59477	2.08236
	56649	2.09064
	52876	2.0942334
	50879	2.1000168
	56671	2.10012
	57206	2.1077999999999997
	56485	2.11128
	52974	2.1180095999999997
	59838	2.1203999999999996
	59237	2.12364
	56964	2.1343199999999998
	59656	2.1391199999999997
	50739	2.1440349
	58464	2.1469199999999997
	59847	2.15232
	51708	2.1539952
	59631	2.15412
	59849	2.16348
	56297	2.1642
	56483	2.17284
	56071	2.1975849
	50842	2.1994056
	56173	2.1995999999999998
	56383	2.214
	52874	2.236248
	52980	2.2467438
	59211	2.25936
	58334	2.268
	56391	2.2681199999999997
	50853	2.2769459999999997
	52875	2.2776956999999998
	56288	2.286
	50548	2.2903335
	56746	2.29908
	59658	2.3004
	59854	2.30484
	57868	2.30592
	59015	2.3161199999999997
	56289	2.33316
	56380	2.3516399999999997
	50647	2.3605910999999997
	56569	2.36556
	56883	2.37012
	56182	2.3706
	56386	2.3748
	56441	2.38392
	59664	2.42076
	57604	2.4306
	56371	2.4494399999999996
	57106	2.4667272
	56989	2.46768
	56475	2.47308
	56548	2.4864
	56494	2.4917999999999996
	56992	2.493
	56839	2.51184
	59224	2.52096
	56487	2.52732
	50871	2.5379487
	50861	2.5803602999999997
	58452	2.5806
	59954	2.64444
	50962	2.6499753
	59663	2.6523600000000003
	56958	2.6538
	52955	2.6551161
	50862	2.6717166
	59848	2.6877599999999995
	52112	2.7208755
	56991	2.7281999999999997
	59842	2.7537599999999998
	56578	2.7584400000000002
	55664	2.770677
	56473	2.78268
	56849	2.82072
	56144	2.83068
	50963	2.8307601
	59635	2.83236
	56272	2.9064
	56969	2.91708
	59218	2.922
	56987	2.9297999999999997
	50774	2.9869119
	56181	3.00252
	59845	3.00516
	56382	3.0176399999999997
	56384	3.01944
	50767	3.036285
	59951	3.03888
	56480	3.0732
	57662	3.0796799999999998
	56281	3.11136
	59940	3.12936
	50756	3.1307472
	56389	3.13644
	56582	3.17352
	56193	3.1961999999999997
	58458	3.2598
	56376	3.26556
	56381	3.2945999999999995
	56080	3.3214923
	58456	3.3393599999999997
	56961	3.38352
	56199	3.4397999999999995
	58455	3.44868
	56373	3.46212
	59017	3.4703999999999997
	56995	3.47904
	56287	3.49356
	52985	3.5564696999999996
	56296	3.56772
	56280	3.58044
	56385	3.59172
	59948	3.60396
	56651	3.6302399999999997
	56196	3.6314399999999996
	56284	3.63468
	56188	3.63816
	56286	3.6483599999999994
	56952	3.6890399999999994
	57208	3.7276799999999994
	56189	3.7461599999999997
	59750	3.75156
	56273	3.7662
	56290	3.8265599999999997
	56194	3.8465999999999996
	56197	3.94656
	56295	3.95172
	56190	3.9709199999999996
	56580	3.9794399999999994
	56279	4.07388
	57204	4.109039999999999
	56654	4.150919999999999
	56474	4.16148
	56285	4.18368
	56278	4.21404
	56186	4.4264399999999995
	56378	4.42764
	56198	4.45296
	56291	4.477679999999999
	56490	4.67484
	56195	5.37936
