	56295	-1.9154
	56575	-1.7029
	56395	-1.5679
	56485	-1.5524
	56487	-1.5469
	57942	-1.5359399999999999
	56584	-1.5324
	56651	-1.4808
	57870	-1.4739
	56489	-1.4246
	56752	-1.4059
	56548	-1.393
	56286	-1.384
	56673	-1.3711
	56444	-1.3682
	59001	-1.3643100000000001
	56199	-1.3611
	58116	-1.3478
	56757	-1.3216
	57868	-1.2857
	56147	-1.2585
	56586	-1.2424
	56296	-1.2399
	56751	-1.233
	56478	-1.2326
	57834	-1.2317
	56595	-1.1983
	56645	-1.1952
	57871	-1.1756
	56190	-1.1584
	56387	-1.1312
	56357	-1.1251
	56742	-1.1155
	56571	-1.0876
	56649	-1.0861
	56144	-1.0828
	56298	-1.0826
	56297	-1.0817
	57093	-1.0810966800000001
	57936	-1.0767
	56473	-1.0723
	56378	-1.0622
	57846	-1.0506
	57738	-1.0428
	56781	-1.0404
	56272	-1.0386
	56793	-1.0334
	57304	-1.0297
	56790	-1.0256
	56543	-1.0194
	56688	-1.0084
	59012	-1.00782
	56646	-1.0072
	57835	-0.9937
	56497	-0.985
	57851	-0.9748
	57739	-0.9731
	57902	-0.9653
	56585	-0.965
	56788	-0.9642
	54900	-0.95415759
	56782	-0.9524
	56886	-0.9501
	56748	-0.9448
	56841	-0.9397
	56756	-0.9371
	56783	-0.9349
	56578	-0.9278
	56842	-0.9268
	56652	-0.9195
	56279	-0.9063
	56666	-0.8986
	57905	-0.8986
	54429	-0.89837104
	56146	-0.8976
	56675	-0.8918
	56976	-0.8918
	57955	-0.88452
	59017	-0.88218
	59640	-0.86319
	54424	-0.86267146
	54416	-0.86130366
	57737	-0.8542
	58006	-0.85377852
	57906	-0.8507
	57208	-0.8458
	57960	-0.84555
	56474	-0.8445
	56390	-0.8423
	56684	-0.8422
	56479	-0.8418
	59644	-0.8406
	56394	-0.8374
	56582	-0.8367
	54419	-0.8348367299999999
	56592	-0.8322
	59449	-0.8285399999999999
	56755	-0.8263
	57525	-0.8263
	56594	-0.8261
	56846	-0.8236
	56844	-0.8235
	57776	-0.8214
	56251	-0.8187
	58409	-0.8184
	54499	-0.8167817699999999
	56263	-0.8135
	56761	-0.8116
	56569	-0.8074
	56838	-0.8074
	57623	-0.8039
	54398	-0.80228309
	56836	-0.8021
	56786	-0.8018
	54399	-0.8002997799999999
	56785	-0.7982
	57932	-0.7963
	54513	-0.79599121
	54511	-0.7931188299999999
	57909	-0.7891
	54904	-0.78552754
	56641	-0.7834
	54514	-0.78135575
	57837	-0.7753
	56739	-0.7751
	54505	-0.76063358
	59647	-0.76059
	54439	-0.7602916299999999
	53897	-0.7559830599999999
	56889	-0.7559
	53773	-0.75516238
	54512	-0.7546836499999999
	53894	-0.7545468699999999
	56840	-0.7545
	57735	-0.751
	54809	-0.7436728599999999
	57907	-0.739
	53980	-0.7355344499999998
	56384	-0.7329
	56643	-0.7303
	54520	-0.7300632499999998
	54433	-0.7284902799999999
	53892	-0.7279431599999999
	56891	-0.7255
	56792	-0.7223
	53883	-0.72069382
	54596	-0.72000992
	54502	-0.7058531899999999
	56854	-0.7043
	56164	-0.6969
	54515	-0.6953895199999999
	56835	-0.6952
	54510	-0.69511596
	53998	-0.6929346000000001
	59750	-0.69246
	53996	-0.68834535
	57204	-0.6871
	54594	-0.6853361899999999
	58008	-0.68521884
	56872	-0.6849
	56883	-0.6793
	54903	-0.67831917
	56664	-0.6758
	53895	-0.67350472
	53899	-0.67261565
	57926	-0.6721
	57865	-0.6714
	56764	-0.6684
	56856	-0.6684
	57769	-0.6579
	59004	-0.6574500000000001
	56281	-0.6538
	53698	-0.65250899
	56197	-0.6516
	54449	-0.65073085
	54431	-0.64847398
	57824	-0.6477
	58013	-0.64
	54430	-0.6397200599999999
	57867	-0.6342
	56849	-0.6312
	56697	-0.6298
	54319	-0.62686274
	56870	-0.6236
	54521	-0.62084442
	53896	-0.6163306799999999
	54820	-0.61434737
	54318	-0.6086026099999999
	54908	-0.6080554899999999
	54420	-0.6075083699999999
	56745	-0.6067
	59007	-0.6059
	54640	-0.6049095499999999
	56674	-0.6045
	56982	-0.6025
	56188	-0.6023
	53688	-0.6018319999999999
	54901	-0.60175509
	53878	-0.6005325899999999
	57405	-0.5984
	54902	-0.59804559
	58011	-0.59738665
	58001	-0.59522637
	54506	-0.5937619799999999
	53886	-0.58535001
	56580	-0.583
	54909	-0.58158856
	59658	-0.58086
	57853	-0.5807
	56280	-0.5767
	54432	-0.574476
	57129	-0.57345015
	56879	-0.5683
	56273	-0.5672
	53693	-0.5662691999999999
	56873	-0.5653
	54436	-0.56517496
	56881	-0.5642
	56172	-0.5631
	57233	-0.56072961
	56851	-0.5595
	56480	-0.5592
	53988	-0.55820556
	56839	-0.5576
	54906	-0.55621587
	53781	-0.55539519
	56654	-0.5552
	53891	-0.5537538299999999
	56746	-0.5519
	53983	-0.55063818
	56775	-0.5491
	54905	-0.5484878
	56876	-0.5482
	58002	-0.54363211
	58003	-0.54246948
	57126	-0.5413752399999999
	53782	-0.5372034499999999
	57767	-0.5362
	59448	-0.53433
	58017	-0.53394543
	54525	-0.53392073
	56774	-0.5338
	53898	-0.53350029
	57908	-0.5332
	59653	-0.53181
	59456	-0.53136
	54804	-0.53091157
	54914	-0.5304328399999999
	57707	-0.53
	56670	-0.5279
	54917	-0.5276288499999999
	54706	-0.52537198
	56183	-0.5232
	53893	-0.52263638
	57206	-0.5199
	57320	-0.5193
	56880	-0.5192
	53997	-0.5162140199999999
	56843	-0.5127
	53993	-0.51168843
	54421	-0.50506015
	59848	-0.5033
	54916	-0.49924699999999994
	56763	-0.4973
	56196	-0.4956
	53768	-0.49500681999999996
	57844	-0.4925
	59015	-0.49202999999999997
	56567	-0.4885
	59945	-0.4883
	57745	-0.4868
	54803	-0.48659484999999997
	59854	-0.4831
	54425	-0.48262822999999994
	57119	-0.48262822999999994
	56882	-0.4819
	57407	-0.4818
	57408	-0.4804
	57860	-0.4791
	53691	-0.47797770999999994
	53680	-0.47736219999999996
	57307	-0.4744
	58012	-0.4728
	57840	-0.472
	54915	-0.47161743999999994
	58015	-0.4706
	54412	-0.46977090999999993
	53991	-0.46806471
	57128	-0.46806116
	53984	-0.46643253
	57076	-0.46620996
	53783	-0.46532555999999997
	54912	-0.46491521999999996
	57091	-0.46287141
	59021	-0.4626
	56778	-0.4586
	57842	-0.4561
	53679	-0.45609291
	57832	-0.4526
	56948	-0.4521
	56168	-0.4518
	56094	-0.4506901
	54907	-0.45048492999999995
	58007	-0.44973978
	57778	-0.4497
	54532	-0.44857001
	56181	-0.4479
	56669	-0.4471
	54304	-0.44480855999999996
	56475	-0.4429
	54921	-0.44036321
	56767	-0.4387
	57768	-0.4387
	56691	-0.4365
	56973	-0.4337
	59650	-0.42966
	54801	-0.4290104699999999
	53966	-0.42730071999999997
	54507	-0.42689037999999996
	56290	-0.4268
	57957	-0.42543000000000003
	53694	-0.42381283
	53696	-0.42087205999999994
	54717	-0.41724738999999994
	58016	-0.4161
	53685	-0.41403306
	54919	-0.4125284799999999
	54606	-0.40623659999999995
	56766	-0.4046
	58020	-0.40445846
	53995	-0.40374198
	54713	-0.40158608
	54522	-0.40103896
	54614	-0.39932920999999993
	53879	-0.39775624
	52323	-0.39679878
	56373	-0.3927
	57866	-0.3877
	56287	-0.3868
	56441	-0.3864
	54716	-0.38626671999999995
	56096	-0.38387307
	56198	-0.3823
	54918	-0.38216332
	56966	-0.3813
	59655	-0.37836000000000003
	54821	-0.37778636
	56565	-0.3765
	56885	-0.3737
	56665	-0.3723
	56381	-0.3692
	53769	-0.36834853999999995
	56898	-0.3677
	53856	-0.36711752000000003
	56951	-0.3662
	54707	-0.36533938
	56187	-0.3645
	52643	-0.36294572999999997
	59654	-0.36207
	56768	-0.362
	56975	-0.3603
	54428	-0.35809003999999994
	54811	-0.35651707
	57923	-0.3556
	56871	-0.3548
	54401	-0.35391824999999993
	56285	-0.3537
	57728	-0.3535
	56396	-0.3527
	56247	-0.3495
	54423	-0.34919934
	53681	-0.34762636999999996
	59659	-0.34434
	54404	-0.34420686999999994
	59940	-0.3418
	58004	-0.34149657
	59025	-0.33975
	53777	-0.33962474
	54910	-0.33935118
	58005	-0.3375645
	56863	-0.3371
	54810	-0.33593168
	53981	-0.33565812
	54833	-0.33456388
	58207	-0.33200025
	54724	-0.33148633
	57083	-0.33059064
	57511	-0.3301
	57401	-0.3292
	54632	-0.32840878
	53491	-0.32779326999999997
	57096	-0.32740047
	54927	-0.32587835
	56376	-0.3212
	53673	-0.32074909999999995
	57800	-0.32
	53499	-0.31842384
	54715	-0.31794511
	56186	-0.317
	54863	-0.31678248
	56970	-0.3162
	59451	-0.31572
	53889	-0.31523331
	53986	-0.30751755
	53992	-0.3064047
	53687	-0.30604525
	54805	-0.30604525
	56195	-0.304
	54711	-0.3022838
	54710	-0.30207862999999996
	54618	-0.30112117
	53798	-0.30050566
	53989	-0.29995017
	54802	-0.29770167
	54434	-0.29722294
	56869	-0.2972
	53852	-0.29503446
	54824	-0.29394022
	57308	-0.2927
	57317	-0.2925
	57859	-0.29241
	56598	-0.2921
	54808	-0.29188852
	54704	-0.29127301
	56867	-0.2891
	53890	-0.28833223999999996
	56189	-0.2867
	54308	-0.28641732
	53776	-0.28607537
	54920	-0.28491274
	53498	-0.28395528
	56391	-0.282
	54718	-0.28074095
	56386	-0.28
	58021	-0.27937314999999996
	53994	-0.27702546
	57507	-0.2757
	54608	-0.27499619
	54817	-0.2737611
	56984	-0.2729
	53486	-0.27246575999999995
	54311	-0.26836236
	54406	-0.26836236
	54621	-0.26624226999999995
	54437	-0.26569515
	52895	-0.26569515
	56772	-0.2656
	53987	-0.26537763000000003
	54826	-0.26473768999999997
	53723	-0.26384862
	53692	-0.26104462999999994
	53865	-0.259882
	53959	-0.25878776
	56276	-0.2577
	57729	-0.2569
	59457	-0.25542
	56862	-0.2532
	59838	-0.2526
	57090	-0.25172667
	57825	-0.2517
	56875	-0.2493
	54835	-0.24907638
	54541	-0.24900798999999996
	54725	-0.24887120999999998
	56777	-0.2487
	53682	-0.24784536
	56878	-0.2463
	53799	-0.24586204999999997
	54501	-0.24552009999999996
	56946	-0.2452
	54719	-0.24517814999999998
	53880	-0.24374195999999998
	59856	-0.2437
	54700	-0.24203220999999997
	53872	-0.24148509
	59941	-0.2409
	56192	-0.24086958
	54609	-0.24004889999999998
	56962	-0.2391
	53795	-0.23567194
	53866	-0.23526159999999996
	54540	-0.23512481999999998
	56152	-0.235
	53788	-0.23485125999999998
	57857	-0.2325
	53677	-0.23204726999999997
	57839	-0.2317
	54607	-0.23040590999999996
	59754	-0.2277
	53767	-0.22520826999999996
	53760	-0.22384046999999996
	54410	-0.22096808999999998
	53579	-0.21987384999999998
	53695	-0.21960028999999998
	53884	-0.21946351
	57072	-0.21886049999999999
	54800	-0.21830087999999997
	53774	-0.21823248999999997
	54812	-0.21775376
	57011	-0.21761697999999996
	56383	-0.2154
	57605	-0.2151
	54712	-0.21481298999999998
	57402	-0.214
	56257	-0.2127
	54408	-0.21214577999999998
	57216	-0.2121
	53789	-0.21139349
	57098	-0.2032806
	53666	-0.20031431
	54913	-0.20004074999999996
	53772	-0.19792065999999997
	59847	-0.1978
	54911	-0.19757871
	57809	-0.1958
	59851	-0.1956
	53974	-0.19556484
	59954	-0.195
	57079	-0.19467456000000002
	53787	-0.19368048
	54830	-0.19333852999999998
	59429	-0.19224000000000002
	54701	-0.18937190999999998
	54827	-0.1880725
	57127	-0.1873886
	54405	-0.18718342999999998
	54714	-0.18718342999999998
	57900	-0.1868
	53392	-0.18444782999999998
	53864	-0.17767721999999997
	53699	-0.17357382000000002
	56193	-0.1704
	57910	-0.17
	53674	-0.16864974
	56493	-0.1669
	54617	-0.16659804
	54807	-0.16659804
	57060	-0.16639286999999997
	57111	-0.16372566
	57081	-0.16336638
	54936	-0.16112684
	54708	-0.16105845
	54806	-0.16057971999999998
	56671	-0.1602
	59845	-0.1602
	59849	-0.1597
	52546	-0.15804928999999998
	56950	-0.1575
	53868	-0.15449301
	53778	-0.15394588999999997
	57248	-0.15346716
	53985	-0.15335073
	53770	-0.15285165
	54631	-0.15209936
	56180	-0.1517
	53874	-0.15127868
	53697	-0.14991088
	53490	-0.1497741
	54814	-0.14922697999999998
	56382	-0.1491
	57134	-0.14881663999999997
	57113	-0.14806434999999998
	57941	-0.1467
	54943	-0.14573909
	56291	-0.1436
	57744	-0.142
	52652	-0.14067823
	53585	-0.13992594
	53794	-0.13958399
	54624	-0.1381478
	54855	-0.13760067999999998
	53790	-0.13630127
	53979	-0.13532256
	52515	-0.13520702999999998
	54709	-0.13117202
	54534	-0.12973583
	53750	-0.12836803
	54523	-0.12754735
	53664	-0.12658988999999998
	54857	-0.12576921
	53689	-0.12515369999999998
	53885	-0.12460658
	59417	-0.12204
	54519	-0.11735723999999999
	57002	-0.11722045999999998
	52661	-0.11646817
	53875	-0.11612622
	54945	-0.11462164
	53791	-0.11359578999999999
	54644	-0.11318544999999999
	57807	-0.1129
	53857	-0.10812458999999999
	53950	-0.10682517999999999
	53594	-0.10675678999999999
	53487	-0.10347406999999999
	53492	-0.10231144
	53806	-0.10142236999999998
	54729	-0.10135398
	57821	-0.0996
	59843	-0.0995
	53582	-0.09882354999999998
	53982	-0.09822755999999999
	54923	-0.09793447999999999
	53954	-0.09615633999999999
	53869	-0.09547243999999999
	53863	-0.09485692999999999
	57191	-0.09436968000000001
	53665	-0.09424141999999999
	56985	-0.0932
	53573	-0.09246327999999998
	57517	-0.0924
	53599	-0.09177938000000001
	53861	-0.08842826999999999
	54929	-0.08603461999999999
	59453	-0.08325
	54861	-0.08275189999999999
	56289	-0.0814
	53972	-0.08123805
	54627	-0.08056342
	54818	-0.07974273999999999
	57956	-0.07956
	54533	-0.07926401
	56081	-0.07878528
	57922	-0.0784
	54602	-0.07769104
	56267	-0.0772
	54597	-0.07693875
	53862	-0.07051009
	53580	-0.06811643999999999
	54848	-0.06797966
	53676	-0.0670222
	53873	-0.0656544
	56964	-0.0644
	57927	-0.06434999999999999
	57438	-0.064
	54925	-0.06237168
	57085	-0.06217122
	57537	-0.0612
	54734	-0.06079871
	56393	-0.0605
	53780	-0.059704469999999996
	59462	-0.058050000000000004
	53488	-0.05696887
	54822	-0.05580624
	54852	-0.054575219999999994
	54737	-0.05136089
	53877	-0.050882159999999996
	53576	-0.05006148
	54531	-0.04978792
	59265	-0.04833
	53832	-0.046778759999999996
	59664	-0.045000000000000005
	57913	-0.045
	53748	-0.04472706
	54705	-0.041444339999999996
	53588	-0.04130756
	53757	-0.040076539999999994
	53888	-0.038230009999999995
	56284	-0.0365
	53662	-0.03501568
	54815	-0.03303237
	59948	-0.0327
	56944	-0.0324
	56961	-0.0324
	52988	-0.03200652
	53786	-0.02721922
	59023	-0.02664
	54819	-0.02208997
	56483	-0.0217
	53882	-0.02099573
	57099	-0.02084739
	57086	-0.02047644
	54727	-0.01908081
	53660	-0.018602079999999997
	57137	-0.01764462
	57056	-0.01691532
	58113	-0.0153
	54702	-0.014772239999999999
	53764	-0.012241809999999999
	53738	-0.011557909999999998
	53841	-0.009642989999999999
	54703	-0.00485569
	54849	-0.0037614499999999995
	52896	-0.00259882
	54853	-0.00157297
	57315	-0.0014
	54816	-0.0013678
	53276	0.0
	53289	0.0
	53324	0.0
	53336	0.0
	53343	0.0
	53348	0.0
	53352	0.0
	53357	0.0
	53362	0.0
	53367	0.0
	53368	0.0
	53378	0.0
	53384	0.0
	53385	0.0
	53391	0.0
	53419	0.0
	53420	0.0
	53433	0.0
	53446	0.0
	53455	0.0
	53457	0.0
	53463	0.0
	53464	0.0
	53466	0.0
	53467	0.0
	53469	0.0
	53472	0.0
	53475	0.0
	53480	0.0
	53481	0.0
	53483	0.0
	53484	0.0
	53502	0.0
	53505	0.0
	53512	0.0
	53513	0.0
	53522	0.0
	53529	0.0
	53533	0.0
	53543	0.0
	53545	0.0
	53547	0.0
	53553	0.0
	53562	0.0
	53602	0.0
	53644	0.0
	53730	0.0
	53732	0.0
	54012	0.0
	54026	0.0
	54027	0.0
	54031	0.0
	54039	0.0
	54041	0.0
	54047	0.0
	54049	0.0
	54063	0.0
	54064	0.0
	54065	0.0
	54069	0.0
	54072	0.0
	54076	0.0
	54080	0.0
	54092	0.0
	54093	0.0
	54094	0.0
	54096	0.0
	54098	0.0
	54099	0.0
	54102	0.0
	54113	0.0
	54115	0.0
	54117	0.0
	54122	0.0
	54132	0.0
	54134	0.0
	54135	0.0
	54142	0.0
	54154	0.0
	54156	0.0
	54157	0.0
	54161	0.0
	54164	0.0
	54165	0.0
	54169	0.0
	54171	0.0
	54172	0.0
	54181	0.0
	54186	0.0
	54187	0.0
	54192	0.0
	54195	0.0
	54205	0.0
	54208	0.0
	54213	0.0
	54214	0.0
	54218	0.0
	54225	0.0
	54226	0.0
	54231	0.0
	54234	0.0
	54236	0.0
	54237	0.0
	54243	0.0
	54244	0.0
	54248	0.0
	54249	0.0
	54252	0.0
	54254	0.0
	54259	0.0
	54260	0.0
	54261	0.0
	54263	0.0
	54266	0.0
	54267	0.0
	54273	0.0
	54274	0.0
	54276	0.0
	54284	0.0
	54285	0.0
	54286	0.0
	54287	0.0
	54290	0.0
	54291	0.0
	54292	0.0
	54293	0.0
	54305	0.0
	54313	0.0
	54316	0.0
	54320	0.0
	54321	0.0
	54323	0.0
	54324	0.0
	54325	0.0
	54326	0.0
	54327	0.0
	54328	0.0
	54331	0.0
	54332	0.0
	54333	0.0
	54334	0.0
	54335	0.0
	54336	0.0
	54337	0.0
	54338	0.0
	54339	0.0
	54342	0.0
	54346	0.0
	54347	0.0
	54349	0.0
	54351	0.0
	54353	0.0
	54362	0.0
	54363	0.0
	54371	0.0
	54374	0.0
	54377	0.0
	54386	0.0
	54452	0.0
	54453	0.0
	54454	0.0
	54455	0.0
	54470	0.0
	54471	0.0
	54472	0.0
	54474	0.0
	54475	0.0
	54476	0.0
	54483	0.0
	54486	0.0
	54493	0.0
	54494	0.0
	54497	0.0
	54563	0.0
	54568	0.0
	54569	0.0
	54575	0.0
	54579	0.0
	54584	0.0
	54590	0.0
	54660	0.0
	54662	0.0
	55228	0.0
	55248	0.0
	55279	0.0
	55294	0.0
	55437	0.0
	55493	0.0
	55572	0.0
	55589	0.0
	55591	0.0
	55593	0.0
	55598	0.0
	55655	0.0
	55664	0.0
	55680	0.0
	55681	0.0
	55690	0.0
	55696	0.0
	55773	0.0
	56004	0.0
	56016	0.0
	56021	0.0
	56029	0.0
	56033	0.0
	56034	0.0
	56043	0.0
	56045	0.0
	56046	0.0
	56065	0.0
	56067	0.0
	56106	0.0
	56109	0.0
	56116	0.0
	56128	0.0
	56151	0.0
	56202	0.0
	56223	0.0
	56227	0.0
	56228	0.0
	56307	0.0
	56312	0.0
	56317	0.0
	56331	0.0
	56342	0.0
	56434	0.0
	50136	0.0
	50246	0.0
	50247	0.0
	50349	0.0
	50425	0.0
	50431	0.0
	50434	0.0
	50442	0.0
	50445	0.0
	50468	0.0
	50524	0.0
	50525	0.0
	50526	0.0
	50527	0.0
	50548	0.0
	50557	0.0
	50564	0.0
	50566	0.0
	50603	0.0
	50632	0.0
	50639	0.0
	50646	0.0
	50647	0.0
	50655	0.0
	50656	0.0
	50658	0.0
	50659	0.0
	50673	0.0
	50674	0.0
	50727	0.0
	50739	0.0
	50741	0.0
	50742	0.0
	50749	0.0
	50750	0.0
	50755	0.0
	50756	0.0
	50758	0.0
	50767	0.0
	50772	0.0
	50774	0.0
	50775	0.0
	50776	0.0
	50778	0.0
	50779	0.0
	50787	0.0
	50788	0.0
	50833	0.0
	50834	0.0
	50838	0.0
	50842	0.0
	50844	0.0
	50851	0.0
	50852	0.0
	50853	0.0
	50854	0.0
	50858	0.0
	50859	0.0
	50861	0.0
	50862	0.0
	50867	0.0
	50871	0.0
	50873	0.0
	50878	0.0
	50879	0.0
	50880	0.0
	50884	0.0
	50888	0.0
	50892	0.0
	50928	0.0
	50934	0.0
	50936	0.0
	50937	0.0
	50939	0.0
	50940	0.0
	50945	0.0
	50946	0.0
	50948	0.0
	50950	0.0
	50953	0.0
	50954	0.0
	50955	0.0
	50956	0.0
	50958	0.0
	50960	0.0
	50962	0.0
	50963	0.0
	50964	0.0
	50965	0.0
	50968	0.0
	50973	0.0
	50978	0.0
	50979	0.0
	50983	0.0
	50985	0.0
	50987	0.0
	51053	0.0
	51058	0.0
	51059	0.0
	51060	0.0
	51068	0.0
	51076	0.0
	51087	0.0
	51133	0.0
	51137	0.0
	51145	0.0
	51156	0.0
	51232	0.0
	51238	0.0
	51241	0.0
	51243	0.0
	51328	0.0
	51329	0.0
	51330	0.0
	51334	0.0
	51346	0.0
	51352	0.0
	51353	0.0
	51356	0.0
	51357	0.0
	51358	0.0
	51359	0.0
	51365	0.0
	51367	0.0
	51369	0.0
	51377	0.0
	51378	0.0
	51379	0.0
	51430	0.0
	51431	0.0
	51433	0.0
	51434	0.0
	51435	0.0
	51436	0.0
	51438	0.0
	51463	0.0
	51465	0.0
	51467	0.0
	51468	0.0
	51469	0.0
	51470	0.0
	51477	0.0
	51482	0.0
	51495	0.0
	51526	0.0
	51542	0.0
	51559	0.0
	51567	0.0
	51568	0.0
	51571	0.0
	51572	0.0
	51573	0.0
	51627	0.0
	51628	0.0
	51629	0.0
	51633	0.0
	51636	0.0
	51639	0.0
	51642	0.0
	51644	0.0
	51655	0.0
	51656	0.0
	51704	0.0
	51705	0.0
	51707	0.0
	51708	0.0
	51709	0.0
	51711	0.0
	51716	0.0
	51717	0.0
	51720	0.0
	51722	0.0
	51730	0.0
	51765	0.0
	51802	0.0
	51804	0.0
	51810	0.0
	51811	0.0
	51814	0.0
	51815	0.0
	51818	0.0
	51826	0.0
	51827	0.0
	51828	0.0
	51829	0.0
	51839	0.0
	51855	0.0
	51886	0.0
	51931	0.0
	52101	0.0
	52112	0.0
	52203	0.0
	52267	0.0
	52378	0.0
	52576	0.0
	52602	0.0
	52607	0.0
	52633	0.0
	52645	0.0
	52657	0.0
	52707	0.0
	52737	0.0
	52745	0.0
	52754	0.0
	52765	0.0
	52818	0.0
	52825	0.0
	52833	0.0
	52836	0.0
	52842	0.0
	52853	0.0
	52855	0.0
	52862	0.0
	52863	0.0
	52866	0.0
	52868	0.0
	52869	0.0
	52874	0.0
	52875	0.0
	52876	0.0
	52943	0.0
	52955	0.0
	52957	0.0
	52963	0.0
	52968	0.0
	52972	0.0
	52974	0.0
	53068	0.0
	53083	0.0
	53149	0.0
	53195	0.0
	53231	0.0
	53272	0.0
	57211	4.7872999999999997E-4
	59673	0.00144
	53678	0.0017781399999999999
	56288	0.0038
	53871	0.0054712
	53978	0.00563844
	54301	0.00567637
	59842	0.0057
	54626	0.007522899999999999
	56491	0.0107
	53617	0.011694689999999999
	54755	0.011831469999999998
	54938	0.013336049999999999
	53792	0.01696072
	54604	0.01921759
	57232	0.023252600000000002
	52980	0.025988199999999996
	54726	0.027014049999999998
	53517	0.02790312
	56949	0.029
	57875	0.0314
	59022	0.03249
	58111	0.03516606
	53853	0.035426019999999996
	59855	0.0369
	56095	0.036930599999999994
	54620	0.03740933
	54922	0.040486879999999996
	54823	0.04178629
	52884	0.04274375
	52557	0.04691553999999999
	52656	0.04759943999999999
	57445	0.0477
	54851	0.04780461
	56462	0.0479
	58024	0.04855689999999999
	59470	0.049409999999999996
	53797	0.05033504
	54935	0.05183962
	54731	0.052386739999999994
	53771	0.053002249999999994
	57245	0.05348098
	57766	0.0575
	54723	0.05990963999999999
	53964	0.06038837
	59635	0.060750000000000005
	56991	0.0613
	54633	0.062234899999999996
	52784	0.06271362999999999
	56978	0.0629
	53962	0.06373948
	54628	0.0649705
	56389	0.0667
	59446	0.06695999999999999
	57841	0.067
	53850	0.06818482999999999
	57912	0.0707
	53957	0.07468187999999999
	59278	0.07515000000000001
	57731	0.0763
	54829	0.07858011
	57734	0.0793
	53967	0.08028985999999999
	53763	0.08398292
	54834	0.08411969999999999
	54831	0.08671852
	53854	0.08699208
	53725	0.08835988
	53751	0.08835988
	53784	0.0895909
	57903	0.0907
	57071	0.09073437000000001
	53565	0.09253167
	59469	0.09432
	53658	0.09519887999999999
	54825	0.09547243999999999
	57043	0.09820804
	57306	0.104
	54722	0.10456831
	53397	0.10477347999999999
	57413	0.1066
	59632	0.10782
	53584	0.10908205
	53785	0.11024468
	53973	0.11742562999999999
	57051	0.11744277
	53753	0.11906699
	59027	0.11997000000000001
	52447	0.12050317999999999
	53651	0.12276004999999998
	53775	0.12419624
	57087	0.12426825000000001
	53931	0.12570082
	57217	0.1265
	57947	0.12654
	57042	0.12802608
	53821	0.1285732
	57439	0.1299
	54610	0.13431796
	56490	0.1352
	57094	0.13992234
	53564	0.13999432999999997
	57971	0.1403
	53756	0.14170407999999998
	54616	0.14382416999999997
	52982	0.14915858999999998
	58022	0.14970571
	54438	0.15045799999999998
	53567	0.15292003999999998
	53859	0.15517690999999997
	53817	0.15627115
	53478	0.15832285
	54836	0.16160557
	57052	0.16365727
	53860	0.16406761
	53663	0.16420439
	57921	0.1672
	57513	0.1683
	57110	0.16960719999999999
	54728	0.17008593
	53903	0.17200084999999998
	56184	0.1721
	53578	0.17535196
	56178	0.1765
	53619	0.17904501999999997
	54940	0.17938696999999998
	53707	0.1826013
	52985	0.18355876000000002
	54846	0.18485817
	57814	0.1854
	54615	0.18602080000000001
	54535	0.18814089
	54738	0.18998742
	54844	0.19525344999999997
	52679	0.19586895999999998
	54939	0.19785227
	52787	0.19860455999999999
	58101	0.19860663
	53669	0.2024344
	58025	0.20455448999999998
	54603	0.20462288
	59452	0.20762999999999998
	53958	0.20865788999999998
	57105	0.21228255999999998
	53754	0.21358197
	52446	0.21447103999999997
	59431	0.216
	54530	0.21720663999999998
	53593	0.21809571
	52533	0.22001062999999998
	57962	0.2206
	57948	0.22149000000000002
	59224	0.22491000000000003
	53975	0.22855937999999998
	53596	0.22944845
	53759	0.22999556999999998
	54932	0.23061108
	53930	0.23375701999999998
	59471	0.23436
	53881	0.23580871999999997
	56954	0.2365
	59656	0.23697
	57144	0.23888626999999998
	57758	0.2403
	57309	0.2451
	57082	0.24519795000000003
	59441	0.24695999999999999
	58026	0.2472
	59951	0.2497
	56994	0.2503
	56380	0.2511
	57502	0.2517
	53575	0.25317977999999997
	54842	0.25345333999999997
	56038	0.254
	53574	0.25625732999999995
	57431	0.258
	54528	0.25892454
	59426	0.26082
	56952	0.2618
	53659	0.2626176
	57818	0.2637
	57106	0.26542159
	52885	0.26747329
	54730	0.26802041
	52674	0.27123474
	59488	0.27324
	53727	0.27403873
	53615	0.27711628
	52797	0.27807374
	53704	0.27882603
	57012	0.27937314999999996
	57238	0.27998865999999994
	57741	0.2804
	53611	0.28368171999999997
	53949	0.28457079
	52998	0.28498112999999997
	58032	0.28511791
	57512	0.286
	59425	0.28656000000000004
	57213	0.28716960999999996
	59475	0.28863
	56593	0.2895
	57089	0.29000871
	59435	0.29079
	56498	0.2949
	57414	0.2967
	53618	0.2974965
	57124	0.29941142
	53906	0.30187346
	53927	0.30235218999999997
	57536	0.3028
	57612	0.3033
	52889	0.30741304999999997
	53970	0.30994348
	59476	0.31184999999999996
	56082	0.31418366
	57095	0.31463979
	56182	0.3189
	52681	0.32156977999999997
	57520	0.3241
	54828	0.32478410999999996
	53810	0.32676742
	56989	0.3271
	57080	0.33081321
	57808	0.335
	53646	0.33654718999999994
	57743	0.3386
	57806	0.3397
	52993	0.34044542
	57763	0.3464
	57882	0.3478
	58027	0.3478
	56494	0.3486
	53612	0.36198826999999995
	53735	0.36828015
	54841	0.36944277999999997
	53518	0.36964794999999995
	53976	0.36964794999999995
	53705	0.37060541
	58030	0.37224677
	57061	0.37518753999999993
	54611	0.37792313999999994
	56492	0.3788
	53614	0.38250527
	53519	0.38476214
	57708	0.385
	59758	0.3886
	57506	0.3896
	58034	0.39064368
	57053	0.39071206999999997
	54517	0.39146436
	53796	0.39201148
	58040	0.3951
	57954	0.39572999999999997
	53914	0.39625166
	59215	0.39645
	52983	0.40021828
	59631	0.4005
	57425	0.4009
	57007	0.4015176899999999
	57415	0.4023
	57411	0.4026
	53963	0.40644177
	57242	0.40794635
	59663	0.40995000000000004
	53968	0.41307559999999993
	57876	0.4155
	54518	0.41560602999999996
	54527	0.41567442
	57329	0.4164
	57625	0.4173
	56079	0.4267
	57510	0.4296
	52436	0.43133573
	58100	0.43141485
	52996	0.43229319
	53956	0.43550752
	53910	0.44049998999999995
	56071	0.44207295999999996
	57409	0.4429
	53961	0.4452189
	57355	0.4458
	52995	0.44836483999999993
	53690	0.45328891999999993
	59249	0.459
	56194	0.4634
	53399	0.4636842
	53610	0.4670353099999999
	57001	0.47202778
	57326	0.4728
	57348	0.4751
	57732	0.4771
	53955	0.47968746
	57914	0.4822
	57508	0.4869
	57345	0.4906
	57805	0.4909
	59266	0.49365
	57881	0.4955
	57324	0.4967
	57273	0.49759232999999997
	57066	0.49774071000000003
	57417	0.4978
	57195	0.50011479
	56080	0.5006147999999999
	53908	0.50088836
	54503	0.50280328
	57522	0.5035
	59031	0.50364
	57318	0.5041
	57544	0.5052
	57761	0.5096
	57343	0.51955883
	57872	0.5204
	57540	0.5371
	57055	0.5377505699999999
	57033	0.5394603199999999
	57314	0.5449
	53740	0.54670966
	57006	0.5519073
	57915	0.552
	54837	0.56455945
	59487	0.56736
	57519	0.5728
	57140	0.5737920999999999
	54843	0.57406566
	56992	0.5771
	57736	0.5785
	53938	0.5852132299999999
	59209	0.5876100000000001
	56987	0.5912
	59427	0.59148
	57040	0.59595046
	57247	0.59813894
	59218	0.6017399999999999
	59211	0.60489
	56996	0.6065
	59473	0.6072299999999999
	59478	0.61434
	59757	0.6197
	57911	0.6209
	57231	0.6213231499999999
	57816	0.6239
	57505	0.6263
	56371	0.6314
	56173	0.6348
	57558	0.6371
	56959	0.6383
	53590	0.63883099
	54613	0.6408143
	57027	0.64163498
	57038	0.64300278
	58706	0.6454799999999999
	57014	0.6501153399999999
	57774	0.6503
	58140	0.657
	56969	0.6682
	57155	0.67254726
	56278	0.676
	59481	0.67878
	57516	0.6796
	57339	0.682
	52978	0.6845155099999999
	57811	0.6846
	57813	0.6898
	53917	0.6981935099999999
	59485	0.70074
	57035	0.7021601299999999
	57647	0.7045
	57606	0.706
	53944	0.7102985399999999
	57016	0.7157013499999999
	57720	0.7167
	53965	0.7294477399999999
	56185	0.7297
	59288	0.73467
	53848	0.74435676
	54539	0.7473659199999999
	57964	0.7489800000000001
	57313	0.7615
	57603	0.7648
	57829	0.769
	58725	0.7731
	57514	0.779
	56958	0.7799
	57822	0.7809
	57359	0.7827
	58102	0.7842
	57777	0.7844
	57070	0.78656238
	59419	0.7866
	57044	0.78696373
	57298	0.7893816
	57176	0.78967836
	57303	0.7902
	57874	0.7926
	57845	0.7934
	57742	0.7945
	57762	0.7946
	54605	0.79838486
	59033	0.79938
	59480	0.80667
	52418	0.8083697999999999
	52986	0.81855991
	59279	0.83394
	57020	0.84249641
	57192	0.8429467800000001
	57773	0.846
	57518	0.8481
	57541	0.8493
	59492	0.8513999999999999
	59626	0.85284
	57545	0.8544
	57828	0.8555
	58301	0.85919439
	57426	0.8595
	58038	0.8604
	57063	0.86334903
	59289	0.8688600000000001
	57008	0.87080987
	54601	0.8771017499999999
	56399	0.8821
	53577	0.8865395699999999
	57718	0.8934
	54612	0.8978923099999999
	57049	0.8980974799999999
	53937	0.8986446
	57543	0.9012
	57102	0.9088347099999999
	57021	0.91225421
	57259	0.9227
	59205	0.9353
	57827	0.9361
	59477	0.9372600000000001
	57034	0.9506209999999998
	59493	0.9540000000000001
	54871	0.9581438999999999
	59269	0.96237
	59238	0.96417
	57047	0.9658035799999999
	54732	0.9699753699999999
	59264	0.97083
	57760	0.9725
	58130	0.9809
	53829	0.9823539599999999
	59454	0.9835200000000001
	59294	0.9860399999999999
	59287	0.98613
	54623	1.00355486
	57041	1.0043755399999998
	57883	1.00521
	57432	1.0053
	59280	1.01853
	52984	1.02188338
	57634	1.0317
	56499	1.0407
	57437	1.0431
	58036	1.0438
	58044	1.0452
	54744	1.04999167
	57187	1.05001107
	54645	1.05033362
	53941	1.05341117
	59284	1.05831
	58041	1.0684
	57803	1.0695
	54832	1.07536436
	57637	1.0766
	57655	1.0766
	57032	1.08316082
	57193	1.08450942
	57333	1.0867
	57420	1.0907
	57447	1.0995
	57554	1.1001
	58143	1.1001
	57075	1.1033536800000001
	57048	1.10395138
	57257	1.106
	56496	1.1073
	58205	1.11351771
	59256	1.1138400000000002
	58126	1.1161
	57153	1.1168087
	58045	1.1228
	54622	1.12597296
	54749	1.12727237
	57798	1.12887
	57789	1.13067
	58132	1.1396
	59501	1.14057
	58517	1.1421
	57328	1.1474
	54636	1.15086692
	57028	1.1554490499999999
	57636	1.1594
	59268	1.17243
	56074	1.1761712199999999
	57169	1.1773953
	58822	1.18161
	58049	1.1837
	57643	1.1862
	57249	1.1918
	58035	1.1933
	59228	1.19448
	53942	1.20079162
	57752	1.2009
	57460	1.2054
	57180	1.20833253
	53948	1.21419606
	57194	1.21434192
	57891	1.2154500000000001
	59227	1.21932
	57781	1.2238
	57197	1.22532204
	57186	1.22598975
	57717	1.2266
	53953	1.2278056699999997
	58820	1.23264
	58128	1.2342
	57698	1.2348000000000001
	57771	1.2427
	57772	1.2453
	57786	1.24956
	58707	1.25577
	59317	1.2564
	57793	1.2602700000000002
	56092	1.26035931
	54759	1.2670615299999999
	56091	1.2743108699999999
	57509	1.2774
	59421	1.28313
	57074	1.28341281
	58719	1.2861900000000002
	57780	1.2865
	57395	1.2871
	58745	1.29069
	56385	1.2935
	53924	1.29482787
	58125	1.2951
	57604	1.2962
	57188	1.2975831
	59306	1.29816
	53934	1.29879449
	57162	1.2998088
	54619	1.30098297
	58131	1.301
	54776	1.3070012899999999
	57699	1.31112
	57003	1.3115150299999998
	57065	1.31271786
	58704	1.31616
	54753	1.3219786999999998
	57779	1.322
	57796	1.3221
	57714	1.3231
	59324	1.3243500000000001
	57054	1.32450913
	53925	1.32998033
	57025	1.3339469499999999
	57132	1.3431795999999998
	57723	1.3435
	57462	1.3447
	59293	1.34622
	53935	1.3463939299999999
	57004	1.3468726599999998
	54736	1.34700944
	59276	1.3509
	58718	1.35297
	53926	1.3542587799999999
	53928	1.35501107
	57523	1.3617
	59229	1.3636800000000002
	53929	1.36533796
	59298	1.3658400000000002
	57649	1.3685
	57361	1.3689
	57175	1.37088282
	57564	1.3766
	53916	1.37778494
	58821	1.38969
	57722	1.3933
	57037	1.39700253
	53923	1.3973444799999999
	57189	1.39759122
	57965	1.4015
	59237	1.40247
	57608	1.4034
	57182	1.40486184
	57799	1.40679
	56995	1.4072
	58734	1.4076000000000002
	57754	1.408
	57792	1.41489
	58141	1.418
	58714	1.41876
	59213	1.42272
	57198	1.42645113
	57958	1.4288399999999999
	57899	1.4292
	57416	1.4307
	57713	1.4328
	58806	1.44378
	57635	1.4485
	58705	1.45251
	57177	1.4540498099999999
	58710	1.4560199999999999
	53915	1.45882709
	58813	1.4589
	58823	1.45926
	53845	1.4594425999999998
	58737	1.4634900000000002
	53945	1.4637511699999999
	59315	1.46988
	58804	1.4762700000000002
	59285	1.47681
	58608	1.47798
	58834	1.48059
	57894	1.48464
	57024	1.48522563
	58506	1.48734
	57046	1.4886451299999999
	53947	1.49001293
	58836	1.4912100000000001
	59303	1.49625
	58214	1.4964
	57887	1.4974
	57886	1.498
	54766	1.4999978699999998
	59041	1.50084
	59297	1.50237
	59310	1.50264
	58107	1.5051
	58510	1.5089400000000002
	58114	1.5093
	57254	1.51121383
	59316	1.51434
	57696	1.51488
	58731	1.5199200000000002
	57573	1.5204
	59242	1.52082
	58609	1.53252
	58530	1.533
	58724	1.53333
	58633	1.53396
	58048	1.5355
	57029	1.5401427999999997
	54778	1.54322035
	58701	1.54539
	57196	1.5501258599999999
	58527	1.55025
	57181	1.5508677599999998
	58715	1.56402
	57084	1.56451872
	58735	1.56528
	57661	1.5676
	58230	1.5676
	58631	1.5686099999999998
	57026	1.5686614299999997
	58647	1.5693300000000001
	58047	1.571
	59130	1.57158
	57678	1.5727
	58713	1.57761
	57679	1.5786
	57023	1.58425435
	57022	1.58439113
	57688	1.585
	58730	1.58571
	56171	1.5864
	58127	1.5877
	58657	1.59444
	57895	1.59498
	58607	1.59534
	58933	1.59543
	59116	1.59714
	57349	1.599
	58619	1.60362
	57143	1.6037455
	57292	1.6177871400000001
	58814	1.61982
	58750	1.6214400000000002
	57299	1.62387072
	57039	1.62501479
	57057	1.62501479
	58129	1.6258
	59304	1.62603
	56093	1.62980209
	54751	1.6301440399999998
	57030	1.63021243
	54777	1.6307595499999998
	57646	1.6341
	59255	1.63413
	58658	1.63422
	58605	1.63503
	58712	1.63629
	59254	1.63629
	58507	1.6395300000000002
	57466	1.6396
	58744	1.6403400000000001
	58559	1.64043
	58537	1.64151
	57949	1.64178
	58665	1.64295
	57642	1.6433
	58240	1.6483
	58736	1.6486200000000002
	57031	1.65072943
	58615	1.65213
	58614	1.6612200000000001
	57966	1.6618
	58146	1.6632
	58624	1.6632
	59321	1.6641
	58659	1.66455
	58150	1.6652
	58818	1.66545
	58202	1.6678
	58623	1.6704
	57896	1.67166
	58104	1.67461668
	57973	1.6759
	57045	1.68636062
	58234	1.6882
	58602	1.69056
	59312	1.69056
	58223	1.6912
	57658	1.6913
	57183	1.69145781
	58612	1.6915499999999999
	58509	1.69209
	57078	1.69353513
	57451	1.6967
	59057	1.69722
	58693	1.69866
	58514	1.70109
	58625	1.70397
	58846	1.70424
	57598	1.70964
	58660	1.71
	59319	1.71126
	57574	1.7114
	59318	1.71333
	57889	1.7153
	58330	1.7169
	58748	1.7175600000000002
	57687	1.7207
	54765	1.72089757
	58212	1.7212
	57662	1.7254
	58826	1.73394
	57067	1.73396868
	59090	1.73853
	57154	1.73936287
	59313	1.74051
	57694	1.7424
	54752	1.74305593
	58837	1.74312
	57719	1.7469
	57682	1.7492
	58634	1.75734
	58843	1.7595
	57614	1.7602
	58423	1.7605
	58637	1.76211
	57368	1.764
	58746	1.76535
	58620	1.76688
	57396	1.76750256
	57740	1.7697
	58601	1.7703900000000001
	58824	1.77156
	58618	1.7721
	59271	1.77408
	58622	1.77894
	58338	1.7828
	57657	1.7842
	58616	1.78749
	59502	1.79064
	57293	1.79265297
	57295	1.79584314
	57586	1.796
	58108	1.7962
	58437	1.7973
	58109	1.7979
	57969	1.798
	54764	1.79872539
	58549	1.7992800000000002
	59322	1.8000900000000002
	58747	1.8025200000000001
	58828	1.80288
	54774	1.8034442999999998
	58135	1.804
	58555	1.8040500000000002
	58546	1.8051300000000001
	57281	1.8057846000000002
	58635	1.80756
	58568	1.80909
	58752	1.80945
	58548	1.81152
	58567	1.8135000000000001
	58547	1.8150300000000001
	58414	1.8158
	58643	1.81647
	59320	1.8171000000000002
	59034	1.81746
	58508	1.82061
	58415	1.8207
	58627	1.82142
	58632	1.82241
	58626	1.82295
	58644	1.8256500000000002
	58844	1.8261
	58667	1.8279
	57390	1.83034149
	58905	1.8309600000000001
	58845	1.8345600000000002
	58819	1.8364500000000001
	58210	1.8376
	57184	1.8391701
	58646	1.8504
	58629	1.8532800000000003
	58742	1.85508
	57989	1.85526
	57633	1.8557
	58754	1.85661
	58656	1.8582300000000003
	58519	1.8592199999999999
	57972	1.8593
	57976	1.8599
	59500	1.86039
	57669	1.8623
	57294	1.8703299
	58220	1.875
	58543	1.8836100000000002
	59097	1.8947700000000003
	58265	1.8957
	58654	1.89675
	58760	1.8983700000000001
	58523	1.9005
	58512	1.90377
	58642	1.90377
	58664	1.90431
	58417	1.9047
	57173	1.9074249
	58418	1.9094
	57178	1.9100957400000003
	57296	1.9110602099999998
	58544	1.9120499999999998
	57993	1.9127700000000003
	58145	1.9139
	58848	1.9156499999999999
	58839	1.9160099999999998
	58600	1.9165500000000002
	58652	1.9211399999999998
	57385	1.9244
	57990	1.93221
	57991	1.93239
	57185	1.93465263
	58531	1.9403
	57988	1.94292
	58557	1.94373
	58534	1.9458
	57994	1.94625
	58259	1.9536
	58432	1.9632
	57974	1.9645
	58404	1.9654
	58847	1.9680300000000002
	58558	1.9699200000000001
	59088	1.9699200000000001
	58317	1.9701
	58154	1.9716
	59109	1.97235
	58503	1.9725300000000001
	58565	1.9743300000000001
	58264	1.975
	58139	1.9777
	58502	1.97775
	59124	1.9784700000000002
	59063	1.9835
	57297	1.98762429
	57992	1.9881000000000002
	58306	1.9883
	58562	1.9911600000000003
	59270	1.99179
	58921	1.9926900000000003
	58556	1.9940399999999998
	57975	1.9943
	58148	1.9957
	57290	1.99741737
	57566	1.9984
	57663	1.9994
	58529	1.99944
	59072	2.00016
	59065	2.00358
	58158	2.0069
	59126	2.007
	58208	2.0078781599999997
	58421	2.0083
	59058	2.01285
	57666	2.0142
	58940	2.01933
	58323	2.0194
	57465	2.0205
	57489	2.0209
	57710	2.0257
	58542	2.02662
	58520	2.0285
	59087	2.02932
	58251	2.0315
	59099	2.03166
	59107	2.03931
	57589	2.043
	57475	2.0467
	57595	2.0475
	58268	2.0495
	59117	2.05155
	59059	2.05551
	58569	2.0559600000000002
	59092	2.05614
	57671	2.0573
	58451	2.0606400000000002
	59122	2.0631600000000003
	58907	2.06406
	57077	2.06463351
	58464	2.06721
	57609	2.0733
	59241	2.07486
	58749	2.0765700000000002
	58931	2.07783
	58927	2.07909
	58428	2.0802
	58666	2.08044
	57485	2.094
	59037	2.0947500000000003
	58435	2.0975
	59246	2.0985300000000002
	59075	2.10015
	58501	2.1045
	57981	2.1089
	59113	2.10906
	57674	2.1108
	58416	2.1136
	59071	2.1177
	57274	2.11968249
	58427	2.1205
	59096	2.12103
	59074	2.1246300000000002
	57673	2.1275
	57179	2.12821434
	59314	2.1285000000000003
	57498	2.1308
	58316	2.1351
	59290	2.13858
	58429	2.1396
	58941	2.13993
	58911	2.14011
	58254	2.1405
	58426	2.1422
	58751	2.14578
	58243	2.1487
	59038	2.14875
	58147	2.1533
	58550	2.1538800000000005
	59064	2.15433
	58477	2.15694
	59091	2.15748
	58250	2.1575
	57995	2.15784
	59081	2.16225
	57271	2.1645674400000003
	57261	2.16597705
	58407	2.1662
	57285	2.16835113
	58408	2.169
	58932	2.16945
	57640	2.1711
	58246	2.1746
	59125	2.17674
	58122	2.1773
	59082	2.17737
	58255	2.18
	57494	2.1803
	57985	2.1804
	58458	2.1831300000000002
	57464	2.1835
	58420	2.1857
	58334	2.1868
	58449	2.19033
	59102	2.19816
	57156	2.20054959
	58917	2.20176
	59114	2.2034700000000003
	58360	2.2047
	58606	2.20599
	57562	2.2086
	58928	2.21058
	58401	2.2109
	59106	2.21094
	58484	2.21283
	57996	2.2135499999999997
	57476	2.217
	59094	2.21868
	57584	2.2246
	58906	2.2248900000000003
	57978	2.225
	58215	2.2261
	57577	2.2277
	58455	2.23893
	59052	2.23902
	59061	2.2391099999999997
	58269	2.2393
	58926	2.24127
	58929	2.24145
	58468	2.24568
	58942	2.2465800000000002
	58912	2.2468500000000002
	58446	2.24793
	59044	2.25072
	59230	2.25081
	58311	2.2523
	58442	2.2539
	58570	2.25495
	58453	2.25612
	58935	2.25612
	58903	2.2564800000000003
	58452	2.2581900000000004
	57565	2.2589
	58456	2.25999
	56374	2.2603
	57493	2.2603
	57581	2.2605
	58472	2.26323
	59235	2.26404
	59055	2.26539
	58443	2.27286
	58419	2.2796
	58402	2.2801
	57583	2.2802
	58241	2.2812
	58936	2.2900500000000004
	58331	2.2924
	59131	2.2934699999999997
	59127	2.29563
	58436	2.2985
	58448	2.2990500000000003
	59051	2.29941
	59137	2.30139
	59133	2.30328
	58433	2.3054
	58221	2.3077
	59093	2.30832
	58247	2.3084
	57582	2.3123
	58918	2.3165999999999998
	58460	2.318
	57571	2.322
	58203	2.322
	58923	2.32335
	58424	2.3251
	57590	2.3334
	57496	2.334
	58438	2.3346
	57680	2.3393
	58342	2.3402
	57398	2.3421
	58457	2.34567
	58563	2.3481
	57461	2.3504
	57399	2.3508
	57483	2.3522
	57486	2.3545
	58367	2.3609
	58358	2.3628
	58329	2.3629
	58462	2.3642
	58366	2.3656
	57491	2.3661
	58461	2.3742
	58467	2.3787
	58353	2.3843
	57585	2.3865
	58361	2.3903
	59134	2.39112
	58343	2.3917
	57358	2.3918
	57481	2.3983
	58938	2.39868
	58257	2.4013
	58934	2.40372
	58463	2.4061
	58245	2.409
	57499	2.4092
	58244	2.412
	58118	2.4124
	58138	2.4163
	58441	2.4219
	58431	2.4245
	58450	2.4246
	58236	2.4247
	58359	2.4289
	58369	2.4298
	57387	2.43
	58362	2.4372
	57575	2.4378
	58321	2.4382
	58249	2.4387
	58356	2.4419
	57482	2.4437
	58454	2.44476
	59047	2.4495299999999998
	58339	2.4514
	58337	2.4627
	58345	2.4638
	58354	2.4646
	58459	2.47059
	57469	2.4767
	59053	2.4768
	57378	2.4807
	58340	2.4834
	58242	2.4859
	58222	2.4888
	58351	2.4931
	58238	2.4944
	59045	2.4951600000000003
	58235	2.4997
	57492	2.5041
	58365	2.5099
	58944	2.51352
	58377	2.5203
	58946	2.5203599999999997
	57388	2.5228
	58346	2.5265
	58341	2.5306
	57477	2.5354
	57600	2.5526
	59046	2.55294
	58352	2.5547
	58117	2.5757
	58225	2.5827
	58224	2.5845
	58335	2.5854
	57389	2.587
	58327	2.5965
	58237	2.6005
	58319	2.6094
	58314	2.6247
	57260	2.6369
	58320	2.7035
	58326	2.7039
	57265	2.7207
	58500	2.7516
	57251	2.7547
	58344	2.7605
	57381	2.7935
	57363	2.8764
	58336	2.8847
	57362	2.9166
	57268	2.9283
	57256	2.95
	57370	3.0791
	57253	3.0957
	57279	3.1985
	57278	3.3299
	57377	3.4252
