	56296	-2.2453
	56190	-2.2161
	56199	-2.0847
	56197	-2.0842
	56285	-2.0243
	56286	-1.9285
	56189	-1.911
	56295	-1.8605
	56297	-1.7125
	56196	-1.6687
	56290	-1.5926
	56181	-1.569
	56291	-1.5439
	56284	-1.5334
	56381	-1.531
	56187	-1.5132
	56272	-1.5041
	56298	-1.4549
	56182	-1.4464
	56380	-1.432
	56186	-1.4171
	56441	-1.407
	56195	-1.3906
	56378	-1.3856
	56382	-1.3787
	56384	-1.3222
	57307	-1.2916
	56276	-1.2767
	56371	-1.2699
	56180	-1.2683
	56462	-1.2644
	56376	-1.2629
	56391	-1.2576
	56386	-1.234
	56194	-1.2293
	56387	-1.2271
	56198	-1.2067
	56390	-1.188
	56373	-1.1717
	56493	-1.1635
	56193	-1.1595
	57306	-1.1569
	57304	-1.1174
	56184	-1.1135
	56288	-1.0713
	56357	-1.0571
	56443	-1.054
	56485	-1.0404
	59664	-1.01241
	57805	-1.0008
	56183	-0.994
	56992	-0.9655
	59659	-0.9626400000000002
	56281	-0.96
	56396	-0.9367
	56251	-0.9354
	57708	-0.9288
	56280	-0.9259
	57525	-0.9212
	57614	-0.9181
	59656	-0.91593
	59427	-0.91449
	57308	-0.9099
	56289	-0.9055
	56263	-0.8999
	57818	-0.8912
	57800	-0.8857
	56279	-0.8854
	56592	-0.8731
	56267	-0.8613
	56097	-0.8578
	59417	-0.85518
	56487	-0.8488
	56595	-0.8445
	56473	-0.8376
	59650	-0.82674
	56287	-0.8219
	59658	-0.81126
	57714	-0.8089
	59209	-0.80874
	59025	-0.78858
	56273	-0.7849
	56489	-0.7737
	56475	-0.7732
	56383	-0.769
	59655	-0.7670699999999999
	56499	-0.7653
	56838	-0.7569
	59246	-0.74187
	56188	-0.7351
	59237	-0.73152
	56459	-0.731
	57623	-0.7212
	58666	-0.71046
	59435	-0.70236
	57807	-0.6914
	56247	-0.6779
	56474	-0.6771
	59431	-0.6759000000000001
	56171	-0.6713
	57303	-0.6613
	56144	-0.6609
	59027	-0.65583
	56598	-0.6529
	57439	-0.6507
	56374	-0.6463
	57408	-0.6349
	57513	-0.6315
	59419	-0.62397
	59750	-0.61542
	59478	-0.61389
	56399	-0.6122
	57204	-0.6073
	57604	-0.6062
	56691	-0.5957
	57217	-0.5943
	57606	-0.5937
	57348	-0.5932
	59663	-0.5927399999999999
	58730	-0.59157
	58752	-0.58986
	59287	-0.5872499999999999
	58843	-0.58365
	56584	-0.5831
	58667	-0.57879
	57806	-0.5756
	56164	-0.5657
	59015	-0.56457
	56593	-0.564
	59429	-0.55521
	57206	-0.5479
	57605	-0.5475
	58656	-0.5450400000000001
	56394	-0.5446
	58658	-0.5439600000000001
	59626	-0.5356799999999999
	59673	-0.53388
	57208	-0.5282
	59426	-0.5279400000000001
	59473	-0.52488
	58754	-0.52371
	59270	-0.52335
	57916	-0.5227
	56478	-0.5223
	57519	-0.5222
	56480	-0.5127
	59469	-0.51174
	56491	-0.5114
	59653	-0.5050800000000001
	57511	-0.5021
	57409	-0.4995
	59280	-0.49202999999999997
	56173	-0.4917
	59477	-0.49077000000000004
	58737	-0.48915
	59046	-0.48798
	57517	-0.4857
	59475	-0.48087
	56192	-0.48059246
	59476	-0.47835
	57922	-0.4729
	58664	-0.47079000000000004
	57407	-0.4677
	56395	-0.4652
	59654	-0.46044000000000007
	57808	-0.4595
	59462	-0.45864000000000005
	58744	-0.45792000000000005
	58746	-0.45522
	58659	-0.45423
	57414	-0.4536
	58718	-0.45279
	56693	-0.4511
	59047	-0.44532000000000005
	59480	-0.44217
	59230	-0.44091
	59088	-0.44064
	58747	-0.43929
	59481	-0.43632000000000004
	56389	-0.4358
	59023	-0.43452
	59271	-0.43119
	57723	-0.4306
	59044	-0.42723
	57900	-0.424
	56548	-0.4184
	59278	-0.41426999999999997
	57625	-0.4108
	58804	-0.41040000000000004
	59454	-0.405
	59007	-0.397
	59284	-0.39555
	57902	-0.395
	58719	-0.39393
	57803	-0.3924
	57971	-0.3916
	59094	-0.38655
	57523	-0.3862
	52784	-0.37829854999999996
	59055	-0.37746
	57413	-0.3763
	56185	-0.3748
	56596	-0.3739
	57992	-0.36980999999999997
	57814	-0.3697
	56497	-0.3675
	58735	-0.36585
	59279	-0.36441
	58760	-0.36396
	57516	-0.3621
	57889	-0.3617
	56158	-0.3593
	58749	-0.35712
	58725	-0.35424
	57713	-0.3517
	59242	-0.34893
	57417	-0.3467
	58748	-0.34524
	56565	-0.3422
	58821	-0.34191000000000005
	57512	-0.3381
	57905	-0.3326
	59045	-0.33255
	58820	-0.33237
	57105	-0.32992341
	57837	-0.3294
	59001	-0.32823
	58905	-0.3276
	58823	-0.3267
	56095	-0.32611409999999996
	52998	-0.32533985
	56649	-0.3253
	59266	-0.3231
	57809	-0.3215
	58751	-0.31941
	53810	-0.31880518
	56168	-0.3118
	59456	-0.31122
	58813	-0.30834
	59052	-0.30816
	57896	-0.30708
	57707	-0.3049
	59017	-0.30366
	58665	-0.30339
	53908	-0.30310339
	59268	-0.30168
	56093	-0.30050191
	58750	-0.29898
	56792	-0.2951
	59213	-0.29052
	57927	-0.28809
	57993	-0.28548
	56257	-0.2848
	56278	-0.2828
	57119	-0.27770799
	59091	-0.27711
	56444	-0.2759
	56092	-0.27303151999999997
	59285	-0.2718
	59470	-0.27171
	59096	-0.27027
	59288	-0.26442
	59425	-0.2637
	59269	-0.26217
	59012	-0.26118
	53906	-0.25807301
	59294	-0.25353000000000003
	52995	-0.25187901
	56976	-0.2513
	58834	-0.25119
	58933	-0.25002
	56091	-0.24884394999999998
	52674	-0.24810067
	52982	-0.24726447999999998
	56146	-0.2451
	59211	-0.24300000000000002
	57910	-0.2416
	52557	-0.2406369
	59097	-0.23958
	59265	-0.23922
	53881	-0.23887160999999998
	57921	-0.2365
	59264	-0.23526000000000002
	58734	-0.23499
	57989	-0.23436
	57720	-0.2331
	57899	-0.23301000000000002
	56654	-0.2329
	59238	-0.23049
	57431	-0.2292
	52652	-0.22701009999999996
	56081	-0.22626681999999998
	56084	-0.22409891999999998
	53806	-0.22090901
	58836	-0.21951
	57127	-0.21802879999999997
	54519	-0.21725455
	58806	-0.21509999999999999
	54512	-0.21068890999999998
	56094	-0.21056502999999996
	57978	-0.2092
	59092	-0.20862
	54636	-0.20601244
	52996	-0.20418520999999998
	57988	-0.2034
	58745	-0.20223000000000002
	56575	-0.2018
	56586	-0.1997
	59074	-0.19962
	58814	-0.19854
	57007	-0.19672143999999997
	53705	-0.19384122999999998
	56167	-0.1925
	57895	-0.19179000000000002
	59053	-0.19035
	56674	-0.1882
	59838	-0.1873
	54502	-0.18718268
	59754	-0.18539999999999998
	57995	-0.17928
	57113	-0.17900659999999996
	57405	-0.1777
	59004	-0.17721
	58818	-0.17442
	57318	-0.1741
	59087	-0.17019
	59051	-0.17001000000000002
	57004	-0.16915813999999998
	57907	-0.1675
	56665	-0.1651
	59276	-0.16434
	59218	-0.16425
	52896	-0.16361451
	54611	-0.16153951999999996
	59075	-0.15993
	59205	-0.1576
	58903	-0.15597000000000003
	52993	-0.15528357999999998
	53725	-0.15320858999999998
	57990	-0.1521
	57973	-0.1518
	57006	-0.15029741
	54506	-0.14952316
	56147	-0.1489
	56074	-0.14788174999999998
	57016	-0.14741719999999997
	57315	-0.1469
	57600	-0.1469
	57011	-0.14571384999999998
	57014	-0.14357692
	58847	-0.14238
	53707	-0.14178065999999998
	57514	-0.1417
	54398	-0.13877657
	59235	-0.13797
	57106	-0.13784747
	52889	-0.13555568999999998
	56652	-0.135
	57008	-0.13375942999999998
	57834	-0.1315
	57317	-0.131
	58837	-0.13023
	52895	-0.12945459999999998
	57124	-0.12737960999999998
	57213	-0.12614081
	54518	-0.12561432
	59488	-0.12447000000000001
	57637	-0.123
	53817	-0.12276507999999998
	56745	-0.1223
	58846	-0.11952
	57128	-0.11929643999999999
	54503	-0.1167569
	58819	-0.11412
	59022	-0.1134
	57411	-0.1121
	52447	-0.11195654999999999
	57426	-0.1117
	53914	-0.11028417
	52681	-0.10867372999999998
	56646	-0.1086
	57003	-0.10563866999999999
	57612	-0.1051
	53927	-0.10505023999999999
	53680	-0.10378047
	52885	-0.10365658999999999
	57506	-0.1025
	53723	-0.10223196999999999
	54594	-0.10000213
	53596	-0.09997115999999999
	59064	-0.09612000000000001
	53925	-0.09554244999999999
	58839	-0.09494999999999999
	56492	-0.0931
	52679	-0.09136149999999998
	53910	-0.09126859
	56585	-0.0901
	59061	-0.09000000000000001
	58657	-0.08838
	57508	-0.0866
	52661	-0.0860966
	56793	-0.0856
	56641	-0.0847
	57111	-0.0817608
	57912	-0.0814
	54510	-0.08117237
	53915	-0.08055296999999999
	56643	-0.0791
	52546	-0.07906641
	57908	-0.0783
	53916	-0.07773469999999999
	59254	-0.07767
	54596	-0.07723917999999999
	57835	-0.0769
	57717	-0.0767
	58824	-0.07398
	52533	-0.07327502
	59631	-0.07209
	57134	-0.07085936
	53821	-0.06633773999999999
	54439	-0.06475826999999999
	56569	-0.0637
	56096	-0.06265231
	57001	-0.062404549999999996
	57110	-0.06209485
	57027	-0.062063879999999995
	54438	-0.06203291
	53727	-0.06150641999999999
	52988	-0.061196719999999996
	56991	-0.0597
	59644	-0.059129999999999995
	54607	-0.05682995
	58906	-0.05643000000000001
	57432	-0.0558
	59031	-0.05544
	57314	-0.0553
	54511	-0.05267997
	58715	-0.052469999999999996
	57102	-0.05199863
	52643	-0.05175087
	56742	-0.0514
	57636	-0.0507
	59241	-0.05067000000000001
	59448	-0.04977
	57996	-0.048690000000000004
	56670	-0.0485
	53692	-0.04846805
	59635	-0.048420000000000005
	58736	-0.04707
	57126	-0.044658739999999995
	59493	-0.04446
	58647	-0.04383
	59452	-0.041490000000000006
	54399	-0.04047779
	59057	-0.04014
	52985	-0.04010615
	54514	-0.039734509999999994
	57420	-0.0396
	54505	-0.03945578
	58911	-0.03915
	56543	-0.0388
	52515	-0.036792359999999996
	58848	-0.03663
	56172	-0.0343
	57603	-0.0342
	54513	-0.033664389999999995
	57415	-0.0324
	53676	-0.03230171
	52980	-0.03143455
	59033	-0.03042
	59487	-0.028800000000000003
	56594	-0.0286
	57903	-0.0275
	59471	-0.02736
	59093	-0.027180000000000003
	54597	-0.026634199999999997
	54437	-0.02654129
	57926	-0.0265
	52983	-0.02629353
	57913	-0.0258
	57509	-0.0256
	54433	-0.02480697
	59215	-0.02151
	56178	-0.0212
	57883	-0.02025
	56393	-0.0181
	54499	-0.01790066
	54501	-0.017621929999999997
	56152	-0.0176
	58828	-0.01314
	58731	-0.011250000000000001
	54515	-0.00696825
	57914	-0.0024
	57020	-0.00173432
	52446	-0.00136268
	57402	-0.0012
	58826	-0.00117
	53491	-3.0969999999999997E-5
	50136	0.0
	50246	0.0
	50247	0.0
	50349	0.0
	50353	0.0
	50425	0.0
	50431	0.0
	50434	0.0
	50442	0.0
	50445	0.0
	50468	0.0
	50514	0.0
	50524	0.0
	50525	0.0
	50526	0.0
	50527	0.0
	50548	0.0
	50557	0.0
	50564	0.0
	50566	0.0
	50603	0.0
	50618	0.0
	50632	0.0
	50639	0.0
	50646	0.0
	50647	0.0
	50655	0.0
	50656	0.0
	50658	0.0
	50659	0.0
	50673	0.0
	50674	0.0
	50727	0.0
	50739	0.0
	50741	0.0
	50742	0.0
	50745	0.0
	50749	0.0
	50750	0.0
	50755	0.0
	50756	0.0
	50758	0.0
	50767	0.0
	50772	0.0
	50774	0.0
	50775	0.0
	50776	0.0
	50778	0.0
	50779	0.0
	50787	0.0
	50788	0.0
	50832	0.0
	50833	0.0
	50834	0.0
	50838	0.0
	50842	0.0
	50844	0.0
	50851	0.0
	50852	0.0
	50853	0.0
	50854	0.0
	50858	0.0
	50859	0.0
	50861	0.0
	50862	0.0
	50867	0.0
	50871	0.0
	50873	0.0
	50877	0.0
	50878	0.0
	50879	0.0
	50880	0.0
	50884	0.0
	50888	0.0
	50892	0.0
	50913	0.0
	50915	0.0
	50928	0.0
	50934	0.0
	50936	0.0
	50937	0.0
	50939	0.0
	50940	0.0
	50945	0.0
	50946	0.0
	50948	0.0
	50950	0.0
	50953	0.0
	50954	0.0
	50955	0.0
	50956	0.0
	50958	0.0
	50960	0.0
	50962	0.0
	50963	0.0
	50964	0.0
	50965	0.0
	50968	0.0
	50973	0.0
	50978	0.0
	50979	0.0
	50983	0.0
	50985	0.0
	50987	0.0
	51053	0.0
	51058	0.0
	51059	0.0
	51060	0.0
	51068	0.0
	51076	0.0
	51087	0.0
	51133	0.0
	51137	0.0
	51145	0.0
	51156	0.0
	51186	0.0
	51232	0.0
	51238	0.0
	51241	0.0
	51243	0.0
	51288	0.0
	51328	0.0
	51329	0.0
	51330	0.0
	51334	0.0
	51346	0.0
	51352	0.0
	51353	0.0
	51356	0.0
	51357	0.0
	51358	0.0
	51359	0.0
	51365	0.0
	51367	0.0
	51369	0.0
	51377	0.0
	51378	0.0
	51379	0.0
	51430	0.0
	51431	0.0
	51433	0.0
	51434	0.0
	51435	0.0
	51436	0.0
	51437	0.0
	51438	0.0
	51463	0.0
	51465	0.0
	51467	0.0
	51468	0.0
	51469	0.0
	51470	0.0
	51477	0.0
	51482	0.0
	51495	0.0
	51526	0.0
	51542	0.0
	51559	0.0
	51567	0.0
	51568	0.0
	51571	0.0
	51572	0.0
	51573	0.0
	51581	0.0
	51627	0.0
	51628	0.0
	51629	0.0
	51633	0.0
	51636	0.0
	51639	0.0
	51642	0.0
	51644	0.0
	51655	0.0
	51656	0.0
	51704	0.0
	51705	0.0
	51707	0.0
	51708	0.0
	51709	0.0
	51711	0.0
	51716	0.0
	51717	0.0
	51720	0.0
	51722	0.0
	51730	0.0
	51765	0.0
	51777	0.0
	51802	0.0
	51804	0.0
	51810	0.0
	51811	0.0
	51814	0.0
	51815	0.0
	51818	0.0
	51826	0.0
	51827	0.0
	51828	0.0
	51829	0.0
	51839	0.0
	51855	0.0
	51886	0.0
	51931	0.0
	52101	0.0
	52112	0.0
	52203	0.0
	52267	0.0
	52313	0.0
	52378	0.0
	52495	0.0
	52575	0.0
	52576	0.0
	52602	0.0
	52607	0.0
	52633	0.0
	52645	0.0
	52657	0.0
	52707	0.0
	52713	0.0
	52737	0.0
	52745	0.0
	52754	0.0
	52765	0.0
	52818	0.0
	52825	0.0
	52833	0.0
	52836	0.0
	52842	0.0
	52853	0.0
	52855	0.0
	52856	0.0
	52862	0.0
	52863	0.0
	52866	0.0
	52868	0.0
	52869	0.0
	52874	0.0
	52875	0.0
	52876	0.0
	52908	0.0
	52943	0.0
	52955	0.0
	52957	0.0
	52963	0.0
	52968	0.0
	52972	0.0
	52974	0.0
	53068	0.0
	53083	0.0
	53149	0.0
	53192	0.0
	53195	0.0
	53231	0.0
	53272	0.0
	53276	0.0
	53289	0.0
	53324	0.0
	53336	0.0
	53337	0.0
	53343	0.0
	53348	0.0
	53352	0.0
	53357	0.0
	53362	0.0
	53367	0.0
	53368	0.0
	53378	0.0
	53384	0.0
	53385	0.0
	53391	0.0
	53419	0.0
	53420	0.0
	53433	0.0
	53446	0.0
	53455	0.0
	53457	0.0
	53463	0.0
	53464	0.0
	53466	0.0
	53467	0.0
	53469	0.0
	53472	0.0
	53475	0.0
	53480	0.0
	53481	0.0
	53483	0.0
	53484	0.0
	53502	0.0
	53505	0.0
	53512	0.0
	53513	0.0
	53522	0.0
	53529	0.0
	53533	0.0
	53543	0.0
	53545	0.0
	53547	0.0
	53553	0.0
	53562	0.0
	53602	0.0
	53644	0.0
	53730	0.0
	53732	0.0
	54012	0.0
	54024	0.0
	54026	0.0
	54027	0.0
	54031	0.0
	54039	0.0
	54041	0.0
	54047	0.0
	54049	0.0
	54063	0.0
	54064	0.0
	54065	0.0
	54069	0.0
	54072	0.0
	54076	0.0
	54080	0.0
	54092	0.0
	54093	0.0
	54094	0.0
	54096	0.0
	54098	0.0
	54099	0.0
	54102	0.0
	54113	0.0
	54115	0.0
	54117	0.0
	54122	0.0
	54132	0.0
	54134	0.0
	54135	0.0
	54142	0.0
	54154	0.0
	54156	0.0
	54157	0.0
	54161	0.0
	54164	0.0
	54165	0.0
	54169	0.0
	54171	0.0
	54172	0.0
	54181	0.0
	54186	0.0
	54187	0.0
	54192	0.0
	54195	0.0
	54204	0.0
	54205	0.0
	54208	0.0
	54213	0.0
	54214	0.0
	54218	0.0
	54223	0.0
	54225	0.0
	54226	0.0
	54231	0.0
	54234	0.0
	54236	0.0
	54237	0.0
	54243	0.0
	54244	0.0
	54248	0.0
	54249	0.0
	54252	0.0
	54254	0.0
	54259	0.0
	54260	0.0
	54261	0.0
	54263	0.0
	54266	0.0
	54267	0.0
	54273	0.0
	54274	0.0
	54276	0.0
	54284	0.0
	54285	0.0
	54286	0.0
	54290	0.0
	54291	0.0
	54292	0.0
	54293	0.0
	54305	0.0
	54313	0.0
	54316	0.0
	54320	0.0
	54321	0.0
	54323	0.0
	54324	0.0
	54325	0.0
	54326	0.0
	54327	0.0
	54328	0.0
	54331	0.0
	54332	0.0
	54333	0.0
	54334	0.0
	54335	0.0
	54336	0.0
	54337	0.0
	54338	0.0
	54339	0.0
	54342	0.0
	54346	0.0
	54347	0.0
	54349	0.0
	54351	0.0
	54353	0.0
	54362	0.0
	54363	0.0
	54365	0.0
	54371	0.0
	54374	0.0
	54377	0.0
	54386	0.0
	54452	0.0
	54453	0.0
	54454	0.0
	54455	0.0
	54470	0.0
	54471	0.0
	54472	0.0
	54474	0.0
	54475	0.0
	54476	0.0
	54483	0.0
	54486	0.0
	54493	0.0
	54494	0.0
	54497	0.0
	54563	0.0
	54568	0.0
	54569	0.0
	54575	0.0
	54579	0.0
	54584	0.0
	54590	0.0
	54660	0.0
	54662	0.0
	55228	0.0
	55248	0.0
	55279	0.0
	55294	0.0
	55299	0.0
	55437	0.0
	55472	0.0
	55493	0.0
	55578	0.0
	55585	0.0
	55589	0.0
	55591	0.0
	55593	0.0
	55598	0.0
	55655	0.0
	55664	0.0
	55680	0.0
	55681	0.0
	55690	0.0
	55696	0.0
	55773	0.0
	56004	0.0
	56016	0.0
	56018	0.0
	56021	0.0
	56029	0.0
	56033	0.0
	56034	0.0
	56043	0.0
	56045	0.0
	56046	0.0
	56065	0.0
	56067	0.0
	56106	0.0
	56109	0.0
	56116	0.0
	56125	0.0
	56128	0.0
	56137	0.0
	56151	0.0
	56202	0.0
	56223	0.0
	56227	0.0
	56228	0.0
	56307	0.0
	56312	0.0
	56317	0.0
	56331	0.0
	56342	0.0
	56434	0.0
	52436	6.8134E-4
	57438	0.0023
	53618	0.0023537199999999997
	57991	0.00342
	54419	0.0049552
	53617	0.007773469999999999
	58724	0.00792
	59317	0.00945
	59843	0.0121
	54602	0.012202179999999998
	59451	0.01404
	53682	0.014772689999999998
	59501	0.01494
	53697	0.01570179
	54604	0.019449159999999997
	53868	0.019913709999999998
	59229	0.02052
	56986	0.0239
	52797	0.026138679999999997
	57211	0.02654129
	53937	0.027098749999999998
	53392	0.02808979
	54601	0.02883307
	53519	0.029947989999999997
	54424	0.029947989999999997
	59256	0.03042
	57401	0.0313
	56666	0.0316
	58940	0.0351
	54540	0.035336769999999997
	59290	0.036180000000000004
	52984	0.036327809999999995
	57909	0.0364
	57028	0.03967257
	57975	0.0406
	52884	0.04193337999999999
	53611	0.04255277999999999
	59453	0.04347
	53866	0.04354382
	57923	0.0443
	57994	0.04482
	57722	0.0458
	57002	0.04592850999999999
	59441	0.04599
	57012	0.04602142
	57326	0.0478
	57320	0.0479
	56582	0.048
	57510	0.0495
	54436	0.050357219999999994
	54522	0.050450129999999996
	53610	0.05237027
	54531	0.0529587
	53492	0.053361309999999995
	54410	0.053856829999999994
	59090	0.055529999999999996
	57522	0.0587
	53704	0.0594624
	56751	0.0598
	54615	0.059988889999999996
	59228	0.060390000000000006
	53917	0.062280669999999996
	54416	0.06389111
	54429	0.06497505999999999
	53769	0.06615192
	53518	0.06618289
	53750	0.06646162
	57132	0.0706116
	56790	0.0722
	57976	0.0724
	54621	0.07243883
	58844	0.07271999999999999
	59227	0.07317
	59940	0.0748
	54431	0.07600037999999999
	56994	0.0782
	56082	0.07891156
	54428	0.08104848999999999
	56836	0.0818
	52656	0.08287572
	57609	0.0848
	58921	0.08496
	53619	0.08699472999999999
	57129	0.08711860999999999
	59059	0.08739000000000001
	54421	0.08789285999999999
	57966	0.0883
	59113	0.09027
	56755	0.0912
	53490	0.09256932999999999
	59757	0.0926
	57359	0.0938
	59038	0.09441
	58935	0.09549
	56752	0.0955
	54708	0.09551148
	57030	0.09805101999999999
	53674	0.09826781
	59758	0.0985
	53614	0.099104
	57799	0.09999000000000001
	57608	0.1001
	53699	0.10278942999999999
	57216	0.1036
	57029	0.10433792999999998
	53757	0.10452375
	57507	0.1048
	57520	0.106
	54533	0.10635097999999998
	57811	0.1082
	54605	0.10938603999999999
	57034	0.11087259999999999
	54406	0.11353601999999999
	57829	0.1141
	57891	0.1143
	52986	0.11483676
	57232	0.11619943999999999
	54619	0.11644719999999999
	59945	0.1168
	59058	0.11781
	53615	0.11914158999999999
	59117	0.12096
	54603	0.12291992999999998
	53696	0.12394193999999999
	53928	0.12443745999999999
	59421	0.12546
	57037	0.12576916999999999
	57906	0.1263
	56071	0.12645051
	58822	0.12744
	57502	0.1281
	56651	0.1294
	56684	0.1295
	53829	0.12960945
	59081	0.12978
	56645	0.1322
	54613	0.13264451
	53580	0.13323294
	53612	0.13360458
	54620	0.13546278
	59021	0.13725
	56533	0.1374
	53768	0.13759971
	54318	0.13908626999999998
	53689	0.14221424
	56786	0.1454
	54432	0.1458687
	56891	0.1469
	57324	0.147
	53688	0.14738622999999998
	53850	0.14757204999999998
	56996	0.1486
	56080	0.14893473
	53588	0.14921346
	59034	0.15030000000000002
	57025	0.15169106
	56498	0.1524
	59289	0.15453
	53953	0.15491193999999997
	54622	0.15553134
	53903	0.15714177999999998
	54612	0.15822572999999998
	58654	0.16308
	59485	0.16983
	57048	0.17169768
	57137	0.17256484
	53944	0.17479467999999998
	59306	0.17577
	57985	0.1766
	54527	0.17767488999999997
	57038	0.17916145
	54517	0.17931629999999998
	53673	0.17996666999999997
	53883	0.18253718
	56483	0.1826
	57033	0.18306366999999998
	52418	0.18585096999999998
	58742	0.18774000000000002
	54311	0.18823566
	59293	0.1917
	57021	0.19288116
	53585	0.19359347
	53499	0.19368637999999996
	54434	0.1938722
	54701	0.19421286999999998
	54449	0.19672143999999997
	58707	0.19737
	52978	0.19768150999999998
	54507	0.19805314999999998
	53872	0.19857963999999997
	58652	0.19917
	53879	0.19978747
	59851	0.2017
	57032	0.20207925
	54751	0.20362774999999997
	56479	0.207
	53955	0.20787064
	59041	0.20970000000000003
	54614	0.21013144999999997
	53777	0.21223741
	53790	0.21264001999999999
	59297	0.21294000000000002
	59948	0.2154
	57026	0.21589186999999999
	53874	0.21613962999999997
	57416	0.2187
	57035	0.21991796999999996
	57894	0.22023
	53740	0.22552353999999997
	57238	0.22710300999999997
	57518	0.2275
	56883	0.2294
	54420	0.22951866999999998
	56985	0.2297
	59065	0.23076000000000002
	58644	0.23175
	59107	0.23193
	53599	0.23400932
	53690	0.23404028999999998
	54610	0.23515520999999998
	54626	0.23521714999999996
	58927	0.23535
	53486	0.23676564999999997
	53789	0.23692049999999998
	58926	0.23886000000000002
	56844	0.2394
	59114	0.24039000000000002
	53857	0.2418757
	53930	0.24311449999999998
	57040	0.24395068999999997
	53695	0.24438427
	57039	0.24667604999999998
	54608	0.24704768999999996
	59640	0.24723
	54530	0.24844133999999998
	58845	0.25011
	59099	0.25083
	54521	0.2514764
	53926	0.25178609999999996
	53852	0.25228162
	53791	0.25330362999999995
	57055	0.25339654
	53942	0.25407788
	56571	0.2541
	57024	0.25423272999999996
	59116	0.25497000000000003
	53923	0.25652451
	54606	0.25711294
	56578	0.2572
	53517	0.25949763
	53698	0.26005509
	57445	0.2615
	57887	0.2621
	59842	0.2627
	58646	0.26361
	54645	0.26553678
	53594	0.26631103
	58559	0.27045
	57328	0.2739
	54541	0.27498263
	56697	0.2752
	53748	0.27547815
	53950	0.27588076
	54700	0.27634530999999996
	57044	0.27780089999999996
	54430	0.27987588999999996
	53646	0.28074305
	54617	0.28130051
	53948	0.28151729999999997
	56756	0.2817
	53691	0.28247737
	53666	0.28253931
	59324	0.28269
	53966	0.28455235999999995
	53865	0.28706092999999994
	53693	0.28910494999999997
	54405	0.29065345
	57242	0.29071538999999996
	54528	0.29080829999999996
	53957	0.29124188
	53924	0.29926311
	57958	0.30024
	59127	0.30204000000000003
	57437	0.3021
	59072	0.30258
	53488	0.3031963
	53856	0.30387763999999995
	54539	0.3053642
	59318	0.30582
	59492	0.30672
	57231	0.30731530999999995
	53854	0.30774889
	59224	0.30942000000000003
	56995	0.3121
	59109	0.31347
	56757	0.314
	57313	0.3141
	56783	0.3149
	56977	0.3173
	57041	0.31756638
	59446	0.3177
	54623	0.31883615
	56880	0.3196
	56788	0.3199
	58923	0.32022
	59298	0.32022
	56664	0.3212
	53738	0.32249060999999996
	57233	0.32298613
	53759	0.32450365999999997
	53947	0.32468948
	53751	0.32524694
	53487	0.32561857999999994
	53584	0.32633089
	53949	0.32927303999999996
	58705	0.32931
	54319	0.33199839999999997
	57022	0.33202937
	54532	0.33295846999999995
	54707	0.3330823499999999
	57047	0.3335469
	54535	0.33419726999999994
	53660	0.33583868
	52424	0.33633419999999997
	57718	0.3378
	57981	0.3381
	58907	0.33840000000000003
	53934	0.33955508
	53573	0.34367408999999993
	57447	0.344
	57541	0.3461
	59249	0.34650000000000003
	54609	0.34674011999999993
	57425	0.3468
	58642	0.34686
	53582	0.34720467
	59954	0.3499
	54705	0.35169532
	59632	0.35271
	53792	0.35411097999999996
	53954	0.35519492999999996
	56496	0.3586
	57031	0.35931393999999994
	57813	0.3604
	53767	0.36145087
	54304	0.36303033999999995
	57247	0.36411428999999995
	58912	0.36432
	58713	0.36441
	53478	0.36522920999999997
	57153	0.36584860999999996
	58706	0.37305
	57355	0.3744
	54308	0.3750467
	53694	0.37591386
	59854	0.3789
	59037	0.37944
	57309	0.3798
	57343	0.37984704999999996
	53873	0.38052838999999994
	53397	0.38111681999999997
	54525	0.3812407
	53848	0.38130263999999997
	54404	0.38343956999999995
	57245	0.38343956999999995
	54719	0.38443061
	56835	0.3862
	53871	0.38718694
	57042	0.38802312999999994
	54523	0.38892126
	54710	0.38963357
	56781	0.3897
	53785	0.3904387899999999
	56669	0.3924
	54624	0.39273056999999995
	54423	0.39282347999999995
	59255	0.39375
	53964	0.39381452
	53869	0.39449586
	57155	0.39585854
	56688	0.3959
	57140	0.39623018
	53859	0.39985366999999994
	53784	0.40031821999999995
	53564	0.40239320999999995
	58660	0.4032
	57329	0.4037
	54408	0.40762714
	57053	0.40762714
	53579	0.40821556999999997
	54752	0.4100428
	59082	0.41031
	53651	0.41140548
	54301	0.41320174
	58932	0.41400000000000003
	53567	0.41676328999999995
	54616	0.41741366
	59502	0.41742
	53841	0.421192
	53795	0.42162557999999994
	57023	0.42376251
	57049	0.42565168
	58643	0.42912
	54425	0.43088561
	59845	0.4313
	58714	0.43155
	57886	0.4328
	54534	0.43404455
	56989	0.4342
	53796	0.43522141
	57710	0.4382
	54412	0.4382255
	53958	0.43831841
	56748	0.4412
	58555	0.44379
	54753	0.44491502
	57349	0.4454
	59071	0.4464
	57974	0.449
	56580	0.4503
	53565	0.45070641
	53735	0.45535190999999997
	56494	0.4555
	54724	0.45563064
	59316	0.45585
	57362	0.4592
	54718	0.46043098999999993
	53967	0.46554104
	54618	0.46715147999999995
	57043	0.46786378999999995
	59106	0.47169
	53754	0.47257122999999995
	56671	0.4742
	59941	0.4749
	54704	0.4760398699999999
	58712	0.47790000000000005
	53782	0.47823873999999994
	56675	0.4785
	53679	0.4816454399999999
	53853	0.48257454
	53753	0.48300812
	57144	0.48316296999999997
	56782	0.4837
	54633	0.48529989999999995
	56385	0.4855
	54810	0.48551669
	56984	0.4864
	53863	0.48805623
	56739	0.4889
	56842	0.4917
	59303	0.49194
	53945	0.49294948999999993
	54714	0.49344500999999996
	53681	0.49632521999999996
	56673	0.4986
	53687	0.49895766999999996
	53880	0.49929834
	57248	0.50069199
	53763	0.50115654
	57045	0.5014972099999999
	57732	0.5015
	53931	0.50301474
	54716	0.50351026
	57948	0.50373
	57537	0.5056
	59319	0.50652
	58547	0.50661
	53981	0.5083725499999999
	54725	0.50917777
	54706	0.50933262
	59855	0.5101
	54713	0.51125276
	53832	0.51323484
	54711	0.5139471499999999
	53794	0.51636281
	53845	0.51673445
	53576	0.5234549399999999
	53941	0.5288437199999999
	54631	0.5297728199999999
	54401	0.53178587
	59321	0.5319
	56490	0.532
	53574	0.53509966
	59457	0.5373
	53929	0.53785599
	57821	0.5393
	57052	0.54002389
	54715	0.54020971
	57143	0.5403645599999999
	58556	0.54135
	53884	0.5413555999999999
	54804	0.54339962
	54723	0.54519588
	54800	0.5452578199999999
	59449	0.54549
	58928	0.5467500000000001
	59314	0.54801
	54816	0.55132794
	54702	0.5520092799999999
	53959	0.55492046
	53797	0.55550889
	53956	0.5563760499999999
	53893	0.55696448
	56746	0.562
	54801	0.5648308599999999
	53935	0.5656980199999999
	59856	0.5684
	59849	0.5713
	53798	0.57198493
	54709	0.5752058099999999
	54812	0.5757942399999999
	53658	0.5775595299999999
	54820	0.5800681
	58633	0.58203
	53963	0.5822050299999999
	54628	0.58273152
	53860	0.5843419599999999
	58918	0.58455
	56840	0.585
	53778	0.58505427
	54717	0.58539494
	53764	0.5866027699999999
	53877	0.5866956799999999
	56567	0.5874
	53756	0.5882441799999999
	54644	0.58827515
	53875	0.58870873
	54811	0.58883261
	53771	0.58932813
	53774	0.5911243899999999
	54809	0.5931374399999999
	53664	0.59335423
	54803	0.59437624
	53498	0.59694675
	53891	0.59694675
	59063	0.5971
	53578	0.59818555
	57339	0.5982
	53677	0.59837137
	53938	0.5987739799999999
	53862	0.5995482299999999
	57057	0.5997030799999999
	53864	0.6028310499999999
	58557	0.60354
	57505	0.6036
	56987	0.605
	53899	0.61119295
	57972	0.6121
	53760	0.6125246599999999
	56843	0.6205
	53772	0.6207626799999999
	54703	0.62085559
	56948	0.6213
	57046	0.6272663799999999
	53788	0.6285051799999999
	53399	0.6317570299999999
	53770	0.63556634
	54712	0.63739357
	59315	0.63891
	57254	0.6409551199999999
	57054	0.6416984
	58941	0.64251
	53678	0.6431849599999999
	56763	0.6493
	54726	0.64956478
	59647	0.65025
	53980	0.65095843
	54806	0.6518565599999999
	57825	0.654
	59848	0.657
	57060	0.66189084
	54632	0.66223151
	57154	0.66328449
	54823	0.6673105899999999
	53886	0.66972625
	53669	0.66991207
	54815	0.6718322099999999
	54821	0.67387623
	54728	0.67592025
	57462	0.677
	54732	0.67774748
	58629	0.67806
	57061	0.6808444799999999
	57932	0.6843
	59304	0.68868
	56889	0.6913
	56079	0.6916
	53776	0.6920556199999999
	54627	0.6921175599999999
	53962	0.69338733
	54722	0.69886902
	58568	0.6990299999999999
	57634	0.7001
	53970	0.7009130399999999
	59500	0.70101
	54814	0.7032667599999999
	54802	0.7050010800000001
	53590	0.70812905
	57536	0.7095
	57731	0.7096
	54764	0.71175254
	53799	0.7118144799999999
	53885	0.7146327499999999
	57969	0.7179
	54640	0.7211054799999999
	57540	0.7212
	53895	0.72153906
	57769	0.7222
	54774	0.72572001
	54766	0.72649426
	53659	0.7268659
	53996	0.72708269
	57798	0.7272900000000001
	53961	0.7281976099999999
	54808	0.72897186
	54818	0.7296222299999999
	53890	0.7304584199999999
	58917	0.73224
	54765	0.7336793
	54777	0.7386654699999999
	53896	0.74139083
	56761	0.7416
	53965	0.7429703
	54731	0.7447665599999999
	57949	0.7457400000000001
	53892	0.7524780899999999
	54805	0.7533762199999999
	58942	0.75879
	53787	0.7596321599999999
	53878	0.76430863
	57729	0.7663
	53897	0.7671888399999999
	58934	0.76779
	56038	0.769
	56886	0.7698
	53975	0.7714627
	53665	0.7736615699999999
	53773	0.7751481299999999
	58929	0.7752600000000001
	54734	0.77870968
	53894	0.78118728
	53888	0.7819924999999999
	53577	0.78301451
	52323	0.7854301699999999
	54807	0.78592569
	57936	0.7899
	56839	0.794
	53575	0.8037644099999999
	54755	0.80497224
	53882	0.80704723
	58567	0.80928
	57911	0.8095
	59322	0.8137800000000001
	53780	0.8148206999999998
	53968	0.8162143499999999
	56885	0.8192
	58606	0.8217000000000001
	57824	0.8223
	54912	0.8266822099999999
	53973	0.82789004
	54778	0.8298101799999998
	53685	0.83117286
	56841	0.8343
	53593	0.83467247
	53775	0.8349202299999999
	58632	0.83583
	58623	0.83934
	54730	0.84232206
	58635	0.84294
	54776	0.8481444199999999
	58931	0.84834
	54911	0.8506839599999999
	59951	0.8513
	54749	0.85170597
	54827	0.85486491
	57545	0.8552
	54729	0.8552055799999999
	59320	0.85914
	53662	0.86174025
	54871	0.8626383799999999
	54829	0.8666025399999999
	59102	0.86706
	54819	0.8754599599999999
	54737	0.87561481
	57699	0.87651
	54913	0.8766058499999999
	54759	0.87756592
	53781	0.8777207699999999
	53663	0.88010546
	53976	0.88310955
	54910	0.8881576599999998
	58558	0.8908200000000001
	58565	0.8908200000000001
	58569	0.89118
	57774	0.8926
	53783	0.8937632299999999
	57175	0.8982211999999999
	54826	0.90107215
	54916	0.9033329599999999
	54744	0.90454079
	54830	0.9050982499999999
	59847	0.9057
	57261	0.9062657999999999
	54918	0.9077926399999999
	54841	0.9104250899999999
	56969	0.9154
	54905	0.9167739399999999
	54921	0.9171455799999999
	57633	0.9174
	54920	0.91999482
	54843	0.9207071299999999
	57816	0.9221
	57543	0.9234
	54852	0.92349443
	54844	0.9242067399999999
	54828	0.9251358399999999
	53786	0.9255074799999999
	54738	0.9316395399999999
	54861	0.9318872999999999
	54915	0.9325996099999999
	56954	0.9331
	54833	0.9333428899999999
	59312	0.93393
	57458	0.9362
	54836	0.9379574199999999
	54824	0.9388245799999999
	54834	0.9393820399999999
	54825	0.9404969599999999
	54727	0.9426338899999999
	54842	0.9448017899999999
	54822	0.9468148399999999
	56881	0.9475
	54851	0.9501905699999998
	54736	0.9516151899999999
	56950	0.9584
	57789	0.9594
	57844	0.96
	54835	0.9612778299999999
	54837	0.9621140199999999
	54904	0.96480841
	58701	0.96561
	54914	0.96561363
	56944	0.9685
	56846	0.9693
	57915	0.9714
	54855	0.9736658299999998
	54909	0.9743471699999999
	54857	0.9752453
	57719	0.9792
	54917	0.9803243799999999
	54832	0.98137736
	57965	0.9883
	54919	0.9895534399999999
	54932	0.99447767
	57544	0.9953
	57947	0.99621
	54831	0.9974507899999999
	54935	0.99884444
	54925	1.0040164299999998
	54908	1.00661791
	56785	1.0076
	58550	1.0079099999999999
	54922	1.0087238699999999
	56982	1.0089
	54848	1.00921939
	54863	1.01092274
	54906	1.0113872899999998
	54945	1.0138958599999999
	54907	1.0151966
	58011	1.0187891199999999
	58002	1.018913
	57696	1.0215
	54923	1.02179321
	58021	1.02306298
	54929	1.0254166999999998
	54853	1.02656259
	58634	1.02735
	54943	1.02845176
	57828	1.0286
	54846	1.03052675
	58637	1.03275
	57842	1.0354
	58003	1.04526847
	54940	1.04545429
	56854	1.0473
	56946	1.0489
	58710	1.04922
	56952	1.0531
	58616	1.0534500000000002
	54936	1.0555814799999998
	59313	1.05786
	59124	1.05831
	54849	1.05960758
	57237	1.0606
	56973	1.0607
	58020	1.06982768
	56851	1.0712
	54938	1.07230528
	57882	1.0801
	57156	1.08308056
	54927	1.0848791
	56959	1.0893
	58022	1.0933029399999998
	57956	1.09782
	58631	1.09836
	57345	1.1037
	59310	1.10394
	57827	1.1071
	56856	1.1077
	58025	1.1131237399999998
	57793	1.1135700000000002
	57957	1.11528
	58024	1.1264408399999999
	58030	1.1334090899999998
	57792	1.1352600000000002
	56772	1.1388
	54939	1.1389527199999998
	57176	1.14571748
	58936	1.14633
	57860	1.1492
	58032	1.15226982
	57737	1.1564
	57642	1.1579
	56876	1.16
	58034	1.16087948
	58624	1.16388
	59125	1.16982
	57698	1.18107
	56882	1.1822
	57954	1.18485
	59134	1.1862000000000001
	59137	1.18782
	56873	1.1925
	56958	1.2017
	56978	1.2094
	57169	1.21284828
	58549	1.22301
	59131	1.22679
	58938	1.2392100000000001
	56872	1.2408
	56849	1.2413
	58548	1.2426300000000001
	57881	1.2489
	59133	1.25964
	56778	1.2721
	58605	1.27719
	57832	1.2788
	56951	1.2935
	58627	1.29726
	56764	1.3055
	57178	1.3101601999999999
	57766	1.3154
	57640	1.3192
	56867	1.3369
	56964	1.347
	57942	1.34838
	57781	1.3509
	58620	1.3578299999999999
	57776	1.3642
	58619	1.37241
	57964	1.3752900000000001
	58562	1.38825
	57839	1.3887
	59130	1.40571
	58625	1.4073300000000002
	57361	1.4084
	57796	1.42443
	58626	1.43064
	54817	1.4337696399999997
	56878	1.4363
	57734	1.4388
	58544	1.4542199999999998
	56863	1.4546
	56871	1.4582
	56975	1.4784
	57368	1.4872
	57358	1.4874
	57846	1.4885
	57870	1.4933
	58542	1.49517
	56775	1.4953
	59126	1.50129
	57941	1.51281
	58704	1.5219
	56875	1.5244
	58519	1.5435
	56774	1.5457
	57643	1.5476
	57962	1.5611
	57249	1.5627
	54902	1.57185936
	58609	1.57401
	56869	1.5784
	56879	1.5857
	57188	1.5901122799999998
	57056	1.5958267199999998
	57786	1.60281
	58608	1.60389
	54903	1.60858712
	53993	1.60886452
	57451	1.6241
	57051	1.6403216799999998
	58607	1.6443
	58693	1.64655
	53995	1.64659092
	57841	1.647
	54901	1.6504190399999998
	57688	1.6552
	58618	1.6596000000000002
	57735	1.6612
	57071	1.6630129999999999
	57840	1.6643
	53992	1.6663417999999999
	57635	1.6704
	54900	1.67227816
	56898	1.6731
	57851	1.6741
	57333	1.6804
	56870	1.6806
	57173	1.68387348
	57086	1.69302768
	57274	1.6979099199999999
	53991	1.7046229999999998
	57089	1.7224875599999998
	53974	1.7229868799999999
	56766	1.7263
	58546	1.72647
	57728	1.7288
	56767	1.7296
	59122	1.7301600000000001
	58946	1.7312400000000001
	56777	1.7319
	57853	1.7321
	57189	1.7321410799999999
	53998	1.73341712
	53986	1.73574728
	58537	1.7359200000000001
	57181	1.7378555199999999
	57177	1.7409624
	57187	1.7424048799999998
	58615	1.74303
	57179	1.74695424
	57091	1.7495618
	56862	1.7571
	57098	1.7598810799999998
	53988	1.7602139599999997
	53979	1.76143452
	53983	1.7623221999999998
	57184	1.76293248
	53994	1.76415304
	53972	1.7695345999999998
	57273	1.7719202399999998
	57822	1.7763
	57185	1.7768024799999997
	53898	1.78013128
	57845	1.7935
	57087	1.79832872
	57095	1.7986061199999996
	57070	1.798939
	53889	1.80265616
	57193	1.8069836
	53978	1.80875896
	57093	1.8102014399999997
	57096	1.8153055999999999
	57875	1.8154
	57191	1.8184679599999998
	53989	1.8193001599999998
	57198	1.81935564
	53982	1.81991044
	57063	1.8240159599999999
	57072	1.82451528
	57180	1.8254584399999998
	56961	1.8343
	57186	1.8350009999999999
	53997	1.83572224
	57183	1.83710924
	53985	1.83810788
	57464	1.839
	53987	1.8391619999999997
	57182	1.8408818799999997
	57194	1.84293464
	53984	1.8431010799999998
	57090	1.8509792399999998
	57079	1.8523107599999997
	57099	1.8565272399999997
	57094	1.8569155999999998
	57294	1.8580252
	57271	1.8594676799999998
	58944	1.86075
	57876	1.8668
	56768	1.8709
	57080	1.8732821999999998
	57285	1.8768329199999998
	58001	1.87727676
	57083	1.87821992
	57281	1.8790521199999997
	57065	1.8813822799999997
	57076	1.88193708
	58614	1.88424
	57085	1.8886501599999999
	57195	1.88914948
	58612	1.89045
	57872	1.8933
	57290	1.9028530399999999
	57075	1.9033523599999997
	58005	1.90618184
	57292	1.9097880399999998
	57082	1.9132832799999997
	58008	1.9132832799999997
	58004	1.9135051999999997
	57754	1.9158
	57084	1.92793
	57077	1.9293724799999998
	56966	1.9308
	58100	1.9309259199999997
	58007	1.93308964
	57297	1.9339773199999999
	57067	1.9341992399999999
	57772	1.9466
	56970	1.9505
	57081	1.95128708
	58017	1.95339532
	58101	1.95849948
	57078	1.9746996399999999
	57293	1.9789161199999998
	58622	1.98162
	58006	1.9942285999999998
	58104	1.9950053199999997
	57197	2.0001649599999998
	56962	2.0149
	57196	2.01686444
	57162	2.01736376
	57859	2.01816
	57390	2.02845976
	58449	2.0288700000000004
	57074	2.03067896
	56949	2.0318
	57192	2.0467126799999997
	57257	2.0534
	57779	2.0536
	57066	2.0600833599999997
	57460	2.0726
	58208	2.0767273599999996
	57466	2.0872
	57475	2.0879
	57780	2.0905
	57299	2.1027474799999997
	57857	2.1088
	58543	2.1093300000000004
	57874	2.1137
	57396	2.1178380399999996
	57296	2.12022368
	57295	2.12194356
	58205	2.12804636
	57955	2.1381300000000003
	58111	2.14807464
	57871	2.1523
	57461	2.1532
	58207	2.1772571199999997
	57298	2.1794763199999996
	57647	2.1907
	58602	2.1924900000000003
	57767	2.1991
	57773	2.2184
	57778	2.2185
	57259	2.2225
	58601	2.22696
	58468	2.23056
	57768	2.2348
	58301	2.24172488
	58527	2.24532
	57469	2.2504
	57758	2.275
	57465	2.277
	57694	2.28843
	57777	2.2909
	57739	2.2942
	57760	2.3022
	57960	2.3129999999999997
	57867	2.3217
	58529	2.32425
	57662	2.3294
	58453	2.34477
	57868	2.3569
	57865	2.358
	58563	2.35917
	57763	2.3719
	58508	2.37213
	57741	2.3747
	57762	2.3755
	58514	2.39067
	57742	2.3972
	58509	2.42055
	58459	2.4377400000000002
	57738	2.4398
	57377	2.4538
	57866	2.4547
	57554	2.4829
	58517	2.49066
	58600	2.49579
	57586	2.4963
	58503	2.4979500000000003
	58448	2.50083
	57687	2.5038
	57679	2.5068
	58510	2.51271
	58512	2.51604
	57680	2.5211
	57477	2.5251
	58455	2.52522
	57736	2.5283
	58570	2.52927
	57752	2.5338
	57256	2.5424
	57761	2.5433
	58531	2.5469
	57673	2.5546
	58477	2.556
	57674	2.5584
	57574	2.563
	58534	2.5717
	58506	2.57409
	58457	2.5785000000000005
	57253	2.596
	57575	2.6114
	57771	2.6214
	58467	2.63898
	57678	2.6565
	57745	2.6608
	57743	2.6966
	58530	2.6983
	57562	2.6994
	58520	2.6998
	57565	2.7009
	57581	2.7044
	57598	2.71062
	58419	2.7188
	58507	2.7201600000000004
	58458	2.7239400000000002
	57661	2.7312
	58523	2.7326
	57682	2.7342
	58502	2.73744
	57589	2.7375
	57669	2.7443
	58472	2.74968
	57671	2.7508
	57566	2.7563
	57571	2.7805
	57663	2.7868
	57595	2.7897
	57666	2.79
	57564	2.7996
	57646	2.8138
	57573	2.8305
	57744	2.8378
	57584	2.8497
	57558	2.8549
	58428	2.8576
	57577	2.8623
	57363	2.864
	58426	2.8688
	58500	2.8691
	58438	2.8806
	57476	2.8828
	58501	2.8843
	58435	2.886
	58454	2.89674
	58456	2.91735
	57260	2.9221
	58484	2.9263500000000002
	57658	2.9434
	57582	2.9676
	57378	2.9768
	57370	2.991
	57265	3.0086
	57655	3.0096
	57493	3.018
	57585	3.0374
	57485	3.0492
	58418	3.061
	57649	3.0636
	58404	3.0641
	58464	3.06747
	58409	3.0796
	58450	3.08835
	57489	3.0996
	58446	3.1013100000000002
	57583	3.1131
	57590	3.1226
	58451	3.12849
	57657	3.1357
	57494	3.1723
	58437	3.1844
	57499	3.1904
	58452	3.19815
	57498	3.207
	57251	3.2444
	57740	3.2482
	57496	3.2772
	58417	3.2857
	57486	3.2903
	57268	3.2983
	57483	3.3029
	58407	3.3208
	58414	3.3409
	57278	3.3458
	58013	3.3478
	58401	3.3628
	58415	3.3685
	57279	3.3759
	58416	3.4041
	58443	3.41622
	57387	3.4502
	57481	3.4633
	58402	3.4643
	58015	3.5012
	58408	3.5118
	58441	3.5125
	58356	3.5285
	58463	3.5354
	58421	3.5552
	58461	3.572
	58108	3.5995
	58102	3.6
	58423	3.6068
	58366	3.6122
	58369	3.6265
	58203	3.633
	58012	3.6358
	58150	3.6391
	58460	3.6415
	58125	3.6479
	58140	3.6495
	58049	3.6511
	57381	3.6516
	57482	3.6587
	58146	3.6741
	58141	3.6759
	58462	3.6767
	58269	3.6832
	58259	3.6844
	58016	3.6851
	58040	3.6851
	58264	3.6865
	58268	3.6895
	58210	3.6946
	58427	3.6959
	58116	3.7003
	57395	3.7057
	58045	3.7076
	58109	3.708
	58361	3.7112
	58107	3.7191
	58126	3.7191
	58158	3.7206
	58317	3.7252
	58362	3.7295
	58367	3.7296
	57491	3.7389
	58360	3.7391
	58154	3.7416
	58365	3.742
	57388	3.7423
	58420	3.7588
	58143	3.7605
	58027	3.7637
	58139	3.7858
	58117	3.7905
	57492	3.7915
	58202	3.797
	58250	3.7989
	58048	3.8024
	58251	3.8169
	58132	3.819
	58041	3.8215
	58243	3.8262
	58128	3.8351
	58424	3.8359
	58377	3.8405
	58265	3.853
	58338	3.8597
	58114	3.8599
	58359	3.8602
	58113	3.8627
	57389	3.8652
	58358	3.8708
	58131	3.8725
	58212	3.8817
	58432	3.883
	58352	3.8861
	58255	3.8921
	58436	3.8925
	58240	3.8971
	58334	3.8981
	57385	3.8984
	58148	3.8987
	58036	3.8999
	58353	3.9042
	58127	3.9063
	58145	3.9081
	58122	3.9104
	58354	3.9122
	58220	3.9201
	58026	3.9265
	58135	3.9411
	58214	3.9464
	58035	3.9496
	58339	3.9549
	58129	3.9585
	58236	3.9647
	58241	3.9704
	58130	3.9713
	58221	3.9723
	58254	3.9754
	58330	3.9756
	58242	3.9864
	58138	4.0093
	58047	4.0122
	58345	4.0156
	58343	4.0196
	58337	4.0218
	58224	4.0489
	58306	4.0506
	58442	4.0569
	58341	4.0592
	58118	4.0665
	58235	4.069
	58234	4.0706
	58429	4.0721
	58038	4.0765
	58327	4.0775
	58147	4.0783
	58044	4.0804
	57398	4.0825
	58246	4.1004
	58319	4.1015
	58238	4.1027
	58336	4.1081
	58230	4.1226
	58223	4.1248
	58316	4.1408
	58245	4.1601
	58244	4.1689
	58331	4.177
	58215	4.1818
	58257	4.1894
	58346	4.1909
	58222	4.1997
	58351	4.2001
	57399	4.2007
	58433	4.2113
	58314	4.2121
	58237	4.2166
	58321	4.2201
	58247	4.2264
	58323	4.2448
	58431	4.2473
	58249	4.248
	58225	4.2652
	58326	4.2737
	58342	4.2789
	58340	4.2941
	58335	4.3211
	58344	4.3355
	58329	4.3378
	58320	4.412
	58311	4.5165
