	53083	-3.4968
	54475	-3.15828
	54590	-3.05328
	54012	-3.01344
	54472	-2.9993999999999996
	50603	-2.988
	54497	-2.87316
	54476	-2.8337999999999997
	54231	-2.76468
	54234	-2.73444
	54584	-2.706
	54339	-2.70336
	50934	-2.6911199999999997
	54142	-2.68476
	50425	-2.66976
	54122	-2.6690400000000003
	54332	-2.66316
	50527	-2.63496
	54026	-2.63148
	56071	-2.62584
	54486	-2.6218799999999995
	50524	-2.54892
	54031	-2.49552
	54494	-2.4821999999999997
	54027	-2.4804
	54132	-2.44224
	54347	-2.397
	54575	-2.3662799999999997
	54244	-2.35872
	54662	-2.35812
	56390	-2.35452
	54336	-2.3282399999999996
	54134	-2.29056
	54363	-2.2681199999999997
	50758	-2.2544399999999998
	54047	-2.21772
	58130	-2.21604
	50928	-2.18652
	54493	-2.17032
	54471	-2.16732
	54474	-2.16468
	54483	-2.16348
	54568	-2.11908
	50136	-2.1082799999999997
	54248	-2.1042
	52972	-2.10384
	56952	-2.0964
	52978	-2.09148
	54154	-2.08344
	54777	-2.0664
	54436	-2.04816
	50945	-2.04756
	56297	-2.04564
	54563	-2.03424
	54335	-2.0298
	56757	-2.0286
	58026	-2.01804
	50838	-2.01204
	54579	-2.01084
	50833	-2.0046
	54327	-2.00148
	56394	-1.9960799999999999
	54164	-1.98888
	54135	-1.98792
	54236	-1.97616
	50647	-1.9558799999999998
	54470	-1.95528
	53490	-1.9537200000000001
	54725	-1.95
	54115	-1.9478399999999998
	59854	-1.93884
	54237	-1.9284
	53582	-1.9152
	54362	-1.9104
	54041	-1.8992399999999998
	56065	-1.8931199999999997
	56298	-1.8884400000000001
	58035	-1.88628
	53486	-1.8792
	53392	-1.86984
	58314	-1.8681599999999998
	53579	-1.8628799999999999
	54829	-1.85544
	58311	-1.845
	54225	-1.84284
	56856	-1.83828
	53483	-1.83612
	58016	-1.8271199999999999
	56386	-1.82364
	54776	-1.8199199999999998
	56395	-1.81824
	54616	-1.8158400000000001
	54778	-1.8127199999999999
	53491	-1.80876
	53195	-1.8026399999999998
	53584	-1.80144
	56389	-1.79808
	54455	-1.78044
	58111	-1.7667599999999999
	54226	-1.7665199999999999
	58316	-1.7620799999999999
	53664	-1.75848
	54628	-1.7322
	54328	-1.71708
	52985	-1.7162399999999998
	50655	-1.71252
	56393	-1.7056799999999999
	50526	-1.69848
	58040	-1.69128
	50854	-1.6910399999999999
	54334	-1.6777199999999999
	54624	-1.67448
	54204	-1.66656
	59650	-1.6649999999999998
	54621	-1.6643999999999999
	54338	-1.66368
	56199	-1.6576799999999998
	57362	-1.6556399999999998
	57363	-1.65396
	54454	-1.65288
	56276	-1.65024
	58030	-1.64676
	56745	-1.6464
	54774	-1.64556
	54254	-1.64448
	50656	-1.63524
	54871	-1.6344
	57281	-1.63044
	54263	-1.62936
	56851	-1.6286399999999999
	56755	-1.62732
	54922	-1.62312
	58131	-1.61184
	58138	-1.60392
	54434	-1.60188
	54904	-1.5984
	58320	-1.59648
	54331	-1.58652
	54432	-1.58412
	54342	-1.5768
	56197	-1.5768
	56399	-1.56612
	54113	-1.55364
	50431	-1.5523200000000001
	56189	-1.5515999999999999
	53397	-1.5484799999999999
	56387	-1.54836
	58001	-1.5468
	56748	-1.54392
	58047	-1.53636
	57093	-1.5346799999999998
	54439	-1.5327600000000001
	54613	-1.5326399999999998
	57361	-1.5306
	54908	-1.52436
	53908	-1.524
	56746	-1.51872
	54102	-1.51692
	54569	-1.5129599999999999
	58146	-1.51176
	50834	-1.5108
	57408	-1.50672
	54386	-1.5058799999999999
	54452	-1.5033599999999998
	53774	-1.49616
	54527	-1.4928
	57086	-1.4860799999999998
	58038	-1.4785199999999998
	54266	-1.47564
	54541	-1.4711999999999998
	59843	-1.47
	53575	-1.4677200000000001
	54644	-1.4652
	52982	-1.4647199999999998
	58147	-1.46364
	50745	-1.4624399999999997
	50727	-1.4622
	53983	-1.45884
	54274	-1.45836
	56391	-1.45668
	54304	-1.4544
	50639	-1.4521199999999999
	56291	-1.44936
	54925	-1.44384
	54812	-1.4431199999999997
	58101	-1.4410800000000001
	56382	-1.43952
	54712	-1.43712
	57090	-1.4327999999999999
	50632	-1.4284799999999997
	57085	-1.4257199999999999
	57094	-1.425
	54039	-1.4217600000000001
	57087	-1.41924
	56381	-1.4187599999999998
	56854	-1.41696
	54834	-1.41684
	54914	-1.41108
	54243	-1.4087999999999998
	52968	-1.4059199999999998
	53577	-1.4052
	58327	-1.4046
	58129	-1.39752
	56752	-1.3959599999999999
	57181	-1.3956
	53289	-1.3939199999999998
	54831	-1.39308
	56290	-1.39068
	54719	-1.3902
	52984	-1.3898399999999997
	58049	-1.3831200000000001
	50525	-1.3821599999999998
	58321	-1.38072
	54615	-1.3788
	54619	-1.3782
	58148	-1.37448
	57091	-1.37268
	53763	-1.37088
	56295	-1.36968
	54429	-1.36896
	52876	-1.3686
	54921	-1.36764
	54927	-1.3644
	59754	-1.36296
	54205	-1.36224
	57278	-1.35972
	56284	-1.35948
	58021	-1.3583999999999998
	57070	-1.3542
	57095	-1.35168
	53599	-1.3499999999999999
	56384	-1.34952
	50349	-1.34508
	53769	-1.3434
	57407	-1.341
	54851	-1.3398
	58126	-1.33812
	54731	-1.3332
	56188	-1.3280399999999999
	57304	-1.3254
	58027	-1.32048
	54218	-1.32012
	54715	-1.3198800000000002
	54940	-1.3192799999999998
	56756	-1.31748
	50755	-1.3145999999999998
	57099	-1.31076
	54349	-1.31064
	59848	-1.3078800000000002
	56964	-1.30476
	54305	-1.30284
	57297	-1.29888
	53997	-1.29624
	54842	-1.2946799999999998
	54208	-1.29396
	50767	-1.28928
	53748	-1.28808
	56281	-1.28652
	58214	-1.28508
	53590	-1.28436
	54645	-1.28304
	57065	-1.28232
	54622	-1.28112
	57180	-1.2802799999999999
	50756	-1.27572
	56767	-1.27416
	54261	-1.2731999999999999
	54909	-1.2706799999999998
	56187	-1.2700799999999999
	57082	-1.2656399999999999
	56288	-1.2640799999999999
	53694	-1.26312
	53770	-1.26036
	57295	-1.26012
	51886	-1.25784
	53385	-1.25556
	57083	-1.25376
	56285	-1.2536399999999999
	54827	-1.25232
	58100	-1.25172
	58143	-1.25088
	56082	-1.2419999999999998
	58025	-1.2379200000000001
	56190	-1.2361199999999999
	58323	-1.236
	50566	-1.23276
	56975	-1.23108
	57247	-1.2299999999999998
	52974	-1.2293999999999998
	54833	-1.22772
	58905	-1.22688
	56092	-1.2267599999999999
	57191	-1.2251999999999998
	58135	-1.22316
	58022	-1.21908
	50659	-1.2152399999999999
	56976	-1.2147599999999998
	56869	-1.21284
	54852	-1.21164
	58306	-1.2112800000000001
	54428	-1.2094799999999999
	54157	-1.2024
	54324	-1.2006
	54420	-1.20024
	53881	-1.1974799999999999
	54323	-1.1967599999999998
	56287	-1.19628
	54939	-1.19364
	58013	-1.1898
	50842	-1.18776
	54520	-1.1862
	57268	-1.1844
	58150	-1.1834399999999998
	57067	-1.18176
	57260	-1.18176
	59278	-1.1814
	57299	-1.18128
	58145	-1.17576
	54910	-1.17576
	58017	-1.17528
	50936	-1.1747999999999998
	53662	-1.17444
	57063	-1.17048
	53484	-1.16832
	54821	-1.1663999999999999
	53682	-1.1658
	58207	-1.16556
	56949	-1.16232
	57296	-1.16124
	58132	-1.161
	57486	-1.15584
	56194	-1.15272
	57395	-1.149
	58006	-1.14852
	56751	-1.14744
	57173	-1.14564
	53378	-1.1441999999999999
	50844	-1.1434799999999998
	53753	-1.1423999999999999
	53906	-1.14144
	53950	-1.1401199999999998
	56645	-1.1394
	53594	-1.13928
	56966	-1.13808
	53699	-1.13784
	59851	-1.1348399999999998
	54313	-1.12932
	58102	-1.1286
	56396	-1.1274
	54449	-1.12728
	57089	-1.1217599999999999
	58002	-1.12104
	54117	-1.12008
	57084	-1.1181599999999998
	56181	-1.1170799999999999
	54213	-1.113
	50749	-1.1112
	57279	-1.1108399999999998
	54703	-1.10604
	52980	-1.10412
	58108	-1.10256
	57481	-1.10076
	53499	-1.0948799999999999
	52988	-1.09092
	54816	-1.09068
	57096	-1.08564
	57993	-1.08528
	53348	-1.0831199999999999
	54612	-1.0794
	53481	-1.0781999999999998
	54905	-1.0768799999999998
	53768	-1.07568
	54626	-1.07568
	54377	-1.07544
	53772	-1.0715999999999999
	56383	-1.06932
	57489	-1.06896
	58254	-1.068
	55655	-1.06668
	54597	-1.06464
	54319	-1.0622399999999999
	56280	-1.05804
	54722	-1.0577999999999999
	58319	-1.05312
	54806	-1.0517999999999998
	53692	-1.04796
	54627	-1.0404
	57274	-1.03992
	56296	-1.03836
	53954	-1.0358399999999999
	53959	-1.03488
	54156	-1.03392
	57098	-1.03332
	54727	-1.0332
	53795	-1.03164
	54453	-1.02948
	58020	-1.02684
	54718	-1.02648
	56766	-1.02648
	54710	-1.02612
	54165	-1.02432
	56380	-1.0242
	57505	-1.023
	50741	-1.02216
	53660	-1.0215599999999998
	57106	-1.02
	53674	-1.01988
	58015	-1.0194
	53565	-1.01532
	58127	-1.0149599999999999
	58012	-1.0142399999999998
	56742	-1.0142399999999998
	58041	-1.00872
	57298	-1.00776
	58804	-1.00644
	53778	-1.00392
	54723	-1.00344
	53958	-1.00308
	58034	-1.002
	59856	-0.99744
	54912	-0.9952799999999999
	58240	-0.9946799999999999
	54844	-0.9925199999999998
	53695	-0.98892
	58125	-0.98556
	57285	-0.9848399999999999
	52993	-0.98436
	58024	-0.98304
	58004	-0.9815999999999999
	58116	-0.9785999999999999
	51058	-0.97836
	57502	-0.97464
	54811	-0.9740399999999999
	50646	-0.97368
	54906	-0.97248
	52963	-0.97116
	53956	-0.97116
	57445	-0.9670799999999999
	56959	-0.9665999999999999
	58139	-0.9653999999999999
	53688	-0.96432
	56898	-0.96252
	54766	-0.9622799999999999
	54534	-0.96012
	54903	-0.96012
	57175	-0.9588
	59658	-0.95844
	53467	-0.9560399999999999
	54737	-0.95544
	53676	-0.9537599999999999
	54438	-0.95184
	54836	-0.948
	56081	-0.94512
	57194	-0.9433199999999999
	53576	-0.9399599999999999
	56286	-0.9372
	54751	-0.9352799999999999
	54353	-0.9348
	54523	-0.9332399999999998
	57078	-0.9258
	54416	-0.92316
	57271	-0.92016
	59427	-0.92004
	53593	-0.9185999999999999
	57182	-0.9175199999999999
	53857	-0.91716
	53848	-0.91692
	54424	-0.9160799999999999
	56186	-0.9151199999999999
	53578	-0.9144
	50247	-0.91236
	54437	-0.90936
	57184	-0.9079200000000001
	54614	-0.90204
	58008	-0.9015599999999999
	54421	-0.9015599999999999
	56989	-0.9012
	56289	-0.9001199999999999
	57183	-0.89916
	56195	-0.89628
	54528	-0.89052
	54824	-0.8892
	54835	-0.88776
	57389	-0.88752
	54337	-0.88716
	56272	-0.88632
	54932	-0.8812800000000001
	58223	-0.8800800000000001
	53756	-0.87996
	54832	-0.87852
	57370	-0.8766
	57253	-0.87648
	54517	-0.8762399999999999
	56548	-0.8752800000000001
	57113	-0.87444
	57075	-0.87252
	50983	-0.8715599999999999
	54301	-0.8679600000000001
	53391	-0.86652
	53669	-0.8658
	50937	-0.8630399999999999
	54260	-0.8630399999999999
	56091	-0.8619600000000001
	54843	-0.8614799999999999
	53821	-0.861
	59849	-0.8607600000000001
	53961	-0.85728
	53750	-0.8570399999999999
	57044	-0.85668
	54507	-0.85668
	54325	-0.8557199999999999
	54249	-0.85332
	57248	-0.85044
	54351	-0.84984
	54374	-0.84468
	50445	-0.84336
	57047	-0.837
	58241	-0.83316
	51495	-0.83196
	58326	-0.831
	58158	-0.8286
	58036	-0.82788
	54817	-0.82692
	57377	-0.8261999999999999
	54214	-0.8261999999999999
	53972	-0.82524
	53478	-0.82464
	53860	-0.82356
	57074	-0.82128
	54531	-0.82044
	57002	-0.8169599999999999
	53673	-0.8154
	58104	-0.81528
	57307	-0.81504
	57049	-0.81252
	57460	-0.81252
	57525	-0.81168
	52875	-0.80772
	53457	-0.80712
	50442	-0.80604
	51559	-0.80592
	54713	-0.80544
	58032	-0.80508
	57195	-0.80472
	53488	-0.80448
	54419	-0.8034
	53487	-0.8024399999999999
	54609	-0.80136
	57387	-0.8009999999999999
	52895	-0.79992
	54601	-0.7949999999999999
	54820	-0.79464
	57522	-0.7941600000000001
	53976	-0.7936799999999999
	57081	-0.7916399999999999
	54800	-0.7901999999999999
	57056	-0.7894800000000001
	57265	-0.7884
	58401	-0.7876799999999999
	53806	-0.78492
	50658	-0.7844399999999999
	58007	-0.7831199999999999
	53796	-0.77736
	58113	-0.77664
	56378	-0.77532
	54701	-0.77328
	57105	-0.77256
	57079	-0.7696799999999999
	57186	-0.7669199999999999
	54929	-0.76608
	53791	-0.76536
	50742	-0.76008
	53663	-0.75876
	53973	-0.7516799999999999
	54830	-0.74964
	58048	-0.7444799999999999
	54617	-0.7429199999999999
	53863	-0.7428
	57245	-0.7422000000000001
	56996	-0.7415999999999999
	57008	-0.7383599999999999
	50750	-0.73548
	58210	-0.7343999999999999
	53543	-0.73344
	53580	-0.73344
	52657	-0.73212
	57071	-0.73188
	57398	-0.73176
	54711	-0.7314
	56171	-0.7309199999999999
	54724	-0.72792
	54605	-0.7248
	56074	-0.72276
	50956	-0.72012
	56649	-0.7167600000000001
	57051	-0.7165199999999999
	54518	-0.7115999999999999
	53759	-0.71136
	53790	-0.70728
	54273	-0.70608
	54752	-0.70248
	54764	-0.7014
	54606	-0.7002
	54521	-0.69996
	58128	-0.69864
	54049	-0.6985199999999999
	58154	-0.69792
	57388	-0.6978
	57179	-0.6969599999999999
	50950	-0.69684
	53871	-0.696
	54620	-0.696
	50964	-0.6949199999999999
	53492	-0.69408
	53771	-0.69144
	53689	-0.6902400000000001
	57385	-0.69
	50861	-0.6898799999999999
	54749	-0.6884399999999999
	54841	-0.6858
	50852	-0.68112
	57520	-0.67992
	57111	-0.67944
	57076	-0.6762
	57513	-0.6755999999999999
	53399	-0.67548
	57177	-0.67368
	53690	-0.6729599999999999
	52602	-0.67272
	56196	-0.66984
	53917	-0.6689999999999999
	54169	-0.6689999999999999
	58356	-0.66864
	53817	-0.6669599999999999
	57066	-0.6644399999999999
	50960	-0.66384
	56494	-0.6606
	56079	-0.6596399999999999
	53975	-0.65904
	53697	-0.6588
	57132	-0.6584399999999999
	53696	-0.6582
	53698	-0.65688
	50953	-0.65676
	57187	-0.6556799999999999
	57193	-0.6556799999999999
	57006	-0.65544
	57192	-0.6549599999999999
	56490	-0.65412
	50564	-0.6523199999999999
	57198	-0.64608
	53784	-0.64608
	54321	-0.6449999999999999
	57211	-0.6444
	57077	-0.6432
	57257	-0.64284
	54502	-0.6423599999999999
	53894	-0.642
	53965	-0.6396000000000001
	56984	-0.63948
	58011	-0.63888
	54398	-0.6384
	54623	-0.6377999999999999
	57061	-0.63672
	58122	-0.63624
	53862	-0.63528
	52855	-0.63492
	53877	-0.63252
	56842	-0.62976
	54425	-0.62952
	53949	-0.6288
	53989	-0.6276
	53780	-0.62292
	50739	-0.6187199999999999
	53754	-0.61776
	54936	-0.6151199999999999
	53738	-0.6136799999999999
	54730	-0.6129600000000001
	52983	-0.6125999999999999
	56263	-0.6113999999999999
	54326	-0.61092
	54640	-0.60696
	54702	-0.606
	57196	-0.6043200000000001
	53982	-0.60288
	53897	-0.6023999999999999
	53984	-0.60204
	57320	-0.60132
	53785	-0.59832
	57162	-0.59688
	53957	-0.59004
	53856	-0.58812
	58317	-0.5860799999999999
	57308	-0.5857199999999999
	52998	-0.58404
	58264	-0.58344
	53988	-0.5826
	53845	-0.5815199999999999
	53955	-0.57348
	53775	-0.5723999999999999
	53680	-0.57168
	58109	-0.5710799999999999
	53985	-0.57072
	50940	-0.57
	54316	-0.564
	59842	-0.56328
	54320	-0.56028
	59425	-0.55596
	53760	-0.55548
	51526	-0.55452
	57516	-0.5535599999999999
	57405	-0.55152
	54064	-0.54984
	57052	-0.5496
	54618	-0.54924
	53841	-0.54696
	57242	-0.54516
	53995	-0.5448
	50948	-0.5444399999999999
	53149	-0.54372
	53994	-0.5436
	52986	-0.5418
	57128	-0.54096
	53691	-0.54084
	53794	-0.54
	53944	-0.53964
	54726	-0.53736
	57483	-0.53352
	54822	-0.53232
	54734	-0.5269199999999999
	56849	-0.5252399999999999
	54610	-0.5237999999999999
	56033	-0.52368
	57054	-0.51768
	53903	-0.51756
	54700	-0.51744
	53792	-0.5142
	57259	-0.51408
	58005	-0.51144
	53433	-0.50784
	54943	-0.50664
	57466	-0.50604
	52868	-0.5044799999999999
	54913	-0.5022
	53980	-0.50196
	56977	-0.5015999999999999
	57204	-0.50004
	57208	-0.49272
	54611	-0.49272
	54602	-0.4925999999999999
	53564	-0.49163999999999997
	54604	-0.49092
	54631	-0.48852
	57137	-0.48407999999999995
	58259	-0.48395999999999995
	57399	-0.48384
	53446	-0.48372
	54848	-0.483
	53864	-0.48144
	54714	-0.47952
	57057	-0.47927999999999993
	54608	-0.4758
	53986	-0.4716
	57035	-0.46931999999999996
	53998	-0.4692
	54900	-0.4662
	57038	-0.46595999999999993
	57126	-0.46355999999999997
	56173	-0.4632
	54633	-0.46308
	56792	-0.46115999999999996
	53883	-0.45768
	54907	-0.45708
	53891	-0.45443999999999996
	54603	-0.45276
	59855	-0.44856
	52418	-0.4482
	57273	-0.44723999999999997
	54539	-0.44208
	53899	-0.4416
	54825	-0.441
	57498	-0.43979999999999997
	57039	-0.43668
	54828	-0.43584
	57176	-0.43344
	50859	-0.42911999999999995
	53931	-0.42791999999999997
	57510	-0.42564
	53658	-0.42419999999999997
	54430	-0.42252
	56951	-0.42252
	53693	-0.41916
	53475	-0.41639999999999994
	58234	-0.41544
	56970	-0.41472000000000003
	53781	-0.41387999999999997
	57368	-0.41268
	53978	-0.41028
	53859	-0.40992
	53782	-0.40836
	57313	-0.40656
	58220	-0.40572
	57127	-0.40307999999999994
	56021	-0.40175999999999995
	56982	-0.40068
	53787	-0.40043999999999996
	57004	-0.40007999999999994
	56764	-0.39912
	53996	-0.39024
	56985	-0.38543999999999995
	53979	-0.38243999999999995
	53272	-0.38111999999999996
	57119	-0.37776000000000004
	51369	-0.37583999999999995
	53861	-0.37523999999999996
	57461	-0.37308
	56646	-0.3726
	56373	-0.37211999999999995
	53853	-0.36996
	51431	-0.36672
	57256	-0.36419999999999997
	57072	-0.36347999999999997
	54510	-0.36119999999999997
	53231	-0.36084
	53890	-0.35951999999999995
	54814	-0.35904
	53677	-0.35772
	53469	-0.35676
	57040	-0.35591999999999996
	57378	-0.35232
	54506	-0.35184
	53970	-0.35052
	51568	-0.34812000000000004
	52885	-0.34619999999999995
	58141	-0.34152
	53573	-0.34079999999999994
	53767	-0.34032
	53987	-0.33959999999999996
	54916	-0.33959999999999996
	53934	-0.33672
	57349	-0.33612000000000003
	57508	-0.33444
	53789	-0.33108
	53666	-0.32772
	52955	-0.3264
	56543	-0.32555999999999996
	59488	-0.32136
	53892	-0.32076
	51329	-0.318
	56198	-0.31704
	57359	-0.31655999999999995
	56491	-0.31523999999999996
	57494	-0.31428
	57001	-0.31355999999999995
	58117	-0.30851999999999996
	54636	-0.30828
	51328	-0.303
	54705	-0.29916
	56034	-0.29784
	57396	-0.29748
	53685	-0.2958
	58045	-0.29435999999999996
	53751	-0.29352
	50962	-0.29219999999999996
	51430	-0.29184
	57055	-0.29172
	59847	-0.29148
	56492	-0.28572
	54069	-0.28343999999999997
	54855	-0.28212
	54716	-0.28176
	53513	-0.27984
	54632	-0.27984
	57032	-0.27887999999999996
	58814	-0.27876
	57333	-0.27864
	54809	-0.27827999999999997
	54728	-0.27768
	57153	-0.27756
	53343	-0.27684
	54503	-0.27287999999999996
	54522	-0.27276
	53886	-0.27155999999999997
	53480	-0.27084
	53533	-0.27036
	53727	-0.26796
	52853	-0.26555999999999996
	53963	-0.26364
	57033	-0.26148
	57409	-0.26111999999999996
	57231	-0.25644
	57348	-0.25464
	54525	-0.25392
	57185	-0.25344
	57462	-0.25248
	57485	-0.25044
	57623	-0.24647999999999998
	58245	-0.24647999999999998
	57206	-0.24323999999999998
	53730	-0.24323999999999998
	53687	-0.24180000000000001
	53651	-0.24023999999999998
	50939	-0.2382
	57053	-0.23723999999999998
	57143	-0.23663999999999996
	57355	-0.23628
	50246	-0.23615999999999998
	58208	-0.23592
	59266	-0.23567999999999997
	51567	-0.23399999999999999
	53068	-0.23399999999999999
	57178	-0.23171999999999998
	52862	-0.23135999999999998
	51655	-0.2292
	52765	-0.22896
	58114	-0.22644
	53941	-0.22416
	54915	-0.22368000000000002
	58242	-0.22344
	53850	-0.2208
	58140	-0.22019999999999998
	57169	-0.22008
	57129	-0.219
	54935	-0.21708
	54923	-0.21696
	57080	-0.21492
	53925	-0.21444
	53799	-0.21432
	58366	-0.2127
	58301	-0.21264
	54161	-0.21252000000000001
	57046	-0.21239999999999998
	53764	-0.21119999999999997
	52995	-0.20784
	57189	-0.20712
	59941	-0.20220000000000002
	50778	-0.20112
	58269	-0.2004
	54717	-0.19968
	51434	-0.19824
	53596	-0.19787999999999997
	58404	-0.19596
	54706	-0.19332
	53945	-0.19296
	57188	-0.19236
	56862	-0.192
	53567	-0.19091999999999998
	57390	-0.18971999999999997
	58118	-0.18732
	56948	-0.18708
	58402	-0.18444
	53679	-0.18252000000000002
	53968	-0.17988
	56096	-0.1782
	58222	-0.17748
	56192	-0.17292
	56643	-0.17159999999999997
	57491	-0.16979999999999998
	54192	-0.1686
	57496	-0.16763999999999998
	54755	-0.16752
	51467	-0.1632
	57482	-0.16223999999999997
	56080	-0.16212
	56180	-0.1602
	54738	-0.15888
	57402	-0.14952
	53707	-0.14459999999999998
	57315	-0.14268
	53916	-0.14196
	52996	-0.14051999999999998
	57238	-0.1404
	57154	-0.13871999999999998
	56279	-0.13632
	53545	-0.13296
	58362	-0.1291
	54181	-0.12852
	56434	-0.12431999999999999
	57909	-0.12419999999999999
	57213	-0.12383999999999999
	53948	-0.12215999999999999
	54823	-0.1218
	53678	-0.12096
	52842	-0.1206
	53732	-0.12
	53942	-0.11772
	59750	-0.11712
	57714	-0.11615999999999999
	53810	-0.11267999999999999
	54412	-0.11184000000000001
	58243	-0.10872
	53967	-0.10859999999999999
	54853	-0.10536
	59435	-0.10416
	57216	-0.10271999999999999
	54371	-0.10164
	52889	-0.10056
	57134	-0.09996
	58903	-0.09912
	57037	-0.09684
	51636	-0.0966
	54729	-0.09504
	54846	-0.09264
	53974	-0.09204
	53740	-0.09179999999999999
	58268	-0.0906
	56193	-0.08976
	53464	-0.08844
	50892	-0.08136
	59304	-0.08111999999999998
	50987	-0.07895999999999999
	58236	-0.07752
	54902	-0.07608
	51059	-0.07512
	52869	-0.07404
	50888	-0.07236
	53852	-0.0672
	54704	-0.06708
	52203	-0.06684
	59487	-0.06432
	56095	-0.06408
	54901	-0.06348
	57232	-0.060719999999999996
	50867	-0.06011999999999999
	56867	-0.05856
	56843	-0.05796
	57492	-0.057839999999999996
	53735	-0.053880000000000004
	57476	-0.05328
	58225	-0.051359999999999996
	57606	-0.04992
	54802	-0.046439999999999995
	53498	-0.046079999999999996
	54540	-0.045720000000000004
	50468	-0.04536
	57110	-0.043680000000000004
	54863	-0.04212
	51839	-0.0402
	54533	-0.0384
	56954	-0.03444
	54259	-0.03348
	57041	-0.030599999999999995
	56251	-0.0288
	53362	-0.02496
	51330	-0.02472
	51241	-0.02412
	56950	-0.022199999999999998
	54707	-0.019559999999999998
	58429	-0.0192
	57043	-0.01896
	54917	-0.018719999999999997
	56654	-0.01704
	51367	-0.01608
	56094	-0.01608
	54286	-0.01512
	57381	-0.0126
	52866	-0.012119999999999999
	54346	-0.00888
	59758	-0.0084
	53619	-0.00804
	59265	-0.00564
	57254	-0.00216
	53928	-0.00216
	57314	-0.0014399999999999999
	50879	-9.6E-4
	58230	-4.8E-4
	56228	-3.5999999999999997E-4
	57124	1.2E-4
	57625	9.6E-4
	54252	0.0024
	58265	0.00276
	50985	0.0030
	54804	0.00444
	58818	0.00456
	53865	0.00456
	53993	0.0070799999999999995
	54708	0.0072
	57294	0.00828
	57011	0.00852
	54765	0.012839999999999999
	53553	0.013919999999999998
	53466	0.015
	59632	0.0162
	53602	0.018359999999999998
	50963	0.01896
	51571	0.019559999999999998
	57003	0.0198
	59845	0.0234
	58107	0.02376
	52674	0.025920000000000002
	57324	0.02712
	57475	0.027719999999999998
	58255	0.027719999999999998
	58044	0.0282
	54607	0.02868
	58221	0.02928
	57401	0.030599999999999995
	54938	0.03072
	51465	0.03156
	56278	0.03168
	56973	0.03168
	56969	0.0324
	56878	0.03348
	52896	0.03528
	53869	0.03648
	57293	0.037439999999999994
	56836	0.03768
	53723	0.03972
	54267	0.041519999999999994
	53618	0.0438
	54065	0.04548
	51827	0.04596
	56093	0.046079999999999996
	50858	0.046439999999999995
	54849	0.04667999999999999
	59270	0.047760000000000004
	57217	0.04836
	56097	0.048479999999999995
	54918	0.049319999999999996
	51931	0.05064
	54431	0.05159999999999999
	54920	0.051840000000000004
	53529	0.05316
	57541	0.05448
	56178	0.0552
	57029	0.057719999999999994
	53953	0.06144
	53776	0.061799999999999994
	52515	0.06288
	59647	0.06348
	53966	0.06359999999999999
	53574	0.06408
	54308	0.06432
	58714	0.0648
	53964	0.06516
	57021	0.06552
	58003	0.06696
	57012	0.06767999999999999
	56944	0.06792
	53896	0.06971999999999999
	56043	0.07116
	57102	0.07343999999999999
	52378	0.07404
	54805	0.07992
	53930	0.0804
	53681	0.08076
	59303	0.08195999999999999
	50851	0.08316
	57507	0.08424
	57309	0.08639999999999999
	53937	0.08927999999999998
	57511	0.09119999999999999
	56839	0.09227999999999999
	53505	0.09419999999999999
	59757	0.09468
	58907	0.096
	53659	0.0984
	50958	0.10619999999999999
	56641	0.10668000000000001
	53872	0.10727999999999999
	53878	0.1074
	58367	0.1076
	55773	0.10919999999999999
	56084	0.1098
	55664	0.1128
	57024	0.11291999999999999
	52797	0.11615999999999999
	57464	0.11772
	56478	0.1194
	57604	0.12072
	53866	0.126
	57605	0.12827999999999998
	56593	0.12827999999999998
	57290	0.13104
	56946	0.13104
	59264	0.13392
	59951	0.13812
	58244	0.14016
	50973	0.14051999999999998
	53777	0.14135999999999999
	57465	0.14279999999999998
	57048	0.14376
	51352	0.14459999999999998
	58235	0.14772
	54098	0.1536
	58330	0.15456
	54803	0.16163999999999998
	53463	0.16704
	57031	0.16752
	57261	0.16884
	58205	0.17064
	53547	0.17148
	54535	0.17172
	54815	0.17316
	54818	0.17639999999999997
	53889	0.17688
	50979	0.17772000000000002
	50871	0.17808
	54401	0.17952
	53562	0.17988
	57922	0.1818
	57339	0.18204
	54511	0.18275999999999998
	50779	0.18336
	57469	0.18372000000000002
	57537	0.18384
	53797	0.18468
	56247	0.1872
	56016	0.18936
	50954	0.18996
	52784	0.18996
	53893	0.19271999999999997
	54099	0.1932
	58442	0.19427999999999998
	54709	0.19487999999999997
	52679	0.1986
	51377	0.20076
	54807	0.20112
	58416	0.20220000000000002
	51356	0.20496
	59276	0.20603999999999997
	56774	0.207
	53705	0.20723999999999998
	53854	0.20736000000000002
	53357	0.20819999999999997
	53472	0.21132
	55279	0.21203999999999998
	58215	0.21444
	51133	0.21755999999999998
	58338	0.21948
	53938	0.22032000000000002
	54076	0.222
	53704	0.22524
	52884	0.22583999999999999
	56493	0.22704
	59454	0.22788
	57545	0.22967999999999997
	53519	0.23112
	57536	0.23435999999999998
	51730	0.23484
	54857	0.23856
	57060	0.24036
	54423	0.24036
	54093	0.24180000000000001
	56045	0.24444
	57902	0.24779999999999996
	53910	0.24779999999999996
	59133	0.24828
	54276	0.24828
	58906	0.2502
	59663	0.25272
	51814	0.25284
	53512	0.25355999999999995
	57023	0.25632
	54501	0.25668
	57014	0.25728
	51717	0.25812
	56844	0.26004
	54399	0.26016
	56496	0.26039999999999996
	53895	0.26052
	56994	0.26208
	57034	0.26352
	55437	0.26364
	59480	0.2658
	57438	0.2694
	54433	0.2694
	58331	0.27
	59417	0.27636
	53611	0.27671999999999997
	57343	0.27864
	58334	0.28116
	59137	0.28116
	53923	0.28368
	57233	0.28548
	52863	0.28608
	58365	0.2861
	56835	0.28656
	57318	0.28703999999999996
	54293	0.28728
	57197	0.28896
	53829	0.29135999999999995
	58335	0.29496
	54515	0.29712
	50884	0.30023999999999995
	59130	0.30216000000000004
	53992	0.30383999999999994
	58339	0.30419999999999997
	57317	0.30791999999999997
	53898	0.30888
	51829	0.31055999999999995
	56567	0.3108
	51628	0.31235999999999997
	56151	0.31368
	56761	0.31548000000000004
	53725	0.31632
	58212	0.32064
	53927	0.32112
	58665	0.32195999999999997
	57292	0.32232
	58826	0.32255999999999996
	53783	0.33108
	51433	0.33252
	51477	0.33492
	51572	0.33996
	51802	0.34056
	56185	0.34919999999999995
	53610	0.35184
	51709	0.35196
	54759	0.35268
	58361	0.3543
	54808	0.35664
	51463	0.35688
	51644	0.36191999999999996
	51826	0.3666
	57045	0.36672
	52943	0.36684
	58813	0.36696
	52681	0.37091999999999997
	57144	0.37128
	51353	0.37536
	57025	0.38028
	58345	0.38375999999999993
	57523	0.39432
	59092	0.39755999999999997
	59481	0.39840000000000003
	56067	0.39864
	56147	0.4008
	58250	0.40224
	58441	0.40884
	53924	0.40884
	51232	0.41136
	57903	0.41928
	53420	0.41952
	56473	0.42072000000000004
	58461	0.4209
	51359	0.42119999999999996
	53868	0.42252
	52825	0.42275999999999997
	56768	0.4236
	58354	0.42516
	52323	0.42732000000000003
	54505	0.42756
	57326	0.42876
	57809	0.42948
	54530	0.43164
	51708	0.43211999999999995
	53926	0.4326
	57411	0.43379999999999996
	53962	0.43379999999999996
	53384	0.43416
	53419	0.43956
	59838	0.44051999999999997
	54945	0.44124
	53798	0.4422
	51137	0.44232
	53612	0.44256
	57345	0.44268
	58377	0.44411999999999996
	57992	0.4458
	56846	0.44796
	57906	0.45036
	53773	0.45071999999999995
	54285	0.45071999999999995
	53947	0.45299999999999996
	59656	0.4542
	50862	0.45539999999999997
	53336	0.45539999999999997
	54919	0.45683999999999997
	54596	0.45935999999999994
	53646	0.46284
	50968	0.4632
	57413	0.4644
	52267	0.46656
	55690	0.47124
	57565	0.47172
	51707	0.47303999999999996
	59131	0.47435999999999995
	51358	0.47712
	58337	0.47867999999999994
	54513	0.48156
	54861	0.48695999999999995
	56651	0.4872
	51573	0.48779999999999996
	54736	0.49044
	56480	0.49199999999999994
	53884	0.49224
	52874	0.49476
	51815	0.49499999999999994
	50434	0.49752
	53615	0.49788
	57328	0.49884
	57558	0.50004
	53522	0.50244
	54519	0.5074799999999999
	51642	0.51204
	59475	0.5131199999999999
	53873	0.51444
	56227	0.5177999999999999
	54410	0.51816
	50873	0.51852
	56962	0.522
	53757	0.52584
	54512	0.52608
	57251	0.5269199999999999
	54732	0.52764
	59659	0.53028
	59001	0.53076
	57976	0.53448
	53517	0.53484
	59074	0.5364
	51145	0.537
	57425	0.5406
	57156	0.54252
	54801	0.5431199999999999
	53324	0.54384
	53879	0.54516
	51378	0.54564
	54810	0.5466
	57493	0.54672
	52957	0.55332
	58666	0.55716
	57477	0.56196
	59431	0.56736
	57030	0.57132
	51810	0.5723999999999999
	56838	0.5727599999999999
	59289	0.57396
	56004	0.57504
	56763	0.57672
	59055	0.57888
	53276	0.5815199999999999
	53875	0.58332
	54514	0.58524
	57600	0.58536
	57026	0.5861999999999999
	59473	0.5861999999999999
	56441	0.58656
	58462	0.5879
	53832	0.58896
	56184	0.58944
	59107	0.59796
	51357	0.6005999999999999
	56778	0.60108
	58443	0.60144
	57720	0.6017999999999999
	56376	0.60228
	53352	0.6039599999999999
	58658	0.60468
	52112	0.60708
	58336	0.612
	56584	0.6124799999999999
	59478	0.6217199999999999
	54594	0.62328
	59256	0.6252
	57612	0.62544
	57042	0.6264
	54753	0.6271199999999999
	58433	0.62724
	53665	0.62796
	53915	0.6283199999999999
	57905	0.6291599999999999
	56772	0.63024
	57016	0.6317999999999999
	58656	0.63276
	58929	0.63408
	56961	0.63588
	56385	0.6379199999999999
	51828	0.6381600000000001
	53991	0.64116
	50673	0.642
	54408	0.64308
	57519	0.6456000000000001
	56475	0.6514800000000001
	59288	0.65316
	59945	0.6552
	57249	0.6564
	57633	0.6594
	56775	0.6594
	55680	0.6596399999999999
	53368	0.6616799999999999
	56840	0.6636000000000001
	58202	0.66384
	54405	0.66396
	59099	0.6645599999999999
	59673	0.6646799999999999
	53786	0.6646799999999999
	59127	0.6649200000000001
	56652	0.66612
	54311	0.6676799999999999
	59269	0.6689999999999999
	50880	0.6691199999999999
	58806	0.66948
	59470	0.67104
	51470	0.67128
	58752	0.6755999999999999
	51818	0.6768
	58329	0.67752
	57636	0.68124
	54911	0.68316
	59007	0.6836399999999999
	50853	0.6839999999999999
	59626	0.6851999999999999
	50978	0.68712
	57506	0.68856
	58247	0.6897599999999999
	58828	0.7017599999999999
	51855	0.70236
	59109	0.70668
	59462	0.7115999999999999
	58432	0.7163999999999999
	57303	0.7188
	51482	0.71988
	52436	0.7206
	53614	0.7249199999999999
	56841	0.7251599999999999
	56992	0.7254
	57439	0.72552
	57416	0.7283999999999999
	57921	0.7302000000000001
	51542	0.73056
	56872	0.7323599999999999
	58657	0.73764
	57514	0.7408799999999999
	57358	0.74136
	56444	0.74148
	53585	0.74232
	57518	0.74712
	58664	0.74976
	57908	0.75336
	51716	0.7535999999999999
	54195	0.75528
	59471	0.7562399999999999
	54406	0.76032
	56863	0.7622399999999999
	58358	0.7651199999999999
	51346	0.76548
	57426	0.76788
	57509	0.77052
	57028	0.7760400000000001
	52833	0.77928
	51238	0.7817999999999999
	50946	0.78396
	58819	0.7843199999999999
	58224	0.7855199999999999
	51705	0.78588
	57544	0.7866
	52818	0.7888799999999999
	57996	0.79092
	56739	0.79188
	57806	0.792
	57329	0.79236
	59653	0.79404
	52633	0.79476
	56116	0.804
	57306	0.80736
	57517	0.8157599999999999
	51639	0.8161200000000001
	54291	0.81648
	54819	0.8170799999999999
	50548	0.81972
	59242	0.82056
	52745	0.82572
	56497	0.8281200000000001
	58427	0.83232
	53888	0.8353200000000001
	57027	0.83664
	53981	0.8367600000000001
	58346	0.84192
	53588	0.8425199999999999
	51704	0.84504
	56991	0.84588
	53617	0.846
	58251	0.84756
	51365	0.8514
	59419	0.85188
	57646	0.85356
	57603	0.8586
	51435	0.85896
	57414	0.8614799999999999
	51765	0.8658
	57420	0.87132
	52836	0.87972
	58659	0.87996
	54094	0.885
	51811	0.8870399999999999
	57900	0.88716
	54284	0.89784
	55681	0.89952
	56987	0.89988
	57451	0.90072
	59122	0.90444
	58923	0.91044
	56182	0.91152
	58415	0.91272
	58450	0.9135599999999999
	56598	0.9148799999999999
	57447	0.91548
	53367	0.9204
	54404	0.92916
	56793	0.92964
	53929	0.9339599999999999
	56183	0.9339599999999999
	56144	0.9373199999999999
	57608	0.93912
	51468	0.9392399999999999
	59316	0.9416399999999999
	54072	0.94248
	59205	0.9440399999999999
	59421	0.94572
	59053	0.95028
	54744	0.95304
	53644	0.95316
	59238	0.9538800000000001
	58820	0.9612
	59310	0.96168
	53885	0.9634799999999999
	58667	0.9639599999999999
	57432	0.9665999999999999
	52707	0.97032
	54063	0.97116
	51469	0.9728399999999999
	57155	0.9791999999999998
	57994	0.9894
	53455	0.98964
	59134	0.9934799999999999
	59096	0.9938400000000001
	59126	1.00416
	58911	1.0074
	58934	1.00956
	57710	1.0098
	55493	1.0146
	52645	1.01556
	59255	1.0158
	57643	1.01796
	58710	1.0188
	51722	1.0196399999999999
	58431	1.0251599999999998
	53874	1.0311599999999999
	56592	1.0344
	57642	1.03548
	56777	1.04004
	56881	1.04364
	53935	1.0554
	58246	1.05636
	57564	1.05732
	57540	1.05924
	52607	1.0622399999999999
	57609	1.06464
	58351	1.0648799999999998
	51060	1.0661999999999998
	59654	1.06656
	57807	1.07004
	59094	1.0711199999999999
	57991	1.07484
	58477	1.07496
	57889	1.07508
	57735	1.07772
	57895	1.07904
	57808	1.07988
	55598	1.08036
	50965	1.0808399999999998
	59456	1.08204
	52737	1.0868399999999998
	54318	1.08828
	54532	1.09416
	58407	1.09632
	57707	1.09812
	56594	1.09812
	57637	1.1034
	58237	1.1048399999999998
	57007	1.1121599999999998
	59063	1.11336
	57835	1.1172
	58944	1.12068
	58917	1.12104
	54290	1.1226
	58614	1.1301599999999998
	54660	1.13172
	58468	1.13208
	53518	1.13676
	59271	1.13856
	54092	1.14048
	56273	1.14264
	52787	1.1461199999999998
	56485	1.1478
	59948	1.1496
	52101	1.15008
	59071	1.15524
	58619	1.1575199999999999
	52656	1.1581199999999998
	58353	1.1586
	54499	1.16028
	59235	1.161
	58203	1.1661599999999999
	58821	1.16796
	58746	1.16976
	54292	1.16988
	58249	1.1736
	55248	1.17564
	51804	1.17576
	55696	1.1781599999999999
	58660	1.1787599999999998
	56569	1.17984
	52576	1.1810399999999999
	55589	1.1810399999999999
	56267	1.18128
	50955	1.1838
	58436	1.19508
	57415	1.1976
	59124	1.2006
	59237	1.2009599999999998
	58472	1.2034799999999999
	56782	1.2053999999999998
	58938	1.2084
	59655	1.21368
	53882	1.21512
	54187	1.21632
	58822	1.21908
	56342	1.21932
	54826	1.21992
	56307	1.22868
	51629	1.2316799999999999
	52447	1.23192
	58257	1.2340799999999998
	56046	1.2378
	57022	1.2402
	56483	1.2419999999999998
	56880	1.2446399999999997
	56565	1.2469199999999998
	58467	1.24776
	57734	1.24824
	58701	1.2494399999999999
	57966	1.2499200000000001
	58451	1.2504
	55228	1.25532
	59429	1.2633599999999998
	59057	1.2662399999999998
	57972	1.2773999999999999
	50788	1.2826799999999998
	51053	1.2899999999999998
	59072	1.2975599999999998
	59664	1.30152
	56257	1.30188
	52754	1.3019999999999998
	52643	1.3032000000000001
	57431	1.3069199999999999
	52446	1.30776
	57582	1.3119599999999998
	57140	1.31364
	59315	1.31436
	57717	1.32468
	59125	1.3306799999999999
	57020	1.3335599999999999
	51334	1.33524
	51633	1.34244
	51436	1.34544
	58359	1.3494
	57562	1.35396
	54186	1.35444
	53914	1.35612
	58446	1.3611600000000001
	58712	1.36644
	53788	1.3748399999999998
	56331	1.37604
	52661	1.3797599999999999
	59293	1.3813199999999999
	58608	1.38564
	57923	1.3878000000000001
	57512	1.3908
	58369	1.3989
	51656	1.3994399999999998
	59116	1.39992
	56595	1.4028
	57975	1.4035199999999999
	59091	1.4118000000000002
	58824	1.41252
	57634	1.41744
	59229	1.4210399999999999
	59075	1.42704
	58932	1.4292
	56487	1.43268
	51068	1.43364
	58609	1.4351999999999998
	59446	1.43892
	57614	1.43916
	59090	1.44336
	58839	1.4442
	57417	1.44492
	57932	1.44888
	57974	1.45068
	58484	1.4544
	58435	1.45584
	51156	1.46832
	57742	1.4716799999999999
	55593	1.4717999999999998
	59268	1.47264
	56669	1.47372
	57554	1.4797200000000001
	57437	1.48224
	50775	1.48272
	59940	1.4862
	57870	1.48836
	59322	1.49724
	56164	1.4982
	57926	1.50396
	50772	1.50456
	57978	1.5053999999999998
	59452	1.5053999999999998
	58834	1.50624
	57907	1.5077999999999998
	58928	1.50948
	58360	1.51464
	54172	1.51668
	55294	1.5330000000000001
	56871	1.5356400000000001
	59485	1.5393599999999998
	59476	1.5400800000000001
	56879	1.54044
	57829	1.54068
	56128	1.54416
	52557	1.54896
	59044	1.55268
	57739	1.56
	56664	1.56384
	50787	1.5643200000000002
	59218	1.5651599999999999
	59065	1.5666
	56498	1.56852
	59493	1.5744
	51379	1.5763200000000002
	59279	1.57752
	57871	1.5830399999999998
	59644	1.58388
	56978	1.58424
	56168	1.58436
	50774	1.58748
	56371	1.58928
	59318	1.59132
	58569	1.5931199999999999
	58823	1.6068
	52652	1.60692
	54171	1.6119599999999998
	57543	1.61892
	58340	1.6219199999999998
	57936	1.6222800000000002
	58352	1.6249200000000001
	58563	1.6249200000000001
	59064	1.6289999999999998
	56146	1.6292399999999998
	58343	1.6332
	59015	1.63464
	57927	1.6365599999999998
	59290	1.64136
	56582	1.6414799999999998
	58421	1.6442400000000001
	57723	1.6461599999999998
	58618	1.6510799999999999
	59046	1.6532399999999998
	56489	1.66404
	57575	1.67004
	59041	1.67304
	51087	1.6749599999999998
	58453	1.6779600000000001
	58456	1.6854
	57640	1.6970399999999999
	59321	1.69776
	50557	1.70088
	57736	1.7012399999999999
	52546	1.7015999999999998
	59449	1.70328
	56873	1.70496
	58426	1.71504
	58750	1.7163599999999999
	56357	1.72068
	58424	1.722
	53502	1.7252399999999999
	58647	1.7325599999999999
	58836	1.73388
	58837	1.7357999999999998
	59426	1.73736
	57731	1.73952
	56875	1.7412
	56223	1.7477999999999998
	56109	1.7508000000000001
	56674	1.75212
	57729	1.75332
	58912	1.7554800000000002
	51711	1.75824
	54080	1.77348
	59453	1.77516
	59319	1.77576
	51720	1.79124
	57948	1.79568
	58414	1.79964
	58745	1.8093599999999999
	58455	1.81236
	59052	1.8130799999999998
	56870	1.81476
	56585	1.82304
	59213	1.82904
	56317	1.82964
	56038	1.83084
	57635	1.83096
	57573	1.8333599999999999
	58423	1.83384
	58408	1.8386399999999998
	52533	1.84044
	57713	1.84524
	58457	1.8459599999999998
	57744	1.8466799999999999
	59631	1.8493199999999999
	58615	1.86744
	58568	1.8678
	58454	1.88004
	54837	1.88424
	58570	1.8895199999999999
	58942	1.89336
	56876	1.89624
	58936	1.90548
	58448	1.90644
	59457	1.90692
	56785	1.9077600000000001
	59298	1.90848
	59492	1.9234799999999999
	59249	1.9244399999999997
	57805	1.935
	58706	1.94232
	59031	1.94244
	58438	1.95024
	58941	1.9529999999999998
	59324	1.9531199999999997
	58742	1.9653599999999998
	56995	1.96896
	58751	1.96932
	56886	1.97076
	50878	1.9729199999999998
	57566	1.97748
	53880	1.9791599999999998
	57947	1.9799999999999998
	57571	1.9806
	55591	1.983
	58238	1.98372
	59093	1.9844399999999998
	58735	1.98576
	58646	1.99536
	56788	1.99836
	59254	2.00736
	57581	2.0079599999999997
	58449	2.0152799999999997
	59211	2.016
	58342	2.01876
	56152	2.0303999999999998
	56790	2.03436
	58607	2.03796
	59448	2.0423999999999998
	58744	2.04324
	51438	2.0476799999999997
	58718	2.052
	51627	2.05416
	56571	2.05788
	56882	2.05896
	58458	2.06208
	58918	2.0659199999999998
	59230	2.07276
	58562	2.0763599999999998
	58921	2.07708
	56029	2.08548
	59082	2.0868
	58459	2.09208
	58550	2.0931599999999997
	59117	2.09424
	58531	2.1029999999999998
	56586	2.10708
	57899	2.10996
	51076	2.12064
	57818	2.12208
	57973	2.13408
	56312	2.14056
	59215	2.14068
	57981	2.1417599999999997
	58452	2.1417599999999997
	56665	2.145
	59287	2.1469199999999997
	57965	2.16324
	58760	2.16936
	50674	2.17332
	56172	2.1736799999999996
	57728	2.17728
	58719	2.1822
	57995	2.2070399999999997
	58652	2.2142399999999998
	57737	2.21628
	57647	2.21736
	58736	2.22336
	59320	2.22348
	59017	2.23344
	59314	2.2374
	58707	2.24292
	57825	2.24592
	56462	2.2497599999999998
	58464	2.25804
	57988	2.2675199999999998
	59294	2.28252
	57574	2.29056
	58534	2.29656
	58844	2.30088
	56889	2.3115599999999996
	59635	2.3178
	57896	2.32284
	57844	2.34456
	58341	2.3484
	57796	2.3532
	57971	2.36064
	56958	2.36268
	58843	2.36436
	57768	2.3682
	58926	2.36916
	57872	2.37012
	56167	2.37024
	58620	2.3788799999999997
	57774	2.3829599999999997
	57583	2.3888399999999996
	59113	2.397
	56479	2.40564
	57811	2.4069599999999998
	57792	2.41788
	59023	2.42508
	56697	2.4262799999999998
	58420	2.42976
	57990	2.43432
	58693	2.43708
	54096	2.43756
	57834	2.4396
	57887	2.4421199999999996
	58460	2.4431
	59058	2.4444
	59469	2.45832
	57799	2.4624
	58605	2.46276
	57769	2.4640799999999996
	59280	2.46684
	58344	2.4681599999999997
	59047	2.47032
	58725	2.4705600000000003
	58940	2.47104
	59102	2.47116
	58847	2.47428
	59500	2.48736
	57882	2.49228
	57822	2.50212
	57661	2.5039199999999995
	58555	2.50836
	57738	2.51148
	57989	2.51232
	59297	2.5124400000000002
	59012	2.51556
	57800	2.5203599999999997
	58529	2.52336
	59051	2.53092
	57663	2.53584
	58501	2.54352
	58927	2.5478400000000003
	58737	2.55096
	59224	2.5596
	58409	2.56368
	58846	2.5776
	59097	2.58696
	57779	2.58996
	57910	2.5923599999999998
	58558	2.5925999999999996
	57832	2.59392
	57941	2.6060399999999997
	59306	2.6088
	58616	2.62332
	58520	2.62524
	58734	2.62524
	59106	2.62524
	57814	2.6299200000000003
	56374	2.63136
	59312	2.6504399999999997
	56891	2.6509199999999997
	57590	2.66148
	56688	2.6630399999999996
	57886	2.6691599999999998
	58523	2.6707199999999998
	57964	2.67264
	57969	2.68392
	57803	2.68836
	57828	2.71776
	57960	2.7190799999999995
	59227	2.72052
	57699	2.72292
	58417	2.7284399999999995
	59640	2.7398399999999996
	58565	2.74248
	58606	2.74908
	58612	2.76948
	57499	2.77296
	56106	2.77788
	58530	2.78016
	57577	2.7935999999999996
	59284	2.7971999999999997
	57778	2.79744
	58730	2.79804
	58748	2.8032
	56670	2.8065599999999997
	57754	2.8215600000000003
	57837	2.82468
	56499	2.8269599999999997
	57732	2.82876
	59451	2.83776
	58946	2.8436399999999997
	58567	2.8468799999999996
	59954	2.8521599999999996
	56666	2.8691999999999998
	57722	2.8777199999999996
	57662	2.88156
	58556	2.8816800000000002
	58463	2.8943
	58437	2.89524
	57912	2.9037599999999997
	57891	2.9151599999999998
	59022	2.91612
	59081	2.92128
	59502	2.9224799999999997
	56786	2.9248799999999995
	57942	2.9415599999999995
	58935	2.94384
	57881	2.9461199999999996
	58724	2.9484
	59087	2.9611199999999998
	57868	2.9684399999999997
	59477	2.96976
	58754	2.97396
	58933	2.9832
	57827	2.9892
	58704	2.99652
	59088	3.00696
	57883	3.0102
	58418	3.0102
	57766	3.01308
	57875	3.01368
	58631	3.01848
	57914	3.01992
	58622	3.021
	56673	3.0246
	59317	3.0268800000000002
	58931	3.0342000000000002
	57985	3.05028
	58503	3.0603599999999997
	58543	3.0607200000000003
	59285	3.06132
	57655	3.06876
	58549	3.0708
	58547	3.08664
	59061	3.08892
	56691	3.09144
	57740	3.1044
	56671	3.1059599999999996
	58715	3.1157999999999997
	57708	3.1256399999999998
	58848	3.12972
	57894	3.1306800000000004
	59045	3.13656
	57793	3.1422
	58705	3.1428000000000003
	57777	3.15288
	58519	3.15528
	58633	3.16848
	57816	3.18444
	57798	3.18468
	57821	3.19296
	58500	3.19356
	59246	3.19428
	57758	3.2016
	58632	3.2064
	58557	3.2077199999999997
	56885	3.20892
	59228	3.21636
	58527	3.22512
	56783	3.22512
	58428	3.2259599999999997
	57767	3.23112
	57839	3.2380799999999996
	59037	3.243
	58634	3.24312
	58544	3.26232
	57913	3.26808
	58542	3.27156
	58629	3.2742
	58546	3.27444
	59313	3.28596
	56578	3.29268
	58635	3.33888
	58654	3.3446399999999996
	58713	3.3604799999999995
	58502	3.3751200000000003
	57649	3.37812
	57860	3.3789599999999997
	56580	3.3940799999999998
	58749	3.39576
	58625	3.39744
	58602	3.3988799999999997
	58548	3.3991199999999995
	58731	3.39948
	59033	3.3996
	58537	3.42156
	58845	3.43344
	59025	3.4353599999999997
	58508	3.4410000000000003
	57696	3.44664
	58559	3.44952
	59004	3.45636
	58637	3.4619999999999997
	58626	3.46968
	57911	3.4794
	56883	3.4818
	57786	3.48336
	58623	3.49212
	58644	3.4983599999999995
	57671	3.50784
	57876	3.525
	58642	3.54048
	58747	3.54624
	57763	3.5504399999999996
	57718	3.5545199999999997
	57915	3.57756
	56781	3.5842799999999997
	57853	3.58452
	58509	3.58692
	59038	3.59472
	57776	3.60012
	57954	3.6135599999999997
	59027	3.6135599999999997
	56684	3.61728
	57781	3.6239999999999997
	57851	3.6263999999999994
	58506	3.64992
	59501	3.66768
	57824	3.6678
	58600	3.6695999999999995
	58601	3.6708
	58517	3.7013999999999996
	57719	3.7107599999999996
	59114	3.7434
	57762	3.76704
	57586	3.78216
	57955	3.79176
	57698	3.8115599999999996
	58624	3.84756
	57772	3.85728
	57584	3.87504
	58627	3.8766
	56675	3.8832
	57741	3.92184
	57949	3.9337199999999997
	58643	3.93948
	58514	3.9587999999999997
	57956	3.9668399999999995
	57666	3.9749999999999996
	57680	3.9817199999999997
	57743	3.9912
	57865	4.01544
	57958	4.01736
	57674	4.02
	59241	4.02612
	57840	4.0451999999999995
	58510	4.09404
	57957	4.113119999999999
	58507	4.12512
	57789	4.14924
	57694	4.1544
	59059	4.18356
	57595	4.18596
	57859	4.19508
	58512	4.24668
	57589	4.2623999999999995
	57585	4.2645599999999995
	57866	4.3026
	59021	4.30896
	57745	4.314839999999999
	58419	4.31664
	57813	4.33404
	59034	4.33404
	57669	4.431
	57867	4.472639999999999
	57598	4.47948
	57874	4.539359999999999
	57760	4.54416
	57679	4.60956
	57771	4.6635599999999995
	57673	4.69452
	57845	4.70028
	57842	4.7142
	57688	4.72428
	50776	4.75824
	57657	4.76784
	57773	4.782959999999999
	57752	4.794
	57678	4.83768
	57780	4.83936
	57658	4.86372
	57761	4.89048
	57846	4.94808
	57841	5.138039999999999
	57682	5.18124
	57857	5.301
	57687	5.36016
	57962	5.37336
