	56575	-2.0501
	56485	-1.732
	56295	-1.7072
	56395	-1.6633
	56487	-1.6131
	56291	-1.5736
	56387	-1.5332
	56585	-1.5317
	56190	-1.53
	56296	-1.5291
	56462	-1.526
	56584	-1.5002
	56297	-1.4903
	56286	-1.4887
	56489	-1.4805
	56651	-1.44
	56595	-1.4275
	56285	-1.4213
	56752	-1.4202
	56197	-1.4192
	56371	-1.403
	56673	-1.4015
	56444	-1.3921
	56181	-1.3839
	56199	-1.382
	56189	-1.3785
	58116	-1.3676
	56390	-1.3636
	56279	-1.3533
	56548	-1.3387
	56272	-1.3005
	56578	-1.2986
	59001	-1.27944
	56391	-1.2764
	56757	-1.2685
	56384	-1.267
	57942	-1.26342
	56586	-1.2609
	56196	-1.2523
	56147	-1.2393
	56793	-1.2369
	56187	-1.2282
	56592	-1.2052
	56373	-1.1987
	56478	-1.1964
	56497	-1.1928
	56290	-1.1917
	56289	-1.1889
	56571	-1.1878
	56641	-1.1857
	56298	-1.1827
	56783	-1.1528
	56281	-1.1504
	57304	-1.1394
	56473	-1.1379
	56688	-1.1374
	57834	-1.1343
	56276	-1.1276
	56394	-1.1174
	56381	-1.1058
	56742	-1.0998
	56649	-1.0987
	56645	-1.0986
	56378	-1.0906
	56790	-1.089
	56357	-1.0872
	56751	-1.0848
	56786	-1.075
	56582	-1.0636
	56144	-1.0567
	56782	-1.0495
	56781	-1.0462
	56288	-1.0429
	56183	-1.0415
	56186	-1.0377
	56646	-1.0027
	56386	-0.9973
	56788	-0.9911
	56883	-0.9843
	56474	-0.9496
	56198	-0.9482
	56383	-0.9481
	56666	-0.9462
	56652	-0.9424
	56785	-0.9257
	56675	-0.9237
	56543	-0.9225
	54429	-0.91921644
	56479	-0.9181
	56172	-0.9151
	57093	-0.9142335200000001
	56146	-0.9138
	56756	-0.9063
	56841	-0.9055
	56842	-0.9015
	54900	-0.89335038
	57902	-0.892
	56886	-0.8797
	54424	-0.87624612
	56684	-0.8752
	54416	-0.8748266800000001
	56480	-0.8646
	59012	-0.86436
	54419	-0.8631485600000001
	57905	-0.854
	57936	-0.8519
	57525	-0.8396
	56273	-0.8391
	58006	-0.83799922
	56748	-0.8365
	57707	-0.8292
	54499	-0.82721092
	54511	-0.82663024
	56164	-0.8239
	57906	-0.8221
	56569	-0.8186
	56594	-0.8136
	56697	-0.809
	56669	-0.8062
	57623	-0.8036
	56844	-0.8027
	56792	-0.801
	56838	-0.7997
	56755	-0.7965
	54399	-0.7942412000000001
	54513	-0.78927316
	56263	-0.7871
	54398	-0.78695044
	56761	-0.781
	56251	-0.7804
	57870	-0.7761
	56846	-0.776
	57738	-0.7733
	54514	-0.7706913999999999
	56976	-0.7659
	59017	-0.76203
	56674	-0.7614
	57737	-0.7588
	54439	-0.75146444
	54505	-0.75062568
	56739	-0.7454
	57208	-0.742
	57909	-0.7417
	59640	-0.73791
	54512	-0.73668936
	57835	-0.7332
	54520	-0.7317213200000001
	54433	-0.72184976
	56280	-0.7189
	56836	-0.7149
	56475	-0.7138
	53980	-0.70862316
	54596	-0.7079779599999999
	53883	-0.7043648399999999
	53897	-0.69965488
	54809	-0.69849352
	56580	-0.698
	54594	-0.6967514800000001
	54510	-0.69158988
	56664	-0.6912
	56567	-0.6905
	56891	-0.6896
	56881	-0.6885
	56835	-0.6868
	57739	-0.6858
	53894	-0.68287968
	53773	-0.6796536799999999
	54502	-0.67946012
	56168	-0.6792
	54515	-0.67526632
	56854	-0.6748
	56643	-0.6738
	53892	-0.67216936
	57907	-0.6708
	56152	-0.6603
	56287	-0.6582
	56284	-0.6546
	56872	-0.6534
	54430	-0.65242624
	59644	-0.64746
	54903	-0.64694378
	57204	-0.6421
	56691	-0.6389
	54904	-0.63861896
	54449	-0.6357800800000001
	54431	-0.63571556
	56880	-0.6348
	56764	-0.6338
	53698	-0.63287668
	58409	-0.6314
	57824	-0.6263
	53899	-0.6257794799999999
	53895	-0.62203732
	54521	-0.62203732
	54436	-0.62152116
	56856	-0.6158
	54319	-0.61203672
	56873	-0.608
	56840	-0.6069
	56889	-0.6056
	56849	-0.6053
	56654	-0.6006
	56382	-0.5985
	56745	-0.5948
	54318	-0.5868739199999999
	54820	-0.58538996
	57308	-0.5842
	54506	-0.5829382
	54420	-0.58151876
	56774	-0.5792
	54640	-0.5784218
	53996	-0.57216336
	54432	-0.5711955599999999
	59449	-0.56871
	53688	-0.56784052
	53693	-0.56216276
	56671	-0.5564
	59647	-0.55557
	53781	-0.55461392
	59004	-0.5534100000000001
	57307	-0.5522
	53891	-0.55022656
	56775	-0.5455
	56188	-0.5432
	56982	-0.5399
	57320	-0.5393
	54525	-0.53783872
	53782	-0.537129
	56746	-0.5325
	57129	-0.52506376
	56670	-0.523
	59007	-0.5218
	54706	-0.5174504
	56763	-0.5163
	54902	-0.51579188
	57868	-0.5144
	56267	-0.5143
	56851	-0.5128
	54804	-0.50944992
	54412	-0.5087402
	53896	-0.50603036
	56598	-0.505
	56870	-0.5026
	54421	-0.50009452
	56876	-0.4999
	57800	-0.4997
	53893	-0.49919124000000004
	57126	-0.49757824
	57233	-0.49738468
	56879	-0.4965
	57908	-0.4962
	56843	-0.4953
	54532	-0.48286767999999997
	57405	-0.4823
	53680	-0.48035140000000004
	56882	-0.4794
	56767	-0.4778
	56385	-0.474
	57735	-0.4731
	57837	-0.4681
	57206	-0.4662
	53691	-0.45564024000000003
	54425	-0.45299491999999997
	54803	-0.450027
	57119	-0.448414
	56839	-0.4464
	56195	-0.4413
	57932	-0.4349
	59750	-0.43335
	59448	-0.42651
	54304	-0.42589652
	56778	-0.4246
	54717	-0.42338024
	57851	-0.4207
	54801	-0.42028328
	54606	-0.41925096
	54507	-0.41789604
	57128	-0.41505716
	53696	-0.41215376000000004
	57926	-0.4112
	54713	-0.4103472
	54901	-0.40653476
	57407	-0.4047
	56665	-0.4034
	57317	-0.4023
	53694	-0.40170152000000003
	54905	-0.400024
	54614	-0.39770128
	56396	-0.3961
	56096	-0.39544308
	56871	-0.3947
	54434	-0.39350748
	56973	-0.3889
	54522	-0.38860395999999997
	56565	-0.3877
	54404	-0.3864748
	54401	-0.3777646
	58016	-0.3777
	56247	-0.3765
	56184	-0.3753
	54707	-0.3745386
	54912	-0.37395792
	54863	-0.37273204
	57728	-0.37
	56441	-0.3699
	54428	-0.36286048
	57401	-0.3619
	56376	-0.3608
	56885	-0.3608
	53886	-0.36008612
	57900	-0.3575
	56768	-0.3553
	56766	-0.3499
	54716	-0.34524652
	53993	-0.33882713999999997
	57776	-0.3384
	56863	-0.3383
	53499	-0.33789124000000004
	53491	-0.33685892
	53681	-0.33363292
	54833	-0.33079404
	54423	-0.33053595999999996
	57871	-0.3289
	56180	-0.3273
	56975	-0.3263
	57605	-0.3232
	53673	-0.32053536
	59658	-0.32049000000000005
	57846	-0.3199
	52643	-0.319374
	56951	-0.3185
	57408	-0.3158
	53777	-0.31272844
	54632	-0.31240584
	54711	-0.31234132
	56862	-0.3111
	54715	-0.30601836
	54704	-0.30440536
	53852	-0.30350208
	53679	-0.30330852
	57076	-0.30219132000000004
	54710	-0.30150196
	54501	-0.29950184
	54308	-0.29763076
	56970	-0.2964
	56380	-0.2944
	54618	-0.2916304
	54621	-0.28853344
	52323	-0.2880818
	54540	-0.28575908
	53498	-0.28459772
	54724	-0.28117816
	53692	-0.27911352
	56948	-0.2787
	56257	-0.2771
	54609	-0.27691984000000003
	54311	-0.27672628
	54824	-0.2755004
	53798	-0.27466164000000004
	54406	-0.27446808
	59015	-0.27423000000000003
	54437	-0.2732422
	54835	-0.26924196
	54608	-0.26866128
	54802	-0.2674354
	53799	-0.26685472
	53486	-0.26653212000000004
	54607	-0.26646759999999997
	54861	-0.26324159999999996
	54541	-0.26272544
	53878	-0.26143504
	59945	-0.261
	54821	-0.26072532
	56772	-0.2599
	53783	-0.25627344
	54719	-0.254854
	53682	-0.25395072
	52895	-0.25369263999999997
	54718	-0.25175704
	54725	-0.251628
	53872	-0.24995048
	56389	-0.2492
	54810	-0.246789
	56875	-0.2467
	54817	-0.24510592
	59848	-0.243
	53788	-0.24298232
	53787	-0.24272423999999998
	54910	-0.2422726
	56192	-0.24214356
	54700	-0.24136932
	53984	-0.23896382
	56898	-0.2385
	53767	-0.2377562
	54800	-0.23349788
	53768	-0.2332398
	53795	-0.22923956
	56193	-0.2278
	53776	-0.22717492
	56777	-0.2261
	53695	-0.2254974
	56867	-0.2229
	53579	-0.22240044
	54410	-0.2206584
	53789	-0.2190454
	53760	-0.2148516
	54408	-0.21439996
	57809	-0.2133
	59940	-0.2104
	56966	-0.21
	54911	-0.20910932
	53666	-0.20839960000000002
	54826	-0.208077
	53392	-0.20691563999999998
	54708	-0.20246376000000002
	54811	-0.20214116000000001
	54830	-0.20136692
	59021	-0.20052
	56194	-0.2001
	54617	-0.19865708
	57807	-0.196
	57960	-0.19512
	53699	-0.19485039999999998
	53687	-0.19039852
	54405	-0.18904359999999998
	54701	-0.18865648
	57729	-0.1867
	59838	-0.1858
	56869	-0.1848
	57216	-0.1848
	56483	-0.1828
	54943	-0.18201092000000002
	54916	-0.17659124
	53674	-0.17626864
	53864	-0.17620412
	53769	-0.17349427999999997
	54808	-0.1687198
	54805	-0.16704228000000002
	59456	-0.1656
	54908	-0.16207423999999998
	54631	-0.16200972
	53697	-0.16149356
	53875	-0.16104192
	53885	-0.15884824
	53790	-0.15775139999999999
	56946	-0.1575
	56962	-0.156
	53794	-0.15536416
	54712	-0.1551706
	53490	-0.15510608
	57910	-0.1532
	52546	-0.15007352
	54533	-0.1474282
	54913	-0.14723464
	53585	-0.14575068
	53914	-0.14316988
	57832	-0.1423
	59854	-0.1418
	54534	-0.14149235999999998
	54914	-0.14136332
	54855	-0.13994388
	53898	-0.13938954
	53689	-0.13845992000000001
	57511	-0.1375
	53890	-0.13562104
	54915	-0.13413708
	54852	-0.13239504
	56878	-0.1316
	53594	-0.12987876
	54714	-0.12981424
	53992	-0.12876732
	58008	-0.12414268
	59451	-0.12347999999999999
	52652	-0.12149116
	54644	-0.12149116
	53492	-0.12084596
	54936	-0.12058788000000001
	53582	-0.12026528
	54827	-0.12026528
	54906	-0.119362
	54523	-0.11884584
	53573	-0.11865228
	59847	-0.1186
	56950	-0.1167
	53791	-0.11652312000000001
	54597	-0.11432943999999999
	53664	-0.11413588
	57913	-0.1132
	58001	-0.11185848
	54624	-0.10768388
	53665	-0.10555471999999999
	54734	-0.1025868
	53487	-0.10232872
	53770	-0.10174804
	53580	-0.09948984
	54921	-0.09748972
	54519	-0.09742519999999999
	57248	-0.09729615999999999
	54709	-0.09703808
	53774	-0.09555412
	57507	-0.0955
	53676	-0.09458632
	54945	-0.09368304
	57113	-0.09316688
	53576	-0.09213456
	53877	-0.08994088
	54848	-0.08890856
	53998	-0.0888798
	54920	-0.08858596
	53873	-0.08845692
	54729	-0.08781172
	53750	-0.08761816
	54918	-0.08761816
	58017	-0.08591714
	52515	-0.07910152
	56491	-0.0778
	54857	-0.07690784
	54853	-0.07555292
	53806	-0.07535936
	53488	-0.0732302
	54531	-0.07174623999999999
	53786	-0.07148816
	53780	-0.07058488
	57111	-0.07026228
	54849	-0.06671368
	52661	-0.06452000000000001
	57127	-0.06387480000000001
	54705	-0.06251988
	57402	-0.0625
	54807	-0.06026168
	57821	-0.0594
	54602	-0.058519640000000005
	53599	-0.05697116
	57438	-0.0533
	54755	-0.053293520000000004
	54627	-0.053229000000000005
	53772	-0.052325720000000006
	56944	-0.047
	59653	-0.04509
	57825	-0.0441
	59754	-0.04374
	59025	-0.04302
	56985	-0.0426
	59429	-0.04068
	54702	-0.0393572
	53832	-0.03864748
	54737	-0.03858296
	53588	-0.03851844
	54822	-0.03658284
	59650	-0.03474
	56964	-0.0325
	53748	-0.03109864
	54626	-0.027291959999999997
	54851	-0.02703388
	54819	-0.026775800000000002
	53738	-0.026646760000000002
	56081	-0.026646760000000002
	53678	-0.024775679999999998
	56984	-0.0243
	53662	-0.022711040000000002
	52988	-0.0206464
	57134	-0.019355999999999998
	53792	-0.01922696
	57769	-0.0179
	53660	-0.014581519999999999
	54301	-0.01277496
	54703	-0.01212976
	53841	-0.00948444
	53757	-0.00858116
	54604	-0.00832308
	54620	-0.00703268
	56374	-0.0064
	52896	-0.005484200000000001
	57844	-4.0E-4
	50136	0.0
	50246	0.0
	50247	0.0
	50349	0.0
	50425	0.0
	50431	0.0
	50434	0.0
	50442	0.0
	50445	0.0
	50468	0.0
	50524	0.0
	50525	0.0
	50526	0.0
	50527	0.0
	50548	0.0
	50557	0.0
	50564	0.0
	50566	0.0
	50603	0.0
	50632	0.0
	50639	0.0
	50646	0.0
	50647	0.0
	50655	0.0
	50656	0.0
	50658	0.0
	50659	0.0
	50673	0.0
	50674	0.0
	50727	0.0
	50739	0.0
	50741	0.0
	50742	0.0
	50749	0.0
	50750	0.0
	50755	0.0
	50756	0.0
	50758	0.0
	50767	0.0
	50772	0.0
	50774	0.0
	50775	0.0
	50776	0.0
	50778	0.0
	50779	0.0
	50787	0.0
	50788	0.0
	50833	0.0
	50834	0.0
	50838	0.0
	50842	0.0
	50844	0.0
	50851	0.0
	50852	0.0
	50853	0.0
	50854	0.0
	50858	0.0
	50859	0.0
	50861	0.0
	50862	0.0
	50867	0.0
	50871	0.0
	50873	0.0
	50878	0.0
	50879	0.0
	50880	0.0
	50884	0.0
	50888	0.0
	50892	0.0
	50928	0.0
	50934	0.0
	50936	0.0
	50937	0.0
	50939	0.0
	50940	0.0
	50945	0.0
	50946	0.0
	50948	0.0
	50950	0.0
	50953	0.0
	50954	0.0
	50955	0.0
	50956	0.0
	50958	0.0
	50960	0.0
	50962	0.0
	50963	0.0
	50964	0.0
	50965	0.0
	50968	0.0
	50973	0.0
	50978	0.0
	50979	0.0
	50983	0.0
	50985	0.0
	50987	0.0
	51053	0.0
	51058	0.0
	51059	0.0
	51060	0.0
	51068	0.0
	51076	0.0
	51087	0.0
	51133	0.0
	51137	0.0
	51145	0.0
	51156	0.0
	51232	0.0
	51238	0.0
	51241	0.0
	51243	0.0
	51328	0.0
	51329	0.0
	51330	0.0
	51334	0.0
	51346	0.0
	51352	0.0
	51353	0.0
	51356	0.0
	51357	0.0
	51358	0.0
	51359	0.0
	51365	0.0
	51367	0.0
	51369	0.0
	51377	0.0
	51378	0.0
	51379	0.0
	51430	0.0
	51431	0.0
	51433	0.0
	51434	0.0
	51435	0.0
	51436	0.0
	51438	0.0
	51463	0.0
	51465	0.0
	51467	0.0
	51468	0.0
	51469	0.0
	51470	0.0
	51477	0.0
	51482	0.0
	51495	0.0
	51526	0.0
	51542	0.0
	51559	0.0
	51567	0.0
	51568	0.0
	51571	0.0
	51572	0.0
	51573	0.0
	51627	0.0
	51628	0.0
	51629	0.0
	51633	0.0
	51636	0.0
	51639	0.0
	51642	0.0
	51644	0.0
	51655	0.0
	51656	0.0
	51704	0.0
	51705	0.0
	51707	0.0
	51708	0.0
	51709	0.0
	51711	0.0
	51716	0.0
	51717	0.0
	51720	0.0
	51722	0.0
	51730	0.0
	51765	0.0
	51802	0.0
	51804	0.0
	51810	0.0
	51811	0.0
	51814	0.0
	51815	0.0
	51818	0.0
	51826	0.0
	51827	0.0
	51828	0.0
	51829	0.0
	51839	0.0
	51855	0.0
	51886	0.0
	51931	0.0
	52101	0.0
	52112	0.0
	52203	0.0
	52267	0.0
	52378	0.0
	52576	0.0
	52602	0.0
	52607	0.0
	52633	0.0
	52645	0.0
	52657	0.0
	52707	0.0
	52737	0.0
	52745	0.0
	52754	0.0
	52765	0.0
	52818	0.0
	52825	0.0
	52833	0.0
	52836	0.0
	52842	0.0
	52853	0.0
	52855	0.0
	52862	0.0
	52863	0.0
	52866	0.0
	52868	0.0
	52869	0.0
	52874	0.0
	52875	0.0
	52876	0.0
	52943	0.0
	52955	0.0
	52957	0.0
	52963	0.0
	52968	0.0
	52972	0.0
	52974	0.0
	53068	0.0
	53083	0.0
	53149	0.0
	53195	0.0
	53231	0.0
	53272	0.0
	53276	0.0
	53289	0.0
	53324	0.0
	53336	0.0
	53343	0.0
	53348	0.0
	53352	0.0
	53357	0.0
	53362	0.0
	53367	0.0
	53368	0.0
	53378	0.0
	53384	0.0
	53385	0.0
	53391	0.0
	53419	0.0
	53420	0.0
	53433	0.0
	53446	0.0
	53455	0.0
	53457	0.0
	53463	0.0
	53464	0.0
	53466	0.0
	53467	0.0
	53469	0.0
	53472	0.0
	53475	0.0
	53480	0.0
	53481	0.0
	53483	0.0
	53484	0.0
	53502	0.0
	53505	0.0
	53512	0.0
	53513	0.0
	53522	0.0
	53529	0.0
	53533	0.0
	53543	0.0
	53545	0.0
	53547	0.0
	53553	0.0
	53562	0.0
	53602	0.0
	53644	0.0
	53730	0.0
	53732	0.0
	54012	0.0
	54026	0.0
	54027	0.0
	54031	0.0
	54039	0.0
	54041	0.0
	54047	0.0
	54049	0.0
	54063	0.0
	54064	0.0
	54065	0.0
	54069	0.0
	54072	0.0
	54076	0.0
	54080	0.0
	54092	0.0
	54093	0.0
	54094	0.0
	54096	0.0
	54098	0.0
	54099	0.0
	54102	0.0
	54113	0.0
	54115	0.0
	54117	0.0
	54122	0.0
	54132	0.0
	54134	0.0
	54135	0.0
	54142	0.0
	54154	0.0
	54156	0.0
	54157	0.0
	54161	0.0
	54164	0.0
	54165	0.0
	54169	0.0
	54171	0.0
	54172	0.0
	54181	0.0
	54186	0.0
	54187	0.0
	54192	0.0
	54195	0.0
	54205	0.0
	54208	0.0
	54213	0.0
	54214	0.0
	54218	0.0
	54225	0.0
	54226	0.0
	54231	0.0
	54234	0.0
	54236	0.0
	54237	0.0
	54243	0.0
	54244	0.0
	54248	0.0
	54249	0.0
	54252	0.0
	54254	0.0
	54259	0.0
	54260	0.0
	54261	0.0
	54263	0.0
	54266	0.0
	54267	0.0
	54273	0.0
	54274	0.0
	54276	0.0
	54284	0.0
	54285	0.0
	54286	0.0
	54287	0.0
	54290	0.0
	54291	0.0
	54292	0.0
	54293	0.0
	54305	0.0
	54313	0.0
	54316	0.0
	54320	0.0
	54321	0.0
	54323	0.0
	54324	0.0
	54325	0.0
	54326	0.0
	54327	0.0
	54328	0.0
	54331	0.0
	54332	0.0
	54333	0.0
	54334	0.0
	54335	0.0
	54336	0.0
	54337	0.0
	54338	0.0
	54339	0.0
	54342	0.0
	54346	0.0
	54347	0.0
	54349	0.0
	54351	0.0
	54353	0.0
	54362	0.0
	54363	0.0
	54371	0.0
	54374	0.0
	54377	0.0
	54386	0.0
	54452	0.0
	54453	0.0
	54454	0.0
	54455	0.0
	54470	0.0
	54471	0.0
	54472	0.0
	54474	0.0
	54475	0.0
	54476	0.0
	54483	0.0
	54486	0.0
	54493	0.0
	54494	0.0
	54497	0.0
	54563	0.0
	54568	0.0
	54569	0.0
	54575	0.0
	54579	0.0
	54584	0.0
	54590	0.0
	54660	0.0
	54662	0.0
	55228	0.0
	55248	0.0
	55279	0.0
	55294	0.0
	55437	0.0
	55493	0.0
	55572	0.0
	55589	0.0
	55591	0.0
	55593	0.0
	55598	0.0
	55655	0.0
	55664	0.0
	55680	0.0
	55681	0.0
	55690	0.0
	55696	0.0
	55773	0.0
	56004	0.0
	56016	0.0
	56021	0.0
	56029	0.0
	56033	0.0
	56034	0.0
	56043	0.0
	56045	0.0
	56046	0.0
	56065	0.0
	56067	0.0
	56106	0.0
	56109	0.0
	56116	0.0
	56128	0.0
	56151	0.0
	56202	0.0
	56223	0.0
	56227	0.0
	56228	0.0
	56307	0.0
	56312	0.0
	56317	0.0
	56331	0.0
	56342	0.0
	56434	0.0
	54831	5.8068E-4
	54628	0.00270984
	54731	0.00445188
	56094	0.00638748
	53853	0.01167812
	59845	0.013
	56961	0.0136
	54633	0.016000959999999998
	59941	0.0167
	59654	0.019620000000000002
	53517	0.02109804
	56498	0.0296
	54818	0.03393752
	54917	0.03477628
	57413	0.0352
	54846	0.03535696
	54909	0.03555052
	59659	0.03645
	57903	0.0377
	54723	0.03942172
	53797	0.03974432
	59954	0.0403
	53959	0.040712120000000004
	53991	0.0415495
	54726	0.04187348
	52986	0.0432284
	54834	0.04555112
	53866	0.048260960000000006
	53854	0.0496804
	57245	0.05109984
	53584	0.05122888
	59655	0.05382
	53763	0.05406776
	56949	0.0582
	56490	0.0628
	54829	0.06361672
	59948	0.0642
	54727	0.06471356
	56493	0.0651
	53723	0.06510068000000001
	58003	0.06510068000000001
	54438	0.06542328
	52557	0.06600396
	53850	0.06619752
	53784	0.06871379999999999
	52980	0.07342376
	56182	0.0763
	54535	0.07639168
	59457	0.07902
	53785	0.08110164
	58011	0.08316628
	54738	0.08323080000000001
	53871	0.08348887999999999
	53397	0.08413407999999999
	53988	0.0849055
	52884	0.0851664
	59417	0.08676
	53658	0.08794076
	53565	0.08968280000000001
	56393	0.0908
	58007	0.0921315
	57912	0.0947
	54940	0.09555412
	53751	0.09677999999999999
	57745	0.099
	52784	0.09968339999999999
	52656	0.1022642
	54610	0.1035546
	53651	0.10542568
	54844	0.10619992
	57315	0.1068
	57860	0.1114
	57767	0.1124
	56178	0.1134
	53931	0.11394232
	57853	0.1161
	54825	0.1167812
	53564	0.12142664
	53954	0.12542688
	54728	0.12562044
	53685	0.12697536
	54603	0.12736248
	53821	0.12781412
	53868	0.12865288
	54616	0.1300078
	57923	0.1308
	53567	0.132266
	53817	0.13491132
	53756	0.13587912
	57955	0.13635
	59635	0.13644
	57306	0.1419
	53578	0.14207304
	52447	0.14426672
	54722	0.14523452
	53478	0.14794436
	54923	0.14955736
	54836	0.15233172
	53860	0.15465444
	56991	0.155
	53663	0.15504156
	52982	0.1571062
	57818	0.1575
	54816	0.15975151999999998
	57865	0.1601
	54823	0.16026768
	59842	0.1623
	53596	0.16433244
	54806	0.1648486
	53985	0.16634252
	53669	0.16749392
	57708	0.1683
	57137	0.16852624
	57768	0.1687
	54919	0.16942952
	53778	0.17220388
	53593	0.1745266
	53995	0.17501372
	54812	0.17530083999999999
	58020	0.17878492
	54615	0.17968820000000002
	53997	0.18252876
	59851	0.1826
	57734	0.1836
	57318	0.1867
	54528	0.18788224
	53707	0.18923716000000002
	57211	0.19014044000000002
	53754	0.19078564
	56978	0.1946
	53889	0.19553556
	53903	0.1974312
	57867	0.1978
	57814	0.1992
	57731	0.2008
	54935	0.20478648000000002
	54842	0.20510908
	52985	0.20568975999999997
	52679	0.20627044
	53771	0.20827056
	59843	0.2099
	53930	0.21072232
	58002	0.21072232
	53863	0.21640008
	52446	0.21827116
	57232	0.22181976
	54814	0.22214235999999998
	54730	0.22233592000000002
	52533	0.2229166
	54815	0.22304564
	57537	0.2252
	54530	0.22607808
	56095	0.22769108
	54925	0.22814272000000002
	53677	0.22827176
	56278	0.2298
	59849	0.2311
	54841	0.23182036
	57217	0.2344
	53611	0.2348528
	53574	0.2358206
	53775	0.23698196000000002
	53575	0.23782071999999999
	53727	0.23924016
	57011	0.24311136000000003
	52674	0.24401463999999998
	57002	0.24407916000000002
	53615	0.24575668
	53950	0.24665995999999998
	54922	0.24827296
	56952	0.249
	52787	0.25091828
	59453	0.25218
	53659	0.25253128
	53874	0.25362812
	59632	0.26316
	52797	0.26324159999999996
	57431	0.2633
	57839	0.2666
	53967	0.26769348
	53856	0.2745326
	57060	0.27569396
	53927	0.2793716
	57957	0.28458
	57842	0.2855
	53704	0.28563004
	57517	0.2896
	53983	0.29323108
	56954	0.2939
	58021	0.30008252
	57927	0.30393000000000003
	53646	0.30769588
	53518	0.30885724000000003
	57866	0.3114
	57105	0.3167932
	52681	0.317761
	54611	0.3206644
	57941	0.32319
	53994	0.32358028
	57922	0.3249
	53612	0.32537436
	54932	0.32711640000000003
	54927	0.32730995999999996
	54828	0.3280842
	53796	0.32956816
	59446	0.32976
	57106	0.3348588
	52998	0.33589112
	54907	0.3374396
	57808	0.3378
	56994	0.3382
	53974	0.33983878
	57309	0.3416
	57840	0.342
	56038	0.3444
	53986	0.34569184000000003
	52993	0.34866608
	57242	0.35266632
	57110	0.35498904000000003
	54929	0.35569876
	53614	0.35576328
	57806	0.36
	53966	0.3635702
	53519	0.36576388
	57744	0.3696
	56082	0.37731296
	58005	0.37777528000000005
	54517	0.3819584
	59673	0.38214
	52885	0.38434564
	54518	0.38576508
	57144	0.38595863999999996
	57914	0.3873
	53957	0.38737808
	57329	0.3948
	54843	0.39544308
	57606	0.3964
	53690	0.39673347999999997
	57314	0.3979
	53861	0.40247576
	53964	0.40466944
	59856	0.4085
	57915	0.4087
	53869	0.41208924
	57056	0.41238782
	58013	0.4139
	59426	0.41643
	59664	0.4167
	57857	0.4184
	52983	0.42531584
	57238	0.43047744
	53610	0.43209043999999996
	57124	0.43731655999999997
	59265	0.43983000000000005
	57625	0.4401
	57921	0.4403
	57445	0.4412
	53881	0.44267172000000005
	52996	0.44280076
	53399	0.44402664000000003
	54527	0.44544608
	57326	0.4465
	57741	0.4491
	54837	0.45434984
	52436	0.45441436
	57859	0.45657
	56079	0.4595
	57213	0.46273743999999994
	59452	0.46313999999999994
	57439	0.4638
	52995	0.46718931999999996
	59431	0.46827
	57805	0.472
	54503	0.47209284
	53617	0.47925456
	57414	0.4805
	59425	0.48177000000000003
	57513	0.4831
	56494	0.4833
	54938	0.4864808
	53740	0.4893842
	59023	0.49266
	57415	0.4929
	57425	0.4948
	53987	0.49563134
	56080	0.49661044000000004
	56071	0.49964287999999996
	54939	0.50112684
	53910	0.50138492
	53908	0.50209464
	57502	0.504
	56593	0.5048
	57052	0.51054676
	57042	0.51267592
	54613	0.51448248
	57345	0.5174
	57348	0.5212
	59462	0.522
	59631	0.52362
	57778	0.5273
	53590	0.54925876
	52889	0.55087176
	57043	0.5533235200000001
	59022	0.5562
	57720	0.5563
	57911	0.5612
	57506	0.5646
	53865	0.57145364
	59027	0.57393
	58015	0.5741
	59758	0.5745
	57343	0.57951864
	57096	0.5903642
	59951	0.5909
	57522	0.5938
	57247	0.5942292
	53884	0.5948744
	54539	0.59913272
	59435	0.60129
	57426	0.6031
	57816	0.6035
	59855	0.6076
	53958	0.60913332
	53962	0.61048824
	57520	0.6151
	57811	0.6176
	57536	0.6213
	57072	0.62230312
	57732	0.6228
	53880	0.6239084
	57339	0.6264
	59215	0.62901
	57053	0.63629624
	59656	0.64125
	57328	0.6442
	53764	0.65442636
	53981	0.65526512
	56959	0.6554
	56185	0.6572
	57411	0.6652
	58012	0.6659
	56987	0.6682
	53725	0.66997568
	57007	0.67410496
	58004	0.67592004
	57231	0.67604056
	57813	0.6802
	56992	0.6813
	57355	0.6815
	57006	0.68152476
	57079	0.68647
	57324	0.6869
	56173	0.6925
	53989	0.6947799
	59224	0.69579
	52978	0.70126788
	56492	0.7034
	57083	0.71096614
	58024	0.712946
	53619	0.71662364
	57544	0.7201
	57061	0.7235918
	59427	0.7248600000000001
	53879	0.72501124
	54605	0.7272694399999999
	57956	0.7308000000000001
	57409	0.7409
	56996	0.7426
	56989	0.745
	54871	0.7460447600000001
	53759	0.74662544
	59209	0.75411
	57051	0.75591186
	53862	0.75985204
	59441	0.7634700000000001
	53949	0.7708849600000001
	57508	0.772
	54601	0.77475616
	57081	0.7749885000000001
	57027	0.7752078
	57014	0.7770788799999999
	53577	0.78288568
	57085	0.79370384
	54776	0.8086291600000001
	57012	0.8096614799999999
	58207	0.8143702
	52418	0.81527472
	59211	0.82008
	53705	0.8283077600000001
	53857	0.82856584
	57505	0.829
	53956	0.8300498
	56958	0.8325
	53937	0.8328241599999999
	57055	0.8328241599999999
	57417	0.8332
	58022	0.83340484
	57540	0.8375
	59471	0.83763
	57742	0.8429
	54744	0.84572816
	59488	0.85356
	57736	0.8542
	57420	0.8547
	57612	0.8608
	57099	0.86372378
	57098	0.8659638399999999
	57510	0.8708
	57020	0.87353628
	54612	0.87598804
	57822	0.8796
	57033	0.8900534
	57001	0.8905695600000001
	57303	0.8958
	53979	0.90122672
	57766	0.9066
	59205	0.9067
	53829	0.9089577600000001
	57743	0.91
	58111	0.91163216
	53917	0.9130225200000001
	53888	0.9137967599999999
	57647	0.9142
	57519	0.915
	54732	0.9154097600000001
	53618	0.9174743999999999
	57016	0.91928096
	57082	0.9219653400000001
	59218	0.92241
	53963	0.9226359999999999
	57040	0.9281202
	53955	0.9298622400000001
	53938	0.9319268799999999
	57875	0.9335
	59626	0.9378000000000001
	56499	0.9416
	53961	0.9451534800000001
	54832	0.95341204
	57313	0.9538
	59266	0.95391
	57086	0.9593960200000001
	53735	0.9596059600000001
	59757	0.9655
	57432	0.9684
	54749	0.97547788
	53978	0.97933978
	57155	0.98192988
	54645	0.98593012
	57718	0.9949
	53973	0.9960597600000001
	59419	1.0006199999999998
	54623	1.00186656
	57091	1.00289654
	57090	1.00831604
	57259	1.0093
	58032	1.01173812
	54622	1.012964
	53975	1.01380276
	57516	1.0153
	57044	1.01606096
	57763	1.0171
	53882	1.01870628
	57416	1.031
	54636	1.03903008
	57038	1.04412716
	57035	1.04451428
	54759	1.04638536
	57514	1.0501
	57049	1.0516114799999998
	59469	1.0530899999999999
	57359	1.0562
	58025	1.0645154799999998
	53970	1.0648380800000001
	59249	1.06803
	57803	1.0694
	57140	1.07122556
	58034	1.07141912
	56399	1.0771
	53753	1.0786453599999999
	57758	1.0887
	53810	1.09000088
	57087	1.09134278
	57071	1.09177634
	57102	1.09464632
	53982	1.09502804
	57841	1.1014
	57558	1.1027
	53859	1.1029694
	57829	1.1116
	57066	1.11237044
	53944	1.11277644
	57962	1.1147
	57761	1.1154
	57762	1.1182
	58040	1.1264
	57954	1.12653
	57032	1.13051944
	57008	1.1320033999999999
	54736	1.13226148
	53848	1.13406804
	53972	1.1343374800000001
	58030	1.135552
	58706	1.1439
	57512	1.1444
	58100	1.145321
	57872	1.1546
	57021	1.1616826
	53976	1.16310204
	59278	1.1646
	57047	1.16542476
	56074	1.16574736
	57971	1.1669
	53942	1.16948952
	58126	1.1728
	53965	1.17826424
	57437	1.1794
	57828	1.1853
	56092	1.1946523199999999
	57089	1.19640882
	57637	1.1974
	57777	1.1991
	53924	1.20826604
	59487	1.21041
	56091	1.22013772
	57760	1.221
	53934	1.22175072
	57964	1.22931
	57634	1.2324
	53953	1.23291268
	54753	1.23323528
	57195	1.2340562800000001
	53968	1.2358806
	57636	1.2372
	59475	1.23885
	57333	1.239
	58101	1.2403429
	57881	1.2444
	52984	1.24452628
	54619	1.24594572
	57603	1.2469
	53925	1.25659152
	57545	1.2576
	58128	1.2602
	53928	1.26181764
	54766	1.26239832
	56496	1.2637
	57509	1.2658
	57774	1.267
	53926	1.27065688
	53935	1.27252796
	57003	1.2729796
	58113	1.2733
	53906	1.27485068
	57874	1.2751
	57191	1.2808085
	57543	1.2809
	57882	1.2814
	57717	1.2864
	57028	1.28917412
	57773	1.2912
	53929	1.2946583200000001
	59476	1.29834
	53916	1.30175552
	59470	1.3032
	57153	1.30382016
	57876	1.306
	57095	1.3093512
	58125	1.3137
	57541	1.3179
	57714	1.319
	57789	1.33074
	57176	1.33124598
	57713	1.3324
	57947	1.3338
	59663	1.33587
	58301	1.33615966
	59031	1.3365900000000002
	53923	1.34027396
	58725	1.3437000000000001
	57004	1.34420968
	59454	1.3455000000000001
	56969	1.3519
	57798	1.35387
	57948	1.35747
	57034	1.3647270400000002
	54751	1.3695015199999998
	53915	1.37156616
	58822	1.3734
	59485	1.37394
	53845	1.38679288
	53945	1.39401912
	57698	1.3967100000000001
	53947	1.39924524
	57273	1.40249434
	57046	1.4034390399999999
	57132	1.41085884
	57025	1.4131815600000002
	57752	1.4155
	53941	1.4184076799999998
	57845	1.4246
	57722	1.4251
	54778	1.42802116
	58205	1.42923054
	58820	1.43649
	57891	1.4373
	58517	1.4497200000000001
	57786	1.4517
	57793	1.45431
	57827	1.4545
	57781	1.4552
	57635	1.4575
	58707	1.4604300000000001
	57041	1.4675074000000001
	59264	1.47033
	54765	1.4717012
	57772	1.4725
	57024	1.4744110400000001
	57022	1.47660472
	57037	1.4805404400000002
	58719	1.4836500000000001
	57699	1.48554
	57094	1.48718306
	57771	1.4891
	57197	1.4905792800000002
	57796	1.4979600000000002
	57023	1.49808988
	59493	1.49931
	57958	1.5001200000000001
	54752	1.50318696
	57054	1.50370312
	57883	1.50606
	59269	1.50678
	57026	1.5069936400000001
	56995	1.5139
	57080	1.5163761
	59238	1.51713
	57298	1.5176045200000001
	57039	1.52176872
	58704	1.52262
	57192	1.5229517600000002
	57655	1.5279
	58745	1.52919
	57719	1.5298
	57057	1.52983372
	58821	1.53288
	57187	1.5346578800000001
	57030	1.54344744
	57780	1.5466
	57965	1.5474
	59421	1.54872
	57031	1.54899616
	54777	1.5503510799999998
	57779	1.5516
	58026	1.5523
	57257	1.5559
	54764	1.5588031999999998
	57523	1.5593
	57048	1.5637067199999999
	59229	1.56528
	57188	1.57440088
	54774	1.57564292
	57361	1.5772
	57754	1.5784
	58214	1.5831
	57084	1.5883470600000003
	58718	1.5903
	53948	1.59112772
	57792	1.59138
	58734	1.59471
	58140	1.5955
	57799	1.5964200000000002
	58714	1.5975899999999998
	58114	1.6016
	57292	1.6040274800000003
	57899	1.60614
	57643	1.6086
	59213	1.61064
	57154	1.61099988
	57254	1.6133226
	57143	1.6133871199999998
	58710	1.61343
	58127	1.6138
	58823	1.61478
	59324	1.61622
	57193	1.6184072200000001
	59227	1.62018
	56093	1.6208069200000002
	56171	1.6213
	57070	1.62281508
	58041	1.6263
	58737	1.62765
	58107	1.6279
	58836	1.6283699999999999
	57249	1.6336
	57029	1.63409804
	57614	1.6358
	58806	1.6382700000000001
	58813	1.63917
	58143	1.6426
	58834	1.6445699999999999
	57045	1.64635684
	57696	1.6486200000000002
	59228	1.64943
	58705	1.6500599999999999
	58804	1.66086
	59478	1.66086
	58045	1.6616
	58230	1.6622
	58530	1.6635
	58510	1.66446
	58129	1.6657
	58608	1.6665299999999998
	58038	1.6765
	59033	1.67778
	57198	1.68134568
	57887	1.6827
	58506	1.68444
	57564	1.688
	57299	1.68972784
	58036	1.6918
	57573	1.6942
	57194	1.69623124
	57186	1.6970983599999998
	57063	1.6979654800000001
	57518	1.7025
	57894	1.70406
	58150	1.705
	58633	1.70775
	58027	1.7159
	57886	1.7179
	57661	1.7196
	57723	1.7228
	58146	1.7232
	58609	1.72395
	57604	1.7251
	58202	1.727
	58724	1.72737
	57451	1.7275
	58701	1.72944
	58240	1.7385
	58731	1.7397
	57189	1.74189956
	57177	1.7432725
	58049	1.7478
	58814	1.74888
	57895	1.7505000000000002
	57949	1.75509
	57065	1.75729094
	58234	1.7575
	58527	1.76031
	59237	1.7607599999999999
	58735	1.76166
	58730	1.76256
	57175	1.76538406
	57554	1.7663
	58715	1.7685000000000002
	57649	1.771
	58212	1.7735
	58104	1.77636758
	57678	1.7787
	58713	1.77885
	58631	1.77903
	58750	1.7802
	57196	1.7816425599999999
	58736	1.78308
	58559	1.78515
	57295	1.78612268
	57966	1.7865
	58047	1.7871
	58223	1.7892
	57447	1.79
	58712	1.79136
	57281	1.7938545
	58623	1.79811
	57396	1.79869592
	57074	1.7987681800000002
	57646	1.8005
	58035	1.8008
	57183	1.80238118
	58330	1.8058
	58108	1.8088
	57182	1.8088123200000001
	57679	1.8105
	57293	1.8108355999999999
	58619	1.8143099999999999
	58665	1.8171899999999999
	58818	1.8191700000000002
	58605	1.8207000000000002
	58607	1.8207000000000002
	57688	1.8212
	58615	1.82331
	58044	1.8248
	58647	1.8265500000000001
	58933	1.8271799999999998
	58109	1.8275
	57896	1.8277200000000002
	58537	1.8351899999999999
	58658	1.8377999999999999
	57294	1.83945056
	58614	1.8396000000000001
	57395	1.8405
	58624	1.8451799999999998
	58660	1.8470699999999998
	57390	1.8578046000000001
	57658	1.8596
	57169	1.8604059600000002
	58625	1.86246
	57973	1.8644
	58657	1.8652499999999999
	57075	1.87016106
	58612	1.8721800000000002
	59268	1.8721800000000002
	57574	1.8738
	58826	1.87704
	58509	1.8777599999999999
	58602	1.87857
	57662	1.8796
	58423	1.881
	57608	1.8823
	58837	1.8851399999999998
	58507	1.8856800000000002
	58338	1.8859
	57178	1.88916544
	57162	1.8901770800000002
	58846	1.8921599999999998
	58514	1.8949500000000001
	57889	1.8952
	57184	1.89711404
	57180	1.90376196
	58210	1.9048
	57349	1.905
	57740	1.9054
	58048	1.9059
	57598	1.9066500000000002
	57460	1.9109
	57657	1.9118
	58693	1.9125
	59501	1.91457
	58748	1.91583
	57969	1.9172
	57687	1.92
	58659	1.9220400000000002
	58824	1.9250999999999998
	57185	1.92522318
	58843	1.9261800000000002
	58828	1.92636
	57296	1.92652386
	58141	1.9268
	57181	1.9269574200000001
	58744	1.93023
	59090	1.9336499999999999
	57633	1.9358
	58220	1.9409
	58618	1.9434600000000002
	58634	1.9474200000000002
	58747	1.9525500000000002
	58437	1.9533
	57078	1.954633
	58819	1.9556099999999998
	59280	1.9576799999999999
	58102	1.9585
	59256	1.95885
	58145	1.9603
	58130	1.9632
	57173	1.9650384399999998
	59317	1.9654200000000002
	58415	1.9661
	57989	1.9673100000000001
	58635	1.96965
	57682	1.9699
	57694	1.9700099999999998
	58746	1.9701899999999999
	58905	1.97181
	58637	1.97271
	58616	1.9745100000000002
	58643	1.9764000000000002
	58567	1.97739
	57586	1.9775
	59492	1.98126
	58548	1.9853100000000001
	58620	1.98594
	58601	1.9887300000000003
	58627	1.99026
	58549	1.99872
	58626	2.00115
	57297	2.0034085
	58131	2.0039
	58547	2.0057400000000003
	57290	2.00608212
	57642	2.0103
	57976	2.0103
	58632	2.0106900000000003
	58845	2.01105
	58414	2.0123
	58508	2.0152799999999997
	59306	2.0153700000000003
	58265	2.0162
	58546	2.01681
	58644	2.02176
	58629	2.02896
	57465	2.0294
	59097	2.03049
	57991	2.03526
	58555	2.04048
	58568	2.0408399999999998
	58848	2.0408399999999998
	58646	2.04138
	59477	2.04192
	58844	2.0452500000000002
	57972	2.0455
	58622	2.0466
	58132	2.0485
	59041	2.04939
	57988	2.04948
	58208	2.05023298
	58306	2.052
	58523	2.0539
	57077	2.05529118
	59473	2.05794
	58139	2.0597
	58154	2.0604
	59288	2.06262
	58754	2.06406
	59276	2.0642400000000003
	57993	2.06856
	58418	2.0702
	57990	2.07288
	58642	2.07432
	58543	2.07612
	57669	2.0803
	58264	2.0832
	58654	2.0847599999999997
	58417	2.0857
	58664	2.0870100000000003
	58839	2.0873700000000004
	57466	2.0902
	58519	2.09142
	57994	2.09259
	59481	2.09322
	58652	2.09358
	59279	2.09601
	59057	2.09646
	59293	2.09763
	57274	2.10009238
	59063	2.1007
	58512	2.10105
	58148	2.1023
	58921	2.10465
	58656	2.1051
	57974	2.1061
	58667	2.10699
	58317	2.1097
	58752	2.1123
	58259	2.1124
	58323	2.1126
	58940	2.11275
	58742	2.1136500000000003
	58544	2.1139200000000002
	57992	2.1141900000000002
	57179	2.1143276
	59072	2.1161700000000003
	57710	2.1178
	58432	2.1195
	59065	2.12418
	58847	2.12787
	57285	2.1313809600000004
	59088	2.13237
	59058	2.1336299999999997
	58158	2.1338
	57067	2.1341991
	57271	2.13463266
	58534	2.1382
	58531	2.139
	58404	2.1395
	59285	2.14137
	57975	2.1419
	57489	2.1446
	57261	2.14807302
	59116	2.1527100000000003
	57566	2.1545
	57609	2.1548
	59107	2.15541
	58503	2.1555
	58558	2.1557700000000004
	58251	2.1591
	59059	2.1600900000000003
	57385	2.1605
	58268	2.1624
	58421	2.1635
	59287	2.1663
	58557	2.16684
	59303	2.16936
	59313	2.17116
	57475	2.1717
	59130	2.17458
	58600	2.17647
	58502	2.17998
	59304	2.18286
	57156	2.18600952
	58565	2.18628
	59284	2.18763
	59271	2.1888900000000002
	57663	2.1896
	58562	2.19096
	59312	2.1915899999999997
	58760	2.1924
	58907	2.1946499999999998
	59254	2.1951899999999998
	58451	2.20113
	59480	2.2025699999999997
	59270	2.2045500000000002
	58135	2.2053
	59315	2.2070700000000003
	58529	2.20851
	58927	2.21049
	58931	2.21049
	59071	2.2106700000000004
	59320	2.2120200000000003
	58556	2.21283
	59099	2.21283
	59092	2.21985
	58542	2.2248900000000003
	59319	2.2276800000000003
	59255	2.2281299999999997
	59294	2.2302000000000004
	59113	2.23119
	57485	2.2327
	59064	2.23632
	58122	2.2385
	58464	2.2400100000000003
	57666	2.2435
	59074	2.24379
	59316	2.2440599999999997
	59034	2.24469
	57595	2.2449
	58254	2.2489
	57464	2.2494
	58520	2.2507
	58416	2.2508
	58250	2.2509
	58435	2.252
	59242	2.25333
	58911	2.2536
	57589	2.2538
	58428	2.2544
	59310	2.2564800000000003
	59318	2.2564800000000003
	57981	2.2585
	57995	2.25909
	58569	2.25918
	58147	2.2611
	57640	2.2646
	58749	2.26737
	58941	2.26872
	58427	2.269
	59096	2.27403
	59321	2.27952
	59075	2.28087
	59289	2.2828500000000003
	58932	2.2856400000000003
	59241	2.2880700000000003
	58243	2.2881
	57671	2.2893
	57674	2.2897
	59109	2.29068
	58666	2.2915799999999997
	58246	2.2937
	59500	2.29455
	58917	2.29527
	58316	2.2955
	58426	2.2974
	58501	2.3005
	59087	2.30058
	59117	2.3021100000000003
	59081	2.30382
	59246	2.30742
	59322	2.3089500000000003
	58429	2.31
	59290	2.3139000000000003
	57368	2.3162
	57985	2.3254
	59082	2.32641
	57498	2.3291
	59091	2.33028
	57673	2.332
	59102	2.33289
	57562	2.3331
	58408	2.3332
	58906	2.33604
	58420	2.3376
	58215	2.3385
	57494	2.3389
	58926	2.33964
	58477	2.34198
	58928	2.34324
	58942	2.34387
	58929	2.34432
	58334	2.3446
	57476	2.3452
	58912	2.34531
	59052	2.34558
	59114	2.3459399999999997
	59106	2.3504400000000003
	59061	2.3514299999999997
	59125	2.3514299999999997
	58903	2.3523300000000003
	58407	2.3531
	59502	2.3534100000000002
	59297	2.35494
	58360	2.3571
	58935	2.36187
	58484	2.3661
	58401	2.3664
	59298	2.3679900000000003
	58255	2.3689
	57978	2.3729
	59055	2.3734800000000003
	59314	2.3742
	57462	2.3754
	58458	2.3754600000000003
	59235	2.37591
	58550	2.38023
	58269	2.3851
	58442	2.3875
	59124	2.39112
	58311	2.3921
	58468	2.39337
	59094	2.39535
	57996	2.40057
	58203	2.4017
	57565	2.4022
	58449	2.4042600000000003
	58247	2.4056
	57577	2.406
	58453	2.40786
	59131	2.40813
	59122	2.41173
	59044	2.4129
	58446	2.41326
	58570	2.4171300000000002
	58456	2.41731
	58452	2.41758
	58455	2.4234299999999998
	58472	2.42523
	57493	2.4276
	58241	2.4279
	58331	2.4281
	58221	2.4297
	58936	2.43594
	59137	2.43594
	57461	2.4375
	58443	2.43981
	58606	2.44035
	58923	2.44107
	58751	2.44368
	59127	2.44467
	57399	2.4463
	57584	2.4508
	58402	2.4508
	57398	2.4532
	58433	2.4573
	59093	2.4589800000000004
	58938	2.4619500000000003
	58918	2.46411
	57491	2.4675
	59126	2.47131
	57581	2.4729
	57486	2.473
	59133	2.47347
	57571	2.474
	58436	2.4753
	58460	2.4759
	57483	2.4859
	58424	2.4879
	59051	2.49066
	57481	2.4913
	57583	2.4915
	58366	2.4993
	58244	2.5091
	58329	2.5096
	58419	2.5096
	58448	2.51649
	57387	2.5175
	58358	2.5203
	58342	2.5213
	58353	2.5215
	58461	2.523
	57582	2.5248
	58257	2.5255
	57680	2.5284
	58438	2.5294
	57496	2.5309
	58367	2.5321
	58118	2.5331
	58934	2.53539
	58361	2.537
	57590	2.5382
	58457	2.5398
	58245	2.5464
	58462	2.5498
	59047	2.55933
	58138	2.5597
	59038	2.56059
	58362	2.5608
	58249	2.5632
	58463	2.566
	59134	2.56707
	58441	2.5683
	58359	2.5686
	57482	2.5698
	58467	2.57022
	57378	2.576
	58242	2.5783
	58563	2.57904
	58450	2.58174
	58343	2.5848
	59053	2.5923599999999998
	57469	2.5941
	57388	2.5944
	58236	2.5946
	59045	2.59524
	58369	2.5974
	58235	2.6029
	58431	2.6047
	58337	2.6097
	57499	2.6099
	58339	2.6125
	57492	2.6126
	58946	2.61738
	58321	2.6218
	58356	2.6282
	57600	2.6291
	58377	2.6297
	58345	2.6343
	57575	2.6355
	57585	2.6415
	58117	2.6425
	58365	2.6433
	58222	2.6445
	58340	2.649
	59230	2.6491499999999997
	58351	2.6493
	58944	2.65032
	57389	2.6518
	58454	2.6541900000000003
	58459	2.66508
	58346	2.6696
	59046	2.6714700000000002
	58238	2.6727
	58341	2.7033
	58352	2.7083
	57477	2.7103
	59037	2.7180899999999997
	58237	2.7223
	58224	2.7303
	58354	2.7325
	58335	2.7446
	58327	2.7492
	58319	2.7669
	58314	2.808
	57358	2.8127
	58225	2.8224
	57265	2.8245
	58320	2.8417
	57362	2.8581
	58326	2.8725
	57363	2.8727
	57381	2.8737
	57260	2.8762
	58344	2.8992
	57268	2.9407
	57251	2.9466
	57256	2.9658
	58336	3.066
	58500	3.0673
	57370	3.0963
	57253	3.1275
	57279	3.2132
	57278	3.2769
	57377	3.5643
