	59017	-2.91828
	59849	-2.4941999999999998
	56976	-2.47512
	56880	-2.4414
	59419	-2.41716
	50739	-2.3273205999999997
	59021	-2.29032
	59750	-2.28612
	59427	-2.2696799999999997
	59218	-2.25492
	57870	-2.24712
	59429	-2.23728
	57868	-2.2224
	59211	-2.17944
	59306	-2.09496
	50658	-2.0425868
	56886	-2.04024
	59425	-2.03808
	56985	-2.02548
	50913	-2.0178617
	59012	-2.0085599999999997
	56992	-1.9639199999999999
	59229	-1.9503599999999999
	59125	-1.9480799999999998
	56966	-1.93032
	59319	-1.90956
	50656	-1.9049617
	59235	-1.90428
	59007	-1.85028
	59213	-1.84812
	57777	-1.839
	57865	-1.8226799999999999
	59854	-1.82124
	59426	-1.8154799999999998
	56184	-1.8077999999999999
	59324	-1.7978399999999999
	54777	-1.7935294
	59228	-1.7884799999999998
	59838	-1.7621999999999998
	59215	-1.76064
	59227	-1.7501999999999998
	59237	-1.7451599999999998
	59470	-1.7448
	57253	-1.72704
	58126	-1.70544
	59856	-1.7042399999999998
	59124	-1.6749599999999998
	58044	-1.6708800000000001
	59224	-1.6701599999999999
	59023	-1.668
	58212	-1.6550399999999998
	57871	-1.64436
	50745	-1.639308
	59015	-1.63512
	54778	-1.6335501000000001
	59421	-1.6237199999999998
	59269	-1.61856
	59205	-1.61472
	59230	-1.61472
	59314	-1.60284
	56885	-1.6023599999999998
	57866	-1.58652
	56094	-1.5799226
	56996	-1.57236
	56959	-1.5702
	57872	-1.56996
	58125	-1.5594000000000001
	50750	-1.5577942
	57249	-1.55124
	57927	-1.5283200000000001
	57816	-1.52388
	54774	-1.5154567
	58118	-1.4962799999999998
	52707	-1.4874574999999999
	56989	-1.4676
	59316	-1.4644799999999998
	58128	-1.4523599999999999
	59025	-1.4429999999999998
	57315	-1.43892
	57128	-1.4357493000000001
	54861	-1.4331526
	57906	-1.42428
	59855	-1.4158799999999998
	50514	-1.415766
	52998	-1.4111371
	58660	-1.3991999999999998
	53195	-1.3969117
	56873	-1.3851600000000002
	54943	-1.3710575999999999
	59321	-1.37076
	57187	-1.36886975
	59313	-1.36476
	54852	-1.3459938
	59431	-1.33992
	58652	-1.3353599999999999
	56095	-1.3335748
	59303	-1.3317599999999998
	59462	-1.33104
	58658	-1.3280399999999999
	50838	-1.3141559999999999
	50758	-1.3072690999999999
	50524	-1.3034305000000002
	56881	-1.3027199999999999
	57857	-1.2979199999999997
	56697	-1.2948
	59320	-1.29372
	56994	-1.2936
	52515	-1.288189
	57309	-1.2833999999999999
	59664	-1.28184
	57314	-1.27524
	50618	-1.2743023
	56982	-1.2666000000000002
	56898	-1.25988
	58750	-1.25496
	52602	-1.2496901
	54853	-1.2459643999999999
	56092	-1.2419
	58135	-1.23288
	54871	-1.231739
	56046	-1.231739
	50525	-1.2304971
	50842	-1.2282391000000001
	56775	-1.2259200000000001
	58117	-1.2226799999999998
	59209	-1.2204
	57254	-1.2203361
	57196	-1.22027955
	59435	-1.20624
	54857	-1.2043043
	57256	-1.18896
	59001	-1.182
	56788	-1.18116
	57127	-1.1769825
	59276	-1.17516
	59034	-1.1734799999999999
	57257	-1.16952
	57407	-1.16784
	50861	-1.167386
	57251	-1.16448
	50557	-1.1629829
	50646	-1.1586927
	59047	-1.15188
	57971	-1.14252
	56781	-1.14156
	59027	-1.13904
	50749	-1.1385965
	59449	-1.1361599999999998
	58104	-1.1355039500000002
	59417	-1.1261999999999999
	57814	-1.12524
	50655	-1.1248227
	51826	-1.1248227
	57198	-1.1181529000000001
	50603	-1.1134198
	56871	-1.11228
	58108	-1.1112
	56984	-1.10964
	54115	-1.1087909
	53908	-1.1067586999999999
	58214	-1.10316
	57738	-1.10208
	59044	-1.10172
	59322	-1.09584
	54844	-1.0945655
	57248	-1.0935494000000001
	58027	-1.09032
	56777	-1.0868399999999998
	57363	-1.0721999999999998
	58122	-1.06992
	50755	-1.0670179
	58114	-1.0669199999999999
	54776	-1.0652115
	57247	-1.0620503
	53083	-1.0603568
	56034	-1.0529054
	54849	-1.0525667
	50647	-1.0521151
	56863	-1.05096
	57956	-1.04004
	51931	-1.0332608
	59754	-1.02936
	56986	-1.02864
	58210	-1.02816
	57318	-1.01124
	58132	-1.0058399999999998
	59647	-1.00224
	54846	-1.0006327
	58007	-0.9993739
	57882	-0.9932399999999999
	50434	-0.9881008
	59318	-0.9873599999999999
	59004	-0.9872399999999999
	50742	-0.9772624000000001
	57007	-0.976585
	59644	-0.9762
	58629	-0.97476
	57728	-0.9738
	54024	-0.9729722000000001
	50727	-0.9704884
	50954	-0.9686819999999999
	57778	-0.9639599999999999
	50659	-0.9629241
	54832	-0.9624725000000001
	59310	-0.9607199999999999
	56973	-0.95244
	57023	-0.9475697000000001
	59847	-0.9463199999999999
	50548	-0.9454246000000001
	50844	-0.9447472
	57306	-0.94104
	57273	-0.9363744500000001
	57237	-0.9336
	50527	-0.9317637000000001
	58100	-0.9307848500000001
	56183	-0.92988
	56774	-0.9233999999999999
	56688	-0.91908
	57292	-0.91844115
	59656	-0.9112799999999999
	51855	-0.9112159000000001
	57960	-0.9107999999999999
	58646	-0.9072
	57408	-0.9047999999999999
	50832	-0.9047806
	56977	-0.90192
	59238	-0.8980799999999999
	57004	-0.8966518
	57735	-0.8883599999999999
	57954	-0.8883599999999999
	50833	-0.8849102000000001
	58129	-0.8781599999999999
	57996	-0.87732
	50858	-0.8765556
	54855	-0.8745234
	56876	-0.8727599999999999
	56196	-0.87072
	57126	-0.8698945
	57037	-0.8668462
	52652	-0.8618785999999999
	57087	-0.8552088000000001
	57915	-0.8543999999999999
	53433	-0.851266
	57860	-0.8481599999999999
	50767	-0.8464113000000001
	59650	-0.84636
	54753	-0.8397502
	57737	-0.83892
	58944	-0.83868
	57719	-0.82872
	57194	-0.8249318000000001
	51628	-0.821912
	53192	-0.8214604
	57025	-0.8190895
	57881	-0.81672
	58215	-0.81312
	57261	-0.8094439500000001
	51827	-0.8076866
	58040	-0.80724
	57981	-0.8048399999999999
	54012	-0.8035093
	57853	-0.80064
	58138	-0.7968000000000001
	52993	-0.7934612
	57955	-0.79308
	57001	-0.7907516
	59659	-0.7893600000000001
	57197	-0.7889487500000001
	59304	-0.7821600000000001
	59092	-0.7803599999999999
	56958	-0.78
	59948	-0.77676
	54834	-0.7759617
	57425	-0.77256
	57405	-0.76908
	50741	-0.7655749000000001
	59249	-0.7624799999999999
	59266	-0.75948
	59280	-0.7575599999999999
	58742	-0.7565999999999999
	56962	-0.7551599999999999
	58752	-0.75336
	50756	-0.7477367
	52633	-0.7457045
	51829	-0.7425432999999999
	59278	-0.7417199999999999
	50851	-0.7383660000000001
	59293	-0.73272
	59851	-0.73056
	57195	-0.7300250500000001
	57811	-0.7269599999999999
	56969	-0.71796
	59242	-0.71796
	57909	-0.7162799999999999
	57734	-0.7107600000000001
	54662	-0.7086733000000001
	59099	-0.70788
	59951	-0.70668
	56869	-0.70068
	59022	-0.6988800000000001
	59045	-0.69456
	57914	-0.69444
	59941	-0.693
	57213	-0.6923028
	59640	-0.6911999999999999
	53725	-0.6906093
	56991	-0.69036
	54766	-0.6894803
	53735	-0.6854159
	50950	-0.6850772
	59502	-0.68484
	56395	-0.6838799999999999
	57281	-0.68321215
	57191	-0.6812325
	59848	-0.67944
	57413	-0.67884
	59271	-0.672
	57021	-0.6693841
	54569	-0.668368
	57889	-0.6669599999999999
	54929	-0.6662229
	57313	-0.66372
	57806	-0.66276
	54568	-0.6589973
	56867	-0.65616
	59096	-0.6468
	57271	-0.6462975000000001
	57003	-0.6431913
	59298	-0.6404399999999999
	58934	-0.64008
	59107	-0.63852
	50526	-0.6332561
	59673	-0.62544
	57776	-0.6245999999999999
	57606	-0.62352
	57976	-0.62148
	56970	-0.6157199999999999
	58109	-0.61524
	57729	-0.61404
	56295	-0.61308
	57086	-0.6077525500000001
	54102	-0.6023215
	58224	-0.5995199999999999
	54374	-0.5969023
	58472	-0.5948399999999999
	57813	-0.59388
	58848	-0.59184
	53903	-0.5892251000000001
	51704	-0.5888863999999999
	57900	-0.58848
	56870	-0.58764
	57957	-0.58692
	57094	-0.58679155
	51839	-0.5867413
	57211	-0.5854993999999999
	57268	-0.58344
	57972	-0.58284
	59241	-0.58224
	56021	-0.581435
	58016	-0.57996
	54575	-0.5797414999999999
	52825	-0.5795157
	51717	-0.5792899
	58147	-0.57792
	57162	-0.57700975
	54476	-0.5739835999999999
	50928	-0.573532
	57002	-0.5733062
	58625	-0.56436
	56598	-0.5638799999999999
	59254	-0.56316
	57988	-0.56148
	57875	-0.5560799999999999
	56029	-0.5544519
	59093	-0.5538
	52101	-0.5502746
	57942	-0.5500799999999999
	54843	-0.5493714
	58745	-0.5474399999999999
	57846	-0.54588
	52643	-0.5436135
	59473	-0.54036
	56091	-0.5393233000000001
	57245	-0.5386459
	58664	-0.5385599999999999
	54851	-0.5368395
	59031	-0.53652
	58223	-0.53232
	58047	-0.528
	57431	-0.5237999999999999
	59653	-0.52116
	57769	-0.51888
	57978	-0.51672
	59133	-0.51636
	54945	-0.5138079
	58666	-0.51288
	57949	-0.5117999999999999
	57183	-0.5105168000000001
	51708	-0.5094048
	50948	-0.5092919
	58644	-0.50784
	59758	-0.50124
	54135	-0.4999212
	56785	-0.49967999999999996
	57361	-0.49776
	57056	-0.4972415
	54039	-0.49676
	57192	-0.49561120000000003
	57821	-0.49548
	56065	-0.49461489999999997
	57041	-0.4938246
	57031	-0.493373
	57294	-0.48850775
	58034	-0.4884054
	52674	-0.48716349999999997
	54660	-0.4785831
	56684	-0.47844
	59094	-0.47831999999999997
	59500	-0.47663999999999995
	54940	-0.4759864
	54837	-0.4756477
	58127	-0.47412
	50940	-0.4738413
	53357	-0.4737284
	50468	-0.4735026
	59663	-0.47124
	57324	-0.46512
	57075	-0.4639368
	58637	-0.46271999999999996
	59046	-0.45696000000000003
	50431	-0.4562289
	57658	-0.45071999999999995
	57916	-0.45024
	59446	-0.44999999999999996
	50445	-0.4483259
	57317	-0.44771999999999995
	57242	-0.44629369999999996
	59065	-0.44483999999999996
	51633	-0.443697
	57781	-0.4386
	54584	-0.4382778
	57994	-0.43571999999999994
	54142	-0.4337618
	57189	-0.43144725
	58017	-0.4257412
	57008	-0.42540720000000004
	57119	-0.4231492
	58013	-0.42288
	56180	-0.42084
	52908	-0.418859
	50946	-0.4184074
	53917	-0.415472
	52996	-0.4152462
	54738	-0.41321399999999997
	58045	-0.40943999999999997
	54386	-0.40542389999999995
	58608	-0.4038
	59122	-0.4026
	59757	-0.39972
	57320	-0.39864
	59063	-0.39624
	57964	-0.396
	57908	-0.3936
	57279	-0.39168000000000003
	56961	-0.39132
	58222	-0.38892
	59845	-0.38748
	51707	-0.3871341
	57948	-0.38555999999999996
	57066	-0.38149020000000006
	57090	-0.38044215000000003
	57903	-0.3804
	50987	-0.3795698
	57285	-0.37741445
	53732	-0.3757312
	57176	-0.37415385
	57990	-0.36972
	57867	-0.36816
	56199	-0.36744000000000004
	58746	-0.36696
	58131	-0.3666
	50639	-0.3665863
	52995	-0.3664734
	56872	-0.36456
	58141	-0.3594
	58845	-0.3594
	57720	-0.35868
	50854	-0.3574414
	56772	-0.35736
	57874	-0.35664
	52818	-0.3559737
	53881	-0.3547318
	58139	-0.35447999999999996
	59493	-0.35304
	57030	-0.34468370000000004
	59843	-0.34428
	54841	-0.3436676
	59475	-0.34308
	56882	-0.34212000000000004
	57129	-0.3393774
	59265	-0.33912000000000003
	50353	-0.3388129
	57991	-0.33864
	57077	-0.33793790000000007
	58113	-0.33444
	54616	-0.333055
	52713	-0.33181309999999997
	58659	-0.32976
	57845	-0.32280000000000003
	53927	-0.3226682
	53968	-0.32187790000000005
	54049	-0.3199586
	50442	-0.3197328
	56284	-0.31944
	57809	-0.3192
	51711	-0.31736190000000003
	57326	-0.31572
	57370	-0.315
	53580	-0.31160400000000005
	57238	-0.3109266
	59264	-0.3108
	54719	-0.3101363
	58102	-0.30983999999999995
	51810	-0.3092331
	50985	-0.3046042
	51802	-0.3016688
	57835	-0.30108
	56889	-0.30096
	50915	-0.3008785
	53829	-0.3008785
	58704	-0.2994
	51571	-0.2974915
	58623	-0.29664
	54936	-0.2964754
	58665	-0.2958
	59081	-0.2958
	57022	-0.29376579999999997
	57333	-0.29268
	56792	-0.29148
	53914	-0.2883466
	59130	-0.28619999999999995
	58030	-0.2860886
	57095	-0.28576830000000003
	50973	-0.2827016
	57818	-0.28056
	56462	-0.28043999999999997
	59441	-0.27803999999999995
	57973	-0.27671999999999997
	54113	-0.2755889
	51818	-0.2752502
	56227	-0.2746857
	50949	-0.2701697
	54047	-0.2672343
	52986	-0.266444
	57182	-0.26597180000000004
	58130	-0.2622
	56766	-0.2598
	51886	-0.2583152
	59451	-0.25823999999999997
	59106	-0.25704
	54134	-0.2568475
	57042	-0.2568475
	57512	-0.25632
	57962	-0.25548
	59476	-0.25548
	59033	-0.25536
	51655	-0.2543637
	57186	-0.2533952
	50425	-0.2508638
	54755	-0.24838
	58609	-0.24719999999999998
	54027	-0.24679939999999997
	54765	-0.24623489999999998
	59478	-0.24599999999999997
	56396	-0.24479999999999996
	58203	-0.24144
	59312	-0.24023999999999998
	53336	-0.2379932
	58701	-0.23772
	57822	-0.23471999999999998
	56891	-0.23064
	58038	-0.22776
	58635	-0.22548
	57006	-0.22297750000000002
	51058	-0.2209453
	59453	-0.22032000000000002
	53959	-0.21925180000000002
	57947	-0.21575999999999998
	56016	-0.2147358
	58026	-0.21252000000000001
	52842	-0.2124778
	50934	-0.2080747
	58036	-0.20628
	57713	-0.20496
	54749	-0.2049135
	58145	-0.20423999999999998
	56168	-0.20387999999999998
	58619	-0.20376
	58457	-0.20112
	56793	-0.19848
	59090	-0.19848
	59448	-0.19848
	57060	-0.19418799999999997
	56290	-0.1938
	57156	-0.19295765
	56995	-0.1914
	57362	-0.19055999999999998
	57343	-0.1904623
	52607	-0.18955909999999998
	54065	-0.1891075
	57907	-0.18804
	58929	-0.18755999999999998
	57887	-0.18624
	58546	-0.18611999999999998
	53475	-0.1847044
	54026	-0.1833496
	57829	-0.17364
	56778	-0.16607999999999998
	58748	-0.16584
	59477	-0.16416
	50983	-0.16347920000000002
	59088	-0.16163999999999998
	57278	-0.1602
	58221	-0.1578
	50852	-0.1568181
	59127	-0.15564
	54835	-0.1494796
	55437	-0.1471087
	52557	-0.14654419999999999
	53810	-0.1463184
	53938	-0.1420282
	54590	-0.141125
	54284	-0.1406734
	57975	-0.14051999999999998
	59940	-0.1392
	54117	-0.1362703
	58202	-0.13392
	57020	-0.1329962
	57894	-0.13235999999999998
	58240	-0.1296
	58846	-0.12744
	57851	-0.12732
	57033	-0.1270125
	57614	-0.12588
	59134	-0.12516
	54041	-0.123061
	57035	-0.1215933
	57012	-0.1197869
	54290	-0.119674
	59842	-0.11891999999999998
	57985	-0.11856
	50956	-0.1170773
	57698	-0.11052
	50834	-0.1099646
	50978	-0.1098517
	52418	-0.109513
	57106	-0.10917429999999999
	59038	-0.10872
	59091	-0.10787999999999999
	59457	-0.10764
	51572	-0.1074808
	57169	-0.10573660000000001
	52988	-0.1028519
	58101	-0.10259245
	57739	-0.1014
	54063	-0.0987875
	51828	-0.0976585
	59041	-0.0972
	58569	-0.09587999999999999
	58463	-0.0952
	50632	-0.0932554
	54608	-0.0924651
	59126	-0.09156
	57026	-0.09088450000000001
	58657	-0.08784
	59655	-0.08652
	59058	-0.08592
	54842	-0.08580399999999999
	58935	-0.08544
	57941	-0.08292
	54810	-0.0825299
	58556	-0.08195999999999999
	58208	-0.08139855000000001
	56786	-0.081
	57076	-0.08046695
	56592	-0.07968
	54563	-0.07869129999999999
	53455	-0.0780139
	58631	-0.07536
	57789	-0.07512
	57029	-0.07293340000000001
	50936	-0.0721431
	56844	-0.07152
	51709	-0.0684174
	57758	-0.0678
	58656	-0.06624
	59116	-0.06359999999999999
	56067	-0.0625466
	54713	-0.06085310000000001
	56125	-0.060288600000000005
	59471	-0.06
	57328	-0.059519999999999997
	56879	-0.0594
	58220	-0.0594
	59137	-0.05891999999999999
	57912	-0.05832
	53929	-0.0538533
	59246	-0.05316
	50246	-0.0509179
	54072	-0.0503534
	54833	-0.0448213
	57096	-0.04215490000000001
	57426	-0.034319999999999996
	51573	-0.0322894
	53584	-0.0319507
	52576	-0.0303701
	58453	-0.03012
	58634	-0.028560000000000002
	52661	-0.0276605
	53574	-0.026983100000000003
	57913	-0.02376
	52546	-0.0235961
	58754	-0.02244
	54579	-0.0216768
	53487	-0.0211123
	58647	-0.0198
	51629	-0.0186285
	56151	-0.0176124
	56096	-0.014225400000000001
	53518	-0.0129835
	57153	-0.012870600000000001
	55690	-0.012757699999999999
	59279	-0.01272
	50877	-0.0125319
	56761	-0.01176
	57144	-0.0106126
	54156	-0.0095965
	58712	-0.008159999999999999
	50955	-0.0076771999999999995
	57113	-0.005757900000000001
	54187	-0.0041773
	53945	-0.0023709
	59256	0.00132
	50939	0.0037257
	53942	0.0051934
	54292	0.005645
	56674	0.0070799999999999995
	54932	0.0074514
	59082	0.01044
	57079	0.01129565
	58667	0.01584
	57416	0.01596
	51053	0.0162576
	57184	0.01758395
	54714	0.0185156
	59270	0.01908
	57958	0.01932
	53343	0.0208865
	57891	0.021840000000000002
	52656	0.0222413
	58448	0.02376
	56752	0.02412
	56109	0.025628300000000003
	54624	0.025741200000000002
	57180	0.026550600000000004
	53723	0.0285637
	54293	0.0285637
	57155	0.030144300000000002
	57052	0.0310475
	56182	0.0312
	59284	0.0324
	54938	0.0325152
	57708	0.032639999999999995
	58605	0.033
	52983	0.0345474
	52765	0.0348861
	52862	0.037482800000000004
	59037	0.03792
	57717	0.03804
	50945	0.0410956
	54935	0.042901999999999996
	57779	0.04296
	51642	0.0430149
	50853	0.0442568
	56665	0.04452
	54064	0.0450471
	57038	0.046289000000000004
	57260	0.048119999999999996
	53446	0.048321199999999995
	56084	0.051934
	59454	0.05328
	57181	0.053567000000000004
	57722	0.054
	58624	0.05472
	53420	0.055321
	52863	0.056901600000000004
	56079	0.059879999999999996
	56296	0.06048
	54094	0.0605144
	56018	0.061304700000000004
	53576	0.0642401
	58148	0.06432
	53806	0.065482
	59658	0.06588
	57808	0.06636
	57754	0.06684
	56763	0.06744
	58749	0.06792
	50674	0.06796579999999999
	58455	0.06804
	58940	0.06924
	57054	0.072256
	54276	0.0734979
	57966	0.07356
	59052	0.07547999999999999
	59297	0.0768
	58464	0.07703999999999998
	56080	0.07790100000000001
	53934	0.07869129999999999
	51716	0.0818525
	54349	0.0820783
	57803	0.0828
	53512	0.09032
	55664	0.09032
	57057	0.0985617
	57124	0.1010455
	53868	0.10375509999999999
	57886	0.105
	58041	0.10656
	51060	0.107255
	57295	0.10899720000000002
	58654	0.10932
	54098	0.1097388
	52833	0.1098517
	59315	0.11004
	58555	0.11075999999999998
	58035	0.11112
	56764	0.11327999999999999
	56173	0.1146
	50953	0.115158
	57067	0.11679935000000001
	50673	0.1194482
	58918	0.12023999999999999
	54709	0.1224965
	56394	0.12276
	50247	0.1247545
	57411	0.12491999999999999
	58618	0.12552
	54737	0.1276899
	57063	0.1294924
	57824	0.12972
	57093	0.13170495000000002
	58146	0.1338
	57974	0.13427999999999998
	57043	0.1348026
	57074	0.13566425000000001
	57303	0.1362
	58111	0.13706165
	59059	0.1452
	52679	0.14530230000000002
	57577	0.14543999999999999
	57132	0.14688289999999998
	58107	0.14784
	58542	0.14856
	54092	0.14993120000000001
	56378	0.15024
	58143	0.15156
	57414	0.153
	53916	0.1602051
	50859	0.1606567
	58024	0.1607696
	57290	0.16174905
	53490	0.1621244
	52737	0.1674307
	56790	0.16776
	53707	0.1677694
	58369	0.1687
	58927	0.17039999999999997
	59109	0.17628
	51720	0.1797368
	52853	0.1805271
	50867	0.1810916
	53906	0.1841399
	59481	0.18491999999999997
	58025	0.18707529999999997
	53967	0.1876398
	57437	0.18828
	54923	0.18933329999999998
	52447	0.1902365
	54718	0.1933977
	56045	0.1945267
	58917	0.19596
	56298	0.19644
	57072	0.1972663
	52323	0.1976879
	58015	0.19920000000000002
	50564	0.1997201
	57902	0.20052
	59469	0.201
	58735	0.20303999999999997
	54472	0.2034458
	56172	0.20423999999999998
	51815	0.2052522
	51722	0.2053651
	57992	0.21084
	58626	0.21084
	57657	0.21108
	54093	0.2128165
	57876	0.21323999999999999
	57134	0.2141713
	53947	0.2162035
	53582	0.2166551
	59075	0.21768
	57179	0.21880955000000002
	57185	0.22300175000000003
	57193	0.22439915000000002
	58225	0.2256
	58462	0.2267
	57432	0.22896
	56975	0.22967999999999997
	57921	0.22967999999999997
	57110	0.2324611
	59501	0.23387999999999998
	53488	0.2374287
	56948	0.23831999999999998
	57061	0.2394609
	56081	0.2408157
	53730	0.2469123
	54291	0.2489445
	58449	0.2496
	56263	0.25092
	53928	0.2566217
	54751	0.2567346
	58844	0.26123999999999997
	54715	0.2621538
	54922	0.2628312
	58620	0.26292
	53832	0.2629441
	58361	0.2638
	57828	0.26555999999999996
	58760	0.26639999999999997
	54286	0.2670085
	53662	0.2671214
	56198	0.26724
	57032	0.2725406
	59492	0.27312
	56767	0.2736
	54313	0.2761534
	56878	0.2766
	54371	0.2775082
	56197	0.2778
	58049	0.2778
	52575	0.27818560000000003
	54186	0.2792017
	57402	0.27948
	53517	0.2806694
	53910	0.2806694
	54702	0.2807823
	58367	0.2815
	53337	0.2837177
	58548	0.28428
	56987	0.2844
	58710	0.2844
	57051	0.28495315000000004
	53841	0.2862015
	59074	0.28764
	56649	0.288
	53352	0.2934271
	57089	0.29357045000000004
	56171	0.29796
	59945	0.29832
	58643	0.30144
	57926	0.30348
	59064	0.30383999999999994
	57016	0.3041526
	58543	0.30456
	56875	0.30588
	51705	0.30663640000000003
	55655	0.318378
	56093	0.3199586
	57188	0.32000460000000003
	58751	0.32004
	52866	0.3212005
	52836	0.3214263
	57014	0.3226682
	57989	0.32615999999999995
	54031	0.3270713
	57044	0.3313615
	59087	0.33144
	54327	0.3328292
	53821	0.3335066
	57995	0.33672
	57766	0.33827999999999997
	50774	0.33926449999999997
	50862	0.339829
	50349	0.34005480000000005
	57415	0.3414
	57265	0.34464
	57910	0.34572
	52985	0.3468288
	53231	0.3481836
	57233	0.35032870000000005
	53948	0.3510061
	57154	0.3519093
	57911	0.35291999999999996
	53602	0.3583446
	58544	0.35988
	52869	0.36161869999999996
	51777	0.3638767
	54195	0.3694088
	56782	0.36972
	59061	0.36983999999999995
	57099	0.3717084
	58847	0.37188
	56192	0.3721184
	57098	0.3721742
	54736	0.373699
	57718	0.3744
	57217	0.37488
	58547	0.37704
	57774	0.37943999999999994
	58615	0.38028
	58568	0.38208000000000003
	53923	0.3822794
	53276	0.384989
	57024	0.3857793
	51804	0.38656959999999996
	53978	0.3871962500000001
	58928	0.38772
	58032	0.3886018
	53324	0.38871469999999997
	50960	0.3910856
	54225	0.3924404
	56691	0.39324
	53467	0.3942468
	55228	0.39481130000000003
	57519	0.39552
	57827	0.39755999999999997
	56272	0.39804
	57883	0.40404
	59055	0.40452
	57768	0.40596
	52424	0.4068916
	53944	0.4073432
	51644	0.4089238
	58719	0.40896
	56498	0.41075999999999996
	57143	0.4115205
	59053	0.41244
	59452	0.41532
	57832	0.41579999999999995
	56082	0.4170526
	59072	0.41928
	56593	0.42347999999999997
	52313	0.42416529999999997
	57175	0.42434380000000005
	53817	0.42540720000000004
	57807	0.42575999999999997
	58460	0.4282
	57081	0.43028275000000005
	59480	0.43379999999999996
	54836	0.4373746
	54204	0.4387294
	59285	0.43907999999999997
	58012	0.43992
	57649	0.44076
	58529	0.4446
	58642	0.44508
	51627	0.44584209999999996
	56768	0.44796
	57646	0.45096
	54471	0.4512613
	58140	0.45408
	58519	0.45443999999999996
	51814	0.4548741
	53513	0.45589019999999997
	51059	0.4560031
	54731	0.45780950000000004
	56228	0.4610836
	51431	0.4623255
	54618	0.4639061
	56286	0.46535999999999994
	57111	0.4653738
	57744	0.46595999999999993
	58734	0.46728000000000003
	53979	0.46847835000000004
	58456	0.46848
	57053	0.4693253
	53738	0.47316389999999997
	56285	0.48167999999999994
	51811	0.4835507
	58942	0.48456
	54764	0.4846797
	50937	0.4849055
	53925	0.4863732
	57401	0.49367999999999995
	56783	0.49572
	56883	0.49644
	57027	0.49653420000000004
	58627	0.49704
	56742	0.49739999999999995
	51468	0.4980019
	58633	0.49967999999999996
	59131	0.50172
	57523	0.50376
	52446	0.5054533
	54704	0.5060178
	54732	0.5060178
	50979	0.5078242
	53861	0.5078242
	53486	0.5097435
	54752	0.5107596
	54828	0.5115499
	54812	0.5117757
	53666	0.5120015
	59654	0.51456
	57048	0.5157271999999999
	58048	0.5166
	56387	0.51696
	53899	0.5171949
	59117	0.5184
	56862	0.51972
	58612	0.5252399999999999
	50136	0.5261140000000001
	59456	0.5262
	52972	0.5289365
	58001	0.52903235
	55585	0.5314203
	51765	0.5323235
	54213	0.5349202
	51369	0.5355976
	53610	0.5359363
	54321	0.5359363
	50962	0.536275
	50879	0.5390975
	58718	0.5394
	56297	0.54
	57969	0.54288
	55248	0.5448554
	57028	0.5455328
	56186	0.5472
	52885	0.5481294999999999
	59294	0.55068
	53845	0.5510649
	55493	0.552081
	59488	0.55368
	54377	0.5570486
	57084	0.5597751500000001
	56755	0.56028
	57837	0.5622
	57339	0.56316
	58706	0.5681999999999999
	58365	0.5694
	57663	0.5718
	54273	0.5736449
	52784	0.5742094000000001
	54346	0.5749997
	53619	0.5775964
	53611	0.5787254
	54096	0.5794028
	54192	0.5851607
	58632	0.5861999999999999
	53705	0.58708
	53419	0.5884348
	54532	0.5941927
	54734	0.5963378
	51469	0.5969023
	58458	0.597
	54703	0.5973539
	57605	0.60468
	58461	0.6049
	54610	0.6053698
	58923	0.60732
	51377	0.6077407
	53348	0.6106761
	56382	0.61224
	56964	0.6156
	58730	0.61788
	58932	0.6192
	53499	0.6206113
	57359	0.62196
	53852	0.6223048
	54223	0.6224177
	59071	0.62268
	52968	0.6227564
	59290	0.6230399999999999
	51465	0.6244499
	54497	0.6253531
	56399	0.6259199999999999
	57206	0.6271199999999999
	51076	0.6290788
	57259	0.62988
	57514	0.6305999999999999
	59255	0.6305999999999999
	57409	0.6379199999999999
	55294	0.6444331999999999
	57767	0.6456000000000001
	58021	0.6461267
	54914	0.6463525
	56146	0.64788
	52974	0.6507556
	58451	0.65328
	54236	0.6564006
	54804	0.6587715000000001
	56493	0.66072
	54830	0.6637391
	57635	0.6654
	52978	0.6655455
	57522	0.6669599999999999
	56389	0.6684
	58837	0.66888
	53915	0.6700615000000001
	57604	0.67284
	58205	0.6782048
	57745	0.6789599999999999
	58911	0.67968
	53457	0.6834966
	53466	0.6851901
	57307	0.68676
	56954	0.68796
	57085	0.6888017500000001
	58570	0.6906
	50788	0.6929802
	58824	0.6935999999999999
	53519	0.6945608
	57034	0.6959156
	59114	0.699
	54205	0.6990767999999999
	54627	0.6994155000000001
	53368	0.7015606
	54301	0.7026895999999999
	58452	0.7034400000000001
	59954	0.70392
	56693	0.70644
	51526	0.7093507
	57080	0.710345
	58484	0.71208
	59057	0.71388
	58468	0.7152
	53392	0.7153344
	57082	0.7161675000000001
	56654	0.7223999999999999
	57011	0.7271889
	56164	0.7272
	54819	0.728205
	50892	0.7284308
	56190	0.7288800000000001
	53599	0.7322694
	54803	0.7330597
	57047	0.7339629
	56386	0.73812
	57040	0.7388176
	56376	0.73908
	56194	0.74244
	59288	0.74244
	56952	0.7435200000000001
	58116	0.7443599999999999
	58362	0.7455
	57731	0.74676
	57349	0.7477199999999999
	50779	0.7497689000000001
	56188	0.75096
	58736	0.75216
	54429	0.7524784999999999
	54154	0.7543978
	54814	0.7546236
	57671	0.7565999999999999
	54421	0.7582363999999999
	58004	0.75937045
	54626	0.7598170000000001
	50776	0.760946
	52203	0.7619621000000001
	54811	0.7645588
	57520	0.76596
	52868	0.7664780999999999
	54510	0.769978
	54285	0.7730262999999999
	58356	0.77376
	54717	0.7746069000000001
	57348	0.77796
	57177	0.7796327500000001
	53962	0.7803648000000001
	51639	0.7804777
	54533	0.7816067
	54925	0.7848808
	57045	0.7856711
	54729	0.7860098000000001
	59317	0.7868399999999999
	56097	0.78708
	53970	0.7878162
	54921	0.7880419999999999
	59051	0.7888799999999999
	50958	0.7893968
	58813	0.79008
	53850	0.7903
	54334	0.7903
	51477	0.7905258000000001
	52681	0.7906387
	58558	0.79116
	54712	0.7967353
	57834	0.79728
	58550	0.79728
	56669	0.79812
	52982	0.7985417
	58565	0.79908
	58926	0.79908
	54609	0.8009126000000001
	58467	0.80592
	57932	0.8068799999999999
	56950	0.8084399999999999
	54716	0.8087027000000001
	51133	0.8097188
	56383	0.81072
	52533	0.8126542
	53663	0.8132187000000001
	57896	0.81456
	51330	0.8178476
	54620	0.8192024
	53955	0.8199926999999999
	54708	0.8221377999999999
	56178	0.8226
	54311	0.8238313
	56152	0.82848
	54267	0.8287989
	57899	0.8298
	58941	0.83004
	57517	0.8350799999999999
	53491	0.8380567
	52745	0.8416695000000001
	54621	0.8416695000000001
	53727	0.8437017
	50787	0.8451694000000001
	57574	0.85116
	54521	0.8522821
	58921	0.8534400000000001
	54701	0.8536369
	50566	0.8554433
	51068	0.8561207
	58905	0.85764
	57102	0.8598464
	57299	0.8614971000000001
	51434	0.8615399
	54474	0.8616528
	54522	0.8689913
	57078	0.8704637500000001
	56670	0.87072
	56223	0.8714751000000001
	54080	0.8740718
	51329	0.8742976
	58207	0.8745395
	54822	0.8747492
	51156	0.8759911
	51463	0.8785878
	57792	0.87864
	58747	0.8794799999999999
	57105	0.8811844999999999
	54534	0.8825392999999999
	58150	0.88296
	56675	0.88392
	57274	0.8858351500000001
	57905	0.8862
	51467	0.8879585
	54161	0.8894262
	51145	0.8904422999999999
	53740	0.8922487
	58823	0.8929199999999999
	54475	0.8949583
	53786	0.8956357
	52889	0.8968776
	58022	0.8968776
	51232	0.8977808
	54172	0.8984582
	53930	0.9003774999999999
	56596	0.9012
	56189	0.9016799999999999
	51567	0.9028613
	56185	0.90564
	58567	0.90648
	54157	0.9072644
	58843	0.9074399999999999
	54362	0.9108771999999999
	56578	0.91404
	54449	0.9148287
	50965	0.9151674
	58020	0.9175383
	53941	0.9183286
	54615	0.9194576
	54603	0.9223929999999999
	53660	0.9232962
	53553	0.923522
	56571	0.92508
	54531	0.9266831999999999
	57710	0.9267599999999999
	53884	0.9274735000000001
	57510	0.93096
	54900	0.9317164500000001
	53963	0.9336829999999999
	53681	0.9375216000000001
	59268	0.9400799999999999
	58006	0.9401008500000001
	51581	0.9418118000000001
	58358	0.94248
	53367	0.9430537000000001
	54705	0.9447472
	53998	0.9453411
	54398	0.9463277999999999
	56390	0.94716
	58477	0.94956
	53272	0.9501664
	58531	0.951
	58459	0.9513599999999999
	57612	0.95148
	54632	0.9521986
	51334	0.9541179
	52657	0.9569404
	54707	0.9576178
	56147	0.95832
	54326	0.9620209
	56181	0.9621599999999999
	53612	0.9623596000000001
	58616	0.96384
	57800	0.96648
	58235	0.9665999999999999
	54824	0.9676659
	56384	0.96852
	51495	0.9694723000000001
	56978	0.96972
	54724	0.9702626000000001
	52895	0.9704884
	54237	0.9721818999999999
	57055	0.9734238
	53937	0.9759076
	56144	0.97608
	57173	0.9770155
	53848	0.9770365999999999
	58557	0.97764
	51288	0.9780527
	56582	0.97836
	54324	0.9790688
	53856	0.9791816999999999
	56835	0.9799199999999999
	50888	0.9807623000000001
	57840	0.9825599999999999
	53578	0.9831332
	54722	0.9838106
	54918	0.9846009
	54939	0.986746
	57232	0.986746
	58005	0.9886605
	56043	0.9911491
	57420	0.9911999999999999
	53391	0.9916007
	56267	0.9919199999999999
	51470	0.9945361
	54612	0.9952135
	54423	0.9964554000000001
	52267	0.9965683000000001
	58537	0.99768
	50775	0.9986005
	57772	0.99876
	57647	1.00332
	53289	1.0034552
	54906	1.0053745
	54244	1.005939
	54507	1.0071809
	58731	1.00752
	54274	1.0084228
	53149	1.0092131
	58549	1.01064
	58938	1.01148
	56757	1.01256
	55773	1.0131646
	57525	1.0224
	50871	1.025132
	58819	1.02576
	52875	1.0261481000000001
	56106	1.0296480000000001
	57308	1.0314
	54829	1.0315672999999999
	54437	1.0320189
	53644	1.0340511000000001
	57329	1.03464
	52963	1.035293
	54613	1.0354059
	53957	1.0381155
	59113	1.0398
	53696	1.0402606
	58301	1.0403643
	57513	1.0442399999999998
	53673	1.0445508000000001
	57965	1.0462799999999999
	54494	1.0513248
	58903	1.05336
	53896	1.0535828
	54420	1.0536957
	51636	1.0567440000000001
	54908	1.0569698
	54319	1.0596794
	57070	1.0608595
	50964	1.0618245
	54416	1.0618245
	59487	1.0622399999999999
	57091	1.0635378500000001
	57763	1.06416
	54907	1.0666792
	58269	1.06704
	58834	1.0682399999999999
	58614	1.0695599999999998
	51568	1.0704049
	56944	1.07052
	54165	1.0737919
	53926	1.0758241
	54802	1.0789853
	57178	1.0827521
	58503	1.08336
	57680	1.0855199999999998
	50880	1.0876786
	56071	1.0876786
	53384	1.0880173
	52754	1.0903882
	54628	1.0941139
	53593	1.0944526
	57796	1.09608
	57600	1.0968
	53982	1.1004525
	56751	1.104
	57743	1.104
	50873	1.1054039
	56033	1.1069845
	57293	1.10732305
	54606	1.1082264
	54304	1.1084522
	56004	1.1116134
	54726	1.1133069
	53799	1.1138714
	58562	1.1148
	53964	1.1155649
	52955	1.116581
	53492	1.116581
	58907	1.11828
	56836	1.12116
	54226	1.1216615
	57511	1.1226
	53484	1.1252743
	54725	1.1260645999999999
	51328	1.1277581
	58622	1.12824
	54727	1.1292258
	57655	1.12944
	58744	1.1381999999999999
	54401	1.1405158
	58438	1.14132
	56492	1.1447999999999998
	59097	1.1468399999999999
	58446	1.14744
	57071	1.1486628
	53615	1.1522573999999999
	53378	1.1545154
	53463	1.1551928
	56278	1.1554799999999998
	51559	1.1576766
	53522	1.1582411000000001
	50778	1.158354
	57516	1.15836
	51437	1.1591443
	54214	1.1592571999999999
	57723	1.16064
	53961	1.1641119
	57859	1.16472
	56116	1.1663698999999998
	52112	1.1697569
	51186	1.1712246000000002
	53614	1.1722407
	53665	1.1724665
	53993	1.1781246500000002
	57575	1.1794799999999999
	53853	1.179805
	58821	1.17984
	54430	1.1808211
	53618	1.1821758999999998
	56193	1.18284
	54644	1.1874822
	54164	1.187708
	54633	1.1887241
	51356	1.1901918
	51358	1.1903047
	56951	1.19172
	53562	1.1921111
	57355	1.1943599999999999
	58527	1.19448
	56838	1.19472
	56651	1.19508
	56854	1.19688
	50772	1.2011431000000001
	57584	1.20192
	53754	1.2020463
	53879	1.2028366
	51378	1.2047558999999999
	53664	1.2062236
	52896	1.206901
	53883	1.2100622
	54730	1.2140137
	54318	1.222707
	57842	1.2229199999999998
	53773	1.2234973000000002
	56586	1.2241199999999999
	56478	1.22604
	54614	1.2262069
	54916	1.2276745999999998
	54910	1.2316261
	57825	1.2326399999999997
	53469	1.2342228
	51367	1.2365937
	51359	1.2379485000000001
	56646	1.2387599999999999
	59102	1.24032
	56195	1.24068
	56746	1.2472800000000002
	54902	1.24846045
	51436	1.2485611
	57204	1.2486
	54911	1.2499159
	54604	1.2501417
	53689	1.2514965
	57640	1.25292
	54800	1.2542061
	56137	1.2558996
	53748	1.2569157
	54903	1.2571942
	54503	1.2605285000000002
	58714	1.26672
	51482	1.2712539999999999
	58366	1.2713
	56499	1.2733199999999998
	54539	1.274641
	54535	1.2763345000000001
	54919	1.2767861
	58715	1.2782399999999998
	53498	1.2837859
	54419	1.2857052
	57603	1.2857999999999998
	58241	1.28604
	54821	1.2869471
	54640	1.2904470000000001
	53954	1.2946243000000002
	54171	1.2976726
	53480	1.2982371
	52957	1.3009467000000001
	53399	1.3009467000000001
	52884	1.3011725
	54820	1.3015112
	54808	1.3024144
	56671	1.3024799999999999
	58236	1.308
	50878	1.3134786
	53973	1.3137044
	54806	1.3166398
	54069	1.3169785
	54499	1.3174301000000002
	58933	1.32264
	51352	1.3237525
	54801	1.3237525
	53956	1.324317
	54424	1.324317
	53759	1.3299619999999999
	53502	1.3349296
	52984	1.3370746999999998
	58828	1.3371600000000001
	54723	1.3377521
	56357	1.33788
	56490	1.3404
	57798	1.341
	56673	1.3418400000000001
	53950	1.3422681
	57936	1.3434
	58003	1.3456550999999999
	57049	1.3461067
	58826	1.35132
	54823	1.3523162
	55578	1.3532194000000002
	53704	1.3558161000000002
	53893	1.3578483000000001
	58559	1.36008
	57707	1.36032
	58323	1.36536
	54523	1.3669932
	53478	1.3686867
	54208	1.3710575999999999
	54428	1.3710575999999999
	53699	1.3712833999999998
	53975	1.3779445
	58707	1.38084
	51238	1.3814444000000001
	54602	1.3884442
	57231	1.3934118
	54711	1.3935247
	58601	1.3943999999999999
	54706	1.395444
	54815	1.3964601
	56664	1.39788
	56167	1.39848
	54920	1.3989439000000001
	53756	1.3993955
	57609	1.40028
	54927	1.4026695999999998
	53953	1.4035728
	54363	1.4079759
	57841	1.40892
	56569	1.4105999999999999
	57679	1.41072
	54320	1.4109113
	56594	1.4114399999999998
	57699	1.4116799999999998
	52980	1.4133951
	58693	1.4138399999999998
	56459	1.41492
	53966	1.4153144
	53757	1.4164434
	50963	1.4200562
	57844	1.4202
	51656	1.4237819
	57469	1.42392
	56473	1.42428
	54486	1.4249109
	54412	1.4254753999999998
	58820	1.42704
	53857	1.4271689
	53864	1.4271689
	56158	1.4285999999999999
	53564	1.4287495000000001
	58912	1.4290800000000001
	57786	1.42932
	57216	1.42944
	58530	1.42956
	58906	1.4322
	54525	1.4325880999999998
	54807	1.4342816
	53958	1.4378944
	53997	1.4402536
	57740	1.44552
	57805	1.4494799999999999
	57544	1.4556
	56548	1.45692
	54527	1.4634098
	56289	1.46364
	57518	1.46364
	53596	1.4642001
	58154	1.46532
	50968	1.4662323
	59485	1.46736
	56567	1.47348
	57993	1.48092
	53854	1.4824899
	57923	1.4826
	54218	1.4837318
	55680	1.4850865999999998
	53697	1.4861027
	54631	1.4883607
	58931	1.4896800000000001
	56652	1.48992
	57506	1.48992
	56187	1.4905199999999998
	53751	1.4910703
	54817	1.4935877
	54132	1.4937799
	54710	1.4946831
	58454	1.49676
	53859	1.4976185
	53472	1.4978443
	54266	1.4987475
	53785	1.499312
	56288	1.50024
	54517	1.5005538999999999
	54540	1.5090214
	54515	1.5096988
	53617	1.5102632999999999
	57046	1.5135374
	57296	1.5146651500000001
	57566	1.51788
	58602	1.5183600000000002
	54470	1.5187308
	56641	1.5210000000000001
	51701	1.5241500000000001
	53483	1.5268596
	58836	1.52724
	54905	1.5293434000000001
	52787	1.5335207000000002
	54518	1.5349883999999998
	53695	1.5373592999999999
	58230	1.54368
	54700	1.5440204
	52876	1.5442462
	58234	1.5450000000000002
	53505	1.5454881
	57895	1.54824
	53885	1.5497783
	52495	1.550117
	54619	1.5510202
	54617	1.5576812999999998
	54259	1.5584716
	56565	1.5589199999999999
	51137	1.5621973
	56595	1.5643200000000002
	56580	1.5677999999999999
	54520	1.5690841999999998
	57083	1.5699789000000002
	57345	1.5702
	54337	1.5711164
	53567	1.5723583
	51379	1.5751808
	57637	1.57752
	54234	1.5829708999999998
	57509	1.5852
	53763	1.5882772
	57140	1.5900836
	57642	1.59048
	58158	1.59396
	56851	1.5948
	54483	1.5962931
	56666	1.59744
	54261	1.6003574999999999
	54622	1.6005833
	56584	1.60128
	56074	1.6029541999999999
	56475	1.60656
	56496	1.60692
	53464	1.6078089
	53877	1.6080347
	58321	1.61412
	58534	1.61556
	51243	1.6174054000000002
	53659	1.6176312000000002
	52645	1.6256471
	51087	1.6301630999999999
	53577	1.6305018
	53674	1.6315179
	55591	1.6321953
	53794	1.6346791
	57634	1.63524
	57536	1.6374
	53984	1.6383350500000002
	54528	1.6415659999999999
	56643	1.64184
	57669	1.6489200000000002
	57636	1.65012
	59635	1.6535999999999997
	54432	1.6589526
	53579	1.6644847
	54493	1.6651621
	56745	1.6670399999999999
	54434	1.6680975
	58600	1.67592
	57417	1.6782000000000001
	53875	1.6806294
	56391	1.6808400000000001
	58725	1.6808400000000001
	56489	1.6818
	56374	1.68408
	58502	1.6845599999999998
	57137	1.6859357000000001
	59289	1.6874399999999998
	56444	1.68828
	50884	1.6884195
	53753	1.688984
	53594	1.6896613999999999
	56128	1.692371
	53983	1.6948133
	53575	1.6990321
	51542	1.7016288000000002
	58320	1.70472
	56585	1.70724
	58008	1.7085544000000001
	56312	1.7089673
	54541	1.7176606
	53780	1.7186767
	58606	1.72008
	56756	1.7215200000000002
	58377	1.72164
	57065	1.7218297
	58563	1.72308
	57208	1.72476
	51357	1.726241
	56381	1.72836
	57839	1.73652
	54611	1.7384342000000002
	57541	1.74336
	51433	1.7472404000000001
	58316	1.74768
	57696	1.74888
	54645	1.7491596999999999
	53543	1.7527725
	56434	1.753337
	51435	1.7564982
	54316	1.7593207
	56849	1.77768
	57476	1.7796
	54623	1.7806587999999999
	53565	1.7809974999999998
	57297	1.7847127
	59287	1.78488
	54431	1.7861909
	57562	1.78836
	57625	1.7916
	53676	1.7926262000000002
	56645	1.7960399999999999
	54904	1.7974809
	54805	1.7995131000000002
	56474	1.7999999999999998
	58520	1.8066
	52874	1.8082064
	57760	1.8175199999999998
	53529	1.8224318000000002
	54917	1.8250285000000002
	57732	1.82676
	58936	1.8298799999999997
	57565	1.8317999999999999
	58814	1.8336
	54530	1.8351895
	58806	1.83648
	59632	1.83696
	54325	1.8385765
	56748	1.8419999999999999
	53772	1.8438828
	53784	1.8544954
	53949	1.8549470000000001
	55593	1.8568663
	57736	1.85784
	51438	1.8595759
	58352	1.8611999999999997
	54601	1.8613823
	54915	1.8619468
	56840	1.8634799999999998
	51365	1.8635274000000002
	56373	1.869
	53646	1.8700756
	55696	1.8704143
	56483	1.87428
	53981	1.8785431
	54347	1.8875750999999998
	54505	1.891075
	57502	1.91028
	58011	1.9106067
	54308	1.9134292000000002
	54323	1.9193
	56281	1.9267199999999998
	58426	1.9272
	51241	1.9286706999999998
	58237	1.9287599999999998
	58839	1.92984
	53545	1.9314932
	55299	1.9329608999999999
	57793	1.9412399999999999
	53866	1.9414284
	58264	1.94436
	54912	1.9562183
	54636	1.9587021000000002
	54243	1.9602827
	54231	1.9690889
	53788	1.9716856
	56307	1.9754113
	58737	1.97568
	54825	1.9758629
	54339	1.9826369
	58946	1.983
	53790	1.9855722999999998
	53976	1.9863626
	58243	1.98684
	54433	1.9898624999999999
	56276	1.99572
	56949	1.99824
	58246	1.9993199999999998
	58523	2.00424
	53750	2.008491
	56543	2.0132399999999997
	57595	2.01552
	54816	2.0175229999999997
	53996	2.0185391
	54332	2.0214745
	54512	2.0217003
	58002	2.0268937
	58359	2.0286
	54513	2.0352483
	53789	2.0363773000000003
	58818	2.03844
	54404	2.0388611
	54181	2.044619
	53590	2.0455222
	58306	2.0518799999999997
	51346	2.0531994
	53871	2.0580541
	58311	2.06604
	57540	2.06748
	53678	2.0679893000000003
	51353	2.0745375
	58244	2.07828
	58247	2.07924
	53796	2.0858274999999997
	54909	2.0948595
	54514	2.0950853
	58435	2.09796
	53764	2.1002787
	54408	2.1139396
	58250	2.1151199999999997
	54425	2.1151815
	58607	2.11944
	58242	2.1223199999999998
	57507	2.1252
	57761	2.13036
	57799	2.1323999999999996
	54249	2.1336971
	53692	2.1368583
	53888	2.1379873
	53880	2.1386647
	52856	2.1388905
	57714	2.14104
	54399	2.1453257999999997
	57298	2.1510644
	53992	2.1518795500000003
	58354	2.15688
	54260	2.1569545
	58517	2.15928
	56202	2.1593254
	57505	2.1642
	54511	2.1644059
	54076	2.1647446
	53989	2.1694635
	54263	2.169938
	58443	2.17296
	56287	2.1774
	57688	2.17812
	56257	2.1824399999999997
	54453	2.1863085
	54455	2.1885665
	53397	2.1908244999999997
	57623	2.19468
	56443	2.19612
	54519	2.1982759
	57466	2.20212
	53869	2.2178076
	56385	2.2248
	58509	2.22852
	57694	2.2310399999999997
	53651	2.2355329
	57039	2.2398231
	58245	2.24172
	56247	2.2456799999999997
	54335	2.2476132
	54439	2.2494196
	55472	2.2506615
	54406	2.2649998000000005
	53787	2.2672578
	56480	2.2721999999999998
	56485	2.27244
	53481	2.2840799
	56856	2.28612
	58436	2.2874399999999997
	57780	2.2921199999999997
	54333	2.2926603
	57545	2.29356
	53988	2.2987230000000003
	54169	2.3046277
	58514	2.3112
	53862	2.3222401
	57537	2.32992
	58804	2.33184
	57673	2.3327999999999998
	54438	2.3334172000000004
	57687	2.33724
	54818	2.3427879
	56279	2.35056
	53878	2.351707
	54454	2.3524973
	53974	2.3526393500000005
	57461	2.3536799999999998
	53882	2.3556585
	52943	2.3566746000000003
	57742	2.35788
	53362	2.3585939000000002
	57438	2.36076
	56380	2.364
	54365	2.3646905
	56843	2.36784
	57773	2.37504
	53776	2.3816255
	57682	2.38944
	58428	2.39892
	58822	2.39988
	53874	2.4034152
	55589	2.4077054
	53775	2.4078182999999997
	54607	2.4078182999999997
	52797	2.4084957
	57633	2.4126
	56487	2.42568
	58450	2.43468
	54452	2.4449624
	56842	2.44572
	53680	2.4468817
	56533	2.45376
	59631	2.4652799999999995
	53691	2.4756712000000003
	54338	2.4799614
	54248	2.4805259
	54331	2.481542
	53588	2.4818807
	53770	2.4822194
	57396	2.4994828
	54336	2.5031059
	53995	2.5101962
	55279	2.5150733
	57582	2.51544
	53891	2.519928
	53760	2.5203796
	57590	2.5255199999999998
	56839	2.54856
	58251	2.5511999999999997
	58418	2.5518
	58255	2.5519199999999995
	58360	2.56092
	53682	2.5717491
	53872	2.5777327999999997
	53685	2.5830391
	53533	2.593313
	58353	2.59656
	53783	2.6026837
	53547	2.6092319
	56273	2.6153999999999997
	53795	2.6246992000000002
	57499	2.62764
	57586	2.63076
	57304	2.63544
	57554	2.65152
	57465	2.6556
	58336	2.66004
	57496	2.66148
	53690	2.6625207
	58507	2.66268
	53771	2.6677141
	53792	2.6802460000000004
	58512	2.6833199999999997
	53677	2.6871329
	57464	2.69544
	54351	2.7000035000000002
	54506	2.7068904000000003
	53886	2.7086968
	58351	2.71008
	57564	2.71344
	53895	2.7146805
	57643	2.71752
	58441	2.7345599999999997
	57475	2.73948
	57558	2.74152
	57581	2.75088
	54605	2.7538568
	58501	2.75616
	54594	2.7731627000000003
	57585	2.7735600000000002
	57762	2.7792
	54501	2.7847914
	57508	2.7876
	53767	2.7879525999999997
	58330	2.7890399999999995
	58265	2.79576
	54901	2.8043489
	56846	2.80524
	54410	2.8185485000000003
	57922	2.82984
	56251	2.83488
	57477	2.84184
	58500	2.8503600000000002
	58238	2.8549200000000003
	57741	2.85732
	57368	2.8582799999999997
	59626	2.86248
	57666	2.8635599999999997
	58407	2.8807199999999997
	54252	2.8864014
	58257	2.9056800000000003
	58508	2.91672
	56331	2.920723
	58341	2.9209199999999997
	58402	2.92956
	57458	2.95368
	53774	2.9542542999999997
	56841	2.9657999999999998
	57483	2.96856
	57583	2.97564
	53797	2.98056
	53798	2.9871081999999998
	54596	2.998624
	53782	3.0039303
	58314	3.01512
	53791	3.0153331999999997
	53894	3.0201879000000003
	54597	3.0418647
	53889	3.04644845
	57571	3.0509999999999997
	54502	3.0563159
	57608	3.0865199999999997
	56739	3.09096
	57662	3.11904
	58254	3.12408
	53860	3.1325234
	58249	3.1377599999999997
	53892	3.1444908000000003
	58506	3.1502399999999997
	58346	3.1564799999999997
	57674	3.1574400000000002
	53897	3.164587
	58437	3.17736
	53768	3.1782479
	58419	3.18648
	58334	3.21192
	56371	3.2124
	57447	3.2239199999999997
	58510	3.2286
	54436	3.2370688
	54254	3.2545683
	58268	3.2588399999999997
	58345	3.2683199999999997
	58343	3.28572
	58259	3.28896
	58408	3.2991599999999996
	53781	3.3009702
	58329	3.3124800000000003
	57661	3.31812
	58401	3.32616
	53994	3.3314016
	57598	3.3585599999999998
	53865	3.3636296999999997
	58404	3.3684
	57462	3.37284
	58423	3.37464
	58331	3.38892
	58342	3.39744
	53991	3.40208675
	53769	3.4104832
	57752	3.41448
	58335	3.43764
	53898	3.4450568000000006
	58337	3.4458
	57460	3.4776000000000002
	57678	3.4797599999999997
	57390	3.4830195000000006
	53777	3.4978678
	53658	3.5183027
	56946	3.5248799999999996
	54342	3.5364796000000003
	58344	3.54252
	57498	3.55272
	57381	3.5597999999999996
	57573	3.5659199999999998
	57543	3.6411599999999997
	58327	3.65304
	53698	3.6578471
	53687	3.6624760000000003
	58409	3.66816
	57771	3.73128
	58338	3.7375199999999995
	57378	3.79656
	58432	3.8168399999999996
	57439	3.8232
	57399	3.82932
	58317	3.8367599999999995
	56280	3.83772
	58421	3.8423999999999996
	57451	3.84996
	57385	3.8527199999999997
	57491	3.8696399999999995
	57389	3.88692
	57358	3.92244
	58424	3.92244
	56342	3.9574837
	58319	3.9915599999999998
	54826	3.9936117
	57445	4.01052
	57398	4.01568
	58433	4.026
	57486	4.027679999999999
	57482	4.04988
	58339	4.05216
	58420	4.05816
	58326	4.089
	57481	4.12296
	53986	4.1435239
	58431	4.16808
	58429	4.17888
	57494	4.19052
	57589	4.19292
	57489	4.198919999999999
	58417	4.2446399999999995
	58415	4.25568
	58427	4.26648
	57485	4.2697199999999995
	57492	4.27932
	57493	4.29072
	58414	4.31664
	53890	4.3606496
	57388	4.37712
	53985	4.3880689
	58340	4.4016
	57395	4.43784
	58442	4.4775599999999995
	58416	4.48056
	53693	4.5647728
	57377	4.86444
	57387	4.953
