	54047	-2.7479032800000005
	54031	-2.71289331
	50945	-2.66411781
	58316	-2.60028
	54662	-2.5371931200000004
	52972	-2.5073858700000002
	57502	-2.4844799999999996
	58148	-2.48436
	58323	-2.4713999999999996
	54568	-2.4238171800000003
	57466	-2.41824
	54575	-2.38056957
	58139	-2.35908
	54334	-2.31596913
	54041	-2.28356052
	50833	-2.27142084
	58047	-2.25228
	57253	-2.24988
	52974	-2.24985123
	57408	-2.2436399999999996
	56297	-2.21832
	58321	-2.20428
	57525	-2.1954
	58146	-2.19408
	56386	-2.18928
	57481	-2.17884
	54486	-2.17484535
	58269	-2.1730799999999997
	57483	-2.16648
	54132	-2.1563106600000004
	57510	-2.14572
	56171	-2.1417599999999997
	58327	-2.1385199999999998
	56478	-2.13816
	58241	-2.1054
	58145	-2.10216
	57281	-2.10018248
	54248	-2.09788845
	53083	-2.08661589
	50525	-2.0779446900000003
	50934	-2.07328392
	54266	-2.070249
	57475	-2.04996
	56082	-2.04434379
	50524	-2.03968302
	52984	-2.03458869
	50758	-2.03328801
	50755	-2.02385808
	57363	-2.01936
	57558	-2.01924
	57460	-2.0006399999999998
	50950	-1.98700548
	50425	-1.98516285
	57409	-1.97832
	54335	-1.9634848500000002
	57606	-1.9545599999999999
	54237	-1.9516703400000002
	58377	-1.94472
	50526	-1.9436494800000002
	57070	-1.9386036299999998
	58441	-1.93512
	56836	-1.935
	54236	-1.93237692
	50745	-1.92370572
	54331	-1.91915334
	54026	-1.91709393
	50655	-1.91069892
	50844	-1.9093982400000002
	52982	-1.89660822
	57522	-1.8950399999999998
	54142	-1.8917306700000003
	54584	-1.87579734
	56493	-1.869
	54386	-1.8593220600000002
	58366	-1.8557
	50842	-1.8521683200000003
	50948	-1.8489166200000002
	58326	-1.84764
	58354	-1.8464399999999999
	50727	-1.8449061900000001
	57565	-1.8445199999999997
	50854	-1.8413293200000003
	58154	-1.83312
	58243	-1.8317999999999999
	56390	-1.83048
	54494	-1.82322819
	50639	-1.81835064
	52875	-1.81694157
	54347	-1.80382638
	54337	-1.8025257000000001
	56081	-1.7914699200000002
	54049	-1.79081958
	53988	-1.79015663
	58356	-1.7888399999999998
	57079	-1.78421875
	57604	-1.7821200000000001
	57389	-1.78128
	50527	-1.7804141400000002
	59427	-1.76856
	56593	-1.76844
	57564	-1.7662799999999999
	57066	-1.7620658899999997
	54039	-1.7571102900000002
	50767	-1.7559180000000003
	58320	-1.7554800000000002
	58429	-1.75392
	57271	-1.75338745
	57001	-1.75147401
	54362	-1.7439951
	52963	-1.7435615400000002
	58230	-1.7396399999999999
	54534	-1.7327225400000001
	54261	-1.7300127900000002
	58338	-1.7156399999999998
	52985	-1.70996064
	58346	-1.7094
	57477	-1.7091599999999998
	57482	-1.7056799999999999
	57486	-1.7056799999999999
	57387	-1.70544
	54377	-1.7035656300000002
	57603	-1.70292
	50749	-1.6851393300000002
	57520	-1.68348
	58234	-1.67736
	50756	-1.6734332100000002
	54274	-1.6731080400000002
	58158	-1.6723199999999998
	50566	-1.66346133
	50431	-1.6602096300000002
	56290	-1.6488
	57304	-1.64256
	57093	-1.6399967799999997
	57519	-1.6389599999999998
	50838	-1.6379896800000002
	54323	-1.6362554400000002
	57061	-1.6361470500000002
	51465	-1.6333289100000001
	58147	-1.62912
	56387	-1.62876
	58245	-1.6248
	58140	-1.62336
	57004	-1.61793753
	57040	-1.6111089600000001
	57735	-1.61088
	57274	-1.60939386
	54244	-1.60818243
	50939	-1.6034132700000001
	57273	-1.6027708399999998
	50958	-1.60189581
	50742	-1.6009203000000003
	57049	-1.5998364
	56079	-1.5982800000000001
	54533	-1.5951756300000002
	58259	-1.59456
	57462	-1.59216
	54339	-1.5911652
	57485	-1.58988
	50603	-1.5898645200000003
	57562	-1.58964
	57476	-1.58916
	57245	-1.5882386700000002
	58251	-1.58784
	54157	-1.5846618000000001
	54712	-1.5767493300000002
	50954	-1.5730640700000003
	54363	-1.57198017
	56080	-1.56829491
	54225	-1.5661271100000003
	54346	-1.5621166800000001
	57368	-1.56
	58236	-1.55832
	56065	-1.5558300600000001
	57609	-1.55268
	57469	-1.5517199999999998
	57178	-1.5435062299999998
	58225	-1.54056
	50936	-1.5316590900000002
	54579	-1.5293829
	57126	-1.5290577300000001
	54522	-1.5267815400000002
	58331	-1.5249599999999999
	53987	-1.5245506899999999
	56384	-1.52148
	58150	-1.51944
	58335	-1.5144
	54483	-1.5093307500000002
	54349	-1.5072713400000002
	58362	-1.507
	52995	-1.5068377800000001
	53980	-1.5001176
	51058	-1.49220513
	50750	-1.4897121600000003
	53989	-1.48869503
	50658	-1.4872191900000002
	53195	-1.48646046
	58714	-1.4863199999999999
	56263	-1.48524
	57065	-1.48401324
	54324	-1.4836423200000002
	57505	-1.4784
	58451	-1.4758799999999999
	54627	-1.47475434
	54622	-1.4708523
	57461	-1.46868
	56383	-1.46736
	58255	-1.46532
	57035	-1.46467407
	52993	-1.4632650000000003
	54812	-1.4610972000000002
	57278	-1.45908
	56251	-1.45692
	57067	-1.45672183
	58365	-1.4524
	57742	-1.4465999999999999
	57465	-1.446
	58462	-1.4458
	58257	-1.44552
	54115	-1.4439715800000001
	51369	-1.43801013
	51526	-1.4342164800000001
	58265	-1.42404
	57071	-1.4215513099999997
	50946	-1.4182831500000002
	57643	-1.41468
	58461	-1.412
	56045	-1.4116713600000002
	51328	-1.41047907
	58319	-1.4058
	53490	-1.40549313
	58446	-1.4046
	50834	-1.4025666
	54710	-1.4012659200000002
	58268	-1.4006399999999999
	54834	-1.3979058300000002
	58329	-1.38828
	58358	-1.38648
	57517	-1.3821599999999998
	58436	-1.3797599999999999
	58246	-1.3788
	54353	-1.3787208000000002
	57633	-1.37352
	53491	-1.3717838400000002
	58345	-1.3701599999999998
	53348	-1.36831536
	58360	-1.36716
	54342	-1.36668951
	58432	-1.36356
	57637	-1.3631999999999997
	50852	-1.3631126400000002
	56071	-1.3613784000000002
	58038	-1.3596
	51434	-1.3562840700000003
	57053	-1.35216525
	54617	-1.35184008
	54102	-1.3496722800000003
	58242	-1.3481999999999998
	56569	-1.34712
	56490	-1.3459199999999998
	57002	-1.34436117
	57608	-1.3438799999999997
	57370	-1.3435199999999998
	52978	-1.34241015
	53486	-1.33959201
	58129	-1.3356
	58443	-1.332
	56173	-1.3314
	53664	-1.3313543700000001
	53378	-1.32821106
	58220	-1.32708
	58264	-1.3262399999999999
	57508	-1.32576
	57614	-1.3233599999999999
	54707	-1.32246639
	50656	-1.31986503
	56492	-1.3194
	53599	-1.31813079
	58222	-1.3178400000000001
	54476	-1.3174804500000001
	57003	-1.3133616300000002
	58336	-1.3104
	50940	-1.30956798
	51431	-1.3089176400000002
	57110	-1.3082673000000002
	56475	-1.3038
	57362	-1.29804
	56186	-1.29708
	58143	-1.29348
	50858	-1.2862641300000002
	54619	-1.28572218
	57260	-1.2831599999999999
	54820	-1.2780264900000002
	53979	-1.2760732499999998
	53997	-1.2752739199999998
	54700	-1.2752083500000002
	57043	-1.26968046
	57642	-1.26816
	54421	-1.2667539300000001
	54420	-1.2648029100000002
	56381	-1.2624
	54231	-1.2620931600000003
	54523	-1.2585162900000002
	57211	-1.2580827300000001
	58250	-1.25268
	58342	-1.25112
	58254	-1.2489599999999998
	56067	-1.24811085
	58100	-1.24444262
	57575	-1.24272
	58235	-1.24272
	58311	-1.2416399999999999
	54254	-1.2408487200000002
	53965	-1.2396564300000001
	57011	-1.23878931
	58431	-1.2374399999999999
	58367	-1.2365
	50928	-1.2358627800000002
	57132	-1.23282786
	58330	-1.23276
	54541	-1.2318523500000003
	54601	-1.2302265000000001
	54703	-1.2302265000000001
	54338	-1.2264328500000001
	54806	-1.22361471
	57044	-1.22198886
	54569	-1.22036301
	54267	-1.21385961
	57268	-1.2103199999999998
	58237	-1.20972
	58337	-1.20624
	54453	-1.2056219700000002
	58456	-1.20516
	56146	-1.2011999999999998
	50983	-1.2009612000000003
	51329	-1.19890179
	58619	-1.1980799999999998
	57736	-1.1946
	57052	-1.1933739
	58448	-1.1922
	54774	-1.19153127
	58334	-1.19064
	57566	-1.1898
	57600	-1.1874
	58314	-1.18368
	56084	-1.18188456
	51059	-1.1775489600000002
	50937	-1.17592311
	54493	-1.1753811600000001
	58438	-1.1708399999999999
	58249	-1.17048
	54135	-1.1684442000000002
	56278	-1.1677199999999999
	57573	-1.167
	57518	-1.1661599999999999
	54800	-1.16573445
	57248	-1.16291631
	51482	-1.1616156300000002
	53594	-1.1613988499999999
	54563	-1.1574968100000003
	58477	-1.15644
	53959	-1.1535947700000002
	57194	-1.15229129
	53483	-1.14600747
	56164	-1.1447999999999998
	50632	-1.14264738
	56378	-1.14204
	54809	-1.14123831
	58361	-1.1397
	57231	-1.13711949
	54645	-1.13657754
	56389	-1.1334
	56281	-1.13292
	53499	-1.13202516
	51469	-1.13148321
	57636	-1.12932
	58240	-1.1274
	54214	-1.1246546400000001
	54621	-1.1225952300000002
	53986	-1.1215741799999999
	57395	-1.1214
	57087	-1.1203180899999998
	54249	-1.11760929
	58351	-1.1172
	57571	-1.11672
	54374	-1.1153331
	56391	-1.11396
	57378	-1.1128799999999999
	53272	-1.1086129200000001
	54623	-1.1049276600000002
	54624	-1.1044941
	59471	-1.09932
	51433	-1.0967984100000001
	57080	-1.09679495
	57078	-1.09565305
	54830	-1.09560612
	58340	-1.09368
	58369	-1.0924
	57377	-1.08972
	53982	-1.08800232
	50963	-1.08682653
	52988	-1.0852006800000003
	57006	-1.08465873
	57507	-1.0804799999999999
	50136	-1.07869728
	57021	-1.0777217700000001
	58247	-1.0776
	57405	-1.0752
	57361	-1.07376
	54351	-1.07132676
	57106	-1.06677438
	53391	-1.0665576
	54226	-1.06373946
	54530	-1.0565857200000002
	57187	-1.05591493
	57646	-1.0548
	53397	-1.05365919
	54327	-1.05300885
	54535	-1.0523585100000001
	57242	-1.05008232
	56279	-1.04832
	58472	-1.0455599999999998
	51377	-1.03761747
	53926	-1.0372923
	51559	-1.0364251800000002
	54606	-1.0359916200000001
	56376	-1.03512
	56043	-1.0350161100000002
	57179	-1.03467559
	53894	-1.03306509
	54429	-1.03273992
	54507	-1.03111407
	54304	-1.02471906
	53908	-1.0241771100000001
	54301	-1.01962473
	58435	-1.01952
	52869	-1.01919117
	54208	-1.01767371
	53446	-1.01734854
	57318	-1.0142399999999998
	54715	-1.0123626000000001
	58359	-1.01136
	58238	-1.0044
	54714	-1.0005480900000001
	52980	-0.9992474100000002
	57605	-0.9980399999999999
	52968	-0.9933943500000001
	58138	-0.9918
	58665	-0.9882
	54371	-0.9879748500000001
	59235	-0.9860399999999999
	54336	-0.9851567100000002
	54260	-0.9850483200000001
	57081	-0.9842036099999999
	53984	-0.9826049499999999
	54472	-0.9781113600000001
	54613	-0.9769190700000001
	57537	-0.9767999999999999
	53956	-0.9747512700000001
	57425	-0.9708
	56074	-0.97074084
	56046	-0.9703072800000001
	54590	-0.9687898200000001
	54012	-0.9687898200000001
	54521	-0.9683562600000001
	58223	-0.9682799999999999
	50953	-0.9659716800000001
	57489	-0.96516
	57417	-0.9645599999999999
	58453	-0.96432
	58102	-0.9622799999999999
	57922	-0.9598800000000001
	54204	-0.9594682800000001
	58458	-0.95436
	54609	-0.95318166
	53892	-0.95296488
	56016	-0.9507970800000001
	50442	-0.9507970800000001
	50739	-0.9506886900000001
	53467	-0.9490628400000001
	53367	-0.94776216
	50964	-0.94667826
	57039	-0.9462447
	50892	-0.94125876
	57094	-0.9409255999999999
	57511	-0.9399599999999999
	54628	-0.9394161300000001
	57054	-0.93909096
	58339	-0.9359999999999999
	54432	-0.9359476500000001
	57317	-0.93588
	51430	-0.9323707800000001
	53543	-0.9323707800000001
	58464	-0.9320399999999999
	57074	-0.9311052599999999
	57494	-0.9292799999999999
	57640	-0.92436
	51463	-0.9242415300000001
	57314	-0.92184
	57233	-0.9187136400000001
	56287	-0.9122399999999999
	53689	-0.90993405
	53985	-0.9096375399999999
	50445	-0.9096088800000001
	57717	-0.9096
	57663	-0.90828
	51133	-0.90798303
	53392	-0.9058152300000001
	50646	-0.90364743
	58401	-0.90324
	58215	-0.90096
	50861	-0.8998537800000002
	56473	-0.8968799999999999
	58402	-0.89592
	53464	-0.8945426700000001
	51145	-0.89432589
	50879	-0.89378394
	57744	-0.8914799999999999
	53685	-0.8910741900000001
	57162	-0.88976848
	53924	-0.88749732
	53730	-0.88717215
	58113	-0.88572
	56194	-0.88512
	56371	-0.8844
	54616	-0.8839204500000001
	58454	-0.8827200000000001
	53916	-0.8804519700000001
	54439	-0.8763331500000001
	57731	-0.8750399999999999
	54705	-0.8750324700000001
	56380	-0.8742
	53899	-0.8736234000000002
	53463	-0.87232272
	58101	-0.8684149499999999
	57754	-0.8677199999999999
	57574	-0.867
	56496	-0.86316
	57714	-0.8629199999999999
	58221	-0.86112
	54604	-0.85584744
	50659	-0.85552227
	56298	-0.85536
	58531	-0.85536
	58449	-0.85308
	56382	-0.8521199999999999
	57655	-0.8509199999999999
	57493	-0.84936
	54777	-0.8478265800000001
	54518	-0.8430574200000002
	53889	-0.84249382
	53579	-0.8400225000000001
	54596	-0.8395889400000001
	54434	-0.8380714800000001
	53927	-0.8368791900000001
	57768	-0.8367600000000001
	54608	-0.83276037
	57037	-0.8321100300000002
	56286	-0.83172
	57512	-0.83172
	57111	-0.8305925700000001
	54117	-0.82929189
	50434	-0.82853316
	54511	-0.82647375
	57513	-0.82476
	50468	-0.82408917
	57047	-0.8213794200000001
	53276	-0.81715221
	57385	-0.8156399999999999
	57649	-0.80724
	57072	-0.8060672099999999
	57662	-0.80568
	58710	-0.8052
	54284	-0.8051209200000001
	57090	-0.8034408399999999
	53955	-0.8017608300000001
	51655	-0.8012188800000001
	57623	-0.80028
	56285	-0.79932
	56095	-0.7977504000000001
	51470	-0.7961245500000002
	52895	-0.79525743
	50859	-0.78940437
	53457	-0.7887540300000001
	57249	-0.78708
	53469	-0.7840932600000001
	57496	-0.7833600000000001
	58455	-0.78276
	54539	-0.78170868
	56479	-0.7816799999999999
	54615	-0.7809499500000001
	58426	-0.77988
	57516	-0.7783199999999999
	53970	-0.7778066400000001
	57722	-0.77652
	53068	-0.7739046
	58667	-0.7721999999999999
	58457	-0.77148
	57128	-0.7713032400000001
	53967	-0.7711948500000001
	57758	-0.77076
	54452	-0.76902705
	58450	-0.76872
	58442	-0.7675199999999999
	50647	-0.7671844200000001
	54631	-0.7659921300000001
	54778	-0.7652334000000001
	59304	-0.76476
	53484	-0.76469145
	52203	-0.76393272
	58352	-0.76308
	50965	-0.7626320400000001
	54321	-0.7626320400000001
	57407	-0.7601999999999999
	58608	-0.75984
	52855	-0.7598139
	54218	-0.7594887300000001
	54816	-0.75807966
	53948	-0.7559118600000001
	58433	-0.75576
	53690	-0.75526152
	58404	-0.7549199999999999
	54660	-0.75406923
	52862	-0.7539608400000001
	53478	-0.74875812
	57175	-0.7479445
	51378	-0.74669871
	52874	-0.7457232
	50349	-0.7390030200000001
	54475	-0.7378107300000001
	53910	-0.73661844
	58534	-0.7342799999999999
	57661	-0.73404
	54471	-0.7331499600000001
	54431	-0.7323912300000001
	53593	-0.73033182
	54276	-0.7300066500000001
	53975	-0.7294647000000001
	59435	-0.72864
	54069	-0.7282724100000001
	57124	-0.72783885
	54328	-0.72480393
	57213	-0.7239368100000001
	50247	-0.7219857900000001
	54063	-0.72133545
	57723	-0.72132
	56151	-0.72014316
	54711	-0.71949282
	56393	-0.71796
	58718	-0.71316
	52983	-0.70908738
	53963	-0.70822026
	56898	-0.70548
	54326	-0.70529373
	53906	-0.70215042
	58712	-0.7017599999999999
	57096	-0.70135498
	57699	-0.70068
	58452	-0.6995999999999999
	53994	-0.69929956
	57256	-0.6982799999999999
	56034	-0.69824838
	57909	-0.69672
	57156	-0.6964448099999999
	58814	-0.69612
	53972	-0.69598805
	56571	-0.6925199999999999
	57889	-0.69168
	57871	-0.69072
	54636	-0.68946879
	56399	-0.68856
	54724	-0.6877345500000001
	58530	-0.6855600000000001
	54861	-0.68339895
	58468	-0.68208
	54531	-0.68123115
	53694	-0.68003886
	54801	-0.67906335
	57625	-0.67872
	57041	-0.6785214
	57554	-0.6782400000000001
	54455	-0.6748361400000001
	54848	-0.6748361400000001
	57057	-0.67440258
	57739	-0.6744
	53934	-0.6738606300000001
	57740	-0.67128
	58459	-0.6702
	54833	-0.6694166400000001
	51356	-0.6677907900000001
	57143	-0.66757401
	58141	-0.66684
	57026	-0.66497265
	53817	-0.66453909
	53996	-0.66020349
	57581	-0.6557999999999999
	53796	-0.6544588200000001
	57055	-0.6530497500000001
	57464	-0.65268
	53343	-0.6521826300000001
	58484	-0.65172
	54433	-0.64936449
	56840	-0.64932
	59237	-0.6492
	54423	-0.64654635
	54234	-0.6442701600000001
	57872	-0.64284
	50772	-0.6427527000000001
	53950	-0.64253592
	51573	-0.6401513400000001
	57713	-0.64008
	53547	-0.63960939
	57051	-0.63957819
	56180	-0.63876
	58125	-0.63528
	53903	-0.63505701
	52876	-0.63278082
	59457	-0.63072
	57056	-0.63044299
	57509	-0.63
	56185	-0.6257999999999999
	54841	-0.62335089
	53553	-0.6225921600000001
	50741	-0.6222669900000001
	57129	-0.6221586
	51495	-0.62150826
	57832	-0.61908
	53928	-0.6172810500000001
	58114	-0.61452
	54701	-0.6103440900000001
	50853	-0.60882663
	53944	-0.6060084900000001
	52866	-0.60579171
	57994	-0.6043200000000001
	51137	-0.59907153
	57238	-0.5946275400000001
	54614	-0.5938688100000001
	58546	-0.59376
	54134	-0.59126745
	54313	-0.58714863
	54515	-0.58595634
	53582	-0.5853060000000001
	53149	-0.58237947
	58550	-0.5801999999999999
	56168	-0.57912
	58421	-0.579
	54425	-0.5786942100000001
	53682	-0.5785858200000001
	51241	-0.5778270900000001
	54285	-0.57414183
	57972	-0.57132
	54164	-0.57089013
	58131	-0.57036
	53893	-0.56980623
	58664	-0.56964
	57012	-0.56958945
	59278	-0.5688
	53697	-0.56850555
	53674	-0.5683971600000001
	54316	-0.56828877
	51330	-0.56818038
	57076	-0.5671817299999999
	53498	-0.5656874100000001
	54532	-0.5654706300000001
	58344	-0.56472
	57415	-0.5622
	53923	-0.5601595200000001
	57046	-0.5589672300000001
	56093	-0.55875045
	51353	-0.55853367
	53917	-0.5567994300000001
	58460	-0.5555
	54122	-0.5536561200000001
	56296	-0.54996
	58005	-0.54765524
	54640	-0.5470443300000001
	57014	-0.54563526
	57091	-0.54537144
	57254	-0.5421667800000001
	57232	-0.5416248300000001
	58903	-0.5406
	58244	-0.5401199999999999
	57265	-0.53952
	56395	-0.5384399999999999
	54527	-0.5376144
	54843	-0.5365305
	53362	-0.5351214300000001
	54709	-0.5329536300000001
	56394	-0.5324399999999999
	57763	-0.5312399999999999
	58048	-0.531
	57975	-0.52992
	59096	-0.52404
	58127	-0.52332
	53954	-0.5211391200000001
	54846	-0.52016361
	53695	-0.51864615
	57905	-0.51804
	51365	-0.5170203
	50779	-0.51636996
	57492	-0.51564
	58523	-0.51528
	57825	-0.51444
	57027	-0.51235953
	57745	-0.51228
	57324	-0.5117999999999999
	57577	-0.51096
	52889	-0.51040851
	57105	-0.50997495
	58224	-0.5082
	57290	-0.5071177899999999
	50985	-0.5067232500000001
	54602	-0.50650647
	57102	-0.5053141800000001
	58203	-0.50496
	58656	-0.5044799999999999
	53676	-0.50423028
	54332	-0.5041218900000001
	53829	-0.50303799
	54252	-0.50249604
	54811	-0.50227926
	54849	-0.49902756000000004
	57083	-0.49672649999999996
	57388	-0.49632
	53481	-0.49555908000000004
	53512	-0.49436679000000006
	58006	-0.49295822999999994
	57089	-0.4905602399999999
	57127	-0.4892724600000001
	57738	-0.48852
	54470	-0.48742983
	54510	-0.48656271000000006
	53925	-0.48645432
	57401	-0.48503999999999997
	57008	-0.4849368600000001
	54514	-0.4845033
	57042	-0.48439491000000007
	59125	-0.47975999999999996
	58118	-0.47795999999999994
	58353	-0.47663999999999995
	57032	-0.47539854000000004
	58706	-0.47256
	58813	-0.4722
	54611	-0.47138811
	51435	-0.47084616000000007
	53488	-0.46856997000000006
	52602	-0.46716090000000005
	53590	-0.466077
	59071	-0.4602
	57523	-0.4578
	51232	-0.45686385
	53681	-0.45610512000000003
	59659	-0.45503999999999994
	57251	-0.4518
	58117	-0.4512
	56247	-0.44783999999999996
	56491	-0.44603999999999994
	58806	-0.44592
	59092	-0.44532
	54713	-0.44407383000000006
	57414	-0.44376
	53941	-0.44353188000000004
	58111	-0.44317138999999994
	54311	-0.44298993000000003
	54401	-0.44244798
	54618	-0.4422312
	53949	-0.44103891
	51477	-0.44093052000000005
	57498	-0.44064000000000003
	57033	-0.43973823000000006
	57173	-0.43769026999999994
	57767	-0.43656
	59656	-0.43571999999999994
	52896	-0.43507746
	57153	-0.43475229000000004
	58427	-0.43404000000000004
	54597	-0.43366839000000007
	51436	-0.43215093000000004
	54424	-0.42965796
	57822	-0.42756
	57964	-0.42732000000000003
	54620	-0.42694821
	52842	-0.42640626000000004
	53678	-0.42456363
	58109	-0.4236
	58544	-0.42192
	59072	-0.42036
	58341	-0.41832
	57540	-0.41484
	57828	-0.41352
	53466	-0.41329107
	58108	-0.41087999999999997
	56094	-0.40895547000000004
	53368	-0.40873869
	59094	-0.4086
	53352	-0.40657089
	57710	-0.40584
	53475	-0.4057037700000001
	56835	-0.4056
	57279	-0.40547999999999995
	51359	-0.40440309
	57895	-0.4026
	54502	-0.40256046000000006
	57734	-0.40247999999999995
	54156	-0.40147656000000004
	54717	-0.40060944000000004
	56373	-0.40043999999999996
	57647	-0.4002
	54940	-0.39930876000000004
	50880	-0.3974661300000001
	57720	-0.39588
	56227	-0.39443121000000003
	58542	-0.39336
	58130	-0.39311999999999997
	56643	-0.39215999999999995
	52884	-0.38998722
	53790	-0.38901171
	54064	-0.3880362
	54438	-0.38738586
	57257	-0.387
	58210	-0.38628
	57923	-0.3846
	57976	-0.38448
	53784	-0.3837006
	53480	-0.38315865
	57095	-0.38242230999999993
	58202	-0.37968
	58631	-0.37908000000000003
	53961	-0.37860627
	57634	-0.37764
	53973	-0.37665525
	58001	-0.37465739
	59041	-0.37416
	57155	-0.37329516
	53698	-0.37221126
	56839	-0.37068
	57438	-0.36972
	53852	-0.36798405000000006
	54708	-0.36657498000000005
	57060	-0.36614142
	54437	-0.36332328
	57966	-0.36251999999999995
	59417	-0.36084
	57996	-0.36024
	57696	-0.35951999999999995
	53964	-0.35497725
	54729	-0.35313462
	53890	-0.35313462
	57635	-0.35184
	54725	-0.35085843
	57198	-0.34999234999999995
	57978	-0.34992
	50778	-0.34966614
	53891	-0.34966614
	59053	-0.34944000000000003
	59074	-0.34908
	57612	-0.34908
	53696	-0.34738995000000006
	54506	-0.34717317
	53962	-0.34402986
	59303	-0.34379999999999994
	57075	-0.34279838
	57769	-0.34187999999999996
	54263	-0.34175367000000006
	58547	-0.34152
	57045	-0.34045299
	54520	-0.33741807000000007
	57762	-0.33636
	54517	-0.33633417000000004
	57306	-0.33455999999999997
	57766	-0.33396
	54213	-0.33286569
	58570	-0.33264
	57303	-0.33264
	56307	-0.3316734
	53584	-0.33113145
	57307	-0.32952
	57887	-0.32892
	59421	-0.32867999999999997
	53289	-0.32831331
	57760	-0.32796
	57902	-0.32555999999999996
	56485	-0.3252
	57181	-0.32224418
	54072	-0.31964211000000003
	59270	-0.31848000000000004
	58666	-0.31764
	57545	-0.3168
	57680	-0.31668
	52986	-0.31563168
	54737	-0.31042896000000003
	57860	-0.30983999999999995
	57024	-0.30977862
	57728	-0.30948000000000003
	51567	-0.30923667000000005
	56954	-0.30851999999999996
	59271	-0.30815999999999993
	58693	-0.30648000000000003
	57028	-0.30479268000000004
	56199	-0.30419999999999997
	53707	-0.30392556
	54319	-0.30316683000000005
	51542	-0.30251649
	57077	-0.30168997999999997
	50955	-0.30132420000000004
	54814	-0.30013191
	53705	-0.29937318
	58618	-0.29916
	54205	-0.29536275000000006
	54932	-0.29211105000000004
	56172	-0.29196
	58647	-0.29184
	58569	-0.29159999999999997
	54824	-0.29070198
	58012	-0.28992
	54076	-0.28950969000000004
	57870	-0.28884
	57839	-0.28812
	59075	-0.2868
	53792	-0.28571604
	56004	-0.28376502
	57188	-0.28239187
	57308	-0.28236
	56116	-0.28213917
	54412	-0.28138044
	53699	-0.28062171
	57796	-0.27948
	59242	-0.27887999999999996
	58607	-0.2784
	54732	-0.27617772000000007
	57835	-0.27564
	57063	-0.27508371
	53673	-0.27227568
	58463	-0.2722
	57778	-0.27048
	54113	-0.26598906000000005
	59082	-0.26471999999999996
	54644	-0.26382126
	54766	-0.2633877
	59093	-0.26052
	58713	-0.26016
	57741	-0.25895999999999997
	58609	-0.25823999999999997
	52112	-0.25699269
	53850	-0.25384938
	57137	-0.25276548
	58719	-0.25272
	57309	-0.25248
	51358	-0.25178997000000003
	57743	-0.25128
	53433	-0.25070607
	50987	-0.2503809
	57247	-0.24940539000000003
	57025	-0.24897183
	57320	-0.24876
	57965	-0.24803999999999998
	53693	-0.24767115000000003
	57875	-0.24683999999999998
	57995	-0.24576
	53533	-0.24474462000000002
	58633	-0.243
	59099	-0.243
	58107	-0.24263999999999997
	53937	-0.24257682000000003
	58343	-0.24167999999999998
	53930	-0.24008385000000002
	54497	-0.23899995000000002
	53915	-0.23759088000000003
	57285	-0.23523139999999998
	53795	-0.23477274
	56021	-0.23455596000000004
	58917	-0.23087999999999997
	57584	-0.2298
	57177	-0.22963609
	54759	-0.22816095
	54863	-0.22523442000000002
	58555	-0.22391999999999998
	53487	-0.22057365
	59063	-0.21792
	57927	-0.2178
	57119	-0.21775551
	53895	-0.21764712000000003
	52323	-0.21721356
	53976	-0.21721356
	57082	-0.21501976999999997
	57343	-0.21125211
	56291	-0.21119999999999997
	56487	-0.21119999999999997
	58549	-0.21119999999999997
	59045	-0.20928
	55294	-0.2091927
	57192	-0.20896769999999998
	54430	-0.20875914
	54540	-0.2070249
	54844	-0.205941
	54633	-0.20442354000000001
	53384	-0.20388159
	53759	-0.20333964000000002
	53513	-0.20258091000000003
	54454	-0.20193057
	56184	-0.20076
	59229	-0.2004
	58558	-0.19824
	53472	-0.19813692
	59109	-0.198
	57896	-0.19787999999999997
	57191	-0.19766288999999998
	57799	-0.19752
	51707	-0.195102
	54719	-0.19369293
	54727	-0.19271742000000003
	50978	-0.19054962000000003
	54305	-0.19011606
	56580	-0.18936
	56462	-0.18864
	54512	-0.18729792000000003
	57536	-0.186
	59664	-0.18564
	57876	-0.18528
	50973	-0.18491334
	57315	-0.18431999999999998
	50956	-0.18328749000000003
	50968	-0.1810113
	58635	-0.18059999999999998
	54803	-0.18036096000000001
	54436	-0.18014418
	57398	-0.17939999999999998
	58646	-0.17604
	57381	-0.17316
	58414	-0.17196
	57669	-0.17184
	57851	-0.17112
	57506	-0.16992
	53602	-0.16767933000000002
	52825	-0.16464441000000002
	56952	-0.16440000000000002
	56856	-0.16416
	58036	-0.1638
	51886	-0.16225983000000002
	58606	-0.16152
	54428	-0.16106754000000004
	52996	-0.16052559000000002
	59276	-0.16007999999999997
	56267	-0.15972
	57844	-0.15947999999999998
	58128	-0.15911999999999998
	50564	-0.15694872
	57732	-0.15636
	59044	-0.15372
	57793	-0.15252
	54320	-0.15239634000000002
	58519	-0.15095999999999998
	58612	-0.15059999999999998
	59238	-0.14844
	57808	-0.14759999999999998
	58212	-0.14687999999999998
	51855	-0.14589294
	52885	-0.14567616
	57399	-0.14436
	53666	-0.14426709000000001
	51438	-0.14253285000000002
	58548	-0.14208
	57807	-0.14184
	58760	-0.14076
	57906	-0.14028
	59047	-0.13908
	57086	-0.13885503999999999
	57437	-0.13871999999999998
	57921	-0.13835999999999998
	57666	-0.1374
	58905	-0.13692
	53663	-0.13418682
	57020	-0.13353648
	56182	-0.13319999999999999
	58409	-0.13308
	58634	-0.13176
	53945	-0.13071834000000002
	50884	-0.12865893
	51156	-0.12822537
	56096	-0.12768342000000002
	58563	-0.12756
	57798	-0.12696
	59470	-0.12539999999999998
	57774	-0.12468
	53778	-0.12323943000000001
	58423	-0.12
	58306	-0.1194
	56757	-0.11748
	57293	-0.11658798999999999
	54405	-0.11630247000000002
	57359	-0.11615999999999999
	58049	-0.11375999999999999
	57030	-0.11370111000000001
	56548	-0.1134
	51367	-0.11283399000000001
	53914	-0.11131653000000001
	59848	-0.11112
	53871	-0.11077458000000001
	54404	-0.11001585000000001
	56038	-0.10944
	56147	-0.10944
	53385	-0.10871517000000001
	58004	-0.1084805
	57491	-0.10668000000000001
	56480	-0.10643999999999999
	59051	-0.10643999999999999
	51352	-0.10568025000000002
	54308	-0.10492152
	57974	-0.10451999999999999
	51379	-0.10307889
	54808	-0.1029705
	57185	-0.10220004999999999
	57189	-0.10117233999999999
	52657	-0.09896007000000001
	57761	-0.09816
	58752	-0.09768
	57583	-0.09708
	57426	-0.09672
	57657	-0.09672
	54065	-0.09657549
	57698	-0.09623999999999999
	54702	-0.09397413
	53545	-0.09397413
	59091	-0.09335999999999998
	59293	-0.09264
	54499	-0.0910476
	51839	-0.08866302000000001
	53983	-0.08838305999999999
	56751	-0.08796
	50962	-0.08768751000000001
	59064	-0.0876
	51568	-0.08551971
	58616	-0.08496
	52833	-0.08215962000000002
	54626	-0.08107572000000002
	57413	-0.0798
	54744	-0.07966665
	58008	-0.0787911
	54751	-0.0780408
	53791	-0.07468071000000001
	57016	-0.07316325000000001
	53399	-0.07262130000000001
	53862	-0.07251291000000001
	58614	-0.07212
	54753	-0.07207935000000001
	57960	-0.07092
	51572	-0.06871926
	53419	-0.06817731
	57582	-0.06744
	53562	-0.06633468000000001
	58556	-0.06576
	59090	-0.06563999999999999
	54871	-0.06416688000000001
	50873	-0.061457130000000006
	56854	-0.05856
	56189	-0.055439999999999996
	53596	-0.054736950000000006
	57084	-0.053897679999999996
	54419	-0.05256915000000001
	56385	-0.052199999999999996
	57865	-0.05028
	58104	-0.04944426999999999
	50673	-0.049209060000000006
	57792	-0.0486
	58557	-0.04824
	54805	-0.045198630000000004
	57134	-0.045198630000000004
	56985	-0.043680000000000004
	59055	-0.04188
	57772	-0.04128
	57113	-0.04075464
	57196	-0.040651639999999996
	54831	-0.04053786000000001
	56152	-0.0402
	59754	-0.03851999999999999
	57811	-0.03456
	58822	-0.032279999999999996
	54286	-0.032083440000000005
	58605	-0.03156
	53958	-0.030349200000000003
	54528	-0.028181400000000002
	57803	-0.027839999999999997
	54154	-0.025254870000000002
	57007	-0.024929700000000003
	57294	-0.02432247
	58632	-0.02412
	53957	-0.02113605
	51060	-0.01994376
	53231	-0.01983537
	58467	-0.01968
	56584	-0.01908
	50674	-0.016258500000000002
	56396	-0.015239999999999998
	58301	-0.014958889999999999
	53757	-0.01495782
	53974	-0.009591959999999998
	54408	-0.00834603
	56944	-0.006959999999999999
	54259	-0.00672018
	59107	-0.00552
	56228	-0.00531111
	53781	-0.0043356
	58804	-0.0036
	57853	-0.0030
	54738	-0.00260136
	57737	-0.00216
	54925	-0.0014090700000000001
	54726	-0.0011922900000000001
	51571	0.00834603
	59065	0.00852
	57514	0.011519999999999999
	54603	0.011706120000000002
	54819	0.013331970000000002
	57834	0.014879999999999999
	53863	0.01690884
	53773	0.017884350000000004
	59097	0.0186
	56197	0.020159999999999997
	54901	0.021924479999999996
	51467	0.0227619
	54943	0.023412240000000004
	57031	0.025471650000000002
	56792	0.02712
	57585	0.0288
	57842	0.030599999999999995
	56991	0.03132
	54632	0.031649880000000005
	56838	0.03348
	54765	0.03403446
	54734	0.03663582
	53519	0.03717777
	57841	0.03756
	53810	0.038586840000000004
	58623	0.03876
	59456	0.039119999999999995
	53492	0.0401043
	53662	0.04075464
	53580	0.04823355
	53732	0.04899228
	58417	0.051719999999999995
	50246	0.05224398
	56295	0.05232
	54718	0.05354466
	54398	0.05397822
	54752	0.055929240000000005
	56257	0.0576
	53420	0.05809704000000001
	59116	0.0582
	54823	0.061240350000000006
	57969	0.06168
	50774	0.06362493000000001
	57899	0.06455999999999999
	59488	0.06659999999999999
	58629	0.06816
	58214	0.06912
	53841	0.07012833
	53324	0.07197096
	58568	0.072
	59462	0.0726
	54605	0.07283808
	59124	0.07608
	59431	0.0774
	58126	0.07787999999999999
	57169	0.07822015
	54098	0.08010021
	54853	0.08140089
	57658	0.0828
	57349	0.08424
	53680	0.08476098000000001
	57195	0.08507155
	57874	0.08519999999999998
	59052	0.08568
	51802	0.08909658000000001
	57217	0.09011999999999999
	58420	0.09024
	56499	0.09252
	57809	0.09264
	56144	0.09348
	53832	0.09614193000000001
	52787	0.09657549
	53577	0.09657549
	57868	0.09672
	54525	0.10091109000000001
	57866	0.10103999999999999
	51068	0.10232016000000001
	57216	0.10332
	56029	0.10394601
	57776	0.10536
	57034	0.10784805000000001
	54474	0.10828161000000001
	54936	0.11034102000000001
	54612	0.11109975
	57339	0.11291999999999999
	59290	0.1134
	52868	0.11348433000000001
	53938	0.11370111000000001
	53873	0.11413467000000001
	53585	0.11478501
	58626	0.11507999999999999
	54325	0.11630247000000002
	54704	0.11716959000000002
	59297	0.11843999999999999
	59025	0.11903999999999999
	56276	0.1194
	59650	0.12011999999999999
	50960	0.12031290000000001
	55593	0.12345621000000001
	53799	0.12388977000000001
	56989	0.13104
	58207	0.13531515
	56949	0.13535999999999998
	53768	0.13722174
	59046	0.13776
	58643	0.14243999999999998
	56181	0.14316
	57989	0.14556
	56761	0.14604
	53691	0.14762718
	59130	0.15144
	54449	0.15196278
	53588	0.15228795000000003
	54503	0.15304668
	57541	0.1608
	53688	0.1615011
	58122	0.16223999999999997
	54594	0.16507797
	57261	0.1655755
	54519	0.16832967000000001
	56645	0.16872
	57182	0.1724269
	51334	0.17277366
	57827	0.174
	53644	0.17504985
	56497	0.17675999999999997
	53968	0.17700087
	57971	0.17723999999999998
	57144	0.17808477
	58537	0.1782
	58660	0.18
	58929	0.18084
	56745	0.18444
	58543	0.18564
	56996	0.18564
	54406	0.18675597000000002
	57038	0.18805665
	57729	0.18971999999999997
	58637	0.19116
	57679	0.192
	57671	0.19247999999999998
	51357	0.19271742000000003
	54716	0.19390971
	57396	0.19446557
	58745	0.19512
	56976	0.1968
	54027	0.19824531000000004
	56594	0.19848
	58562	0.19920000000000002
	53573	0.19965438000000002
	56312	0.20149701000000003
	54706	0.20258091000000003
	52267	0.20756685000000002
	53727	0.2081088
	56178	0.20868
	57022	0.21081855000000002
	53929	0.21201084
	56033	0.21743034000000003
	56567	0.21755999999999998
	58035	0.2208
	58565	0.22211999999999998
	53677	0.22415052000000002
	57180	0.22438334999999998
	57973	0.22812
	51711	0.23184621000000002
	57867	0.23196
	54318	0.23336367
	53794	0.23965029000000002
	59315	0.2412
	50979	0.24181809
	52745	0.24214326
	59269	0.24228
	58642	0.24672
	57023	0.24723759
	53789	0.24821310000000002
	57193	0.2489342
	51931	0.25135641000000003
	57358	0.25212
	52863	0.25861854
	57416	0.25872
	57991	0.2598
	59061	0.26039999999999996
	50862	0.26078634
	53774	0.26468838
	53981	0.26479677
	51238	0.26566389
	56190	0.26652
	53821	0.2677233
	53947	0.2677233
	56752	0.26927999999999996
	53853	0.27130017000000006
	51636	0.27357636
	58658	0.27371999999999996
	53618	0.27487704
	53883	0.27552738
	57859	0.27864
	57439	0.27887999999999996
	54399	0.27888746999999997
	56198	0.28428
	50867	0.28647477
	50871	0.28679994000000003
	57954	0.28728
	53772	0.28777545000000004
	54857	0.28853418000000003
	57992	0.28884
	53611	0.28896774000000003
	57912	0.2898
	58416	0.28992
	54918	0.29167749000000004
	57183	0.29244058999999994
	53522	0.29395368
	59037	0.29519999999999996
	56273	0.2958
	56869	0.29712
	55493	0.30078225000000003
	53861	0.30110742
	57333	0.30444
	53357	0.30620175
	54902	0.30956909
	54610	0.31053735
	59126	0.31104
	53723	0.31183803000000004
	58912	0.31188
	57942	0.312
	57204	0.31212
	50788	0.31476456
	57771	0.31595999999999996
	58002	0.3164988
	57837	0.318
	52378	0.31931694
	57949	0.31968
	54513	0.32018406000000005
	57674	0.32352
	59228	0.32495999999999997
	56748	0.3252
	57718	0.32867999999999997
	51346	0.32874687
	59117	0.32964
	50851	0.33048111
	53787	0.33048111
	54243	0.33069789
	57752	0.33276
	56289	0.33312
	57914	0.3336
	57926	0.33540000000000003
	54945	0.33720129
	56975	0.33827999999999997
	51628	0.34370469000000003
	57098	0.34405447
	58834	0.34679999999999994
	57590	0.34679999999999994
	54908	0.34890741000000003
	57029	0.35031648000000004
	58627	0.35256
	58045	0.35304
	59015	0.35316
	50787	0.35844573
	51811	0.35866251000000005
	51708	0.35909607
	58625	0.35916
	57821	0.35951999999999995
	57345	0.36228
	57915	0.36251999999999995
	57719	0.36324
	53660	0.3641904
	53738	0.36592464
	57988	0.36791999999999997
	56595	0.36816
	59449	0.36851999999999996
	58408	0.36863999999999997
	52836	0.37242804000000007
	58520	0.37248
	58736	0.37379999999999997
	57840	0.37572
	59419	0.37596
	54505	0.37698042000000004
	59856	0.37776000000000004
	52101	0.37990695
	54828	0.38619357000000004
	59842	0.38868
	53782	0.38987883000000007
	56483	0.39
	56982	0.3906
	58724	0.3924
	56977	0.3948
	58015	0.39492
	58820	0.39887999999999996
	59454	0.40043999999999996
	54416	0.40115139
	58826	0.4038
	54919	0.40624572000000003
	56691	0.41136
	58044	0.41232
	57891	0.41244
	56851	0.41304
	51053	0.41372463000000004
	54821	0.41610921000000006
	57445	0.41688
	54906	0.41892735000000003
	59127	0.41939999999999994
	56948	0.42024
	56846	0.42192
	53872	0.42326295
	54080	0.42629787
	54920	0.42651465000000005
	58529	0.42804000000000003
	56970	0.42828
	56489	0.42864
	57296	0.4290118299999999
	56331	0.43074186000000003
	52656	0.43442712
	54730	0.43475229000000004
	58735	0.43511999999999995
	53806	0.43670331
	54410	0.43767882
	50548	0.43800399000000007
	56756	0.43944
	57299	0.43963149999999995
	53651	0.44244798
	53336	0.44504934000000007
	54829	0.45155274000000006
	52957	0.45155274000000006
	54855	0.45241986
	57313	0.45324
	58622	0.4566
	58828	0.45803999999999995
	57048	0.46011555000000004
	54291	0.46195818000000005
	58317	0.46331999999999995
	59038	0.46355999999999997
	59429	0.46415999999999996
	56994	0.46548
	58705	0.4662
	53612	0.46802802000000004
	58715	0.46956
	54749	0.46976226000000004
	57990	0.47507999999999995
	51826	0.47550693
	56374	0.4764
	56284	0.47892
	57829	0.48107999999999995
	53771	0.48222711000000007
	57329	0.48312
	50775	0.48374457
	56674	0.4842
	53896	0.48569559
	57962	0.48575999999999997
	54273	0.48840534
	57328	0.49152
	54165	0.4919822100000001
	58032	0.49209060000000004
	59750	0.49295999999999995
	56565	0.49548
	57816	0.49548
	53565	0.49956951
	54776	0.50260443
	54832	0.50282121
	53780	0.50379672
	53860	0.50488062
	56280	0.50544
	54723	0.50661486
	58654	0.50664
	59034	0.50808
	53769	0.5083491
	56092	0.5093246100000001
	59838	0.51024
	59425	0.5112
	59284	0.51204
	52943	0.51214275
	52447	0.5130098700000001
	54161	0.5130098700000001
	57184	0.5170523199999999
	57085	0.5195645
	54607	0.52504116
	56444	0.52752
	57688	0.52908
	58407	0.531
	57402	0.53328
	59249	0.5334
	58932	0.53448
	59033	0.53448
	54728	0.53490465
	58823	0.53508
	58016	0.53892
	58818	0.53952
	56842	0.54204
	59654	0.54432
	57099	0.54491468
	59647	0.54948
	54922	0.5525722200000001
	58821	0.55284
	53578	0.55289739
	57326	0.55512
	53885	0.5557155300000001
	58007	0.5572471999999999
	58731	0.5586
	56992	0.55932
	54804	0.55950918
	57673	0.55992
	51829	0.5600511300000001
	57814	0.56052
	55589	0.5617853700000001
	56128	0.56536224
	53615	0.5656874100000001
	54293	0.56590419
	59485	0.56604
	54916	0.56633775
	53564	0.57078174
	59227	0.57228
	58034	0.57695997
	51656	0.5776103100000001
	53898	0.57825816
	52418	0.57912777
	57298	0.57917168
	53692	0.57956133
	52784	0.58086201
	58501	0.58116
	58208	0.5825973799999999
	57881	0.5827199999999999
	57589	0.58356
	57206	0.58368
	59473	0.58524
	53575	0.5919177900000001
	56223	0.59213457
	58934	0.59592
	56649	0.59844
	59265	0.59844
	51717	0.6005889900000001
	53610	0.6016728900000001
	59446	0.6038399999999999
	59451	0.60612
	53614	0.60774273
	53529	0.6094769700000001
	57186	0.60954622
	58737	0.6096
	53619	0.6103440900000001
	57985	0.61212
	53866	0.6158719800000001
	54292	0.6179313900000001
	58601	0.6184799999999999
	56739	0.6189600000000001
	57981	0.6217199999999999
	53995	0.62222131
	57932	0.62256
	57292	0.6255328199999999
	58707	0.63132
	53517	0.63603252
	54938	0.63679125
	56109	0.6405849
	53725	0.64112685
	53857	0.64394499
	56097	0.6449999999999999
	57786	0.64668
	58017	0.6468863499999999
	53502	0.6474134700000002
	58132	0.6476399999999999
	53574	0.65044839
	57958	0.65076
	58602	0.65592
	59004	0.65664
	58652	0.6576000000000001
	58751	0.66948
	57781	0.66996
	51629	0.67321029
	56342	0.6733186800000001
	51468	0.67440258
	59492	0.67488
	54810	0.67787106
	51633	0.6792801300000001
	53877	0.6792801300000001
	57956	0.68064
	57806	0.68316
	58844	0.6836399999999999
	53786	0.68437446
	56183	0.68616
	51639	0.6867590400000001
	53859	0.68805972
	52998	0.6991155000000001
	59320	0.69984
	57208	0.70056
	56961	0.70212
	58027	0.7035600000000001
	59854	0.70536
	57586	0.70596
	56755	0.70836
	59266	0.7090799999999999
	57779	0.70932
	59001	0.711
	59453	0.7115999999999999
	59940	0.71352
	57773	0.71436
	57411	0.7162799999999999
	58725	0.7163999999999999
	57993	0.7167600000000001
	54921	0.7178669700000001
	59264	0.7202399999999999
	54807	0.7218774000000001
	59081	0.7249199999999999
	50888	0.7316325000000001
	59426	0.73344
	56192	0.73347513
	56670	0.73404
	57936	0.735
	58620	0.73944
	53992	0.7428059499999999
	56969	0.7435200000000001
	54935	0.74442252
	59452	0.7452
	59230	0.74544
	57947	0.7456799999999999
	56881	0.74784
	57694	0.74784
	56844	0.74796
	59288	0.7491599999999999
	52674	0.7524433800000001
	58837	0.75456
	57908	0.75732
	57886	0.7584
	57348	0.7595999999999999
	58936	0.7614
	52645	0.7625236500000001
	58730	0.7628400000000001
	53888	0.7654501800000001
	57777	0.7695599999999999
	54851	0.7701109500000001
	54929	0.77292909
	54764	0.7753136700000001
	58003	0.7761807900000001
	54169	0.78029961
	56684	0.78408
	58026	0.7844399999999999
	54827	0.7845268200000001
	56959	0.7878
	58415	0.7878
	54939	0.7879953000000001
	57948	0.78972
	58527	0.7968000000000001
	57911	0.7974
	51076	0.7980755700000001
	57678	0.7995599999999999
	57955	0.79992
	58502	0.8025599999999999
	57544	0.8028000000000001
	53882	0.8052293100000001
	58624	0.80892
	53897	0.8106488100000001
	52533	0.8116243200000001
	51644	0.81205788
	53993	0.8130327999999999
	53881	0.81866967
	54093	0.8226801
	56106	0.8236556100000001
	56746	0.82848
	51828	0.82874994
	56641	0.8301599999999999
	53878	0.8314596900000001
	56889	0.8336399999999999
	59205	0.834
	50878	0.8342778300000001
	53798	0.8356869000000001
	56091	0.8389386000000001
	59087	0.83916
	53797	0.8424070800000001
	54501	0.8432742000000001
	54802	0.84457488
	58040	0.8454
	58135	0.84768
	58906	0.8485199999999999
	59478	0.85056
	57420	0.85188
	56317	0.8563893900000001
	53763	0.8576900700000001
	57431	0.8582399999999999
	59280	0.85908
	53998	0.86087841
	57197	0.8612209799999999
	57432	0.86508
	57154	0.8673367800000001
	59287	0.8702399999999999
	51827	0.87123882
	59114	0.87168
	53942	0.87188916
	59088	0.8721599999999999
	51730	0.8760079800000001
	53704	0.8763331500000001
	53953	0.87882612
	55591	0.8804519700000001
	58615	0.882
	54913	0.8861966400000001
	53785	0.8869553700000001
	56843	0.8874000000000001
	53617	0.888798
	56742	0.88884
	58754	0.8980799999999999
	59480	0.9047999999999999
	57800	0.90672
	51804	0.9096088800000001
	53886	0.9127521900000001
	57824	0.91296
	54818	0.9148116000000001
	59653	0.9149999999999999
	56651	0.9161999999999999
	58742	0.9168
	53848	0.91687101
	56666	0.91776
	54181	0.9183884700000001
	53978	0.92322615
	57805	0.9266399999999999
	56879	0.9288
	53687	0.9338882400000001
	59023	0.9339599999999999
	59255	0.9348
	59213	0.93948
	52853	0.93963291
	57903	0.94344
	55437	0.9437517300000001
	58437	0.9446399999999999
	57780	0.9476399999999999
	56697	0.94836
	54900	0.9500607999999999
	51765	0.95329005
	53868	0.95610819
	56167	0.9576
	58013	0.95772
	55696	0.9577340400000002
	53856	0.9579508200000001
	56272	0.9593999999999999
	51642	0.9599018400000001
	58116	0.9633599999999999
	56498	0.9655199999999999
	58418	0.9672000000000001
	59133	0.9672000000000001
	59843	0.96756
	53576	0.9697653300000001
	51709	0.9698737200000002
	59285	0.9713999999999999
	58921	0.97164
	59321	0.972
	59855	0.97212
	57957	0.97644
	51815	0.97832814
	58911	0.97944
	58659	0.9863999999999999
	54736	0.9873245100000001
	59012	0.9913199999999999
	53991	0.9924252899999999
	54722	0.9938279100000001
	59448	0.99516
	59279	0.9952799999999999
	57295	0.99562261
	59632	0.99576
	54836	0.9961041000000002
	59134	0.99696
	51704	0.99870546
	54835	1.00445013
	56494	1.0045199999999999
	54290	1.00607598
	57910	1.0069199999999998
	57708	1.01844
	58657	1.02084
	54822	1.0210338
	57707	1.02672
	52436	1.0269952500000001
	57390	1.02759581
	56764	1.0302
	59137	1.0311599999999999
	52546	1.03273992
	56441	1.0342799999999999
	57355	1.03704
	57900	1.03752
	54917	1.04032722
	53679	1.0443376500000001
	54825	1.04509638
	57499	1.04676
	59131	1.05216
	59640	1.05216
	57846	1.0554
	53777	1.0568025
	55655	1.0594038600000002
	56767	1.0644
	56188	1.0655999999999999
	59289	1.06596
	59058	1.06644
	51087	1.06926735
	54923	1.0697009100000001
	59022	1.0704
	55572	1.0726274400000002
	58839	1.07604
	58567	1.07664
	58600	1.07772
	58508	1.0804799999999999
	57259	1.08132
	56763	1.0824
	54903	1.08354891
	52797	1.08357483
	55690	1.0894278900000003
	58503	1.09104
	51722	1.0914873
	53505	1.0962564600000002
	59017	1.09716
	52446	1.09766553
	59241	1.10004
	59224	1.1024399999999999
	59294	1.10256
	52652	1.10611995
	58510	1.1081999999999999
	52955	1.1090464800000002
	53567	1.1115394500000002
	59027	1.1155199999999998
	59324	1.11852
	57913	1.12008
	56984	1.12164
	57682	1.14132
	56288	1.14336
	59314	1.14384
	53455	1.14470679
	52515	1.1471997600000001
	54904	1.14828366
	58644	1.15128
	53735	1.1514269700000002
	56841	1.1528399999999999
	53865	1.15467867
	56195	1.15596
	54826	1.1602065600000002
	56782	1.16064
	59268	1.16364
	54731	1.1638918200000001
	58928	1.16928
	58424	1.1781599999999999
	55279	1.17830769
	51627	1.18080066
	53665	1.18155939
	53658	1.18286007
	56964	1.18596
	56357	1.19328
	58559	1.1941199999999998
	57687	1.1941199999999998
	59476	1.19424
	53854	1.1948913600000002
	52681	1.19749272
	58025	1.1986850100000002
	53783	1.20909045
	55773	1.2096324000000003
	58011	1.21212537
	52576	1.21526868
	56664	1.22664
	50557	1.2368382900000001
	56578	1.23684
	53880	1.2382473600000001
	56586	1.23972
	56973	1.24776
	53775	1.24930314
	59215	1.2519599999999997
	59057	1.2528
	52557	1.2540723
	57857	1.25496
	58918	1.25532
	53646	1.25656527
	58926	1.2570000000000001
	52737	1.25862468
	56592	1.25976
	58701	1.26312
	56434	1.26404418
	53879	1.2642609600000003
	58509	1.26516
	58507	1.26708
	58734	1.26768
	59113	1.2684
	56775	1.272
	53864	1.27271538
	56665	1.2761999999999998
	52607	1.2894074400000002
	53770	1.29222558
	54905	1.29276753
	52707	1.29406821
	57941	1.29924
	54914	1.3004632200000001
	59298	1.30848
	59655	1.3086
	56688	1.31832
	56766	1.31844
	54912	1.32040698
	57176	1.3224343899999997
	59851	1.32276
	53518	1.3237670700000002
	56768	1.32528
	58750	1.32744
	59218	1.33248
	54172	1.33568997
	53869	1.33720743
	52818	1.33818294
	59254	1.3411199999999999
	58205	1.3448156299999998
	59469	1.34508
	59021	1.35168
	56669	1.36104
	51716	1.37069994
	57297	1.37473341
	53845	1.3754691000000001
	53764	1.37698656
	56585	1.3806
	58845	1.38144
	56654	1.38228
	56646	1.3825199999999997
	56788	1.38588
	59246	1.38672
	56652	1.39764
	53754	1.3997484600000003
	59319	1.41048
	54909	1.4173076400000002
	56582	1.4179199999999998
	53740	1.4198006100000002
	57447	1.42824
	57598	1.4333999999999998
	59318	1.43964
	53760	1.44212895
	56793	1.44348
	51705	1.44657294
	56987	1.4562
	59106	1.45644
	55680	1.4600133000000002
	52765	1.46023008
	56885	1.46256
	56867	1.46688
	57882	1.46904
	56876	1.47012
	59312	1.47096
	58517	1.4711999999999998
	52661	1.48418427
	56187	1.49004
	52679	1.4971910700000002
	55228	1.4999008200000001
	58836	1.51464
	56871	1.5177599999999998
	54096	1.5199529700000003
	57543	1.5207600000000001
	54099	1.5222291600000002
	59211	1.52676
	57595	1.54332
	52643	1.5434736
	54815	1.5471588600000001
	53750	1.54791759
	59306	1.55508
	53669	1.5556132800000002
	54837	1.5702459300000002
	59757	1.57188
	59102	1.5724799999999999
	56870	1.58148
	51818	1.5912735900000001
	59256	1.59228
	58940	1.59624
	59310	1.5996
	56863	1.6075199999999998
	58704	1.6076399999999997
	59031	1.61016
	57818	1.61772
	54927	1.6233570300000002
	59475	1.6246800000000001
	58847	1.6268399999999998
	51814	1.6335456900000003
	53884	1.64395113
	54852	1.6515384300000002
	56675	1.6526399999999999
	59481	1.6534799999999998
	54094	1.6605348000000002
	58824	1.6662000000000001
	58514	1.6682400000000002
	51720	1.6746255
	57883	1.6769999999999998
	58041	1.68036
	59007	1.68108
	54910	1.6816708500000002
	53659	1.6917511200000002
	56790	1.69512
	51810	1.6958699400000001
	58500	1.69884
	54907	1.6991216400000002
	53748	1.7024817300000001
	59849	1.71348
	54817	1.71524799
	59847	1.7226
	56880	1.72464
	59313	1.72716
	59493	1.7304
	54192	1.73293932
	56958	1.73328
	56543	1.73436
	59673	1.74192
	57845	1.7866799999999998
	59059	1.8080399999999999
	55664	1.83406719
	54195	1.8412209300000002
	56946	1.8490799999999998
	53874	1.85173476
	56882	1.85892
	54187	1.8608395200000003
	59316	1.8648
	59758	1.8672
	56193	1.8696
	58907	1.87248
	56872	1.88268
	56196	1.88496
	57813	1.8897599999999999
	53966	1.8905383800000002
	59317	1.8925199999999998
	59845	1.90104
	53931	1.9015941600000001
	58428	1.9088399999999999
	56673	1.9244399999999997
	59122	1.93752
	58843	1.9414799999999999
	52633	1.9422404100000001
	58935	1.98864
	58030	1.9969773600000003
	58938	1.9978799999999999
	56978	2.01504
	53776	2.03751522
	53935	2.0444521800000004
	58846	2.04648
	59644	2.0503199999999997
	56783	2.0523599999999997
	58819	2.05476
	58419	2.06796
	57140	2.0680812
	54911	2.0706825600000003
	57789	2.0922
	59487	2.11224
	58927	2.1202799999999997
	53753	2.13257325
	57907	2.14236
	56785	2.14788
	58506	2.15856
	56786	2.1631199999999997
	58746	2.1702
	54092	2.1717020400000004
	57894	2.1735599999999997
	54915	2.1752789100000003
	56671	2.1822
	58512	2.18532
	56862	2.19684
	56891	2.20104
	58749	2.21088
	56875	2.2137599999999997
	54755	2.24562402
	56778	2.24664
	58933	2.26728
	55681	2.2712040600000005
	58848	2.27448
	58748	2.28564
	58944	2.3308799999999996
	59658	2.33688
	56886	2.3412
	58021	2.3433918
	59502	2.34396
	56774	2.36244
	53767	2.38284576
	53875	2.38490517
	59663	2.38956
	59501	2.4069599999999998
	56962	2.43168
	53751	2.4333555000000002
	58923	2.4342
	59322	2.45016
	58022	2.46717318
	59477	2.48556
	58946	2.5239599999999998
	58941	2.56356
	58931	2.5665599999999995
	56873	2.5759199999999995
	50776	2.58856998
	53756	2.6154507
	59626	2.62152
	58020	2.6273736000000003
	57451	2.6299200000000003
	52754	2.65035228
	58747	2.65992
	56777	2.67264
	54186	2.6758239300000004
	56849	2.71224
	58942	2.7751200000000003
	56995	2.832
	59941	2.8382400000000003
	56781	2.9074799999999996
	56878	2.98764
	56772	3.0014399999999997
	59631	3.02244
	59500	3.04824
	55248	3.06288462
	59945	3.1332
	53788	3.2105118000000004
	56951	3.30468
	58024	3.37407231
	59948	3.46116
	59635	3.5178000000000003
	56883	3.60492
	54171	3.7152840300000003
	58744	4.026479999999999
	59954	4.34652
