	53573	-2.4533
	56144	-2.3081
	54096	-1.9917
	56374	-1.9285
	57043	-1.8802
	53681	-1.8159
	53970	-1.7837
	53768	-1.6419
	53753	-1.603
	53908	-1.5468
	56152	-1.512
	53770	-1.5077
	56146	-1.4635
	53852	-1.4616
	53889	-1.448
	56580	-1.4308
	56171	-1.4262
	56092	-1.4085
	57055	-1.3974
	57054	-1.3585
	56168	-1.3149
	57506	-1.3086
	53685	-1.2967
	56444	-1.2943
	56641	-1.2804
	56595	-1.2502
	53950	-1.2335
	56188	-1.2239
	56172	-1.2156
	54321	-1.1824
	58847	-1.1475
	56263	-1.1398
	57514	-1.133
	57512	-1.1246
	54503	-1.1215
	56434	-1.118
	56181	-1.0859
	57401	-1.0718
	53580	-1.0652
	56184	-1.0431
	56167	-1.0407
	56147	-1.039
	57511	-1.0343
	56251	-1.0337
	53941	-1.0095
	53596	-1.0076
	57605	-1.0045
	53897	-1.0026
	56533	-0.9989
	53979	-0.9972
	52993	-0.992
	52963	-0.9805
	56371	-0.9802
	53898	-0.9738
	58941	-0.9717
	53972	-0.9711
	56116	-0.9638
	58940	-0.962
	53886	-0.9593
	56178	-0.9559
	57105	-0.9497
	56284	-0.9411
	53984	-0.9365
	54412	-0.9363
	53584	-0.935
	56571	-0.9349
	53987	-0.9346
	57044	-0.9283
	56183	-0.9163
	53978	-0.914
	57001	-0.9135
	56095	-0.9057
	57517	-0.9056
	56387	-0.9005
	57132	-0.8976
	56585	-0.896
	57079	-0.8926
	56479	-0.8878
	53949	-0.8846
	57020	-0.8805
	59945	-0.8791
	56164	-0.8789
	56285	-0.8776
	53865	-0.8774
	53985	-0.8771
	53982	-0.8714
	59847	-0.8706
	57029	-0.8655
	57016	-0.864
	59280	-0.8628
	54421	-0.8561
	53925	-0.8556
	56192	-0.8554
	57004	-0.8482
	56094	-0.8462
	57911	-0.8443
	56548	-0.8399
	57072	-0.8358
	56443	-0.8301
	53856	-0.8282
	57614	-0.8252
	53499	-0.8246
	58646	-0.8193
	51804	-0.8127
	57032	-0.8115
	57774	-0.8105
	57510	-0.8091
	54401	-0.8064
	58932	-0.8043
	57012	-0.8018
	57040	-0.7902
	53879	-0.7899
	54607	-0.7774
	56182	-0.7769
	53992	-0.7765
	56462	-0.7748
	53906	-0.7699
	57502	-0.7676
	52982	-0.7661
	57516	-0.7657
	53986	-0.7616
	59758	-0.7584
	58848	-0.7557
	57778	-0.7556
	57006	-0.7532
	53988	-0.7513
	56273	-0.7502
	59940	-0.7498
	59276	-0.7489
	58934	-0.7449
	59849	-0.741
	54316	-0.7402
	59088	-0.7392
	59316	-0.7381
	53585	-0.7335
	52980	-0.7291
	57606	-0.727
	58667	-0.7264
	53996	-0.7255
	56151	-0.7252
	53967	-0.7244
	56473	-0.7224
	57603	-0.7158
	56295	-0.714
	52862	-0.7127
	57719	-0.7107
	56276	-0.7079
	57738	-0.7045
	59256	-0.6986
	57045	-0.6947
	53995	-0.6939
	53357	-0.6893
	57417	-0.6885
	57162	-0.6824
	57076	-0.6771
	56247	-0.6753
	54408	-0.6719
	53926	-0.6698
	52713	-0.6648
	53917	-0.6633
	53991	-0.663
	56395	-0.6628
	59848	-0.6625
	56046	-0.6606
	59303	-0.6598
	58666	-0.6589
	56575	-0.6585
	53944	-0.6582
	53878	-0.6581
	53773	-0.6567
	59854	-0.6563
	59843	-0.6544
	57071	-0.6537
	56187	-0.6511
	52869	-0.6463
	57060	-0.6418
	59838	-0.6403
	59271	-0.6387
	56158	-0.6366
	59265	-0.6342
	57309	-0.6331
	56227	-0.6315
	53994	-0.6305
	57070	-0.6288
	59452	-0.627
	57066	-0.6247
	53961	-0.6241
	52863	-0.622
	57871	-0.6203
	57860	-0.6192
	57814	-0.619
	56079	-0.6184
	56091	-0.6181
	59266	-0.6181
	59318	-0.6161
	56289	-0.6132
	56096	-0.6131
	56485	-0.6123
	59453	-0.6116
	53928	-0.6116
	53980	-0.6112
	57027	-0.6104
	57026	-0.6101
	56651	-0.6041
	53788	-0.6036
	59264	-0.6033
	57612	-0.6014
	56643	-0.6012
	57048	-0.5925
	56280	-0.5912
	55572	-0.5902
	56675	-0.589
	57513	-0.5882
	56492	-0.5872
	56267	-0.5856
	50956	-0.5829
	59954	-0.5827
	50425	-0.5823
	57505	-0.5809
	56331	-0.5794
	58826	-0.5788
	56202	-0.5775
	57922	-0.575
	59320	-0.5745
	58845	-0.5693
	53981	-0.5628
	59116	-0.5624
	55696	-0.5619
	56742	-0.5611
	57007	-0.5582
	57407	-0.557
	54323	-0.5535
	53857	-0.5534
	53958	-0.5533
	59109	-0.5523
	57408	-0.5517
	57818	-0.5484
	58839	-0.5451
	59941	-0.5442
	58936	-0.5422
	59124	-0.5418
	57014	-0.5388
	53757	-0.5384
	57035	-0.5378
	57307	-0.5369
	53894	-0.533
	57910	-0.5329
	55598	-0.5327
	56977	-0.5314
	56186	-0.5288
	57213	-0.5288
	53885	-0.5282
	59313	-0.527
	54452	-0.5268
	57769	-0.5263
	53697	-0.5255
	57102	-0.5248
	57304	-0.5243
	54631	-0.5232
	53997	-0.5231
	57033	-0.5191
	56645	-0.5183
	59255	-0.5182
	56189	-0.5122
	57002	-0.5117
	57608	-0.5115
	53964	-0.5104
	56279	-0.5093
	57773	-0.5066
	56286	-0.5048
	53931	-0.5042
	56128	-0.5017
	56673	-0.5006
	57003	-0.5001
	53956	-0.4964
	54218	-0.4956
	57155	-0.4938
	56592	-0.4926
	56498	-0.4923
	59856	-0.4921
	57053	-0.4902
	59317	-0.489
	53998	-0.4874
	54404	-0.487
	59948	-0.4862
	57362	-0.485
	53590	-0.4831
	57518	-0.4827
	58559	-0.4794
	56298	-0.4772
	56646	-0.475
	59268	-0.4739
	56137	-0.4732
	56288	-0.4723
	52908	-0.4703
	51477	-0.4689
	57124	-0.4684
	58129	-0.4656
	59117	-0.4656
	56378	-0.4652
	54406	-0.4641
	53923	-0.4623
	57034	-0.4605
	57872	-0.4576
	59454	-0.4555
	56394	-0.4549
	59246	-0.4547
	58843	-0.4527
	59278	-0.4512
	57081	-0.4507
	53899	-0.4489
	57776	-0.4468
	53954	-0.4461
	54900	-0.4454
	59502	-0.4435
	56697	-0.4429
	54804	-0.441
	57011	-0.4407
	57137	-0.4403
	58846	-0.44
	50727	-0.4357
	56376	-0.435
	57025	-0.4326
	57870	-0.4318
	53759	-0.4313
	53893	-0.4312
	53617	-0.4296
	57414	-0.4294
	56199	-0.4288
	56684	-0.4277
	56272	-0.4272
	53915	-0.4265
	53866	-0.4253
	57800	-0.4249
	56190	-0.4247
	57128	-0.4228
	57106	-0.4182
	57813	-0.4176
	52112	-0.4175
	53498	-0.4175
	58644	-0.4157
	57708	-0.4108
	53699	-0.4083
	57509	-0.4071
	58844	-0.4052
	56691	-0.4041
	57737	-0.4008
	52998	-0.3989
	57129	-0.3988
	53880	-0.3967
	57042	-0.3962
	56223	-0.396
	56043	-0.3945
	56291	-0.3945
	57899	-0.3939
	53983	-0.3937
	53732	-0.3932
	53884	-0.393
	53989	-0.3929
	59097	-0.3929
	56567	-0.3917
	53930	-0.3914
	56290	-0.389
	56391	-0.3884
	59855	-0.3862
	57405	-0.3835
	58929	-0.382
	58748	-0.3807
	56474	-0.3796
	57061	-0.3784
	56586	-0.3777
	53767	-0.3764
	53491	-0.376
	57923	-0.3739
	55593	-0.3724
	59451	-0.3718
	51353	-0.3717
	57049	-0.3716
	57914	-0.3715
	53533	-0.3704
	53993	-0.3694
	59319	-0.3656
	57781	-0.3647
	56033	-0.3643
	54621	-0.3614
	56381	-0.3602
	53777	-0.3599
	58569	-0.3592
	59446	-0.359
	50431	-0.3589
	57041	-0.3585
	57806	-0.3583
	59270	-0.3526
	53914	-0.3525
	57816	-0.3483
	57008	-0.3458
	57324	-0.3442
	56390	-0.3421
	58822	-0.3421
	56093	-0.3412
	53896	-0.3393
	52866	-0.336
	59658	-0.3358
	54098	-0.3331
	58365	-0.333
	56312	-0.3325
	57039	-0.3306
	52996	-0.3294
	56045	-0.3292
	58837	-0.3264
	56373	-0.3253
	54632	-0.3231
	57126	-0.323
	57912	-0.322
	57271	-0.3213
	57021	-0.318
	54405	-0.3176
	59492	-0.3173
	56021	-0.3157
	56317	-0.3156
	57609	-0.3147
	50618	-0.3143
	57176	-0.3121
	58821	-0.3113
	59224	-0.3113
	57707	-0.3091
	53519	-0.3084
	53817	-0.3081
	57248	-0.3055
	57113	-0.3052
	59448	-0.3043
	56074	-0.3038
	56693	-0.3008
	57718	-0.3003
	59304	-0.2993
	53481	-0.2981
	52986	-0.2975
	59842	-0.2956
	56393	-0.2951
	52972	-0.2944
	59254	-0.293
	57803	-0.2925
	58665	-0.2921
	52943	-0.2877
	54604	-0.2851
	59293	-0.2848
	57249	-0.2844
	54499	-0.283
	53324	-0.2825
	53965	-0.2815
	58760	-0.2812
	57038	-0.2803
	58823	-0.2802
	53890	-0.2799
	53910	-0.2785
	58931	-0.2782
	57119	-0.2779
	59312	-0.2764
	57090	-0.2745
	58923	-0.2737
	56071	-0.272
	57793	-0.2712
	50434	-0.2708
	53378	-0.2694
	59750	-0.2692
	59471	-0.2683
	59087	-0.2676
	59107	-0.2676
	57080	-0.2655
	57798	-0.2653
	53874	-0.2642
	53691	-0.2639
	53935	-0.2635
	57308	-0.2635
	53618	-0.2632
	57993	-0.2601
	53872	-0.2596
	57024	-0.2565
	58568	-0.2542
	57915	-0.2534
	59237	-0.2532
	59493	-0.2508
	56493	-0.2497
	52984	-0.2481
	57086	-0.2461
	56598	-0.2439
	53927	-0.2434
	59314	-0.2405
	59324	-0.2391
	53419	-0.2384
	59754	-0.2382
	52974	-0.2363
	59215	-0.236
	59632	-0.2355
	53512	-0.2352
	56396	-0.2347
	56296	-0.2336
	59845	-0.2331
	57078	-0.2323
	53938	-0.231
	59096	-0.2303
	52203	-0.2257
	59757	-0.2247
	53740	-0.2243
	53457	-0.2191
	57894	-0.217
	56281	-0.2165
	53942	-0.216
	58750	-0.2159
	56497	-0.2154
	57091	-0.2154
	58927	-0.214
	56287	-0.2139
	58754	-0.2136
	57233	-0.2134
	57085	-0.2127
	58946	-0.2125
	51243	-0.2111
	50844	-0.211
	57772	-0.2106
	56989	-0.21
	59228	-0.2097
	53789	-0.2093
	54902	-0.2054
	53968	-0.2045
	58657	-0.2032
	56194	-0.2012
	56569	-0.2012
	52983	-0.1999
	52885	-0.1997
	54313	-0.1993
	59501	-0.1984
	51708	-0.1982
	57883	-0.1956
	57031	-0.1944
	57083	-0.1921
	59647	-0.1912
	53689	-0.1907
	57832	-0.19
	52607	-0.1886
	56197	-0.1885
	59099	-0.1884
	59122	-0.1884
	52876	-0.1871
	57056	-0.1859
	59114	-0.1853
	59457	-0.1833
	53895	-0.1826
	52957	-0.181
	56748	-0.1797
	53791	-0.1791
	59476	-0.1775
	53362	-0.1773
	56480	-0.1766
	51156	-0.1765
	53892	-0.1765
	55680	-0.1764
	53666	-0.1753
	58903	-0.1752
	54115	-0.1747
	57409	-0.1747
	53615	-0.1744
	58820	-0.1718
	59269	-0.1718
	57052	-0.1709
	56196	-0.1706
	54820	-0.1704
	52874	-0.1688
	59480	-0.1687
	56389	-0.1677
	53611	-0.1675
	59462	-0.1655
	56739	-0.1652
	59322	-0.1641
	57037	-0.1641
	53962	-0.163
	59075	-0.1623
	53883	-0.162
	57022	-0.1613
	54113	-0.1611
	58834	-0.161
	55664	-0.1601
	53392	-0.1599
	56297	-0.1596
	52657	-0.159
	53947	-0.1571
	54633	-0.1558
	53391	-0.1544
	58836	-0.1524
	52988	-0.1512
	52995	-0.1512
	57926	-0.1511
	51839	-0.1502
	53888	-0.1489
	58928	-0.1472
	54725	-0.1456
	53948	-0.1454
	53677	-0.1442
	54606	-0.1438
	56475	-0.1438
	53937	-0.1426
	57361	-0.1424
	57047	-0.1415
	57063	-0.1415
	53976	-0.1399
	54410	-0.1393
	56688	-0.1388
	58737	-0.1376
	58654	-0.1373
	53612	-0.1372
	56441	-0.1369
	56578	-0.1357
	58749	-0.1338
	58367	-0.1328
	57734	-0.1327
	53518	-0.1326
	59485	-0.1316
	52446	-0.1312
	59130	-0.1312
	59126	-0.1305
	59951	-0.1295
	56478	-0.1293
	57824	-0.1289
	53420	-0.1275
	57807	-0.1275
	54640	-0.1264
	54214	-0.1246
	57623	-0.123
	59134	-0.1198
	57180	-0.1182
	51365	-0.1176
	56491	-0.1169
	58565	-0.1158
	57030	-0.1156
	52955	-0.1137
	59851	-0.1116
	59218	-0.1111
	58116	-0.1085
	51802	-0.1081
	52378	-0.1081
	59321	-0.1079
	51526	-0.1067
	59500	-0.1056
	51931	-0.1056
	59417	-0.1052
	51186	-0.1052
	53829	-0.1051
	58918	-0.1047
	57127	-0.1045
	57411	-0.1035
	57051	-0.1023
	58243	-0.1014
	57809	-0.0984
	57140	-0.0972
	53505	-0.0969
	59290	-0.0965
	54290	-0.0961
	58935	-0.0958
	56584	-0.0933
	51378	-0.0919
	53778	-0.0915
	50987	-0.0908
	57134	-0.0902
	57231	-0.0892
	53781	-0.0888
	56494	-0.0883
	56106	-0.0882
	52889	-0.0851
	58751	-0.0831
	59127	-0.0826
	58113	-0.0825
	55294	-0.0818
	56991	-0.0808
	57743	-0.0806
	59065	-0.078
	53483	-0.0779
	50527	-0.0773
	53924	-0.0769
	53975	-0.0767
	59429	-0.0751
	53488	-0.075
	59284	-0.0738
	53966	-0.0736
	59425	-0.0732
	58664	-0.0695
	52323	-0.0694
	55690	-0.0686
	51495	-0.0683
	59125	-0.0669
	56782	-0.0652
	59435	-0.0645
	51346	-0.0626
	57110	-0.0625
	54099	-0.058
	53795	-0.0552
	52797	-0.0545
	57713	-0.0544
	55578	-0.0523
	57520	-0.0517
	58656	-0.0516
	57181	-0.0515
	52978	-0.051
	53945	-0.051
	57805	-0.0494
	59285	-0.0489
	53794	-0.0472
	57679	-0.0462
	53891	-0.0455
	57902	-0.0443
	51828	-0.044
	56593	-0.0404
	53792	-0.0395
	53602	-0.0391
	59470	-0.0383
	56836	-0.0368
	56195	-0.0363
	51352	-0.0359
	56844	-0.0345
	53475	-0.0308
	53574	-0.0295
	57921	-0.0295
	59473	-0.0294
	56987	-0.0271
	58933	-0.0263
	54809	-0.0262
	53698	-0.0259
	58921	-0.0253
	59034	-0.0247
	52868	-0.024
	56840	-0.0239
	59310	-0.0215
	51571	-0.0191
	54724	-0.0181
	57315	-0.0178
	51829	-0.0146
	56746	-0.0139
	56038	-0.0138
	56018	-0.0121
	56654	-0.011
	56745	-0.0086
	57808	-0.0069
	54304	-0.0062
	58240	-0.0056
	56751	-0.0051
	56838	-0.0035
	53693	-0.0021
	57886	-7.0E-4
	54800	0.0019
	59431	0.0022
	53272	0.0031
	59475	0.0047
	54620	0.0051
	51717	0.0072
	58905	0.0075
	57722	0.0103
	57173	0.0113
	55493	0.0132
	57314	0.0154
	58652	0.0156
	54701	0.0169
	57245	0.0184
	53934	0.0193
	57745	0.02
	55228	0.0206
	53848	0.0216
	58147	0.0228
	53730	0.0236
	58813	0.0254
	50603	0.0268
	57742	0.0281
	56976	0.0283
	59441	0.0292
	52267	0.0354
	51826	0.0362
	53959	0.0364
	56082	0.0366
	51704	0.0382
	53790	0.0394
	52737	0.0417
	53798	0.0431
	56543	0.0437
	51573	0.0438
	57714	0.0494
	56969	0.0504
	53513	0.051
	52436	0.0534
	56786	0.0547
	59426	0.0557
	51542	0.0567
	58567	0.0569
	56582	0.0575
	58556	0.0599
	54597	0.0607
	56496	0.0619
	54286	0.0631
	59242	0.0634
	57768	0.0638
	57087	0.0648
	55773	0.0655
	58660	0.0663
	53786	0.0683
	53799	0.0702
	51709	0.0711
	54855	0.0715
	57835	0.0735
	56489	0.0743
	57317	0.0743
	53619	0.0757
	57156	0.0773
	56016	0.078
	59241	0.0784
	56565	0.08
	57023	0.0805
	53821	0.0821
	56671	0.0872
	56185	0.0887
	57976	0.0891
	59045	0.0902
	54644	0.0924
	57975	0.095
	57728	0.0956
	56670	0.0957
	56399	0.096
	51238	0.0968
	53695	0.0976
	57846	0.0991
	53955	0.0996
	57416	0.1006
	51827	0.1007
	57752	0.1013
	57822	0.1016
	57260	0.102
	54723	0.1023
	53480	0.1028
	54626	0.1033
	59294	0.1053
	51581	0.1066
	53614	0.1077
	57242	0.1089
	58210	0.1105
	54301	0.1107
	51377	0.1115
	56992	0.1126
	57777	0.1133
	58944	0.1147
	59113	0.1155
	57903	0.1173
	59213	0.118
	51572	0.1183
	51707	0.12
	56996	0.1202
	57522	0.1228
	57065	0.1231
	57762	0.1239
	59021	0.1247
	53953	0.1257
	59298	0.1268
	51815	0.1274
	58752	0.1278
	53348	0.1286
	57841	0.1291
	55248	0.1298
	57658	0.1305
	56487	0.1307
	51642	0.1315
	56084	0.1328
	58366	0.1348
	58361	0.1358
	53796	0.1361
	59106	0.1363
	53784	0.1366
	56596	0.137
	56004	0.1375
	58627	0.1385
	50776	0.1389
	58926	0.1405
	58746	0.1409
	59306	0.1418
	58138	0.1425
	56994	0.1446
	54117	0.1447
	50526	0.1457
	58220	0.1463
	56065	0.1471
	59133	0.1486
	57153	0.1503
	57067	0.1504
	54818	0.1507
	59456	0.1517
	58725	0.1527
	54308	0.1563
	56652	0.1564
	57348	0.1567
	57508	0.1576
	59053	0.158
	51241	0.1591
	57739	0.1598
	53484	0.1615
	58942	0.162
	52533	0.1625
	53687	0.1669
	53385	0.1692
	56257	0.1695
	53963	0.1715
	57437	0.1741
	57991	0.1747
	59238	0.1749
	51330	0.1754
	55299	0.1766
	52875	0.1782
	54192	0.1806
	58362	0.1806
	59631	0.1815
	59082	0.1823
	51705	0.1845
	58744	0.1847
	53797	0.1897
	53785	0.1901
	58202	0.1908
	53343	0.1926
	54705	0.1927
	51810	0.1929
	54276	0.1933
	57298	0.196
	54608	0.1964
	57909	0.1987
	58127	0.1991
	55279	0.2025
	57786	0.2064
	51655	0.2065
	57625	0.2084
	54510	0.2086
	53502	0.2091
	56783	0.2112
	58659	0.2127
	53696	0.2135
	58377	0.214
	58461	0.2142
	54636	0.2152
	53472	0.2154
	57074	0.2163
	53864	0.2165
	52856	0.2171
	56649	0.218
	58734	0.2207
	53871	0.2211
	57251	0.2217
	54305	0.2227
	54386	0.2231
	56097	0.2239
	56383	0.2264
	56839	0.2274
	50514	0.2276
	59007	0.2277
	57811	0.228
	53748	0.23
	51467	0.2308
	59131	0.2327
	54092	0.2328
	57766	0.2329
	50979	0.2346
	59209	0.2346
	58016	0.2374
	52895	0.2378
	53646	0.2388
	56970	0.2405
	51855	0.2406
	57075	0.2433
	56788	0.2468
	57913	0.2477
	57962	0.2478
	50674	0.2494
	59205	0.2494
	59427	0.2496
	56889	0.2519
	56198	0.2521
	51818	0.2524
	56978	0.2537
	59315	0.2554
	50349	0.2555
	53957	0.256
	57868	0.2571
	58804	0.258
	59419	0.2589
	53660	0.2606
	57771	0.2611
	54505	0.2623
	59001	0.2632
	57247	0.2636
	57896	0.2656
	57265	0.2667
	56883	0.268
	56958	0.2692
	53735	0.2693
	56982	0.2704
	56869	0.2719
	58635	0.272
	56842	0.2722
	53882	0.2731
	54419	0.274
	52515	0.2752
	56835	0.2759
	57900	0.2762
	57326	0.2775
	58241	0.278
	57927	0.2784
	57261	0.2789
	54609	0.2805
	53705	0.2827
	58828	0.2853
	51814	0.2857
	54513	0.2857
	57729	0.287
	58701	0.288
	52968	0.2882
	52855	0.2884
	53692	0.2885
	56881	0.2893
	57604	0.2898
	58353	0.2917
	57744	0.2944
	53397	0.2948
	53276	0.2956
	54181	0.2981
	54483	0.2982
	54093	0.2985
	57232	0.3005
	53149	0.3017
	56499	0.302
	57144	0.3021
	59137	0.3024
	51379	0.3029
	53610	0.303
	58938	0.3044
	54205	0.3057
	57238	0.3057
	53688	0.3077
	53929	0.3085
	59057	0.3086
	57779	0.309
	59449	0.3111
	57857	0.3118
	56781	0.3119
	56594	0.3123
	54603	0.3143
	52754	0.3159
	58819	0.3163
	54399	0.3195
	56792	0.3205
	50445	0.3222
	51811	0.3232
	59230	0.3242
	56873	0.3266
	56871	0.3267
	53665	0.3281
	57413	0.3281
	56665	0.3294
	56984	0.3301
	58027	0.3305
	57313	0.3315
	57637	0.3316
	57735	0.3328
	59229	0.3329
	58126	0.3331
	58623	0.3343
	57320	0.3362
	59055	0.3372
	58111	0.339
	51468	0.3402
	53368	0.3416
	54195	0.3429
	54729	0.3452
	53680	0.3475
	54704	0.3476
	57318	0.3478
	52101	0.3483
	56380	0.3488
	57046	0.349
	58131	0.3493
	58745	0.3496
	56841	0.3504
	57763	0.3505
	53725	0.3512
	56973	0.3516
	58369	0.3521
	56029	0.3522
	54285	0.3532
	56875	0.3546
	59279	0.355
	53582	0.3563
	54416	0.357
	58223	0.3586
	57257	0.3605
	56898	0.3606
	54810	0.3608
	52447	0.3612
	56880	0.3633
	54420	0.3635
	57758	0.3637
	53464	0.3639
	58125	0.3649
	58462	0.3656
	56975	0.366
	54225	0.368
	54821	0.3684
	57415	0.3687
	59488	0.3701
	52745	0.3702
	59481	0.3708
	57996	0.3741
	58154	0.3775
	57990	0.3779
	58718	0.3782
	59656	0.3801
	54596	0.3801
	57259	0.3803
	56876	0.3824
	51716	0.3829
	53810	0.3832
	58736	0.3833
	59090	0.3834
	53562	0.3843
	50646	0.3855
	57111	0.3856
	58616	0.3858
	51357	0.3869
	57402	0.389
	50632	0.3891
	59297	0.3898
	58356	0.3901
	58608	0.3908
	59059	0.3909
	54734	0.3917
	54628	0.393
	59092	0.3937
	57972	0.3951
	57256	0.4003
	54169	0.4012
	54501	0.4019
	57906	0.4021
	56879	0.4027
	54722	0.4041
	56386	0.4051
	54726	0.4058
	51068	0.4063
	52896	0.4075
	50834	0.4082
	51701	0.4096
	59227	0.4102
	58460	0.4127
	58558	0.4135
	58359	0.415
	51358	0.4177
	54292	0.4192
	54822	0.4199
	58150	0.4203
	54730	0.4213
	58146	0.4218
	52842	0.424
	58472	0.4251
	59664	0.4263
	56357	0.4264
	51076	0.4268
	56961	0.4273
	50778	0.4286
	57525	0.4291
	54311	0.4298
	57507	0.431
	59650	0.4342
	56081	0.4343
	54371	0.437
	53782	0.4374
	57296	0.4401
	57916	0.4404
	56995	0.441
	59487	0.4413
	53399	0.4419
	57895	0.4422
	56761	0.4434
	54817	0.4441
	56790	0.4451
	56490	0.4457
	54365	0.4463
	50353	0.4468
	58352	0.447
	54627	0.4487
	51777	0.4525
	58224	0.4525
	58104	0.4533
	56882	0.4542
	59058	0.4542
	51058	0.4543
	57343	0.4566
	57082	0.4567
	59287	0.4569
	57339	0.4573
	57932	0.4594
	53861	0.4606
	50787	0.4613
	58806	0.4614
	51232	0.4623
	58818	0.4627
	54732	0.4651
	58259	0.4653
	56756	0.4676
	57177	0.4708
	50739	0.4711
	56962	0.4716
	50524	0.4741
	56885	0.475
	58122	0.4752
	57687	0.4766
	58742	0.4778
	54349	0.48
	50788	0.4811
	56180	0.4814
	58557	0.4846
	53455	0.4852
	54849	0.4871
	54208	0.4886
	54731	0.4896
	57992	0.4904
	57936	0.4932
	54502	0.4946
	52884	0.4959
	56964	0.4968
	54737	0.4972
	56959	0.4972
	57821	0.4979
	53588	0.4989
	51722	0.499
	50978	0.4991
	54398	0.4999
	58108	0.5006
	56775	0.5008
	56793	0.5022
	53863	0.5025
	53868	0.5075
	57204	0.5075
	54204	0.5095
	53517	0.51
	59027	0.5105
	59025	0.5108
	54702	0.5115
	56886	0.5115
	54602	0.5117
	54327	0.516
	58257	0.5169
	58463	0.5197
	57907	0.5204
	57481	0.5228
	54853	0.5229
	53704	0.5233
	58609	0.5252
	50136	0.5265
	54833	0.5265
	56843	0.5268
	54728	0.5271
	57536	0.5271
	53682	0.53
	52681	0.5302
	53862	0.531
	54816	0.5318
	59288	0.5325
	53567	0.5332
	53775	0.5332
	59655	0.5356
	56785	0.5364
	58360	0.5381
	56985	0.5398
	51636	0.5401
	54611	0.5404
	56878	0.5412
	51720	0.5416
	52557	0.5426
	50246	0.5435
	54903	0.5435
	52853	0.5445
	53869	0.5446
	50442	0.5455
	53289	0.5459
	51644	0.5471
	56846	0.5475
	57666	0.5481
	56483	0.549
	56666	0.5506
	57851	0.5521
	59421	0.5536
	52424	0.5538
	51730	0.5546
	52645	0.5576
	53068	0.5586
	59635	0.5597
	58458	0.5631
	59249	0.5674
	58249	0.5695
	50247	0.5696
	59015	0.5703
	59626	0.5707
	57432	0.5726
	59047	0.5735
	57741	0.5744
	51087	0.5752
	51356	0.5758
	56757	0.5775
	56872	0.5789
	56774	0.5814
	52633	0.5818
	54807	0.5825
	53916	0.5827
	54708	0.5849
	58555	0.5861
	57908	0.5892
	54259	0.59
	56764	0.5923
	53738	0.594
	56891	0.595
	50525	0.5951
	56854	0.5976
	56674	0.6008
	54803	0.6025
	54594	0.6038
	51359	0.6042
	56766	0.6069
	50832	0.6078
	59004	0.6106
	58128	0.611
	51656	0.6119
	53662	0.6128
	52546	0.6138
	56772	0.6139
	56384	0.6152
	51470	0.6156
	57187	0.6174
	50884	0.6175
	58268	0.6199
	50566	0.6206
	52679	0.6206
	54433	0.6215
	57540	0.6215
	54263	0.6216
	51369	0.6217
	53083	0.6223
	54363	0.6236
	52652	0.6237
	54171	0.6246
	57994	0.6257
	58034	0.6257
	50880	0.6261
	53859	0.6267
	58247	0.6278
	58251	0.628
	58643	0.6288
	57292	0.6291
	53231	0.6293
	59102	0.6302
	55589	0.6311
	57537	0.632
	54320	0.6324
	50953	0.6345
	57273	0.6384
	58457	0.6389
	57978	0.6403
	50548	0.6409
	53694	0.6458
	59046	0.6458
	56669	0.646
	54236	0.6502
	53973	0.6506
	56966	0.6507
	56125	0.6531
	53690	0.656
	59094	0.6564
	58642	0.6602
	59041	0.6602
	57178	0.6637
	58658	0.6649
	57191	0.6658
	57519	0.6678
	50954	0.6696
	57965	0.6718
	54613	0.672
	57077	0.6741
	51559	0.6742
	57431	0.6758
	50973	0.6762
	54353	0.6766
	57523	0.6776
	58049	0.6776
	57688	0.6782
	54512	0.6793
	53806	0.6796
	53446	0.6799
	53881	0.6804
	54823	0.683
	56763	0.6841
	54374	0.6851
	54819	0.6852
	58824	0.6856
	52576	0.6865
	58468	0.6878
	54825	0.6896
	54186	0.6901
	57799	0.6923
	58141	0.6935
	50639	0.6954
	57948	0.6966
	54511	0.6975
	58747	0.701
	54273	0.7036
	58205	0.7042
	53651	0.7045
	58221	0.7049
	58637	0.7052
	58436	0.7061
	50913	0.7074
	51367	0.7078
	50755	0.7093
	54094	0.71
	59044	0.7116
	57237	0.7126
	57057	0.7134
	56863	0.7154
	53750	0.7157
	57395	0.7202
	50915	0.7213
	57874	0.7242
	54857	0.7254
	58625	0.726
	58212	0.7268
	53873	0.7281
	56849	0.7296
	57974	0.7331
	50655	0.7338
	58704	0.7341
	57905	0.7348
	54815	0.7352
	50852	0.7398
	54506	0.7422
	51060	0.7433
	56664	0.7437
	53875	0.7438
	58917	0.7447
	57216	0.7449
	59037	0.7462
	54751	0.7468
	50774	0.7471
	54736	0.7474
	50741	0.7475
	57780	0.7483
	56870	0.7502
	57094	0.7514
	59644	0.7565
	59673	0.7569
	53707	0.7574
	57197	0.7576
	54808	0.7597
	54707	0.7599
	53723	0.7614
	57143	0.7617
	58207	0.7624
	57464	0.7632
	53367	0.7687
	58269	0.7703
	54843	0.7705
	56278	0.7724
	57865	0.7726
	56856	0.7743
	54610	0.775
	57973	0.7759
	57760	0.7787
	52495	0.7788
	57184	0.7792
	57867	0.7798
	58442	0.78
	56952	0.7815
	53679	0.7816
	57388	0.7824
	57834	0.7827
	51639	0.7837
	58548	0.7852
	57792	0.7862
	53756	0.787
	56193	0.7874
	57268	0.7876
	52418	0.7889
	50985	0.7908
	54351	0.7937
	58331	0.7944
	57363	0.7949
	54135	0.7954
	54846	0.7954
	58358	0.7968
	57889	0.7982
	53577	0.7991
	54727	0.8012
	56948	0.8028
	58102	0.8029
	57358	0.805
	54901	0.8055
	59033	0.8059
	57093	0.8071
	54274	0.812
	54824	0.813
	58626	0.8148
	53776	0.8166
	58026	0.817
	57796	0.8207
	59289	0.8215
	57211	0.8218
	53192	0.8232
	57303	0.8233
	54423	0.8241
	58426	0.8247
	57169	0.8248
	58451	0.8261
	53478	0.8275
	58563	0.828
	58547	0.8292
	55472	0.8307
	57720	0.8317
	57253	0.8319
	57767	0.8325
	59663	0.8331
	54514	0.8337
	53850	0.8365
	58619	0.8404
	58719	0.8408
	54267	0.842
	51711	0.8422
	58443	0.8442
	50772	0.8461
	56946	0.8462
	57254	0.8477
	58562	0.8479
	59052	0.8484
	54904	0.8489
	58731	0.8493
	58624	0.8499
	58631	0.8501
	56949	0.8505
	53877	0.8511
	50878	0.854
	50892	0.8547
	56867	0.8553
	56778	0.8555
	57486	0.8557
	57306	0.8563
	54908	0.8566
	57600	0.8566
	57175	0.8579
	59653	0.8584
	58614	0.8584
	57887	0.8587
	56382	0.8608
	51053	0.8618
	58712	0.8634
	57698	0.8642
	56777	0.8645
	58107	0.8651
	58428	0.8661
	54261	0.8679
	58710	0.8685
	50756	0.8686
	54830	0.8693
	57981	0.8701
	52818	0.8705
	57458	0.8715
	57084	0.873
	58114	0.8753
	58432	0.8782
	53903	0.8787
	59654	0.8794
	58456	0.8795
	51463	0.8799
	57206	0.8799
	58032	0.8803
	58912	0.8806
	58250	0.8808
	54852	0.8821
	57731	0.8826
	52765	0.8863
	58208	0.8872
	53352	0.8874
	58707	0.8881
	58246	0.8883
	50888	0.8886
	57483	0.8906
	58225	0.8911
	58341	0.8919
	57377	0.8942
	57370	0.8967
	57328	0.8977
	57942	0.8982
	58647	0.8987
	57876	0.8993
	57853	0.8998
	52985	0.8999
	58459	0.9021
	55437	0.9029
	56067	0.9029
	58453	0.9045
	58454	0.9046
	57182	0.9057
	58354	0.907
	54325	0.9078
	58467	0.9102
	52833	0.9111
	54291	0.9115
	57438	0.9116
	58346	0.9116
	58323	0.912
	54284	0.9124
	56986	0.9133
	56862	0.9139
	58714	0.9163
	58301	0.9166
	59017	0.9169
	50833	0.9178
	53486	0.9178
	59081	0.9182
	50775	0.922
	58464	0.9237
	53787	0.9268
	50955	0.927
	56755	0.9277
	50750	0.9307
	50673	0.9316
	57154	0.9327
	58158	0.933
	58145	0.9351
	54319	0.9371
	57699	0.9373
	53576	0.9375
	50647	0.9377
	54342	0.9386
	54753	0.9392
	50879	0.94
	54507	0.9409
	57293	0.9409
	58546	0.9415
	54154	0.9432
	54945	0.9452
	57389	0.9455
	54806	0.9469
	58330	0.9472
	57359	0.9483
	57385	0.9499
	58222	0.9507
	54738	0.9512
	58025	0.9561
	53492	0.9579
	54431	0.9579
	58544	0.958
	58441	0.9614
	57723	0.9634
	56851	0.9638
	58020	0.9667
	58148	0.9675
	54755	0.9683
	50838	0.9707
	58449	0.9714
	57299	0.9715
	58484	0.9715
	53663	0.9724
	50861	0.9752
	54814	0.9766
	57669	0.977
	59659	0.9785
	57387	0.9808
	53832	0.981
	57789	0.9811
	50749	0.9831
	53771	0.9831
	54069	0.9842
	57447	0.9859
	52643	0.9902
	54266	0.9911
	51482	0.9918
	54424	0.9939
	58446	0.9939
	57333	0.9946
	57368	0.995
	54425	0.9975
	53664	1.002
	57195	1.0022
	58265	1.0054
	55585	1.0063
	58450	1.0107
	57425	1.0154
	54064	1.0188
	54645	1.0196
	54430	1.0226
	54910	1.0233
	57859	1.0242
	54076	1.0251
	53841	1.0276
	58730	1.0288
	54362	1.031
	54703	1.0323
	53727	1.0334
	57378	1.0334
	54749	1.0352
	59091	1.0362
	58306	1.0367
	50745	1.0374
	56173	1.0374
	54326	1.04
	57297	1.0412
	57390	1.0433
	58254	1.0452
	50871	1.0453
	58343	1.0524
	57396	1.0552
	58035	1.0557
	54744	1.056
	54939	1.0566
	56950	1.0603
	54829	1.0608
	57636	1.0609
	54832	1.062
	54520	1.0629
	57465	1.0667
	54844	1.0668
	57964	1.069
	56752	1.0694
	54612	1.0719
	54835	1.076
	54827	1.0804
	54940	1.081
	58632	1.0822
	54318	1.0831
	54623	1.085
	54932	1.0884
	53854	1.0885
	50946	1.0889
	59012	1.0892
	58419	1.0898
	58234	1.0905
	57674	1.0911
	58452	1.0911
	58264	1.093
	58615	1.093
	57840	1.0977
	57988	1.1005
	58550	1.1009
	53553	1.1024
	56944	1.1027
	57274	1.105
	52787	1.1061
	58448	1.1074
	57192	1.1094
	56768	1.1095
	54614	1.1096
	54617	1.1103
	58342	1.1117
	53487	1.1121
	58911	1.1122
	54718	1.1124
	53599	1.1137
	57839	1.1137
	57355	1.1148
	58245	1.1149
	58706	1.1149
	57194	1.1168
	52825	1.1181
	54919	1.1204
	54943	1.1235
	58629	1.1259
	58030	1.1262
	54923	1.1295
	58537	1.1297
	58542	1.1302
	56767	1.1305
	51137	1.1339
	58713	1.1348
	59235	1.1348
	54765	1.1349
	57451	1.1352
	59071	1.1362
	59038	1.1379
	58423	1.138
	52661	1.1386
	54624	1.1397
	54157	1.1398
	58339	1.1407
	53578	1.143
	54831	1.1454
	54851	1.1456
	54764	1.1459
	54712	1.1467
	58455	1.1469
	53593	1.1487
	58633	1.1541
	57882	1.1552
	57732	1.1589
	57420	1.1624
	58236	1.1641
	54521	1.1652
	57281	1.1659
	54244	1.1674
	58634	1.1685
	59211	1.1698
	58620	1.17
	54834	1.171
	56954	1.1715
	53772	1.1747
	56109	1.175
	54700	1.1777
	54801	1.1779
	58351	1.1787
	54906	1.1791
	58255	1.1802
	53769	1.1833
	56951	1.1853
	54715	1.1859
	55655	1.1874
	54122	1.1903
	58724	1.1903
	58013	1.1917
	54026	1.1918
	58244	1.1934
	58735	1.1944
	58311	1.1949
	58549	1.1991
	54938	1.1992
	58618	1.2014
	57955	1.202
	53490	1.2032
	59478	1.2042
	54470	1.2059
	58021	1.206
	58045	1.2075
	54828	1.209
	57460	1.2097
	57294	1.2105
	54601	1.213
	54925	1.2151
	51567	1.2201
	51133	1.2204
	59093	1.2213
	58502	1.2229
	58038	1.2252
	54812	1.2265
	56080	1.2271
	58214	1.2272
	53764	1.2322
	57995	1.2322
	50557	1.236
	58612	1.2361
	54710	1.2406
	57891	1.2412
	54848	1.2423
	54172	1.2431
	57710	1.2463
	53195	1.2481
	50656	1.2494
	54142	1.2508
	58345	1.2523
	54706	1.2526
	57426	1.2529
	58321	1.2529
	58477	1.2534
	58327	1.2542
	58101	1.2554
	58338	1.2578
	57208	1.258
	53669	1.2597
	54905	1.2604
	57329	1.2608
	50468	1.2622
	50963	1.2649
	57439	1.2649
	53763	1.2661
	57827	1.2663
	58715	1.2678
	54223	1.2697
	58314	1.2702
	53676	1.2705
	54752	1.2741
	50873	1.2742
	54260	1.2764
	54515	1.2772
	57295	1.2786
	50877	1.2793
	51334	1.2809
	58230	1.2812
	54619	1.2817
	50742	1.2826
	57761	1.2836
	54252	1.2875
	54049	1.2918
	57186	1.2922
	50858	1.2934
	51145	1.2936
	58622	1.2989
	58140	1.2991
	58433	1.2996
	53845	1.3027
	58429	1.3034
	54622	1.3035
	58529	1.3038
	58906	1.3061
	53853	1.307
	53754	1.3089
	57829	1.31
	58215	1.3102
	58007	1.3111
	54837	1.3113
	54336	1.3121
	54615	1.3128
	58334	1.3139
	52836	1.3177
	54717	1.3191
	58336	1.3199
	59074	1.3199
	51628	1.3223
	58570	1.3234
	57673	1.3278
	58427	1.3324
	57179	1.3329
	58438	1.3334
	57545	1.3335
	57445	1.335
	58100	1.3383
	54911	1.3415
	54912	1.3422
	58036	1.343
	58435	1.3431
	58135	1.3434
	54518	1.3456
	58607	1.3482
	59051	1.351
	54254	1.3527
	54237	1.3561
	53575	1.3571
	53384	1.3577
	57398	1.3598
	54164	1.3599
	51431	1.3606
	57482	1.362
	57185	1.3632
	58431	1.3635
	58242	1.3711
	51329	1.3812
	51765	1.3826
	58437	1.3835
	58320	1.3849
	54929	1.3856
	50862	1.39
	53529	1.3905
	58421	1.3916
	57828	1.3934
	58238	1.3977
	51568	1.4064
	58335	1.4073
	58011	1.408
	51059	1.4107
	50962	1.4131
	57881	1.4137
	57678	1.4139
	58519	1.4182
	58705	1.4182
	51434	1.4189
	58117	1.4223
	51435	1.4249
	54165	1.4256
	54047	1.4281
	57349	1.4286
	57837	1.4288
	58420	1.4289
	58004	1.4298
	58907	1.4356
	50564	1.437
	54541	1.4375
	57381	1.439
	57285	1.4392
	58508	1.4405
	58337	1.4412
	58109	1.4443
	54243	1.4456
	54802	1.4506
	53565	1.4524
	50767	1.4528
	58520	1.4532
	58814	1.4604
	54709	1.4636
	57736	1.466
	53564	1.4664
	58512	1.4667
	57278	1.4724
	51430	1.4725
	58523	1.4777
	58501	1.4795
	54132	1.4822
	57461	1.4859
	50960	1.486
	50949	1.4865
	53774	1.4879
	51633	1.4881
	54134	1.4909
	58316	1.4909
	54535	1.4941
	54525	1.4972
	54528	1.4986
	54716	1.5017
	54811	1.5018
	54711	1.5021
	54072	1.5039
	54377	1.5045
	58319	1.5058
	57682	1.5073
	57696	1.5082
	54519	1.5098
	54590	1.5121
	54915	1.5142
	58005	1.5153
	58235	1.5161
	53674	1.5173
	58237	1.5174
	58143	1.5179
	54523	1.5192
	57647	1.5195
	54584	1.52
	54927	1.5201
	58543	1.5206
	57825	1.5216
	54493	1.5226
	54324	1.5247
	58424	1.529
	50658	1.5308
	57198	1.5322
	51288	1.5353
	57966	1.5392
	58022	1.5403
	50851	1.5405
	57188	1.5424
	57956	1.5453
	57193	1.5464
	53545	1.5485
	58132	1.549
	51629	1.55
	54428	1.552
	56385	1.5534
	57754	1.5609
	50659	1.5655
	58418	1.5665
	58605	1.5679
	57985	1.5706
	57189	1.5708
	57494	1.5739
	57875	1.5752
	58003	1.5758
	54102	1.5767
	58326	1.5795
	57399	1.5806
	59022	1.5813
	58139	1.5847
	52656	1.5878
	54476	1.5895
	58340	1.5911
	54065	1.5918
	53463	1.5948
	54863	1.5951
	54540	1.5985
	57475	1.6006
	58130	1.603
	54012	1.6034
	54471	1.6042
	58118	1.6047
	53466	1.6092
	58024	1.61
	54080	1.6126
	58510	1.6133
	54533	1.6143
	54936	1.6147
	54660	1.6151
	59061	1.6162
	57694	1.617
	58534	1.6173
	53469	1.6179
	58606	1.6197
	57476	1.6198
	54918	1.6201
	54161	1.6223
	51627	1.6262
	54836	1.6265
	57217	1.6301
	58017	1.6306
	57717	1.6308
	57089	1.6348
	58048	1.6365
	54922	1.637
	54759	1.6381
	58503	1.6458
	50853	1.6469
	54532	1.6478
	59469	1.6503
	57290	1.6514
	57663	1.6581
	53760	1.6632
	54486	1.6654
	57489	1.6655
	54293	1.6687
	57971	1.6704
	57345	1.6786
	54527	1.6843
	58507	1.6844
	55591	1.6845
	57957	1.6852
	58514	1.6869
	54156	1.688
	54024	1.6886
	54616	1.6909
	54475	1.694
	58415	1.6952
	53658	1.6963
	57671	1.6972
	58329	1.6985
	57941	1.6999
	58409	1.7005
	58416	1.7022
	50867	1.7033
	50945	1.7068
	58044	1.7087
	58203	1.7089
	54766	1.7117
	54041	1.7118
	57740	1.7126
	57960	1.7136
	59477	1.7162
	53547	1.7173
	54333	1.7175
	52313	1.7194
	58530	1.7239
	52674	1.7251
	50934	1.7257
	54334	1.7265
	54338	1.7272
	55681	1.7294
	54039	1.7301
	57096	1.7303
	54472	1.7305
	58500	1.7327
	53751	1.7354
	54063	1.7373
	53467	1.7392
	54455	1.7405
	53780	1.7433
	57954	1.7442
	57657	1.7496
	57491	1.7506
	54714	1.7516
	57469	1.7565
	57655	1.7622
	54497	1.7641
	57196	1.7661
	58006	1.7685
	54861	1.7706
	57586	1.7713
	51436	1.7728
	57098	1.773
	54346	1.7758
	54494	1.7767
	54539	1.7822
	59031	1.7823
	57498	1.7826
	57661	1.7881
	58693	1.7893
	57183	1.7925
	57640	1.7956
	57595	1.7965
	57866	1.7992
	50928	1.7998
	58408	1.8008
	50937	1.8027
	53659	1.8047
	53783	1.8059
	58002	1.8146
	50968	1.8178
	51433	1.8235
	57466	1.8247
	53860	1.827
	58344	1.8282
	50965	1.8315
	58531	1.8328
	50950	1.836
	59072	1.836
	57844	1.838
	54917	1.8401
	54805	1.8406
	54437	1.8446
	54909	1.8446
	58402	1.8453
	54335	1.8463
	54842	1.8464
	54331	1.8557
	50859	1.8579
	58517	1.8631
	53594	1.8702
	57485	1.8707
	50958	1.8757
	58001	1.8759
	54826	1.8766
	57496	1.8775
	54920	1.882
	57646	1.8905
	57279	1.8914
	50948	1.8945
	57095	1.898
	54453	1.8995
	58527	1.9045
	53543	1.9096
	57099	1.9098
	58401	1.9112
	58417	1.9144
	58414	1.9156
	58008	1.9164
	57492	1.9168
	59640	1.9179
	54531	1.9219
	57598	1.9245
	57642	1.9249
	50964	1.9282
	58509	1.9289
	54921	1.9395
	52784	1.9418
	58012	1.9435
	57680	1.9482
	54434	1.9503
	54226	1.9504
	51328	1.9586
	58404	1.9638
	54841	1.968
	54935	1.9712
	58047	1.9721
	54213	1.9725
	54332	1.9839
	59023	1.9855
	57969	1.9891
	54474	1.9919
	57541	1.9919
	58317	1.9954
	54429	1.996
	58015	1.9989
	54454	2.004
	54871	2.01
	51438	2.0112
	54713	2.0188
	54776	2.0227
	57493	2.0228
	54916	2.0326
	57590	2.038
	54517	2.0592
	54449	2.0618
	54777	2.0633
	53673	2.067
	54337	2.0674
	54575	2.0708
	54248	2.0728
	54579	2.0743
	58601	2.0784
	57028	2.0813
	54328	2.0973
	54534	2.0976
	59063	2.0984
	54234	2.1068
	57573	2.1075
	57499	2.1097
	51437	2.11
	58600	2.1188
	54249	2.1196
	53579	2.1313
	54618	2.138
	54339	2.1412
	54662	2.142
	54438	2.1498
	50940	2.1539
	57589	2.1575
	57543	2.162
	58040	2.1624
	58602	2.1712
	57582	2.1748
	57662	2.1799
	50854	2.1811
	54439	2.1837
	54436	2.1901
	57947	2.1933
	54231	2.1988
	57554	2.2041
	54347	2.2173
	57958	2.2244
	54719	2.2313
	54563	2.2401
	57634	2.2421
	57577	2.2483
	53678	2.2532
	51465	2.2659
	57949	2.2741
	58407	2.2859
	57845	2.2868
	58041	2.2993
	54913	2.3027
	59064	2.3057
	57649	2.3097
	57581	2.3154
	57583	2.3189
	54569	2.3261
	54774	2.3305
	51469	2.3457
	57565	2.3778
	54522	2.4082
	50983	2.4086
	54914	2.4118
	57477	2.4163
	57842	2.419
	54432	2.4323
	57564	2.4528
	54778	2.4546
	57635	2.4583
	54568	2.4755
	54027	2.4905
	57575	2.5572
	50939	2.6013
	54031	2.6277
	57544	2.6318
	57571	2.6669
	57566	2.6789
	57574	2.7374
	57584	2.738
	54530	2.7904
	57562	2.8343
	57585	2.8367
	57633	2.8665
	57558	2.8836
	57643	3.0317
