	52963	-2.8016
	59266	-2.5766
	59265	-2.5399
	59264	-2.4736
	59088	-2.3978
	59256	-2.3753
	53856	-2.2802
	54096	-2.237
	53852	-2.2281
	53970	-2.196
	59452	-2.1459
	59021	-2.1277
	57857	-2.1075
	57916	-2.0901
	53753	-2.0746
	53768	-2.0746
	57846	-2.0651
	52863	-2.0556
	57936	-2.0194
	52869	-1.9992
	59268	-1.968
	57932	-1.959
	56247	-1.9499
	59454	-1.9388
	59270	-1.9338
	59255	-1.9219
	59082	-1.8893
	53573	-1.88
	59453	-1.8663
	59271	-1.8619
	57962	-1.8501
	57921	-1.8409
	59094	-1.8187
	57851	-1.8123
	57923	-1.8115
	59269	-1.8085
	59847	-1.8085
	59276	-1.8012
	57922	-1.8004
	59254	-1.7922
	57926	-1.7866
	57954	-1.7677
	59033	-1.7619
	59451	-1.7591
	59446	-1.7444
	57909	-1.7253
	53584	-1.7084
	59097	-1.7057
	59227	-1.7004
	55593	-1.6792
	57912	-1.6742
	57996	-1.6582
	59090	-1.654
	59015	-1.6274
	59034	-1.6235
	57832	-1.619
	56144	-1.607
	57910	-1.607
	59037	-1.606
	57957	-1.5801
	56257	-1.5749
	59280	-1.5731
	59954	-1.5566
	54321	-1.5549
	59096	-1.5506
	59246	-1.5478
	57839	-1.5418
	59075	-1.5391
	59284	-1.5254
	59229	-1.517
	59945	-1.5162
	59087	-1.5155
	57841	-1.515
	59449	-1.512
	57988	-1.4874
	59448	-1.4847
	57903	-1.4623
	59027	-1.4555
	57835	-1.4472
	57914	-1.4383
	59017	-1.4383
	59279	-1.4168
	59457	-1.4037
	50956	-1.3972
	58907	-1.3952
	53585	-1.3945
	59658	-1.3899
	59211	-1.3778
	58918	-1.3723
	59626	-1.3715
	56475	-1.3675
	57900	-1.3597
	59421	-1.3549
	59456	-1.3483
	56485	-1.3444
	59838	-1.3436
	57803	-1.3391
	59099	-1.3386
	59092	-1.3325
	57995	-1.3295
	59124	-1.3244
	59948	-1.324
	56646	-1.32
	59058	-1.3184
	56645	-1.3162
	57768	-1.2966
	59249	-1.2951
	59106	-1.2942
	59241	-1.2891
	57908	-1.2866
	57728	-1.2822
	57911	-1.2796
	59842	-1.2724
	52985	-1.2614
	57837	-1.2535
	57774	-1.253
	59209	-1.2516
	57818	-1.2508
	52972	-1.247
	57853	-1.2424
	56651	-1.2416
	59242	-1.2365
	57845	-1.23
	57942	-1.2261
	56487	-1.2256
	59114	-1.2253
	59435	-1.2183
	57769	-1.2155
	59093	-1.2143
	57720	-1.2138
	58926	-1.2096
	57964	-1.2093
	53590	-1.2076
	59081	-1.1978
	57829	-1.193
	59091	-1.1914
	59228	-1.1902
	58917	-1.1869
	57974	-1.1862
	57971	-1.1795
	59635	-1.1789
	57834	-1.1747
	56183	-1.1738
	57860	-1.1738
	59102	-1.1688
	57813	-1.1687
	57906	-1.1608
	57955	-1.1605
	57766	-1.1598
	59644	-1.1592
	58847	-1.1526
	55572	-1.1526
	59940	-1.1476
	59218	-1.1454
	55696	-1.144
	56331	-1.1349
	57972	-1.1312
	57956	-1.1305
	59007	-1.1222
	59441	-1.1177
	57859	-1.113
	56267	-1.1124
	59647	-1.1112
	57993	-1.1106
	52943	-1.1097
	59052	-1.1023
	57637	-1.1
	59038	-1.0994
	57509	-1.0976
	57902	-1.0921
	56742	-1.0919
	59059	-1.0918
	59001	-1.0904
	59109	-1.089
	57889	-1.0863
	59046	-1.0813
	57975	-1.0801
	52874	-1.0794
	57737	-1.0782
	57844	-1.0665
	58938	-1.0656
	57729	-1.0603
	57913	-1.0593
	58929	-1.0592
	56434	-1.0589
	59632	-1.0536
	54099	-1.0536
	57948	-1.0499
	59845	-1.0446
	58921	-1.041
	56190	-1.0409
	57941	-1.0403
	58906	-1.0399
	59063	-1.0364
	52876	-1.0345
	57976	-1.0256
	59848	-1.0217
	58828	-1.0107
	59417	-1.0092
	56444	-1.0077
	59230	-1.0077
	59057	-1.0042
	57867	-1.0013
	59116	-1.0013
	57973	-1.0009
	56595	-0.9982
	59122	-0.9978
	56479	-0.9928
	56043	-0.9926
	59425	-0.9905
	59047	-0.9861
	57317	-0.9858
	57965	-0.9843
	57905	-0.9769
	59117	-0.9768
	59427	-0.9745
	57840	-0.9656
	56443	-0.9648
	59431	-0.9646
	53582	-0.9631
	59429	-0.9602
	58928	-0.9563
	56474	-0.9504
	59502	-0.9503
	57814	-0.9467
	59031	-0.9391
	59127	-0.9378
	53767	-0.936
	59205	-0.9298
	59754	-0.9281
	59941	-0.9257
	59130	-0.9249
	59285	-0.9229
	59055	-0.9218
	58946	-0.9176
	57947	-0.9167
	52986	-0.9166
	57811	-0.9161
	59238	-0.9123
	57981	-0.902
	57719	-0.8976
	56580	-0.897
	59854	-0.8952
	59061	-0.8947
	58923	-0.891
	57713	-0.8886
	57966	-0.8868
	53593	-0.8847
	59215	-0.882
	56473	-0.8808
	59318	-0.8793
	59237	-0.8777
	59462	-0.8776
	58659	-0.8762
	59471	-0.8696
	57915	-0.8692
	59476	-0.8662
	59051	-0.8649
	58940	-0.8622
	51378	-0.8615
	58941	-0.8609
	56751	-0.857
	59500	-0.8533
	57822	-0.853
	56374	-0.8514
	57816	-0.8496
	57821	-0.8413
	57807	-0.8391
	59023	-0.8343
	57754	-0.829
	59288	-0.8202
	58927	-0.8176
	59074	-0.8172
	59044	-0.8131
	59849	-0.8125
	57994	-0.8095
	55279	-0.8088
	59107	-0.8077
	59131	-0.8049
	59134	-0.8046
	59856	-0.8024
	53385	-0.7999
	52974	-0.7977
	58934	-0.7959
	58936	-0.7946
	56596	-0.7876
	58750	-0.7859
	57978	-0.7856
	57718	-0.7841
	59317	-0.7825
	59631	-0.7799
	56592	-0.7796
	59320	-0.7787
	56543	-0.7737
	57640	-0.7721
	56989	-0.7717
	59137	-0.7715
	56643	-0.7705
	57958	-0.7703
	57907	-0.7699
	58749	-0.7678
	57825	-0.7655
	58819	-0.7635
	56986	-0.7546
	59126	-0.7546
	58748	-0.7517
	59501	-0.7516
	51377	-0.7483
	59303	-0.748
	57738	-0.7453
	59278	-0.7448
	56684	-0.7402
	58903	-0.7387
	58844	-0.7357
	52436	-0.7208
	59750	-0.719
	57758	-0.7177
	57827	-0.7167
	56441	-0.7159
	59851	-0.7156
	59113	-0.7112
	57732	-0.7109
	59470	-0.7041
	56976	-0.6979
	57874	-0.6948
	59653	-0.6947
	57714	-0.6946
	57828	-0.6945
	58658	-0.6944
	59654	-0.6941
	52980	-0.6911
	58646	-0.6873
	51711	-0.6872
	59125	-0.6829
	51804	-0.6825
	59419	-0.6819
	59213	-0.6788
	58826	-0.6786
	59293	-0.6781
	57824	-0.6762
	57777	-0.6759
	57969	-0.6753
	59319	-0.6742
	51356	-0.6733
	59492	-0.6681
	58845	-0.6648
	56289	-0.6638
	57776	-0.6603
	59324	-0.6587
	57739	-0.6557
	56571	-0.6523
	58944	-0.6513
	53576	-0.65
	58836	-0.6495
	56565	-0.6487
	59650	-0.6481
	50349	-0.6415
	58745	-0.6391
	56391	-0.6351
	52515	-0.6321
	56378	-0.6309
	58848	-0.6295
	56045	-0.6237
	57990	-0.6219
	56652	-0.6217
	57887	-0.6198
	59316	-0.615
	56792	-0.6144
	56489	-0.613
	59041	-0.6107
	56598	-0.599
	52101	-0.5984
	57710	-0.5976
	57623	-0.5967
	59071	-0.5937
	50953	-0.5928
	58935	-0.5905
	52856	-0.5882
	58912	-0.5869
	56081	-0.584
	54405	-0.5829
	57520	-0.5826
	59322	-0.5823
	58724	-0.5807
	58754	-0.578
	55664	-0.5754
	59426	-0.5743
	58932	-0.5736
	58822	-0.5728
	51633	-0.57
	58911	-0.5697
	57992	-0.569
	57949	-0.5638
	58846	-0.5598
	52984	-0.5586
	58742	-0.557
	52446	-0.5564
	57927	-0.5546
	57734	-0.5542
	59045	-0.5539
	59855	-0.5534
	57809	-0.5529
	59655	-0.5496
	59321	-0.5494
	58931	-0.5484
	56196	-0.5483
	57842	-0.5476
	59294	-0.5465
	59065	-0.5457
	56080	-0.5443
	59758	-0.5438
	57876	-0.5416
	56152	-0.5415
	56164	-0.5383
	52633	-0.534
	59640	-0.5331
	57805	-0.5288
	57735	-0.5268
	59004	-0.5249
	53378	-0.5215
	59235	-0.5206
	52112	-0.5205
	57731	-0.5181
	57636	-0.518
	53848	-0.5129
	52868	-0.5076
	58665	-0.5061
	58656	-0.5051
	56071	-0.5032
	59757	-0.4985
	57741	-0.4946
	58905	-0.4939
	56291	-0.4937
	59287	-0.488
	56996	-0.4873
	57606	-0.4845
	59663	-0.4808
	59473	-0.4791
	50247	-0.4787
	53864	-0.4768
	59290	-0.4745
	58843	-0.4736
	56838	-0.4706
	57717	-0.4706
	59475	-0.4664
	57991	-0.466
	58942	-0.461
	52533	-0.4595
	58667	-0.4509
	59951	-0.4494
	59053	-0.4466
	57985	-0.4411
	58647	-0.4304
	57866	-0.4302
	58654	-0.4302
	56745	-0.4287
	53399	-0.4242
	58839	-0.4234
	55598	-0.4225
	53498	-0.4213
	59656	-0.42
	56371	-0.4189
	59487	-0.4167
	59312	-0.413
	56387	-0.4113
	57778	-0.4105
	59493	-0.4093
	58730	-0.4068
	53782	-0.4041
	51358	-0.401
	53857	-0.3994
	52988	-0.3987
	53770	-0.3956
	56478	-0.3912
	59843	-0.3882
	57723	-0.3856
	54408	-0.3817
	56987	-0.3777
	52323	-0.3761
	57767	-0.376
	57871	-0.3669
	53575	-0.3637
	56195	-0.3581
	51931	-0.3574
	50246	-0.3567
	56280	-0.3565
	52447	-0.3564
	59304	-0.3561
	50954	-0.3546
	57525	-0.3545
	56373	-0.3527
	53594	-0.3474
	52784	-0.3459
	50353	-0.3457
	56756	-0.3456
	57736	-0.3454
	59298	-0.3432
	58632	-0.3425
	56287	-0.3416
	53681	-0.3395
	58735	-0.3382
	56973	-0.3371
	55299	-0.3368
	56575	-0.3357
	59315	-0.3347
	58751	-0.3345
	57806	-0.3323
	58725	-0.3316
	56285	-0.3311
	57722	-0.3307
	57438	-0.3302
	52889	-0.3284
	56180	-0.3276
	58666	-0.3269
	57744	-0.3235
	56046	-0.3231
	51369	-0.3226
	56082	-0.3226
	53944	-0.3215
	57865	-0.3212
	53658	-0.321
	51642	-0.3177
	50987	-0.316
	56172	-0.3141
	59314	-0.3133
	56649	-0.3046
	57896	-0.3039
	58818	-0.3037
	51802	-0.3028
	57432	-0.3013
	52978	-0.3013
	51379	-0.3005
	52862	-0.2989
	51839	-0.296
	56746	-0.2953
	53788	-0.2951
	59025	-0.2938
	59313	-0.2929
	56839	-0.289
	56984	-0.2845
	56654	-0.2824
	51644	-0.2783
	54871	-0.2764
	59488	-0.27
	50727	-0.2698
	56835	-0.2657
	56970	-0.2636
	51353	-0.2606
	58664	-0.2581
	56585	-0.2576
	57413	-0.2547
	57772	-0.2537
	59064	-0.2528
	56021	-0.2527
	51636	-0.2456
	57318	-0.2445
	59310	-0.2428
	50618	-0.2412
	59297	-0.2394
	53760	-0.2372
	57743	-0.2325
	51717	-0.2311
	51145	-0.2309
	57781	-0.2303
	51814	-0.2303
	58824	-0.2282
	51828	-0.2261
	59480	-0.2225
	56950	-0.2218
	56199	-0.2206
	56569	-0.2199
	59673	-0.2187
	57522	-0.2174
	52424	-0.2174
	59481	-0.2159
	57642	-0.2156
	51137	-0.2153
	59072	-0.2143
	58719	-0.2134
	59485	-0.2125
	52982	-0.2124
	58713	-0.2123
	51826	-0.212
	51482	-0.2118
	58814	-0.2104
	51707	-0.2104
	51829	-0.2096
	53580	-0.209
	52765	-0.2086
	59306	-0.2084
	51815	-0.208
	57625	-0.2079
	53759	-0.2054
	58712	-0.2039
	56691	-0.2033
	56985	-0.2022
	56383	-0.2015
	51357	-0.201
	58804	-0.2002
	56748	-0.1995
	52995	-0.1986
	51133	-0.1982
	50603	-0.1979
	57895	-0.1963
	54304	-0.196
	57899	-0.1934
	58141	-0.1931
	55248	-0.1909
	51827	-0.1902
	55585	-0.1902
	58734	-0.1898
	51058	-0.1892
	51704	-0.1857
	51708	-0.1855
	56697	-0.1853
	58760	-0.1839
	57513	-0.1821
	53664	-0.1807
	57339	-0.1785
	51720	-0.1713
	51329	-0.1712
	53750	-0.1682
	56065	-0.1672
	59224	-0.1668
	56966	-0.1654
	55589	-0.1636
	58657	-0.1634
	58752	-0.1619
	57658	-0.1602
	52797	-0.1595
	56898	-0.1592
	59289	-0.1585
	51526	-0.1577
	56146	-0.1576
	53599	-0.1572
	56856	-0.1557
	52866	-0.1548
	56889	-0.1542
	56578	-0.1528
	56168	-0.1515
	59012	-0.1514
	58048	-0.1507
	51818	-0.1499
	58714	-0.1482
	51811	-0.146
	56586	-0.1458
	50739	-0.1446
	55493	-0.1442
	56567	-0.1418
	51581	-0.1404
	51629	-0.1386
	57798	-0.1381
	56693	-0.1354
	54404	-0.1323
	53777	-0.1321
	58823	-0.1302
	57789	-0.1296
	51365	-0.1289
	51722	-0.1286
	58744	-0.1265
	58038	-0.1264
	56109	-0.1263
	53778	-0.1259
	51352	-0.1252
	54855	-0.1238
	56137	-0.1235
	59478	-0.1227
	58813	-0.1214
	59469	-0.1188
	53886	-0.1156
	56290	-0.1132
	54386	-0.1116
	57506	-0.1093
	53362	-0.1078
	59022	-0.1077
	54764	-0.104
	59664	-0.1016
	58821	-0.101
	53872	-0.099
	53499	-0.0989
	56480	-0.0988
	57605	-0.0976
	58933	-0.0971
	57779	-0.0966
	51495	-0.0955
	51628	-0.0938
	57603	-0.0884
	57408	-0.0879
	56297	-0.0816
	56793	-0.0798
	51367	-0.0791
	51359	-0.0763
	58627	-0.0747
	53966	-0.0741
	51639	-0.0739
	54410	-0.0736
	53775	-0.067
	53562	-0.0648
	56151	-0.0612
	55294	-0.0598
	57872	-0.0593
	56106	-0.0586
	50527	-0.0569
	58644	-0.0562
	58032	-0.0561
	59659	-0.0553
	57437	-0.0542
	56761	-0.0535
	57745	-0.0526
	51810	-0.048
	57634	-0.047
	57740	-0.0408
	58820	-0.0393
	56376	-0.0391
	50858	-0.0354
	53769	-0.0352
	53574	-0.0337
	58660	-0.0336
	50136	-0.0325
	52993	-0.032
	58049	-0.0299
	56194	-0.0298
	56594	-0.0238
	58044	-0.0223
	57511	-0.022
	56186	-0.0205
	58652	-0.017
	51627	-0.0169
	54401	-0.0124
	51431	-0.0109
	56992	-0.0097
	52895	-0.0086
	53885	-0.0047
	57800	-0.0034
	56673	-0.0032
	53660	6.0E-4
	51573	0.0019
	56879	0.0059
	56675	0.0060
	51572	0.0086
	58747	0.0087
	56688	0.0111
	56548	0.0112
	56584	0.0117
	50646	0.015
	56034	0.0156
	56223	0.0223
	54778	0.0277
	56666	0.0292
	54765	0.0306
	53368	0.0307
	56873	0.0315
	53565	0.033
	53961	0.0339
	50741	0.0343
	53488	0.038
	57537	0.039
	51470	0.0392
	56975	0.0413
	53865	0.045
	50548	0.0451
	57886	0.0473
	53953	0.0478
	56946	0.0496
	56198	0.0549
	56276	0.0552
	57313	0.0561
	53659	0.0563
	52674	0.0578
	53698	0.0578
	55228	0.0578
	59477	0.0614
	51705	0.0619
	54853	0.0625
	51241	0.0626
	53690	0.0628
	51730	0.0654
	57870	0.0656
	56284	0.0657
	58737	0.0689
	57519	0.0701
	53964	0.0727
	58746	0.0731
	57612	0.0737
	53666	0.0739
	57447	0.0741
	53871	0.0753
	52418	0.076
	51709	0.0761
	56273	0.0767
	50755	0.0776
	56869	0.0777
	58616	0.0787
	57523	0.0816
	56764	0.0818
	57309	0.0829
	57416	0.0833
	58140	0.0857
	58132	0.0867
	56790	0.0874
	56854	0.0886
	59133	0.0889
	54848	0.0893
	50526	0.0895
	53567	0.0956
	54939	0.0958
	53735	0.0961
	56674	0.098
	53869	0.0988
	51430	0.0995
	53757	0.0999
	53677	0.1005
	53965	0.1006
	53890	0.102
	57881	0.1032
	58131	0.1034
	52884	0.1058
	53384	0.1064
	53756	0.1092
	50647	0.111
	53491	0.1125
	52657	0.1136
	56962	0.1137
	53705	0.1148
	55578	0.1182
	56399	0.1183
	58047	0.1209
	53068	0.1222
	51716	0.1253
	56843	0.1254
	57635	0.1271
	54945	0.1292
	58710	0.1296
	53853	0.1299
	53763	0.1313
	56886	0.1314
	56188	0.1317
	53862	0.1339
	56171	0.1376
	57306	0.139
	51855	0.1409
	52643	0.142
	58127	0.1421
	56533	0.1431
	53676	0.1455
	52546	0.1459
	50445	0.146
	58607	0.1463
	50776	0.148
	51436	0.1492
	56846	0.1502
	53704	0.1506
	54308	0.1521
	56995	0.1523
	56951	0.1534
	57518	0.1534
	57773	0.1541
	53691	0.1559
	56296	0.1562
	57868	0.1569
	51068	0.1581
	53845	0.1632
	53866	0.1637
	57411	0.167
	56875	0.1672
	53695	0.1672
	51334	0.1725
	54205	0.1733
	53863	0.1744
	56876	0.1754
	58041	0.1757
	56493	0.1775
	58706	0.1778
	53861	0.1783
	58837	0.1785
	51463	0.1804
	50514	0.1821
	57760	0.1845
	51059	0.1881
	53859	0.1882
	53751	0.1893
	57708	0.1901
	56393	0.191
	51186	0.1912
	53697	0.1923
	58045	0.1925
	52955	0.1935
	51346	0.1937
	53492	0.1948
	57763	0.197
	50750	0.1986
	53505	0.1991
	56849	0.2048
	53891	0.2049
	56357	0.205
	54940	0.2063
	57431	0.2067
	53480	0.2071
	53877	0.2086
	53962	0.2092
	58634	0.2103
	51568	0.2104
	53841	0.2114
	58623	0.2151
	51076	0.2153
	55591	0.2185
	56074	0.219
	57426	0.2212
	50756	0.2236
	58569	0.2245
	53577	0.2255
	58036	0.226
	56395	0.2273
	56079	0.228
	50442	0.2308
	53883	0.2342
	53874	0.2361
	53673	0.2369
	50468	0.2383
	50844	0.2384
	53646	0.241
	53669	0.2416
	57882	0.2417
	50745	0.2433
	58834	0.2437
	58715	0.2442
	56396	0.2463
	56158	0.2472
	53786	0.2483
	56862	0.2484
	57647	0.2504
	53850	0.2546
	58040	0.256
	54938	0.2561
	53693	0.2571
	58146	0.2575
	53707	0.2663
	56944	0.267
	56870	0.2686
	56871	0.2686
	54632	0.2696
	56067	0.2717
	55680	0.2723
	53457	0.2726
	56959	0.2734
	52557	0.2741
	54825	0.2749
	56982	0.2758
	57545	0.2759
	57608	0.2768
	58148	0.2774
	53687	0.279
	53588	0.2807
	56462	0.2822
	51777	0.2838
	53692	0.2895
	56952	0.2904
	58559	0.2915
	58736	0.2936
	54766	0.2947
	56783	0.2962
	52998	0.2969
	53787	0.2981
	54501	0.2983
	53467	0.3012
	56786	0.3014
	53680	0.3015
	54776	0.3025
	54631	0.3033
	58635	0.3035
	56295	0.3044
	50852	0.3059
	53798	0.3083
	56863	0.3084
	54633	0.3086
	54753	0.3091
	50946	0.3097
	53790	0.3103
	56739	0.311
	53868	0.312
	54607	0.3147
	58567	0.3164
	56492	0.3187
	57894	0.3188
	58210	0.3198
	58642	0.3201
	58718	0.3202
	56498	0.3207
	51328	0.3207
	53466	0.327
	57666	0.3301
	57604	0.3321
	50524	0.333
	58731	0.3337
	50655	0.3347
	53738	0.3373
	56497	0.3387
	56757	0.3387
	53776	0.344
	53682	0.3457
	56491	0.3509
	58568	0.3525
	58139	0.3535
	51243	0.3556
	57762	0.3567
	51156	0.3567
	56288	0.3569
	53397	0.3599
	53663	0.3616
	54406	0.3625
	57191	0.3631
	54936	0.3638
	53740	0.365
	56263	0.3655
	50742	0.3659
	56867	0.368
	57348	0.3684
	56084	0.371
	53884	0.372
	56766	0.3738
	53602	0.3761
	54291	0.3764
	56029	0.3768
	56774	0.3781
	53799	0.3788
	53894	0.3791
	54943	0.3794
	53596	0.3805
	57425	0.3823
	56775	0.3843
	53694	0.3892
	58241	0.3897
	56202	0.3904
	53617	0.3916
	57780	0.3918
	57657	0.3921
	52885	0.3925
	56842	0.3954
	56386	0.396
	58026	0.4
	50525	0.4002
	57407	0.4008
	53679	0.4009
	50434	0.4017
	54857	0.403
	52737	0.4039
	53578	0.4048
	52875	0.4068
	53854	0.409
	57742	0.411
	56312	0.4115
	53699	0.4126
	56390	0.413
	57502	0.4158
	53963	0.419
	57808	0.4203
	58154	0.4213
	55681	0.4213
	54499	0.4218
	56184	0.4224
	57544	0.4225
	56018	0.4235
	54301	0.4246
	51567	0.4305
	53898	0.4317
	53543	0.4318
	53545	0.4319
	51087	0.4332
	56147	0.4347
	54863	0.4366
	54412	0.4368
	50767	0.4373
	54774	0.4385
	56978	0.4398
	58625	0.4398
	56882	0.4424
	55690	0.4428
	52855	0.4439
	58643	0.4451
	53785	0.4456
	56038	0.446
	53662	0.448
	54305	0.4491
	56490	0.4498
	50632	0.4504
	56187	0.4526
	52679	0.4554
	56767	0.4561
	57274	0.4561
	52818	0.4563
	55472	0.4598
	54777	0.4599
	54640	0.4603
	57649	0.4618
	56994	0.462
	50950	0.4622
	53784	0.4628
	56885	0.4643
	57517	0.4656
	51469	0.4658
	53796	0.4664
	56671	0.4673
	57752	0.4687
	53553	0.4697
	58128	0.4733
	58020	0.4734
	51571	0.4736
	57707	0.4785
	53764	0.4814
	53517	0.4827
	56197	0.483
	56641	0.4861
	56788	0.4864
	57786	0.4867
	56836	0.4895
	53502	0.4922
	56785	0.4959
	52656	0.496
	56669	0.4974
	56851	0.4987
	53475	0.4988
	54701	0.4996
	56582	0.5002
	57671	0.5009
	53732	0.5011
	53783	0.5022
	53481	0.5025
	52896	0.5029
	50425	0.5049
	53987	0.5088
	57600	0.5096
	54208	0.5096
	53772	0.5102
	53888	0.511
	52652	0.5116
	53789	0.5162
	54852	0.5166
	53748	0.518
	54861	0.519
	53685	0.52
	57043	0.5201
	56883	0.5212
	52754	0.5226
	50832	0.5234
	58107	0.5239
	53954	0.5239
	53469	0.5254
	51559	0.5266
	56189	0.5268
	53564	0.5286
	53464	0.5299
	53795	0.5365
	56286	0.5367
	50658	0.5371
	56665	0.5377
	53967	0.5384
	53792	0.5389
	53880	0.5392
	52983	0.5438
	56891	0.5444
	56016	0.5456
	54154	0.5458
	58223	0.5473
	54419	0.5475
	53674	0.5486
	57883	0.5501
	50557	0.5508
	53472	0.552
	58129	0.5565
	53980	0.557
	57674	0.5571
	53829	0.5572
	57326	0.5587
	54333	0.5587
	56840	0.5616
	54804	0.5616
	53781	0.5676
	58806	0.5679
	53771	0.5682
	53797	0.5691
	53651	0.5716
	53893	0.5722
	58222	0.5753
	56389	0.5754
	50833	0.5759
	50945	0.5759
	52957	0.5775
	50867	0.5788
	57293	0.5848
	53455	0.5866
	57609	0.5867
	53889	0.5873
	53484	0.5916
	53579	0.5943
	53791	0.5944
	57614	0.5949
	51465	0.5953
	53547	0.5956
	58030	0.5977
	56881	0.6012
	53665	0.6023
	53487	0.6052
	57761	0.6098
	58619	0.6127
	57098	0.6141
	58705	0.6141
	50656	0.6142
	53895	0.6149
	58626	0.6151
	54849	0.6192
	56593	0.6205
	57320	0.6205
	57315	0.6209
	53878	0.6211
	57273	0.6245
	57663	0.6255
	58150	0.6259
	57960	0.6267
	53483	0.6274
	58126	0.6322
	54705	0.6337
	53892	0.6379
	53463	0.6391
	54135	0.6411
	53727	0.6454
	50639	0.6462
	58035	0.6479
	54809	0.6492
	58034	0.6494
	58637	0.6496
	58629	0.6514
	53879	0.6537
	50834	0.6561
	53446	0.6614
	56772	0.6635
	56782	0.6635
	56841	0.6646
	54810	0.6659
	51238	0.666
	50955	0.6661
	51434	0.667
	58145	0.6682
	56251	0.6708
	58205	0.6741
	53794	0.6748
	56298	0.6753
	56778	0.6788
	57792	0.6812
	50851	0.6813
	53149	0.6823
	50659	0.6846
	56969	0.6855
	56181	0.6865
	57206	0.6869
	58220	0.6882
	54755	0.6888
	53367	0.6963
	52203	0.6971
	54470	0.6973
	50431	0.698
	56093	0.6982
	50788	0.6984
	50564	0.6987
	56844	0.6989
	53984	0.6995
	50787	0.6996
	53688	0.7005
	50973	0.7011
	56193	0.7029
	58024	0.705
	58208	0.7061
	58113	0.7101
	56496	0.7107
	53486	0.7113
	54800	0.712
	50949	0.7128
	53979	0.7132
	53780	0.7141
	56272	0.7147
	57540	0.7151
	57516	0.7157
	57420	0.7176
	51060	0.7181
	58109	0.7191
	50778	0.7202
	53725	0.7216
	56872	0.7226
	54929	0.7245
	51053	0.7285
	54932	0.7319
	58135	0.7322
	53490	0.7327
	57208	0.7331
	57799	0.7342
	53875	0.7348
	54851	0.7369
	54339	0.7391
	58236	0.7411
	50838	0.7417
	58022	0.7426
	56670	0.7455
	53773	0.7465
	58704	0.7498
	58701	0.752
	58143	0.755
	56394	0.7555
	58202	0.7589
	54169	0.7597
	50859	0.7606
	57093	0.7632
	53930	0.7647
	53981	0.766
	58013	0.7671
	53996	0.7756
	57314	0.7789
	53899	0.7835
	56763	0.784
	57361	0.7849
	54759	0.7857
	57510	0.7882
	57324	0.7889
	57439	0.789
	56878	0.79
	56752	0.7938
	53897	0.7939
	58116	0.795
	54243	0.7953
	53931	0.7967
	54513	0.7975
	58549	0.7997
	56961	0.8021
	57680	0.8021
	50879	0.8049
	50934	0.8051
	51656	0.8058
	56781	0.8062
	56664	0.8074
	54707	0.8075
	56178	0.8158
	56125	0.8177
	52681	0.8182
	53478	0.8233
	57793	0.8248
	53723	0.8254
	58138	0.8267
	57673	0.8277
	50774	0.828
	56381	0.8291
	52313	0.8299
	54803	0.8301
	57507	0.8328
	54318	0.8361
	54098	0.8387
	57060	0.8391
	57091	0.8395
	58631	0.844
	58624	0.8452
	57505	0.8479
	57508	0.8503
	57012	0.851
	53696	0.8526
	54802	0.8565
	52996	0.8594
	53272	0.868
	54428	0.8686
	57558	0.8695
	56185	0.8751
	56278	0.8759
	58558	0.8761
	58243	0.8785
	52968	0.881
	56768	0.8814
	57401	0.8837
	56192	0.8859
	53942	0.8864
	54472	0.887
	57295	0.8871
	56281	0.8877
	51467	0.8878
	58027	0.889
	54820	0.8894
	56949	0.8914
	53083	0.8962
	55437	0.8968
	51765	0.8973
	53810	0.8986
	56880	0.8998
	56380	0.9
	54399	0.902
	56977	0.9034
	54420	0.9043
	54844	0.9045
	52853	0.9048
	57260	0.9068
	51330	0.9083
	54293	0.9083
	58158	0.9102
	57308	0.9113
	58707	0.9123
	57514	0.9192
	54244	0.9193
	54421	0.921
	54165	0.9244
	56167	0.9253
	58122	0.9267
	54164	0.9267
	53289	0.9315
	58147	0.9322
	53357	0.9328
	57875	0.9372
	54808	0.9403
	52833	0.9404
	51438	0.9418
	52661	0.9425
	50861	0.9451
	50958	0.9451
	51435	0.9454
	52836	0.9457
	54521	0.9464
	56116	0.9465
	52787	0.9486
	56755	0.9533
	57271	0.954
	54236	0.9542
	56182	0.959
	54715	0.9603
	54515	0.9642
	57281	0.9652
	56958	0.9672
	51232	0.971
	58130	0.9722
	54709	0.9734
	54510	0.9748
	54142	0.9756
	54423	0.9759
	53754	0.9772
	53612	0.9809
	57345	0.9833
	53941	0.9849
	57216	0.985
	54833	0.9864
	58225	0.9872
	53392	0.9875
	56499	0.9897
	56948	0.9897
	57655	0.9928
	54597	0.9948
	54718	0.9963
	53937	0.9967
	50673	0.997
	54336	0.9976
	56091	0.9976
	53881	0.9978
	58547	0.998
	57662	0.9986
	57402	0.999
	58118	1.0028
	57268	1.0065
	50854	1.0067
	58618	1.008
	58212	1.0082
	57055	1.0102
	57771	1.0115
	57175	1.0118
	54805	1.0124
	54904	1.0127
	58114	1.0129
	58240	1.0147
	51433	1.015
	54316	1.0155
	52607	1.0211
	57661	1.0216
	53689	1.0242
	53973	1.025
	54806	1.0269
	58025	1.0272
	57409	1.0278
	51437	1.0307
	58609	1.0312
	58557	1.0333
	50871	1.0346
	54041	1.0368
	57096	1.0403
	57087	1.0449
	53896	1.0467
	58221	1.0473
	53610	1.0478
	56173	1.0484
	53195	1.0522
	54729	1.0525
	54254	1.0549
	58021	1.0607
	53948	1.0607
	57052	1.0613
	57102	1.0615
	56279	1.0624
	53994	1.0625
	54714	1.0626
	54505	1.0643
	54706	1.0657
	53998	1.0662
	54313	1.0669
	56092	1.0669
	56317	1.0672
	57081	1.0749
	57303	1.0781
	57536	1.079
	50960	1.0809
	54923	1.0809
	54927	1.081
	52576	1.0825
	57265	1.0833
	54486	1.0835
	53614	1.0859
	50948	1.0882
	54704	1.0909
	54326	1.095
	53985	1.101
	53618	1.1025
	53882	1.1033
	54223	1.1041
	54431	1.106
	56483	1.1072
	54157	1.1088
	54821	1.1109
	54249	1.1115
	54290	1.1122
	53231	1.1136
	56494	1.1154
	57646	1.1156
	53678	1.1164
	53619	1.1166
	57554	1.1176
	50772	1.1179
	55773	1.1236
	54604	1.1241
	50985	1.1248
	54846	1.1249
	57075	1.1265
	50884	1.1279
	52645	1.1292
	54712	1.1298
	53391	1.1353
	57541	1.1376
	53959	1.138
	54226	1.138
	53982	1.1382
	57328	1.1386
	57577	1.1391
	54292	1.1393
	54801	1.14
	50915	1.141
	54398	1.1426
	54335	1.1434
	53957	1.1441
	56777	1.1455
	57796	1.1466
	54171	1.1483
	57698	1.1485
	54751	1.1487
	54424	1.1495
	53774	1.1509
	54736	1.1519
	58203	1.1542
	57687	1.157
	57233	1.1575
	54752	1.162
	50853	1.1651
	54725	1.1671
	58633	1.1694
	54724	1.1702
	57279	1.1708
	57079	1.171
	53958	1.171
	54520	1.1712
	58556	1.1744
	54347	1.1756
	57679	1.1776
	54708	1.1806
	54727	1.1893
	56097	1.1898
	56384	1.1917
	57187	1.1944
	51542	1.1947
	58016	1.1951
	54935	1.1969
	58214	1.1978
	57678	1.2011
	57633	1.2031
	56991	1.2033
	54525	1.2034
	54514	1.2054
	58615	1.206
	57089	1.2089
	54925	1.2109
	57188	1.2117
	54621	1.2142
	54319	1.2143
	58125	1.2149
	54181	1.2161
	54594	1.2163
	57066	1.2188
	54231	1.2191
	54195	1.2205
	58555	1.2288
	58570	1.2343
	54248	1.2356
	57155	1.2371
	57156	1.2406
	51288	1.2419
	54286	1.2445
	53983	1.2454
	50979	1.246
	57094	1.2463
	57696	1.2465
	50962	1.2488
	54569	1.2504
	54331	1.2517
	56964	1.2527
	53975	1.2536
	57891	1.2556
	51701	1.263
	54811	1.2656
	57162	1.2659
	57083	1.2686
	54830	1.2704
	50940	1.2723
	54611	1.2749
	53908	1.2763
	53611	1.2767
	57362	1.2773
	53935	1.2793
	53972	1.2845
	54416	1.285
	54738	1.2879
	58251	1.2909
	57074	1.2918
	50862	1.2922
	54737	1.2926
	53806	1.2934
	54519	1.294
	54172	1.2952
	54518	1.2993
	52378	1.3027
	50937	1.3031
	58608	1.3063
	54822	1.3066
	58548	1.3068
	57304	1.3084
	57071	1.3159
	54842	1.3187
	50775	1.32
	54507	1.32
	54511	1.3201
	54906	1.3219
	54915	1.3232
	53989	1.329
	50888	1.3306
	50978	1.3314
	54433	1.3333
	57082	1.3339
	58207	1.3351
	58224	1.3354
	54827	1.3375
	54323	1.3404
	54026	1.3416
	57259	1.3456
	53968	1.3505
	54824	1.3521
	51477	1.3525
	54834	1.3548
	54731	1.3562
	50880	1.3631
	54814	1.3638
	53821	1.3653
	54819	1.367
	54332	1.3693
	57543	1.3696
	54608	1.3753
	57643	1.3765
	58117	1.3781
	57395	1.3787
	54823	1.3799
	58102	1.385
	57257	1.3858
	54812	1.388
	53934	1.3891
	53995	1.3915
	54749	1.392
	53276	1.3922
	54503	1.3936
	53956	1.3975
	54031	1.4
	58111	1.4005
	53950	1.4026
	58012	1.4097
	54429	1.4107
	54901	1.4137
	54815	1.4178
	57299	1.4184
	54506	1.4199
	54156	1.4219
	54606	1.422
	53988	1.4232
	54047	1.4236
	54919	1.4245
	54730	1.4257
	57688	1.4259
	54338	1.4277
	57197	1.4284
	54494	1.4314
	54049	1.4316
	54602	1.4316
	54900	1.4323
	57076	1.434
	56004	1.4355
	58104	1.4369
	57512	1.4396
	58004	1.4403
	54134	1.442
	57153	1.4423
	58565	1.4424
	57232	1.4451
	57008	1.4458
	54092	1.4468
	50928	1.4491
	53924	1.4492
	54512	1.4524
	57231	1.458
	53978	1.4606
	50936	1.4622
	57363	1.4635
	53992	1.4646
	57417	1.4653
	54829	1.4671
	53873	1.4721
	57178	1.4722
	54831	1.4738
	54260	1.4755
	54734	1.4778
	57078	1.4848
	54161	1.4867
	57405	1.4908
	52825	1.4922
	53925	1.4932
	54590	1.4936
	57297	1.4942
	54609	1.4949
	57329	1.4956
	54563	1.4962
	54723	1.4973
	58563	1.4995
	54702	1.5019
	57237	1.5026
	57007	1.5033
	50877	1.5035
	54596	1.5084
	58323	1.5095
	56128	1.5119
	54234	1.516
	58006	1.5174
	54502	1.5179
	54816	1.5198
	54024	1.5204
	54523	1.5225
	53986	1.5248
	58301	1.5258
	57169	1.527
	57292	1.5278
	54186	1.5282
	54903	1.5286
	57278	1.53
	58477	1.5352
	54430	1.5356
	57140	1.5376
	57204	1.5433
	54818	1.5448
	57182	1.5458
	54493	1.5479
	58215	1.5486
	57070	1.5491
	54027	1.5499
	54063	1.5499
	53915	1.5529
	57080	1.5542
	54453	1.5556
	57054	1.5574
	53976	1.5581
	57290	1.5586
	54603	1.5623
	56227	1.5643
	53533	1.5684
	58017	1.5736
	57180	1.5758
	53906	1.5769
	57194	1.5774
	54817	1.5827
	54744	1.5852
	57003	1.5862
	54434	1.5884
	58562	1.5969
	58612	1.6024
	53903	1.6029
	57445	1.603
	57415	1.605
	57095	1.612
	54252	1.6123
	58234	1.6129
	50963	1.6131
	50873	1.6139
	53730	1.615
	53615	1.6154
	57669	1.6163
	57458	1.6176
	54626	1.6189
	51655	1.6221
	57045	1.6225
	57065	1.6226
	57242	1.6245
	54660	1.6257
	54807	1.6295
	57154	1.632
	53949	1.6324
	54474	1.634
	54476	1.6349
	53860	1.6369
	53529	1.6387
	57307	1.6407
	57129	1.6522
	50965	1.6568
	54843	1.6579
	56096	1.6721
	58230	1.6731
	53923	1.6745
	57198	1.6747
	54064	1.6757
	58015	1.6761
	50939	1.6764
	54069	1.6769
	57186	1.6773
	57682	1.678
	53518	1.6799
	54039	1.6867
	57144	1.6897
	57181	1.6898
	53928	1.6901
	53817	1.6959
	53955	1.699
	54909	1.7023
	53926	1.7081
	58005	1.7101
	54828	1.7103
	57006	1.7126
	54902	1.714
	57084	1.7142
	54365	1.7168
	54132	1.7202
	56033	1.722
	57053	1.7296
	57029	1.7301
	54575	1.7301
	58614	1.7335
	57072	1.7347
	54916	1.7352
	53927	1.7384
	57113	1.7461
	54905	1.7486
	57261	1.7498
	54334	1.7517
	57177	1.7523
	58264	1.7531
	54263	1.7558
	58237	1.757
	54528	1.7607
	54122	1.768
	57699	1.7739
	53914	1.7751
	58011	1.7769
	54353	1.7814
	54913	1.7822
	54722	1.7823
	54225	1.7846
	54837	1.7872
	55655	1.789
	57349	1.7891
	57294	1.7918
	57359	1.7954
	57014	1.7984
	54432	1.7991
	54835	1.7999
	57110	1.8009
	50964	1.801
	54644	1.8025
	57063	1.8061
	57011	1.8065
	57296	1.8157
	57085	1.8166
	57021	1.8194
	57179	1.8195
	56382	1.8269
	57414	1.8286
	53997	1.83
	54522	1.8301
	54832	1.8306
	57370	1.8312
	54620	1.8313
	58269	1.8321
	54841	1.8345
	50968	1.8395
	54072	1.8409
	54717	1.8426
	53993	1.844
	52267	1.8475
	56385	1.8507
	57042	1.8517
	54012	1.8562
	57192	1.8575
	57137	1.863
	54094	1.8669
	54711	1.8722
	57385	1.8749
	57049	1.8801
	54337	1.8811
	58003	1.8828
	53991	1.8846
	54921	1.8859
	57128	1.886
	54716	1.8867
	58620	1.8873
	54346	1.891
	57298	1.8954
	57465	1.9
	57067	1.9008
	58002	1.901
	54483	1.9016
	54273	1.9023
	54726	1.9045
	54311	1.905
	54471	1.9098
	57248	1.9105
	52495	1.9151
	58605	1.9166
	52908	1.9175
	57251	1.9202
	53945	1.9311
	54342	1.9312
	58235	1.9315
	58622	1.933
	58529	1.9343
	54836	1.9352
	54261	1.9356
	57061	1.9369
	54475	1.9374
	58544	1.9408
	58101	1.9426
	53917	1.9489
	57189	1.9497
	58546	1.9499
	54213	1.9522
	57090	1.9529
	54911	1.9532
	54377	1.9557
	54436	1.9568
	53929	1.9578
	57256	1.9584
	54532	1.9587
	53519	1.9625
	57086	1.9658
	54349	1.9665
	58537	1.9669
	58311	1.9671
	54065	1.973
	54601	1.9752
	57184	1.9784
	57358	1.9793
	58257	1.9797
	54497	1.9809
	58007	1.983
	54912	1.9834
	54328	1.9853
	57176	1.9859
	57343	1.9913
	54285	1.9956
	54218	1.9957
	57143	1.9963
	54624	1.9997
	58245	2.0015
	58550	2.0023
	54914	2.0036
	58259	2.0053
	54533	2.0118
	54703	2.0129
	57388	2.0164
	57105	2.0203
	54614	2.0256
	54628	2.0269
	57195	2.0317
	58250	2.0321
	57193	2.0345
	54534	2.0382
	57217	2.0395
	54579	2.0418
	57196	2.0436
	54327	2.046
	54324	2.0476
	57119	2.0503
	54918	2.0514
	57040	2.0571
	57390	2.0594
	57022	2.0646
	54117	2.065
	53512	2.0666
	54374	2.0691
	58008	2.0708
	54917	2.0744
	58472	2.076
	54320	2.0768
	53352	2.0804
	54325	2.0815
	57124	2.0847
	57056	2.0857
	57057	2.0874
	54259	2.088
	58246	2.0901
	57126	2.0993
	54438	2.1035
	57001	2.1072
	54910	2.1138
	54662	2.114
	57033	2.1161
	54922	2.1167
	57238	2.1176
	57476	2.1189
	54452	2.1203
	54568	2.1217
	57245	2.122
	54425	2.1225
	58321	2.1236
	58365	2.1281
	57694	2.1373
	58343	2.1384
	54274	2.1466
	54102	2.1477
	58306	2.1505
	53938	2.1519
	57044	2.1575
	54351	2.1713
	58242	2.1761
	57023	2.1783
	54610	2.1801
	54645	2.1803
	53324	2.1836
	54531	2.1853
	58249	2.1864
	58484	2.1885
	57451	2.1894
	54700	2.1904
	57253	2.1926
	58108	2.1952
	57396	2.2006
	58341	2.2035
	58339	2.2043
	57041	2.207
	53513	2.2134
	54517	2.2136
	54363	2.2157
	54732	2.221
	57211	2.2364
	54113	2.2366
	58327	2.2398
	58507	2.2417
	54713	2.247
	58519	2.2479
	54362	2.2486
	54636	2.2527
	58606	2.2554
	57173	2.2594
	57285	2.261
	58468	2.265
	54920	2.2661
	58244	2.2666
	57048	2.2684
	54627	2.281
	56095	2.281
	57106	2.2823
	56954	2.2853
	58320	2.2881
	57183	2.2883
	57026	2.2929
	54080	2.3002
	58542	2.3044
	57466	2.31
	57046	2.3128
	57051	2.3184
	58367	2.3186
	58340	2.3245
	54439	2.3248
	58601	2.3299
	54710	2.3466
	58342	2.3473
	58467	2.3513
	58268	2.3552
	57025	2.3564
	54719	2.36
	57024	2.3635
	54728	2.3643
	57387	2.3668
	56094	2.3727
	57047	2.3791
	54530	2.3791
	54618	2.3806
	58517	2.3838
	58693	2.3839
	58345	2.384
	54535	2.3901
	58527	2.3966
	54267	2.4005
	54617	2.4033
	54613	2.4065
	57185	2.4066
	57034	2.4083
	54616	2.4096
	58362	2.4101
	58436	2.4108
	58352	2.4145
	54826	2.4152
	54115	2.4203
	57038	2.4222
	54266	2.4223
	57564	2.4251
	58100	2.4252
	50878	2.4369
	58543	2.4398
	57333	2.4403
	57483	2.4403
	58461	2.4421
	58335	2.4471
	58520	2.4571
	58450	2.4588
	58361	2.462
	57254	2.4774
	58330	2.4789
	57381	2.4869
	57355	2.4912
	57002	2.4922
	54622	2.5001
	58354	2.5003
	53343	2.5023
	58247	2.507
	57027	2.5082
	58366	2.515
	57398	2.518
	58424	2.524
	58254	2.5264
	58377	2.5287
	58331	2.5297
	51468	2.5402
	58265	2.5567
	58417	2.5571
	54093	2.5578
	54527	2.5581
	58501	2.572
	58503	2.5732
	58255	2.5786
	58360	2.5921
	58346	2.5945
	57598	2.6013
	58326	2.6057
	58353	2.6095
	54455	2.6104
	57461	2.611
	58454	2.6132
	58463	2.642
	58600	2.6434
	58415	2.6504
	57464	2.6626
	58462	2.6634
	58334	2.6661
	58329	2.6815
	54371	2.6918
	57589	2.6931
	53420	2.695
	58238	2.7027
	58344	2.7059
	54437	2.7059
	57249	2.7112
	58531	2.7152
	54541	2.7202
	58534	2.7205
	58419	2.7297
	54276	2.7302
	57004	2.7324
	58523	2.7338
	58338	2.7391
	54615	2.7392
	58416	2.7395
	58438	2.7404
	53916	2.7417
	57496	2.7446
	58358	2.7474
	58602	2.7534
	58423	2.7565
	54284	2.7578
	58456	2.7579
	58359	2.7584
	58314	2.7681
	58442	2.769
	58530	2.7726
	57469	2.7739
	58509	2.7748
	57030	2.7833
	57399	2.791
	53947	2.7917
	58451	2.8029
	58426	2.8079
	58001	2.8134
	54539	2.8152
	58409	2.8178
	57489	2.8185
	58316	2.8217
	58446	2.8222
	58453	2.8384
	58514	2.8384
	58460	2.8429
	57481	2.8518
	58356	2.8522
	57493	2.8578
	57566	2.8592
	58418	2.8637
	57377	2.8652
	58420	2.8669
	58351	2.878
	58459	2.8785
	57389	2.8873
	57037	2.8929
	54612	2.8961
	54623	2.8995
	58508	2.9057
	57111	2.9066
	58369	2.9068
	58441	2.9131
	57020	2.9191
	58443	2.9243
	57032	2.9284
	58452	2.9319
	57378	2.9327
	57494	2.9359
	58427	2.9429
	57498	2.9437
	58408	2.9467
	58449	2.9541
	58437	2.9544
	57486	2.9616
	58336	2.9734
	57565	2.9846
	57482	2.9856
	58319	2.9864
	58432	2.9868
	57586	2.9929
	53192	3.0006
	58337	3.0009
	57127	3.0219
	57583	3.0239
	57575	3.0264
	54540	3.0275
	58464	3.033
	58455	3.0348
	57581	3.0441
	58317	3.0456
	57475	3.048
	58428	3.0532
	58510	3.0581
	57247	3.0662
	58402	3.0747
	58458	3.0799
	58500	3.083
	57582	3.0834
	57368	3.087
	57077	3.0892
	58502	3.0975
	57485	3.1103
	58435	3.1257
	58421	3.1291
	57132	3.1378
	57099	3.1568
	58414	3.1651
	57573	3.1685
	58448	3.1777
	58457	3.1793
	54214	3.1838
	58404	3.1872
	58512	3.1883
	57016	3.192
	57574	3.1993
	57035	3.201
	57595	3.2053
	57571	3.2453
	57460	3.2532
	53910	3.254
	58431	3.2581
	54619	3.2953
	57562	3.2957
	57499	3.3037
	57134	3.3086
	58433	3.3091
	57213	3.3146
	57590	3.3291
	54449	3.3292
	57039	3.4201
	58429	3.4335
	58407	3.4704
	57491	3.4793
	57477	3.5253
	57028	3.526
	57031	3.5356
	57492	3.5358
	58401	3.5489
	54454	3.6944
	57584	3.7685
	57585	3.818
