50136   -21
50246   -12
50349   -14
50353   -16
50425   -25
50431     1
50434    -3
50442     0
50445     1
50468   -13
50514   -14
50524     0
50525     1
50526     1
50527    -8
50548   -20
50557   -21
50564    -1
50566   -19
50603   -22
50618    -9
50632    -1
50639   -11
50646   -14
50647    -6
50655   -18
50656   -15
50658   -16
50673     1
50674     0
50727     2
50741    -6
50742   -12
50745     0
50749    -1
50750    -9
50755    -7
50756     1
50758    -7
50772     1
50774     1
50775    -2
50776     0
50778     0
50779    -8
50788   -15
50832   -20
50833   -18
50834   -13
50838   -18
50842    -3
50844    -4
50851     1
50852     1
50853     0
50854     1
50858    -2
50861     1
50862     1
50867    -2
50871     0
50873     0
50877     0
50878   -11
50879     1
50880     0
50884     1
50888   -11
50892     0
50913    -5
50915    -6
50928   -13
50934   -11
50936   -11
50937   -15
50939    -7
50940    -4
50946     0
50948     0
50949     0
50950    -1
50953     0
50954    -2
50958     4
50960     0
50962    -9
50963     0
50964    -2
50965     0
50968     3
50978   -13
50979   -11
50983     1
50985   -25
51053     0
51059  -999
51060  -999
51068  -999
51076     0
51087     0
51133   -14
51137   -11
51145   -14
51156  -999
51186  -999
51232  -999
51238  -999
51241   -13
51243  -999
51288     0
51328    -7
51329    -4
51330  -999
51334  -999
51346     0
51352     0
51353     0
51356    -7
51357   -11
51358  -999
51359     0
51365  -999
51367     0
51369    -6
51377    -8
51378     0
51379     0
51430    -6
51431  -999
51433  -999
51434   -10
51435    -7
51436    -3
51437   -18
51438    -1
51463  -999
51465     1
51467   -13
51468     4
51469  -999
51470  -999
51477     0
51482     1
51495     0
51526     0
51542     0
51559     0
51567     0
51568     0
51571     0
51572     0
51573     0
51581  -999
51627     0
51628     0
51629     1
51633     0
51636     0
51639  -999
51642     0
51644  -999
51655  -999
51656  -999
51701     4
51704  -999
51705     1
51707     2
51708     0
51709  -999
51711  -999
51716     0
51717     1
51720     0
51722     0
51730     0
51765     0
51777     0
51802     0
51804     1
51810  -999
51811     0
51814     0
51815     0
51818     0
51826     0
51827     0
51828     0
51829     1
51839     0
51855     0
51886     0
51931     0
52101     1
52112  -999
52203  -999
52267     0
52313  -999
52323     1
52378     0
52418     0
52424     0
52436     0
52446     0
52447     0
52495     0
52515     0
52533     0
52546     0
52557     0
52575     0
52576     0
52602     0
52607     0
52633     1
52643    -6
52645     2
52652     0
52656    -4
52657     0
52661     0
52674    -9
52679     0
52681     0
52707     0
52713     0
52737     0
52745    -7
52754     1
52765     1
52784   -20
52787   -10
52797     0
52818     0
52825     0
52833     0
52836   -22
52842    -3
52853    -7
52855    -1
52856     1
52862     1
52863   -12
52866   -11
52868     2
52869    -8
52874   -14
52876   -16
52884  -999
52885   -15
52889   -14
52895   -23
52896     0
52908     4
52943     0
52955     1
52957     2
52963     1
52968     2
52972   -15
52978     0
52980    -9
52982    -3
52983    -3
52984    -2
52985     0
52986    -4
52988     0
52993    -4
52995    -3
52996    -2
52998     0
53068     0
53083     0
53149     0
53192     0
53195     0
53231     0
53272     0
53276    -3
53289    -5
53324     0
53336   -10
53337     0
53343    -7
53348    -6
53352   -19
53357    -8
53362   -10
53367    -9
53368    -4
53378    -9
53384   -16
53385    -8
53391   -11
53392    -5
53397   -13
53399   -12
53419     0
53420     0
53433    -4
53446    -4
53455     0
53457    -2
53463    -3
53464     0
53467   -11
53469    -4
53472    -5
53475    -7
53478    -6
53480   -15
53481   -21
53483   -18
53484   -26
53486   -20
53487   -14
53488   -22
53491   -21
53492   -20
53498   -18
53499   -15
53502     0
53512     0
53513     0
53517     0
53518     0
53519     0
53522     0
53529     0
53533    -4
53543    -5
53545    -5
53547    -2
53553    -7
53562    -9
53564   -13
53565    -8
53567    -5
53573   -13
53574    -7
53575    -3
53576   -13
53577    -4
53579   -16
53580   -17
53582   -27
53584   -13
53585   -13
53588    -6
53590   -14
53593   -17
53596    -9
53599   -19
53602    -6
53610     0
53611     0
53614     1
53615     0
53617     0
53618     1
53619    -1
53644    -2
53646    -7
53651  -999
53658    -6
53659    -9
53660    -8
53662    -3
53663    -6
53664    -9
53665    -5
53666   -10
53669    -6
53673    -9
53674   -11
53676   -15
53677    -7
53678    -7
53679    -7
53680   -12
53681   -10
53682   -20
53685    -4
53688   -20
53689   -10
53690    -7
53691   -10
53692   -16
53693    -7
53694   -10
53695   -16
53696   -13
53697   -10
53698   -10
53699   -14
53704     0
53705    -6
53707    -5
53723    -1
53725    -7
53727    -2
53730     1
53732    -6
53735  -999
53738    -5
53740    -9
53748   -12
53750    -5
53751    -9
53753    -9
53754   -10
53756   -10
53757    -9
53759    -8
53760    -9
53763    -6
53764    -8
53767    -9
53768    -5
53769    -2
53770    -2
53771    -3
53772    -7
53773    -5
53774    -4
53776    -4
53777    -7
53778    -3
53780    -2
53781    -5
53782    -5
53783     0
53784    -8
53785    -2
53786     0
53787    -4
53788    -1
53789    -9
53790    -3
53791    -8
53792    -2
53794    -1
53795    -4
53796    -5
53797    -1
53798    -2
53799    -1
53806    -2
53810    -2
53817     0
53821    -4
53829     0
53832    -3
53841    -8
53845   -11
53848    -7
53850    -5
53852    -5
53853    -9
53854  -999
53856    -9
53857    -4
53860    -2
53861    -4
53862    -5
53863    -3
53864    -7
53865    -6
53866    -6
53868    -6
53869    -3
53871     0
53872    -4
53873    -4
53874    -2
53875     0
53878    -3
53879    -4
53880     0
53881     0
53882     0
53883    -2
53885     0
53886    -1
53888    -1
53889    -5
53890    -7
53891    -5
53892    -1
53893    -3
53894    -4
53895    -4
53896    -1
53897    -4
53898    -3
53899    -2
53903     0
53906    -3
53908    -4
53914     0
53915    -3
53916    -2
53917    -1
53923    -3
53924   -13
53925    -3
53926    -3
53927    -1
53928    -5
53929   -11
53930    -4
53931    -4
53934    -6
53935    -5
53937   -12
53938    -8
53941    -7
53942    -4
53945    -9
53947   -11
53948  -999
53949    -8
53950    -6
53953    -3
53954     0
53955  -999
53956    -2
53957    -2
53958    -8
53959    -3
53961    -1
53962     0
53963    -2
53964    -1
53965    -3
53966    -8
53967    -1
53970    -6
53972    -2
53973    -8
53974    -2
53975    -8
53976     0
53978    -3
53979    -4
53980    -3
53981    -2
53982    -3
53983    -2
53984    -2
53985     0
53986    -3
53987    -5
53988    -2
53989    -1
53991    -3
53992    -1
53993    -1
53994     0
53995    -2
53996    -3
53997    -1
53998     0
54012     0
54024    -2
54026   -15
54027    -5
54031   -11
54039   -10
54041    -8
54047    -9
54049     0
54063     1
54065     1
54069     0
54072     0
54076     0
54080    -1
54092    -4
54093    -6
54094   -12
54096    -3
54098     0
54099   -13
54102     0
54113   -11
54115   -13
54117    -8
54122   -15
54132    -6
54134   -10
54135   -12
54142    -4
54154    -8
54156    -3
54157    -4
54161     1
54164    -5
54169    -3
54171     1
54172     1
54181    -2
54186    -4
54187    -1
54195     0
54204    -3
54205    -2
54208    -5
54213   -13
54214    -7
54218   -11
54223    -8
54225   -12
54226   -15
54231    -8
54234    -7
54236    -5
54237    -7
54244    -5
54245    -3
54249    -6
54252    -1
54254    -9
54259   -10
54261   -14
54263    -6
54266   -11
54267    -6
54273    -7
54274    -5
54276     0
54284     2
54285     0
54290    -1
54291    -9
54292    -1
54293     0
54301   -16
54304    -3
54305    -8
54308    -8
54311   -12
54313   -11
54316   -10
54318    -4
54319    -6
54320   -17
54321   -21
54323   -10
54324    -7
54325    -7
54326   -15
54327   -20
54328   -12
54331     0
54332    -6
54333    -6
54334  -999
54335     0
54336    -5
54337    -5
54338    -3
54339    -3
54342   -14
54346   -10
54347    -6
54349  -999
54351   -15
54362     0
54363     0
54365    -1
54371     1
54374     1
54377     1
54386     0
54398    -5
54399    -2
54401   -24
54404    -7
54405   -23
54408   -23
54410    -5
54412    -4
54416     0
54419    -1
54420    -7
54421    -7
54423    -9
54424    -1
54425     0
54428    -8
54429   -10
54430   -11
54431    -4
54432   -16
54433   -11
54434    -3
54436    -1
54437   -13
54438    -4
54439    -3
54449    -4
54453   -11
54454     0
54455   -11
54471     0
54474    -1
54475    -4
54476    -5
54483    -3
54486    -2
54493    -5
54494    -3
54497    -1
54499    -2
54501   -18
54502   -18
54503   -10
54505    -6
54506   -20
54507    -7
54510    -9
54511   -14
54512   -16
54513    -3
54514   -12
54515   -11
54517   -10
54518   -14
54519   -18
54520    -6
54521   -12
54522   -11
54523   -15
54525  -999
54527   -13
54528   -14
54530   -11
54531    -8
54532    -6
54533    -7
54534    -5
54535   -12
54539   -10
54540    -7
54541    -6
54563    -6
54568    -7
54569    -7
54579    -1
54584    -3
54590     0
54594   -12
54596   -14
54597   -20
54601   -10
54602    -4
54603    -9
54604   -10
54605    -8
54606   -12
54607   -12
54608   -13
54609    -9
54610   -14
54611    -9
54612   -10
54613   -14
54614   -10
54615   -15
54616   -12
54617    -9
54618   -11
54619   -12
54620   -14
54621   -12
54622    -8
54623   -14
54624   -10
54626    -8
54627    -9
54628   -11
54631    -3
54632    -3
54633    -1
54636    -9
54640    -3
54644    -9
54660  -999
54662    -5
54700   -14
54701   -10
54702   -11
54703   -10
54704    -5
54705    -1
54706     0
54707    -3
54708    -5
54709     0
54710   -11
54711    -8
54712    -6
54713    -8
54714    -5
54715    -5
54716   -11
54717   -10
54718    -2
54719   -11
54722    -5
54723    -3
54724    -9
54725    -4
54726    -8
54727  -999
54728    -7
54729   -12
54730    -9
54731    -8
54734    -9
54736   -12
54737   -12
54738    -8
54744  -999
54749    -7
54751     0
54752    -2
54753    -5
54755    -7
54759   -10
54764    -7
54765    -4
54766    -7
54774     0
54776     0
54777     0
54778     0
54800    -2
54801    -4
54802     0
54803     0
54804     0
54805    -1
54806    -2
54807    -2
54808    -3
54809     0
54810     0
54811    -2
54814     0
54815    -1
54816    -2
54817     0
54818    -1
54819    -1
54820    -1
54821    -4
54822    -8
54823    -2
54824    -7
54825    -3
54826     1
54827    -1
54828    -5
54829    -7
54830    -5
54831    -8
54832    -5
54833    -8
54834    -6
54835    -8
54836    -6
54837    -8
54841    -5
54842  -999
54843    -8
54844    -9
54846    -5
54848    -5
54849    -2
54851    -3
54852    -4
54853     0
54855     0
54857     0
54861     0
54863     0
54871     1
54900    -3
54901    -5
54902    -3
54903     0
54904    -1
54905    -4
54906    -1
54907    -9
54908     0
54909     0
54910    -3
54911    -4
54912    -8
54913    -9
54914    -6
54915    -6
54916    -6
54917    -6
54918    -6
54919    -6
54920    -7
54921    -7
54922    -8
54923   -10
54925    -8
54927   -12
54929    -5
54932    -4
54935    -2
54936    -6
54938     0
54939     0
54940    -4
54943     0
54945     0
55228     0
55248     0
55279    -7
55294     3
55299     4
55437     0
55472     0
55493     1
55572  -999
55578    -6
55585     0
55591   -13
55598   -12
55655     1
55664    -8
55680   -10
55681   -14
55690     3
55696   -10
55773     2
56004     4
56016     2
56018     4
56021     3
56029     3
56033     3
56034     3
56038     4
56043     1
56045     2
56046     3
56065     1
56067     3
56071     0
56074     2
56079     2
56080    -3
56081     0
56082    -6
56084     0
56091    -6
56092     0
56093    -2
56094     1
56095     1
56096     0
56097    -7
56106     3
56116     1
56125     2
56137    -9
56144     0
56146     1
56147     0
56151     2
56152     3
56158     3
56164     1
56167     3
56168     1
56171     2
56172     1
56173     2
56178     3
56180    -8
56181    -4
56182    -4
56183     1
56184     1
56185     1
56186    -4
56187  -999
56188    -1
56189    -6
56190   -18
56192     0
56193    -3
56194    -9
56195   -10
56196    -7
56197   -11
56198    -1
56199    -7
56202     4
56223    -8
56227     2
56247   -25
56251     1
56257   -15
56263     3
56267    -2
56272    -8
56273    -6
56276    -9
56278     0
56279    -5
56280    -5
56281   -13
56284    -6
56285    -9
56287    -9
56289   -12
56290    -9
56291    -7
56295    -6
56296    -4
56297   -19
56298    -8
56307   -15
56312    -3
56317    -9
56331   -16
56357    -8
56371    -4
56373   -15
56374     1
56376    -6
56378    -5
56380    -9
56381   -14
56382    -9
56383   -19
56384   -12
56385    -6
56386   -14
56387   -17
56389   -19
56390   -16
56393   -10
56394   -22
56395   -19
56396   -14
56399   -16
56434     1
56441   -13
56443   -17
56444     0
56459   -15
56462   -14
56473    -8
56474   -15
56475   -15
56478   -18
56479   -14
56480   -14
56483   -11
56485   -15
56487   -16
56489   -10
56490   -14
56492   -17
56493   -20
56496   -24
56497   -16
56499   -16
56533     1
56543   -16
56548   -16
56565   -28
56567   -29
56569   -24
56571   -16
56575   -19
56578   -21
56582   -11
56584   -15
56585   -10
56586   -13
56592   -14
56593   -13
56594   -15
56595   -12
56596   -10
56598   -12
56641    -9
56645   -17
56646   -25
56649   -10
56651   -29
56652   -15
56654   -27
56664   -17
56665   -18
56669   -19
56670   -22
56671   -17
56673   -12
56675   -16
56684    -7
56688   -12
56691    -3
56693    -3
56697    -3
56739    -6
56742   -17
56745   -18
56746   -24
56748   -12
56751   -16
56752   -16
56755   -18
56756   -19
56757   -19
56761   -10
56763   -14
56764   -15
56766    -5
56767   -10
56768    -8
56772    -4
56774    -5
56775    -3
56777    -5
56778    -6
56781    -4
56782    -3
56783    -2
56785     0
56786    -4
56788   -11
56790    -9
56792   -16
56793   -11
56835   -14
56836    -9
56838    -5
56839    -6
56840   -13
56841     0
56842   -15
56843   -12
56844    -6
56846    -7
56849    -6
56851   -12
56854   -13
56856   -11
56862    -8
56863    -9
56867    -4
56869    -9
56870   -11
56871   -13
56872   -10
56873   -22
56875   -12
56876   -12
56878   -11
56879    -1
56880   -15
56881   -14
56882   -12
56883   -11
56885    -5
56886   -10
56889   -13
56891   -13
56898   -11
56944     0
56946    -6
56948    -9
56949   -23
56950   -10
56951    -9
56952    -8
56954   -21
56958   -27
56959   -18
56961   -11
56962   -12
56964   -20
56966    -9
56969    -8
56970   -11
56973   -18
56975   -11
56976    -5
56977    -1
56978   -17
56982   -13
56984    -8
56985    -9
56986   -16
56987    -5
56989    -7
56992    -5
56994     0
56995   -12
56996    -3
57001    -6
57002     0
57003  -999
57004    -5
57006     1
57007     1
57008     1
57011    -4
57012     0
57014  -999
57016   -14
57020   -16
57021   -11
57022   -15
57023   -12
57024   -15
57025  -999
57026   -20
57027   -21
57028  -999
57029   -18
57030  -999
57031   -16
57032   -32
57033   -27
57034   -28
57035   -16
57036   -18
57037   -11
57038   -22
57039   -24
57040   -15
57042   -12
57043   -13
57044   -14
57045   -11
57046    -8
57047   -24
57048  -999
57049  -999
57051    -5
57053    -2
57054   -15
57055   -17
57056   -12
57057    -4
57060    -6
57061    -7
57063     0
57065    -6
57066    -8
57067   -11
57070    -4
57071    -4
57072    -3
57074    -8
57075   -16
57076    -1
57077   -17
57078   -15
57079    -5
57080    -2
57081    -6
57082   -14
57083   -15
57085   -15
57086   -13
57087   -18
57089   -15
57090   -16
57091   -11
57093   -10
57094   -15
57095  -999
57096   -12
57098   -11
57099    -2
57102     0
57105    -7
57106   -15
57110     0
57111     0
57113    -1
57119   -21
57124  -999
57126   -20
57127   -28
57128   -28
57129   -25
57132   -22
57134   -16
57137    -8
57140   -11
57143   -18
57144   -19
57153   -13
57154  -999
57155   -21
57156   -11
57162   -13
57169   -11
57173   -10
57175    -5
57176   -12
57177    -7
57178   -14
57179   -11
57180   -12
57181   -14
57182   -14
57183    -5
57184    -6
57185    -4
57186     0
57187    -4
57188    -4
57189     0
57191   -12
57192    -4
57193    -5
57194     0
57195    -4
57196     0
57198    -4
57206   -11
57208    -2
57211  -999
57213   -29
57216   -15
57217   -10
57231    -8
57232   -17
57233   -19
57237   -15
57238  -999
57242   -10
57245   -12
57247   -18
57248   -13
57249   -16
57251   -15
57253   -15
57254   -16
57257   -19
57259   -30
57260   -17
57261    -6
57265   -17
57268   -19
57271   -16
57273   -14
57274   -13
57279   -20
57281   -11
57290    -6
57292    -7
57293    -1
57294   -11
57295    -6
57296    -3
57297    -7
57298    -6
57299    -4
57303   -12
57304   -11
57306   -14
57307   -11
57308    -4
57309   -12
57313   -15
57314   -11
57315   -15
57317    -5
57318    -8
57320   -15
57324   -12
57326   -13
57328   -14
57329     0
57333   -18
57339     0
57343  -999
57345   -10
57348    -2
57349    -6
57355    -3
57361   -27
57362   -30
57363   -22
57368   -15
57370   -20
57377    -9
57378   -17
57385   -17
57387    -3
57388   -11
57389    -5
57390   -11
57396    -5
57398    -4
57399    -1
57401   -13
57402   -14
57405   -15
57407   -11
57408   -11
57409   -15
57411   -12
57413    -5
57414   -10
57415    -4
57416    -1
57417   -11
57420     0
57425    -6
57426     1
57431     0
57432     0
57438     1
57447     2
57458     2
57460   -11
57461    -5
57464     1
57465     1
57466     1
57469     0
57475     1
57476     1
57477     0
57481    -2
57483     0
57485     0
57486     1
57489     0
57491     0
57492     0
57494     1
57496    -1
57498    -2
57499     0
57505   -18
57506   -21
57507   -17
57509    -8
57510   -16
57511   -18
57513   -20
57514   -19
57516   -22
57518   -14
57519   -11
57522    -2
57525     0
57537     0
57540     2
57541     2
57543     2
57544     2
57545     2
57554     2
57558     1
57562     1
57564     3
57565     1
57566     3
57571     2
57574     2
57575     1
57577     2
57582     0
57583    -1
57584     1
57585     0
57586     0
57589     3
57590     0
57598     2
57603   -11
57605   -18
57606   -26
57608    -8
57609   -11
57614   -19
57623    -7
57625    -7
57633     1
57634    -7
57635     1
57636     0
57637   -12
57640     1
57643     1
57646     0
57647     1
57649    -4
57655     0
57657     1
57658     2
57661     3
57662     2
57663     2
57666     3
57669     2
57671     2
57674     2
57678     3
57680     1
57682     2
57687     2
57688     2
57694     2
57698     3
57699     3
57707   -15
57708   -18
57710   -20
57713   -18
57714   -18
57717   -20
57718   -14
57719   -12
57720   -19
57722   -17
57723    -9
57728   -15
57729   -14
57731   -11
57732   -12
57734    -3
57735     0
57736     1
57737   -11
57738    -9
57739    -6
57740     2
57741     1
57742     1
57743     3
57744    -6
57745     0
57754     0
57760     0
57762     0
57763     1
57766   -11
57767    -2
57768    -2
57769   -11
57771     0
57772     0
57773     0
57774    -3
57776    -2
57777    -3
57778     0
57780     0
57781     1
57786     2
57792     3
57793     2
57796     2
57798     1
57799    -5
57800   -11
57803   -19
57805    -1
57806    -5
57807    -7
57808    -3
57809   -10
57811   -10
57813   -10
57814    -8
57816    -7
57818     0
57821   -13
57822    -4
57824   -13
57825     0
57827     0
57828     0
57829     0
57832    -6
57834    -1
57835    -2
57837    -8
57839    -5
57840    -8
57842    -8
57844    -5
57845     0
57846   -10
57851    -3
57853    -5
57859     1
57860    -6
57865     0
57866     1
57867     1
57868     1
57870     0
57871    -6
57872    -4
57874     0
57875     0
57876    -3
57881    -5
57882     0
57883    -1
57886    -4
57887     0
57891     0
57894     0
57895    -4
57896    -7
57899    -2
57900   -13
57902   -20
57903   -10
57905   -19
57906   -18
57907   -19
57908   -15
57909   -23
57910   -15
57912   -13
57913    -7
57914    -9
57915    -9
57916    -7
57921    -6
57922    -1
57923    -9
57926     0
57927   -10
57932   -10
57936     0
57941     1
57942     1
57947     2
57948     1
57949     2
57954     1
57955     3
57956     2
57957     2
57960     3
57962     2
57964     2
57965     3
57966     2
57969     1
57971     1
57972     1
57973     1
57975     1
57976     1
57978     0
57981     1
57985     1
57988     2
57989     1
57990     1
57991     1
57992     1
57993     0
57994     1
57995     1
57996     1
58001    -8
58002    -7
58003    -5
58004   -11
58005    -7
58006    -2
58007    -2
58008    -9
58011    -3
58012    -5
58013    -7
58015    -3
58016     0
58017     0
58020    -8
58021    -7
58022    -4
58024    -7
58025    -1
58026  -999
58027     1
58030     0
58032    -3
58034  -999
58035     1
58036     0
58038  -999
58040    -2
58041     1
58044     1
58047  -999
58048     0
58049     1
58100    -1
58101     0
58102     0
58104     0
58107    -4
58108     0
58109     0
58114    -1
58117     0
58118  -999
58122     0
58125     1
58126     1
58127     1
58128     1
58129     0
58130  -999
58131     1
58132     1
58135  -999
58138     1
58139     1
58140     0
58141     1
58143  -999
58145     1
58146     1
58147     1
58148     0
58150     1
58154     1
58158  -999
58202    -3
58203     0
58205    -4
58207    -3
58208    -1
58210    -2
58212     0
58214     0
58215  -999
58220     0
58221     1
58222     0
58223     2
58224     0
58230     0
58234     1
58235     0
58236     0
58237     1
58238     0
58240     1
58241     0
58242     1
58243     1
58244     1
58245     1
58247     1
58249     1
58250     2
58251     1
58254     1
58255  -999
58257     1
58259     2
58264     1
58265  -999
58268     2
58269     2
58301    -4
58306    -7
58311    -6
58314     0
58316     1
58317     0
58319    -3
58320     0
58321     0
58323    -4
58326    -2
58327     0
58329     0
58330    -2
58331    -2
58334     0
58335     1
58337     1
58338     1
58339     1
58340     0
58341     0
58342     1
58343     1
58344     0
58345     2
58346     2
58352     1
58353     1
58354  -999
58356  -999
58358     1
58360     2
58361     2
58362  -999
58365     1
58366     2
58367     2
58369     2
58401     1
58402     0
58404     0
58407     0
58408     1
58409     1
58415     0
58416    -3
58417     1
58418     1
58420     0
58421     1
58424  -999
58426     1
58427     1
58428     1
58431     2
58432     2
58433     1
58435     2
58436     1
58437     3
58438     2
58441     1
58442     1
58443     2
58446     1
58448  -999
58449     2
58450  -999
58451     2
58452     1
58453  -999
58454     1
58455     1
58456     1
58457     1
58458     1
58459     1
58460     1
58461     2
58462     2
58463     1
58464     0
58467     1
58468     1
58472     1
58477     0
58501     1
58502     2
58503     2
58506     2
58508     2
58509     1
58510     2
58514     1
58517     1
58519     0
58523     2
58527     2
58529     2
58530     2
58531     2
58534     2
58537     1
58542     1
58543  -999
58544     2
58546     1
58547  -999
58548     2
58549  -999
58550     1
58553  -999
58556  -999
58557  -999
58558     1
58559     0
58562     0
58563     0
58565     0
58567     0
58569     1
58570  -999
58601     1
58602     1
58605     2
58606     1
58608     3
58609     3
58612     1
58614     2
58615     1
58616     2
58618     2
58620     1
58624     3
58625     3
58626     3
58629     3
58631     2
58632     3
58633     2
58634     2
58635     3
58642     1
58643     1
58644     2
58646     2
58647     3
58652  -999
58654     1
58656     3
58657     2
58658     2
58659     3
58660     1
58664     2
58665     1
58666     1
58667     4
58693     1
58701     3
58704     3
58706     2
58707     0
58710     3
58712     3
58713     3
58714     3
58715     2
58719     2
58724     3
58725     2
58730     3
58731     3
58735     3
58736     1
58737     1
58742  -999
58745     3
58746     2
58747     1
58748     1
58749     1
58750     2
58751     2
58752     2
58754     1
58760     2
58804     0
58813     0
58814     1
58819     2
58820     1
58821     1
58822     1
58823     1
58824     2
58826     1
58828     2
58834     0
58836     0
58839     1
58844     1
58845     1
58846     1
58847     1
58848     1
58903     1
58905    -4
58906     2
58907     1
58911     1
58912     3
58917     1
58918     1
58921     2
58923     1
58926     1
58928     0
58929    -5
58931  -999
58932     1
58933     2
58934     1
58935     0
58941     1
58942     1
58944    -1
58946     0
59001   -20
59004   -12
59007   -18
59012   -10
59015   -23
59017   -23
59021   -19
59022    -2
59023   -11
59025   -23
59027   -18
59031    -4
59033     0
59034   -13
59037   -16
59038   -22
59041    -7
59044   -11
59045    -5
59046   -14
59047   -12
59051     2
59052     1
59053    -3
59055     0
59057     0
59058  -999
59059     0
59061     1
59063     1
59064     1
59065  -999
59071     1
59072     2
59074     1
59075    -2
59081     1
59082     1
59087     1
59088  -999
59090     1
59091     1
59093     1
59094    11
59096     0
59097  -999
59099     1
59102     0
59106    -1
59107  -999
59109     0
59114    -2
59116  -999
59117    -4
59122   -10
59124   -13
59125   -12
59126   -14
59127   -13
59130   -15
59131    -8
59133    -7
59134    -5
59137   -10
59205   -19
59209   -12
59211   -34
59213   -16
59215   -13
59218   -12
59224   -19
59227   -16
59228   -19
59229   -19
59230   -19
59235   -14
59237   -11
59238   -10
59241    -7
59242    -7
59246   -18
59249    -2
59254    -7
59255   -13
59256     0
59264     1
59265     0
59266     0
59268     1
59269     1
59270     1
59271     2
59276     0
59278     0
59279     0
59280  -999
59284     0
59285     2
59287  -999
59288     0
59289  -999
59290     1
59293     1
59294     1
59297   -10
59298     0
59303    -6
59304  -999
59306  -999
59310   -10
59312    -9
59313    -8
59314     0
59315    -9
59316    -6
59318    -2
59319    -9
59320   -11
59321    -6
59322    -8
59324    -9
59417    -4
59419    -8
59421   -13
59425    -7
59426   -12
59427    -6
59429   -11
59431   -16
59435    -9
59441    -2
59446    -1
59448     1
59449    -4
59451     0
59452     0
59453     1
59454     1
59456  -999
59457     0
59462     0
59469    -2
59470     0
59471     1
59473     0
59475     1
59476    12
59477     1
59478  -999
59480    -2
59481     0
59485  -999
59487     7
59488  -999
59492     0
59493  -999
59500    -2
59501     0
59502    -2
59626     1
59632    -9
59640   -12
59644   -10
59647   -12
59650    -7
59653     0
59654    -2
59655    -2
59656    -6
59658   -14
59659    -4
59663     0
59664     0
59673     6
59750   -19
59754    -9
59757     1
59758     0
59838    -9
59842   -15
59843     1
59845    -5
59847     1
59848     1
59849     0
59851     1
59854   -10
59855     2
59856     1
59940     0
59941    -4
59945    -2
59948    -2
59951    -4
59954    -4
