	53348	-2.7231
	53748	-2.5168
	53457	-2.4397
	56190	-2.4386
	53757	-2.431
	56290	-2.3521
	53861	-2.3396
	50877	-2.3306
	53841	-2.3081
	53845	-2.2445
	54236	-2.2249
	53853	-2.1967
	56198	-2.158
	56286	-2.1572
	53864	-2.1459
	59750	-2.1397
	54122	-2.1374
	53543	-2.0764
	53446	-2.0367
	53829	-2.026
	53859	-2.0244
	56194	-2.0067
	57317	-1.99
	56196	-1.9891
	57926	-1.98
	53863	-1.9755
	56693	-1.9603
	54248	-1.9155
	54156	-1.9064
	56291	-1.8968
	54065	-1.8927
	53850	-1.8506
	53352	-1.8225
	54943	-1.8075
	59849	-1.803
	59854	-1.7997
	53767	-1.7762
	56195	-1.7737
	54532	-1.7727
	56199	-1.7636
	53878	-1.7617
	53584	-1.759
	59845	-1.7575
	56197	-1.7541
	54616	-1.7222
	53727	-1.705
	53455	-1.7002
	53575	-1.6916
	53083	-1.688
	53399	-1.6878
	54069	-1.6861
	53884	-1.6825
	54453	-1.6802
	54223	-1.6719
	53854	-1.6675
	54534	-1.6577
	56186	-1.6552
	56021	-1.6539
	54846	-1.6509
	54809	-1.6493
	59470	-1.6478
	53856	-1.6476
	53941	-1.6296
	57411	-1.6291
	56276	-1.6271
	53963	-1.6216
	54157	-1.6122
	53954	-1.6118
	58026	-1.6096
	54613	-1.6067
	53866	-1.5974
	53562	-1.5927
	54237	-1.5829
	54804	-1.5765
	53957	-1.573
	54805	-1.5705
	59658	-1.5607
	56296	-1.5606
	54437	-1.5467
	53832	-1.5459
	54619	-1.5364
	56966	-1.5265
	53930	-1.5253
	58036	-1.5246
	54064	-1.5243
	53947	-1.5241
	54857	-1.5209
	54331	-1.5137
	57736	-1.5131
	53753	-1.5072
	54161	-1.5069
	53512	-1.4996
	52982	-1.4978
	54335	-1.4948
	53357	-1.4916
	53860	-1.4881
	54517	-1.4841
	56038	-1.4837
	57237	-1.48
	53707	-1.4789
	58035	-1.4786
	53565	-1.4719
	57155	-1.4698
	54325	-1.4685
	59851	-1.4601
	53385	-1.4577
	54154	-1.4572
	50871	-1.4563
	53868	-1.4541
	53857	-1.4442
	59945	-1.4442
	53781	-1.4428
	56441	-1.4428
	53384	-1.4419
	54622	-1.4349
	59650	-1.4301
	56851	-1.4256
	54320	-1.4253
	57154	-1.4216
	53848	-1.4125
	53966	-1.4111
	54231	-1.4108
	54333	-1.404
	57274	-1.396
	57279	-1.396
	54945	-1.3929
	53487	-1.392
	53874	-1.3859
	55279	-1.3858
	59266	-1.3803
	59656	-1.3786
	54525	-1.3762
	53564	-1.3716
	58906	-1.369
	53964	-1.3674
	53378	-1.3656
	54800	-1.3648
	53533	-1.3538
	57318	-1.3516
	53934	-1.3502
	53582	-1.3494
	59757	-1.3485
	54249	-1.3485
	50939	-1.3471
	52876	-1.3448
	54522	-1.3308
	57989	-1.3296
	57625	-1.3268
	51058	-1.3256
	53890	-1.3204
	56189	-1.3193
	53764	-1.3176
	54701	-1.3137
	52607	-1.306
	53517	-1.3011
	53579	-1.2977
	55572	-1.2975
	53756	-1.2963
	57113	-1.2949
	53578	-1.2924
	53875	-1.291
	53881	-1.2884
	53419	-1.2863
	53773	-1.2846
	53738	-1.2838
	58024	-1.2834
	50962	-1.2793
	59269	-1.2779
	53778	-1.2711
	54597	-1.2708
	53785	-1.2698
	57328	-1.2681
	53673	-1.266
	53362	-1.2649
	53794	-1.2623
	57082	-1.2601
	59842	-1.2558
	53869	-1.2541
	56084	-1.2536
	50873	-1.2525
	57153	-1.2472
	55294	-1.2448
	57008	-1.2445
	57216	-1.2443
	50557	-1.2398
	57173	-1.2352
	54169	-1.2309
	57176	-1.2307
	53821	-1.2295
	53529	-1.2212
	53754	-1.2196
	53774	-1.2186
	50880	-1.2165
	54605	-1.2138
	55472	-1.2121
	57231	-1.2118
	54027	-1.2103
	54337	-1.2059
	56272	-1.2058
	54844	-1.2035
	54012	-1.2012
	57006	-1.2006
	53784	-1.1987
	57021	-1.1964
	53740	-1.1963
	54802	-1.1953
	54273	-1.1943
	59268	-1.1942
	54428	-1.1937
	54420	-1.193
	54142	-1.1823
	57361	-1.1791
	54334	-1.1769
	56745	-1.1757
	50963	-1.1701
	53730	-1.17
	54612	-1.1698
	53576	-1.1568
	53961	-1.1538
	57868	-1.1507
	57273	-1.1494
	56181	-1.1456
	57281	-1.1436
	58131	-1.1427
	54521	-1.1391
	52972	-1.135
	57462	-1.1325
	56082	-1.1318
	53735	-1.1243
	53420	-1.1238
	56065	-1.1228
	53791	-1.1205
	53615	-1.1191
	53895	-1.1187
	50964	-1.1178
	58113	-1.1177
	54324	-1.117
	57265	-1.1131
	53976	-1.1084
	58030	-1.1064
	50945	-1.1038
	54837	-1.1013
	53871	-1.1006
	53467	-1.0982
	53980	-1.097
	53750	-1.096
	53888	-1.0955
	57012	-1.0952
	52998	-1.092
	54863	-1.092
	59653	-1.0889
	50936	-1.0832
	50954	-1.0829
	56029	-1.0811
	50946	-1.0795
	50948	-1.0795
	53769	-1.0785
	56273	-1.0781
	54263	-1.0748
	53949	-1.0744
	53611	-1.0723
	53677	-1.0715
	53796	-1.0715
	54164	-1.0711
	57242	-1.0709
	53891	-1.0701
	56125	-1.0678
	53862	-1.067
	54820	-1.0664
	53463	-1.0646
	53574	-1.0629
	54172	-1.0625
	57075	-1.0577
	54539	-1.0576
	57867	-1.0575
	53699	-1.0569
	53967	-1.0533
	53697	-1.0524
	56767	-1.0513
	57731	-1.0508
	56188	-1.0505
	53276	-1.0498
	56095	-1.0474
	56297	-1.0462
	52983	-1.0458
	57314	-1.0446
	53798	-1.0442
	51356	-1.0424
	57055	-1.0412
	57851	-1.0397
	56094	-1.0377
	54049	-1.0373
	56584	-1.0368
	57543	-1.0363
	53272	-1.0333
	54535	-1.0324
	53942	-1.0314
	59655	-1.0294
	51353	-1.0281
	53488	-1.0277
	56079	-1.0252
	57309	-1.0244
	57189	-1.0225
	56569	-1.0204
	50767	-1.0179
	53669	-1.0171
	58013	-1.0169
	53996	-1.0164
	50879	-1.0157
	57004	-1.0118
	56490	-1.008
	57635	-1.0079
	53343	-1.006
	56192	-1.0049
	56144	-1.0
	58666	-0.9996
	54620	-0.9981
	57014	-0.9969
	58021	-0.9967
	56164	-0.9924
	56004	-0.9917
	50965	-0.9899
	53689	-0.985
	57233	-0.9828
	56565	-0.9823
	54316	-0.9771
	50953	-0.977
	51133	-0.977
	59941	-0.9765
	53663	-0.9751
	54601	-0.9748
	57320	-0.9745
	56289	-0.9723
	53903	-0.9721
	50960	-0.9719
	53705	-0.9705
	56976	-0.9698
	53788	-0.9672
	57859	-0.9652
	53810	-0.9649
	57102	-0.9646
	54801	-0.9641
	57324	-0.9628
	55578	-0.9626
	58656	-0.9614
	53795	-0.9594
	57853	-0.959
	57713	-0.9569
	57046	-0.9544
	53962	-0.954
	57623	-0.9537
	59280	-0.9526
	57144	-0.9491
	56151	-0.9418
	57447	-0.9402
	59477	-0.9397
	56651	-0.9381
	54832	-0.9367
	58041	-0.9363
	53950	-0.9335
	57307	-0.9335
	55299	-0.9325
	54636	-0.9324
	54305	-0.9309
	54853	-0.9293
	54332	-0.9288
	57081	-0.9287
	57119	-0.9285
	56543	-0.9282
	57084	-0.9207
	53886	-0.9204
	57889	-0.9175
	57140	-0.9169
	53899	-0.9167
	54533	-0.9118
	56187	-0.9117
	53953	-0.91
	54645	-0.9085
	53973	-0.9084
	56497	-0.9083
	54855	-0.9049
	56533	-0.9042
	57001	-0.9027
	53925	-0.902
	57846	-0.9016
	51437	-0.8994
	53872	-0.8973
	53289	-0.8965
	53968	-0.8965
	57313	-0.8963
	54835	-0.8951
	56281	-0.8943
	54115	-0.8912
	53580	-0.8893
	57027	-0.889
	54304	-0.8889
	54204	-0.8883
	56856	-0.8849
	53931	-0.8846
	57865	-0.8836
	57070	-0.8822
	53685	-0.8821
	53513	-0.8814
	58130	-0.8774
	53817	-0.8745
	57037	-0.872
	56280	-0.8697
	57832	-0.8675
	53585	-0.8673
	57425	-0.8663
	54503	-0.8651
	57348	-0.8604
	53590	-0.8601
	54527	-0.8596
	56016	-0.8594
	57195	-0.8585
	58122	-0.8567
	51465	-0.8545
	52869	-0.8535
	53751	-0.8523
	56202	-0.8521
	53792	-0.8491
	53955	-0.8468
	57460	-0.8454
	52995	-0.8443
	57866	-0.8436
	57278	-0.8413
	56391	-0.8404
	57054	-0.8402
	57175	-0.8394
	57735	-0.8381
	53975	-0.8348
	54430	-0.8346
	53985	-0.8345
	57181	-0.8342
	54252	-0.8336
	57732	-0.8307
	54186	-0.8306
	57196	-0.8287
	56147	-0.8278
	54181	-0.8268
	56973	-0.8265
	53759	-0.8264
	50949	-0.8258
	56109	-0.8238
	57723	-0.8237
	53865	-0.8235
	50940	-0.8229
	57091	-0.8205
	53877	-0.82
	57409	-0.8189
	54412	-0.8185
	59044	-0.8177
	52765	-0.8149
	59462	-0.8149
	59843	-0.8147
	54134	-0.8144
	59279	-0.8124
	57800	-0.8105
	53948	-0.8094
	57860	-0.8083
	57198	-0.8071
	52968	-0.8056
	53984	-0.8035
	54921	-0.8032
	54351	-0.8008
	53610	-0.7999
	54076	-0.7966
	57063	-0.7965
	57458	-0.7957
	57268	-0.7952
	56018	-0.7948
	54511	-0.7947
	57717	-0.7944
	57445	-0.7927
	50928	-0.7913
	53892	-0.7908
	54319	-0.7902
	53324	-0.7896
	57439	-0.7896
	57180	-0.7891
	51642	-0.7876
	54704	-0.7875
	54244	-0.7863
	54755	-0.786
	59074	-0.7833
	56962	-0.7814
	53998	-0.7782
	57669	-0.7774
	56067	-0.7767
	53391	-0.7756
	53553	-0.7749
	52908	-0.7726
	57178	-0.7709
	53662	-0.7697
	53770	-0.7691
	54594	-0.7687
	56970	-0.7676
	56331	-0.7673
	57871	-0.7671
	57111	-0.7667
	53602	-0.7647
	57803	-0.7643
	54506	-0.764
	50884	-0.7633
	52889	-0.7629
	53880	-0.7623
	57922	-0.7616
	53799	-0.7614
	58107	-0.7597
	50776	-0.7591
	57022	-0.7582
	53614	-0.7559
	54842	-0.7557
	57742	-0.7515
	56128	-0.7488
	53618	-0.7487
	58104	-0.7487
	57378	-0.7472
	53466	-0.7468
	51145	-0.7451
	54313	-0.7443
	57710	-0.7442
	59276	-0.7375
	54523	-0.7374
	54738	-0.7373
	53906	-0.7368
	54421	-0.7364
	59475	-0.7346
	53336	-0.7342
	53894	-0.734
	52895	-0.7322
	57739	-0.7304
	57636	-0.7296
	59426	-0.728
	54831	-0.7279
	57326	-0.7247
	57007	-0.7224
	59469	-0.7219
	59473	-0.7217
	59134	-0.7209
	53567	-0.7205
	55593	-0.7197
	54260	-0.7195
	53149	-0.719
	53965	-0.7187
	52984	-0.7168
	50659	-0.7142
	57077	-0.7119
	54318	-0.7109
	58022	-0.7098
	57637	-0.7081
	54323	-0.7071
	57071	-0.7068
	54342	-0.7061
	57415	-0.706
	54609	-0.7059
	57162	-0.7053
	51328	-0.7044
	53502	-0.7039
	54438	-0.7037
	56492	-0.7034
	57902	-0.7033
	53068	-0.703
	57640	-0.7019
	53545	-0.7017
	53367	-0.7009
	53195	-0.7006
	57426	-0.7005
	56092	-0.6996
	58047	-0.6992
	54919	-0.6957
	54274	-0.6956
	59659	-0.6944
	50656	-0.6932
	56171	-0.6931
	57295	-0.691
	53723	-0.6897
	57124	-0.6893
	53573	-0.6877
	54632	-0.6876
	54063	-0.6874
	59493	-0.6873
	56043	-0.6869
	57773	-0.6869
	56091	-0.6864
	57093	-0.6839
	53772	-0.6834
	56247	-0.6807
	56952	-0.6807
	57634	-0.6802
	53787	-0.6801
	59856	-0.6798
	57292	-0.6792
	56285	-0.6766
	56284	-0.6755
	56158	-0.6729
	57179	-0.6705
	59265	-0.6697
	57872	-0.6694
	57188	-0.6691
	55591	-0.6676
	53518	-0.6672
	54455	-0.6666
	57194	-0.6644
	51352	-0.6621
	57741	-0.6617
	59855	-0.6595
	57315	-0.6589
	58032	-0.6564
	57298	-0.6554
	59001	-0.655
	57541	-0.655
	50888	-0.6535
	54301	-0.6534
	57646	-0.6525
	53956	-0.6517
	57886	-0.649
	57994	-0.6476
	54766	-0.6457
	54711	-0.645
	57990	-0.6438
	58025	-0.6413
	56854	-0.6353
	57026	-0.6349
	51137	-0.6345
	55493	-0.6341
	52988	-0.6298
	54640	-0.6289
	53599	-0.6272
	53777	-0.627
	51329	-0.6269
	54623	-0.6268
	58125	-0.6248
	53768	-0.6233
	56045	-0.6231
	56295	-0.6229
	58116	-0.6225
	57193	-0.6204
	57708	-0.6201
	56116	-0.6199
	57087	-0.6194
	59004	-0.6188
	56074	-0.6186
	57192	-0.6185
	54631	-0.6182
	54806	-0.6178
	57213	-0.6166
	58501	-0.6162
	54610	-0.6151
	52657	-0.614
	53464	-0.6136
	50913	-0.613
	50968	-0.6129
	50934	-0.6122
	54606	-0.612
	54633	-0.6109
	57687	-0.6094
	54501	-0.6082
	57232	-0.6077
	58006	-0.6065
	57780	-0.6048
	54927	-0.6041
	57647	-0.6035
	57002	-0.6024
	53889	-0.602
	53992	-0.6011
	58008	-0.6005
	53882	-0.5999
	56593	-0.5995
	56152	-0.5985
	59754	-0.5984
	59951	-0.5981
	53687	-0.598
	57090	-0.5961
	56034	-0.5956
	53790	-0.5951
	57722	-0.5942
	54531	-0.5933
	54710	-0.593
	57663	-0.5915
	54861	-0.5905
	52784	-0.5897
	57143	-0.5877
	58903	-0.5862
	52875	-0.5855
	54094	-0.5854
	53873	-0.5853
	56106	-0.5847
	57085	-0.5847
	57177	-0.5841
	57238	-0.5829
	53519	-0.5825
	53192	-0.5814
	50618	-0.5812
	54429	-0.5812
	51060	-0.5809
	54243	-0.5797
	54575	-0.579
	53397	-0.5782
	56596	-0.5777
	50878	-0.5771
	57985	-0.5767
	52885	-0.5755
	51526	-0.5726
	53893	-0.5726
	52963	-0.5712
	53725	-0.5699
	53897	-0.5686
	53782	-0.5679
	55589	-0.567
	57043	-0.567
	57464	-0.5658
	53898	-0.5654
	50468	-0.5653
	56381	-0.5644
	50858	-0.5634
	53690	-0.5633
	57405	-0.5619
	53970	-0.5617
	56251	-0.5608
	57714	-0.5606
	56093	-0.56
	57662	-0.5599
	58100	-0.5596
	53693	-0.5585
	58451	-0.5582
	53974	-0.5579
	57304	-0.5565
	58111	-0.5524
	59071	-0.5515
	54584	-0.5514
	53682	-0.5501
	54918	-0.5481
	53959	-0.5478
	57738	-0.5474
	58508	-0.5474
	59091	-0.547
	59256	-0.5464
	57413	-0.5464
	55585	-0.5459
	57060	-0.5459
	57156	-0.5444
	57679	-0.5443
	50854	-0.5441
	50548	-0.5439
	55680	-0.5409
	51818	-0.5402
	54266	-0.539
	50775	-0.5388
	54425	-0.5385
	54615	-0.5366
	54225	-0.5363
	50750	-0.5348
	59107	-0.5339
	54436	-0.5339
	57465	-0.5331
	53469	-0.5328
	58665	-0.5325
	54218	-0.5324
	57355	-0.5315
	54841	-0.5307
	51369	-0.5306
	57251	-0.5301
	57720	-0.5301
	51243	-0.5292
	50844	-0.5286
	57020	-0.5279
	52985	-0.5275
	54815	-0.5275
	56193	-0.5271
	54705	-0.5261
	59034	-0.5223
	54939	-0.5207
	57045	-0.5178
	52656	-0.5164
	53945	-0.5158
	57297	-0.5154
	53914	-0.5141
	54507	-0.5136
	54828	-0.5117
	53475	-0.51
	56080	-0.5093
	54072	-0.5083
	50739	-0.5078
	57432	-0.5066
	53478	-0.506
	57191	-0.5053
	52446	-0.5034
	54291	-0.5022
	57839	-0.4999
	51377	-0.498
	57870	-0.4968
	51469	-0.4956
	58109	-0.4925
	54821	-0.4924
	57047	-0.4924
	57186	-0.4893
	56697	-0.4888
	58101	-0.4884
	56665	-0.4857
	51567	-0.4855
	54327	-0.4853
	54848	-0.4851
	57657	-0.4847
	53989	-0.4842
	59847	-0.4836
	58114	-0.4834
	57437	-0.4831
	51436	-0.4827
	57564	-0.4821
	56097	-0.4808
	52884	-0.4794
	53577	-0.479
	53704	-0.479
	56898	-0.4789
	53982	-0.4782
	53651	-0.4774
	56046	-0.4758
	52447	-0.4725
	56643	-0.4718
	59065	-0.4711
	57595	-0.4695
	58409	-0.4692
	57416	-0.469
	59663	-0.4676
	54432	-0.4668
	58034	-0.4658
	54024	-0.4653
	58569	-0.4649
	52645	-0.4626
	57290	-0.4614
	54213	-0.4589
	57811	-0.457
	57835	-0.4553
	56373	-0.4522
	53879	-0.4516
	59480	-0.4513
	56081	-0.4505
	57678	-0.4495
	53806	-0.4485
	54530	-0.4473
	56444	-0.4462
	50950	-0.4439
	50647	-0.4437
	55598	-0.4434
	50658	-0.4425
	54935	-0.4423
	57011	-0.442
	57106	-0.4401
	57822	-0.439
	57057	-0.4387
	57285	-0.4359
	57752	-0.4351
	53981	-0.4338
	59264	-0.433
	57988	-0.4326
	50832	-0.4321
	55664	-0.4317
	54261	-0.4316
	57566	-0.4308
	58760	-0.4304
	57086	-0.4293
	57769	-0.4279
	57649	-0.4277
	53732	-0.4273
	59224	-0.4269
	57589	-0.4265
	51059	-0.4258
	54812	-0.4254
	57387	-0.4247
	57076	-0.4228
	57184	-0.4223
	51931	-0.4217
	59478	-0.4199
	57743	-0.4191
	57408	-0.4182
	57042	-0.4178
	55773	-0.4177
	56137	-0.4177
	56869	-0.4174
	57183	-0.4143
	53908	-0.4129
	57586	-0.4121
	57674	-0.4119
	50603	-0.409
	58017	-0.4088
	57024	-0.4087
	54026	-0.4084
	58509	-0.4081
	54528	-0.4078
	57414	-0.4074
	56071	-0.4073
	57974	-0.4063
	57197	-0.405
	57991	-0.4048
	57916	-0.404
	57079	-0.4028
	56841	-0.4024
	58108	-0.4024
	54915	-0.3994
	58126	-0.3993
	54852	-0.3986
	53928	-0.398
	57522	-0.398
	54434	-0.3972
	56096	-0.3954
	57035	-0.395
	57041	-0.3946
	59954	-0.3904
	57493	-0.3897
	56389	-0.3883
	57768	-0.388
	51068	-0.3856
	57562	-0.3852
	54541	-0.3839
	53666	-0.3832
	57080	-0.3818
	57718	-0.3809
	54777	-0.3808
	50867	-0.3799
	56173	-0.3797
	54843	-0.3783
	58452	-0.3779
	57029	-0.3778
	50425	-0.3773
	50915	-0.3749
	53988	-0.3745
	53923	-0.3713
	51241	-0.3711
	52533	-0.3702
	57740	-0.3702
	56846	-0.3677
	53991	-0.3676
	58605	-0.3666
	58713	-0.3656
	57185	-0.364
	52996	-0.3639
	54041	-0.363
	54208	-0.362
	57033	-0.3616
	54339	-0.3606
	51358	-0.3598
	57525	-0.3598
	57056	-0.3588
	57451	-0.3565
	53997	-0.3556
	56870	-0.3548
	57655	-0.3547
	56288	-0.3538
	57941	-0.3536
	54512	-0.3512
	54807	-0.3512
	53484	-0.3505
	59090	-0.3498
	57973	-0.3494
	57845	-0.3465
	50745	-0.3453
	59097	-0.3453
	56844	-0.3453
	54617	-0.3417
	53646	-0.3409
	57363	-0.3408
	58519	-0.3376
	57771	-0.3373
	51238	-0.3371
	51633	-0.3364
	51232	-0.3355
	54906	-0.3349
	54439	-0.3342
	58456	-0.3331
	57343	-0.3326
	57358	-0.3323
	57582	-0.3288
	53674	-0.3269
	58464	-0.325
	53617	-0.3246
	57407	-0.3246
	57247	-0.324
	50842	-0.3233
	55696	-0.3225
	59022	-0.3214
	55681	-0.3201
	54938	-0.3198
	57132	-0.319
	57296	-0.3171
	57253	-0.317
	52978	-0.3169
	54234	-0.3167
	53679	-0.3147
	51730	-0.3117
	50978	-0.3114
	54737	-0.3111
	54510	-0.3106
	54505	-0.3097
	57245	-0.3089
	50514	-0.3087
	58016	-0.3081
	57110	-0.3051
	57829	-0.3042
	58500	-0.3038
	54113	-0.3016
	54624	-0.2989
	53910	-0.2982
	59452	-0.2938
	51076	-0.2931
	56761	-0.2909
	59082	-0.2906
	56670	-0.2906
	57294	-0.2887
	50834	-0.2882
	54749	-0.2876
	54187	-0.2858
	57249	-0.2852
	56989	-0.2846
	54932	-0.2818
	57072	-0.2799
	53983	-0.2755
	59431	-0.2751
	59315	-0.2749
	58015	-0.2742
	54254	-0.272
	56592	-0.2719
	57807	-0.2712
	59270	-0.2695
	58408	-0.2695
	52986	-0.2686
	56443	-0.2683
	57402	-0.2667
	50632	-0.2662
	58358	-0.2648
	59451	-0.2642
	51644	-0.2639
	58804	-0.2636
	53775	-0.2633
	57187	-0.2631
	57972	-0.2623
	59303	-0.2615
	58629	-0.2609
	52674	-0.2602
	59242	-0.2602
	57814	-0.2594
	56996	-0.2573
	58502	-0.2572
	57818	-0.2566
	57094	-0.2547
	53547	-0.2515
	57614	-0.2502
	57875	-0.25
	54518	-0.2493
	54753	-0.2485
	57554	-0.2484
	56751	-0.2471
	57573	-0.2469
	52681	-0.2464
	58712	-0.2461
	58503	-0.2435
	59046	-0.2431
	57254	-0.2429
	57772	-0.2422
	57083	-0.2421
	53491	-0.2412
	54336	-0.24
	57329	-0.2392
	51810	-0.239
	57038	-0.2375
	50756	-0.2348
	54851	-0.2346
	57844	-0.2325
	51359	-0.2313
	53926	-0.2312
	57127	-0.2307
	50859	-0.2285
	54039	-0.2283
	57821	-0.2279
	57048	-0.2261
	51542	-0.2254
	59249	-0.2238
	57066	-0.222
	56317	-0.2215
	53883	-0.22
	51430	-0.2193
	50987	-0.2168
	57333	-0.2166
	57260	-0.2153
	53231	-0.2128
	50861	-0.2123
	57293	-0.2123
	59045	-0.212
	54714	-0.212
	54849	-0.2115
	52101	-0.2113
	56975	-0.2111
	57359	-0.2101
	58441	-0.21
	56792	-0.2097
	56757	-0.2096
	56995	-0.2079
	54908	-0.2069
	57661	-0.2055
	57078	-0.2051
	56774	-0.2042
	57061	-0.2039
	53480	-0.2021
	57565	-0.2018
	54338	-0.2014
	57034	-0.2006
	57947	-0.2004
	53658	-0.2002
	56839	-0.1993
	57606	-0.1986
	59481	-0.196
	54603	-0.1958
	52418	-0.1955
	50973	-0.1938
	58102	-0.1937
	50353	-0.1924
	59096	-0.1919
	54621	-0.1891
	50788	-0.1879
	52866	-0.1871
	53368	-0.1868
	53505	-0.1863
	58040	-0.1859
	54286	-0.1855
	51467	-0.1854
	57362	-0.1843
	54568	-0.1838
	56228	-0.1837
	57896	-0.1827
	58135	-0.1815
	53987	-0.1813
	57395	-0.1812
	57671	-0.1812
	59278	-0.1809
	51346	-0.1807
	54226	-0.1807
	52787	-0.178
	57658	-0.1779
	54214	-0.1778
	57368	-0.177
	57976	-0.177
	54470	-0.1769
	56386	-0.1769
	52943	-0.176
	54098	-0.176
	54423	-0.176
	54165	-0.1756
	56843	-0.1748
	59213	-0.1747
	50833	-0.1745
	59848	-0.1744
	57777	-0.1732
	59304	-0.1731
	57571	-0.1712
	57306	-0.1707
	59072	-0.1702
	55655	-0.1696
	57642	-0.1683
	51777	-0.168
	54702	-0.1658
	57698	-0.1658
	54328	-0.1655
	52868	-0.1648
	57857	-0.1647
	53619	-0.1644
	53937	-0.1629
	56499	-0.1621
	57126	-0.1616
	57469	-0.1614
	59310	-0.161
	58615	-0.1606
	58038	-0.1596
	57003	-0.1585
	51463	-0.158
	58510	-0.158
	52853	-0.156
	59488	-0.1559
	59492	-0.155
	54706	-0.1548
	50955	-0.1532
	53896	-0.1504
	54900	-0.1492
	57558	-0.1491
	57719	-0.1484
	59487	-0.1481
	53763	-0.1472
	52855	-0.1459
	56223	-0.143
	53780	-0.1426
	54353	-0.1407
	53978	-0.1406
	59209	-0.1404
	53915	-0.1404
	53499	-0.14
	53676	-0.1399
	57995	-0.1398
	59215	-0.1371
	54410	-0.1371
	57031	-0.1348
	54092	-0.1337
	54080	-0.1317
	56312	-0.1317
	57745	-0.1292
	54608	-0.1289
	51828	-0.127
	57840	-0.1247
	57217	-0.1244
	53688	-0.1239
	50646	-0.1227
	54321	-0.12
	55690	-0.1197
	54406	-0.1167
	53789	-0.1157
	58020	-0.1125
	53994	-0.1122
	57734	-0.1118
	57728	-0.1115
	51628	-0.1102
	50525	-0.1094
	57923	-0.1093
	50526	-0.109
	54660	-0.1082
	54259	-0.1073
	57028	-0.1064
	56793	-0.1056
	52652	-0.1048
	57137	-0.1026
	51839	-0.1024
	53972	-0.1019
	57030	-0.1006
	51656	-0.0975
	52974	-0.0965
	56654	-0.0951
	58664	-0.0939
	57975	-0.0912
	56383	-0.0907
	54911	-0.0874
	58458	-0.086
	56380	-0.0849
	57993	-0.0843
	57052	-0.0836
	53691	-0.0826
	53986	-0.082
	54814	-0.0814
	53924	-0.0812
	54408	-0.0812
	54519	-0.08
	50524	-0.08
	55248	-0.0762
	51568	-0.0754
	59109	-0.0739
	57206	-0.0735
	56582	-0.0729
	57537	-0.0728
	52546	-0.0717
	54716	-0.0708
	51814	-0.0704
	58002	-0.0703
	53392	-0.0697
	57431	-0.069
	51367	-0.0683
	54047	-0.0676
	56371	-0.0672
	54909	-0.0657
	50787	-0.0649
	57761	-0.0642
	54386	-0.063
	57345	-0.0628
	54827	-0.0625
	58011	-0.0623
	59435	-0.0618
	56575	-0.0615
	51495	-0.0607
	57099	-0.0598
	57789	-0.0596
	57129	-0.0585
	50979	-0.0583
	50772	-0.0582
	58659	-0.0575
	57420	-0.0574
	57992	-0.057
	54135	-0.0564
	54914	-0.0547
	54803	-0.0535
	57536	-0.0533
	54829	-0.0528
	57913	-0.052
	58004	-0.052
	58635	-0.0502
	59241	-0.0501
	57385	-0.0491
	51330	-0.0489
	56867	-0.0485
	56594	-0.048
	57932	-0.0466
	59047	-0.0461
	58905	-0.0459
	54404	-0.0457
	58407	-0.0442
	57248	-0.0425
	57496	-0.0405
	53698	-0.0385
	52957	-0.0376
	57390	-0.0373
	58718	-0.0371
	58911	-0.0349
	57303	-0.0343
	56279	-0.0331
	53771	-0.0325
	59063	-0.0315
	57598	-0.0287
	57955	-0.0278
	57483	-0.0277
	57914	-0.0276
	54276	-0.027
	56842	-0.0265
	57841	-0.0262
	57509	-0.0251
	51365	-0.0237
	56183	-0.0226
	59654	-0.0213
	57981	-0.0165
	54520	-0.0164
	57834	-0.0162
	57271	-0.0139
	59246	-0.0126
	51357	-0.0121
	54604	-0.011
	54431	-0.0106
	59051	-0.0104
	51629	-0.01
	58129	-0.0081
	57581	-0.0068
	58612	-0.0066
	58472	-0.0042
	57978	-0.0041
	53995	-0.0032
	58625	-0.0030
	54824	-0.0030
	57519	-0.0030
	51559	-0.0028
	58007	-0.0025
	54590	-0.0016
	54751	-7.0E-4
	51379	7.0E-4
	53481	0.0022
	54929	0.0026
	56298	0.0026
	51855	0.0029
	52576	0.0042
	52836	0.0050
	53786	0.0058
	56961	0.0065
	57605	0.0065
	56951	0.0070
	58207	0.0080
	57257	0.0099
	57688	0.0104
	56739	0.0107
	53927	0.0129
	59059	0.0132
	54736	0.0136
	56764	0.0142
	52557	0.0155
	51156	0.016
	54267	0.0162
	57633	0.0174
	58710	0.0175
	52707	0.0176
	54513	0.0203
	58715	0.0206
	52323	0.0208
	50639	0.0215
	57828	0.0218
	51802	0.0221
	54833	0.0228
	51468	0.0254
	57758	0.0269
	54904	0.0273
	57476	0.0286
	59238	0.0288
	57798	0.0292
	53678	0.0302
	56390	0.0306
	57461	0.0307
	58929	0.0313
	57766	0.0326
	57583	0.0331
	50247	0.0341
	53483	0.0346
	59316	0.0356
	59318	0.0364
	59471	0.0369
	51470	0.0372
	58658	0.0375
	57577	0.0377
	58003	0.0378
	52993	0.0384
	57680	0.0392
	59312	0.0394
	54611	0.0463
	57590	0.0463
	51716	0.0504
	50851	0.0548
	57349	0.0555
	54117	0.0558
	58455	0.0563
	57887	0.0583
	50774	0.061
	51482	0.061
	57545	0.0613
	53958	0.0615
	52980	0.062
	57915	0.062
	50673	0.0625
	54454	0.0639
	57049	0.0657
	56167	0.0666
	59131	0.0675
	56875	0.0675
	54416	0.0677
	53665	0.0678
	54715	0.0694
	58600	0.0722
	56357	0.0729
	51829	0.073
	59126	0.0741
	53929	0.0765
	57308	0.079
	59041	0.0799
	53944	0.0801
	52874	0.0807
	54540	0.0808
	56969	0.0812
	58520	0.0816
	50674	0.0837
	59664	0.0858
	54811	0.0876
	51433	0.0911
	59137	0.0918
	57763	0.0926
	58138	0.0929
	57643	0.096
	55437	0.0994
	57169	0.0997
	56496	0.1017
	56483	0.1021
	58917	0.1028
	52436	0.104
	54913	0.1044
	59127	0.105
	57098	0.106
	57477	0.1062
	57899	0.1065
	58514	0.108
	58417	0.1085
	53917	0.1096
	59237	0.1099
	51711	0.112
	57813	0.1121
	57600	0.1129
	57911	0.1136
	56691	0.1137
	54707	0.1152
	58454	0.1165
	56434	0.1172
	56491	0.1215
	51701	0.1217
	57895	0.1217
	51334	0.1229
	57908	0.1237
	57744	0.1241
	59427	0.1243
	57906	0.1243
	58714	0.1254
	57065	0.1259
	54602	0.1262
	51434	0.1263
	50445	0.1284
	58667	0.1288
	56378	0.1304
	52661	0.1311
	51477	0.1319
	56146	0.1337
	56267	0.135
	50958	0.1352
	54502	0.1356
	58923	0.1371
	58461	0.1372
	53993	0.1375
	54569	0.1377
	50655	0.1403
	58935	0.141
	56387	0.1434
	57574	0.1437
	57964	0.1437
	57182	0.1444
	57699	0.1445
	59037	0.1452
	54819	0.146
	58462	0.1462
	56395	0.1464
	58203	0.1479
	57774	0.1481
	57816	0.1483
	52797	0.1491
	54347	0.1498
	57778	0.1505
	57956	0.1512
	59453	0.1533
	59211	0.1534
	54401	0.1537
	59298	0.1555
	59075	0.1556
	53594	0.1566
	57401	0.1568
	54626	0.1571
	50527	0.1571
	54493	0.1577
	56763	0.1578
	56984	0.1597
	53612	0.1607
	51573	0.1616
	58735	0.1616
	57074	0.1621
	58223	0.1622
	57910	0.1624
	51811	0.1628
	57825	0.1628
	54903	0.1629
	57023	0.1633
	56985	0.1661
	54292	0.1664
	53695	0.1666
	51378	0.1673
	54713	0.1675
	50431	0.1688
	58132	0.1712
	58626	0.1723
	56180	0.1732
	51707	0.1734
	56862	0.1747
	56257	0.1756
	51431	0.1759
	57942	0.1793
	54923	0.1808
	54514	0.1812
	53680	0.1815
	52495	0.1819
	58530	0.1832
	54778	0.1836
	56742	0.1837
	59758	0.1841
	50566	0.1851
	52896	0.186
	59454	0.1861
	57781	0.1867
	54708	0.1868
	54093	0.1876
	57499	0.1889
	53852	0.1896
	57067	0.1897
	58442	0.1897
	58044	0.1899
	53783	0.1909
	52754	0.1911
	52424	0.1915
	51720	0.1921
	56278	0.193
	57370	0.1931
	54916	0.1957
	59227	0.1963
	57971	0.1986
	54752	0.1994
	56494	0.2006
	57673	0.2031
	54836	0.2041
	58619	0.2048
	54920	0.2048
	54662	0.2052
	57053	0.2062
	54405	0.2089
	59501	0.2101
	54096	0.2101
	56263	0.2103
	58527	0.2105
	52378	0.2108
	54205	0.2138
	58512	0.2183
	54912	0.2184
	59088	0.2189
	56227	0.2193
	52863	0.2219
	54830	0.2221
	53797	0.225
	51571	0.2252
	59940	0.2253
	57882	0.226
	57339	0.2263
	57039	0.2264
	59441	0.2287
	54563	0.2292
	56775	0.2302
	57927	0.2303
	54452	0.2324
	58404	0.2341
	57876	0.2345
	54424	0.235
	57806	0.2352
	56785	0.2358
	53681	0.2365
	57737	0.237
	57540	0.2379
	51704	0.2383
	57827	0.239
	57666	0.2398
	50838	0.2402
	52633	0.2421
	57707	0.2447
	58147	0.2455
	54497	0.246
	57760	0.2464
	57128	0.2473
	51639	0.2479
	56849	0.2487
	56766	0.2545
	57417	0.2565
	53885	0.257
	54825	0.2576
	54810	0.2579
	51826	0.2581
	51087	0.2585
	56571	0.2597
	51581	0.263
	53696	0.2644
	54764	0.2647
	58012	0.2659
	57936	0.269
	59025	0.2722
	50442	0.2776
	50742	0.278
	57891	0.2781
	58567	0.2801
	59306	0.2825
	57016	0.2836
	53588	0.2839
	59230	0.2852
	59099	0.2855
	56878	0.2865
	57481	0.2869
	58734	0.2871
	59023	0.289
	56473	0.2891
	53664	0.2892
	58907	0.2926
	57377	0.2928
	58463	0.293
	56376	0.2932
	56393	0.2952
	54449	0.2959
	58752	0.2963
	57051	0.2968
	53486	0.2982
	51722	0.2986
	52842	0.2987
	51708	0.2999
	57900	0.3004
	59218	0.3006
	54834	0.3008
	54729	0.3031
	51636	0.3046
	53938	0.3056
	58531	0.306
	50741	0.3087
	56673	0.3092
	56384	0.3106
	51717	0.3119
	58484	0.3127
	58202	0.3128
	51572	0.3139
	59081	0.3145
	59429	0.3156
	57960	0.3181
	54399	0.3187
	56986	0.3194
	58719	0.3199
	58450	0.3201
	58146	0.3203
	59288	0.3223
	59102	0.323
	52313	0.3243
	59017	0.3248
	51827	0.3254
	50852	0.3255
	56498	0.326
	58693	0.3274
	57204	0.3277
	57696	0.3281
	59476	0.3289
	54472	0.3304
	58150	0.3309
	57256	0.3319
	57396	0.3325
	54618	0.3326
	58245	0.3328
	58837	0.3344
	57799	0.3346
	59064	0.3368
	54171	0.337
	52737	0.3382
	51709	0.3384
	50956	0.3407
	54905	0.3415
	53593	0.3434
	59055	0.3458
	50349	0.3468
	56646	0.3496
	59087	0.3497
	58706	0.3516
	54922	0.3517
	59254	0.3528
	59125	0.3535
	57682	0.3561
	53490	0.3566
	52856	0.357
	56487	0.3571
	54808	0.359
	58705	0.3595
	57883	0.3602
	56978	0.3611
	51053	0.3614
	54910	0.3662
	59124	0.3683
	52862	0.3694
	57211	0.3703
	58608	0.3706
	57792	0.3714
	53498	0.3722
	59094	0.3748
	54901	0.3764
	57096	0.3778
	58311	0.3788
	58402	0.3793
	57299	0.3809
	58836	0.381
	57921	0.3813
	59485	0.3822
	58517	0.3868
	50853	0.3871
	59117	0.3913
	58401	0.3913
	57517	0.3914
	58246	0.3922
	54475	0.3948
	58647	0.3952
	57824	0.3965
	57089	0.398
	59130	0.3986
	53916	0.3988
	57776	0.3994
	56399	0.4012
	54476	0.402
	56664	0.4039
	59007	0.4049
	59092	0.4063
	58118	0.4091
	58045	0.4113
	54099	0.4121
	58005	0.4133
	54494	0.4141
	54614	0.4143
	58460	0.416
	57912	0.4182
	56652	0.419
	58822	0.4207
	57105	0.4223
	59228	0.4262
	57954	0.427
	51815	0.4287
	59457	0.4289
	56836	0.4291
	58143	0.4308
	58327	0.432
	58926	0.4356
	57498	0.439
	58259	0.4403
	53776	0.4426
	57095	0.4427
	56977	0.4439
	58001	0.4441
	57261	0.4443
	57388	0.4456
	59425	0.446
	57544	0.4468
	58730	0.4491
	53472	0.4507
	57694	0.4539
	56168	0.4548
	58340	0.4567
	54776	0.4579
	58607	0.4583
	54759	0.4593
	56585	0.4618
	59320	0.4638
	54724	0.464
	57903	0.4646
	56489	0.4653
	56396	0.4662
	56876	0.4694
	56287	0.47
	57786	0.4725
	58736	0.4741
	57520	0.4743
	54308	0.476
	57842	0.4762
	58927	0.4767
	54102	0.4775
	56462	0.4776
	52679	0.4781
	52713	0.4785
	59116	0.4793
	58707	0.4795
	50564	0.4798
	54326	0.4812
	57475	0.4813
	58529	0.4825
	58117	0.4838
	54717	0.4839
	59289	0.4841
	54765	0.4848
	56840	0.4853
	57584	0.4859
	57996	0.4891
	54371	0.4899
	53659	0.4936
	57966	0.4937
	54816	0.4947
	50136	0.4949
	59229	0.4951
	54377	0.4953
	53979	0.4954
	59058	0.4973
	58921	0.4978
	58623	0.4988
	58813	0.4995
	56493	0.5013
	50985	0.5023
	54774	0.5023
	58436	0.5049
	57134	0.5055
	56879	0.5068
	57032	0.5077
	56474	0.5104
	59114	0.5122
	51655	0.5127
	53694	0.5128
	59033	0.5132
	58918	0.5134
	57575	0.5137
	57874	0.5141
	57957	0.5163
	58701	0.5173
	54728	0.5179
	54290	0.5202
	54818	0.5254
	57754	0.5256
	58606	0.5261
	58241	0.5267
	59294	0.53
	59322	0.5311
	58745	0.5315
	59031	0.5357
	56964	0.536
	54823	0.5362
	58265	0.5392
	59255	0.5431
	58242	0.5447
	58336	0.5454
	57389	0.5469
	58839	0.5475
	54192	0.5476
	54293	0.5497
	53935	0.55
	52643	0.5537
	58222	0.5549
	57779	0.5554
	58335	0.5556
	58534	0.5556
	57767	0.558
	57513	0.5605
	50778	0.5643
	56987	0.5662
	57259	0.5675
	57466	0.5675
	58367	0.5676
	58523	0.5686
	59113	0.5701
	56669	0.5722
	54726	0.5728
	58301	0.5734
	50937	0.5741
	56756	0.5747
	54433	0.5753
	57962	0.5763
	58467	0.5777
	57025	0.5781
	58205	0.5812
	52818	0.5822
	57438	0.5827
	59271	0.5845
	54703	0.5855
	57948	0.5859
	57907	0.5873
	54363	0.5882
	54515	0.5895
	58616	0.5898
	51288	0.5956
	57485	0.5959
	57958	0.5986
	50758	0.5991
	59052	0.5994
	58704	0.6029
	56184	0.6091
	53760	0.6093
	59093	0.61
	58361	0.61
	54902	0.6151
	58737	0.6154
	51705	0.6164
	54925	0.6172
	58620	0.6186
	56394	0.6193
	58334	0.6199
	54579	0.6213
	50246	0.6281
	57796	0.631
	52515	0.634
	56645	0.6351
	57381	0.6356
	57585	0.6376
	57612	0.6376
	52112	0.6377
	58254	0.6405
	50755	0.6478
	59449	0.6509
	54917	0.6518
	58359	0.6536
	58934	0.6541
	56666	0.6582
	55228	0.66
	54822	0.6671
	56595	0.6675
	58446	0.6691
	50749	0.6698
	58725	0.6709
	54471	0.6719
	57514	0.6794
	59012	0.682
	58548	0.6839
	54596	0.6842
	57949	0.6859
	58429	0.6874
	57502	0.6887
	59314	0.6888
	56478	0.6893
	54362	0.6894
	58329	0.6902
	59284	0.6907
	56675	0.6909
	56768	0.6911
	58127	0.6942
	58369	0.696
	59290	0.6963
	58339	0.6973
	54718	0.6975
	56752	0.698
	57399	0.7013
	59021	0.703
	58646	0.7038
	56994	0.7063
	57894	0.7097
	54031	0.7116
	57729	0.714
	57805	0.7147
	57208	0.7181
	58264	0.7288
	59106	0.7313
	52203	0.7317
	59317	0.7327
	56950	0.737
	58637	0.7394
	57762	0.7406
	58543	0.7416
	58331	0.7417
	58731	0.743
	58438	0.7435
	52833	0.7446
	56944	0.7462
	59122	0.7471
	59313	0.7475
	59502	0.7476
	59293	0.7487
	58326	0.7507
	56178	0.7532
	58928	0.7545
	57482	0.7558
	57965	0.7622
	57040	0.7627
	59038	0.7648
	58421	0.767
	59446	0.7683
	54719	0.7788
	56567	0.7791
	58568	0.7794
	58426	0.7796
	58631	0.7867
	58824	0.7923
	50862	0.7924
	58614	0.7926
	54346	0.7957
	56992	0.7962
	58365	0.7973
	58255	0.7978
	57793	0.7982
	58128	0.7984
	56863	0.7987
	56674	0.8003
	54817	0.8009
	58323	0.8022
	56598	0.8087
	56485	0.81
	58208	0.8155
	58352	0.8161
	58632	0.8241
	58251	0.8241
	58027	0.8259
	58243	0.8292
	56886	0.8293
	58362	0.8315
	56382	0.8318
	59297	0.832
	58556	0.8324
	54398	0.8345
	51186	0.8352
	59053	0.8354
	57511	0.8392
	59324	0.8413
	58624	0.8414
	58141	0.8437
	58634	0.8457
	58618	0.8528
	51438	0.8534
	58537	0.8536
	58820	0.8543
	58821	0.855
	54349	0.8553
	58220	0.8602
	57518	0.8623
	54474	0.8641
	58602	0.865
	59205	0.8663
	54483	0.8663
	58818	0.8668
	54727	0.8697
	56948	0.8698
	57837	0.8702
	56777	0.8729
	57516	0.874
	56885	0.8747
	52825	0.8763
	57512	0.8788
	59061	0.8815
	58354	0.8816
	58244	0.8876
	59027	0.8884
	58936	0.8922
	54284	0.8948
	58247	0.8967
	58048	0.8981
	51765	0.9037
	57808	0.9048
	58609	0.9108
	58642	0.9109
	59673	0.9112
	58627	0.9132
	58570	0.9158
	56748	0.9238
	54195	0.9334
	56788	0.9384
	58214	0.9396
	58657	0.9419
	51804	0.9437
	58240	0.9506
	58230	0.9563
	58453	0.9595
	58547	0.9597
	57494	0.9616
	56172	0.9637
	58257	0.9667
	58215	0.9685
	56871	0.9712
	58236	0.9746
	57969	0.9755
	56883	0.9756
	57486	0.9798
	57523	0.9799
	56991	0.9807
	57491	0.9843
	56881	0.9844
	58212	0.9865
	58828	0.9883
	56790	0.9885
	58563	0.9885
	59057	0.9892
	58356	0.9935
	54722	0.9963
	54644	0.9977
	56580	0.9995
	56649	1.0031
	58306	1.0034
	58724	1.0072
	58269	1.009
	58317	1.0102
	58565	1.0151
	54734	1.0156
	50727	1.0167
	59235	1.0173
	57489	1.0223
	58751	1.0254
	58346	1.027
	53596	1.0289
	57809	1.0314
	58419	1.0343
	57507	1.0355
	58342	1.0374
	56772	1.0445
	54499	1.0451
	54132	1.0456
	58431	1.046
	58938	1.0511
	58844	1.0532
	58544	1.0532
	56982	1.054
	58338	1.0542
	50434	1.057
	53492	1.0628
	51435	1.0633
	52955	1.067
	56688	1.072
	57505	1.0751
	56786	1.0805
	54285	1.0901
	58377	1.0909
	54723	1.0922
	58477	1.0928
	58468	1.0929
	56835	1.0949
	58555	1.099
	58237	1.0996
	58557	1.1024
	54936	1.1046
	59285	1.1097
	56475	1.1115
	58344	1.1151
	58221	1.1177
	54871	1.1196
	57604	1.1217
	58154	1.1242
	59015	1.1248
	58814	1.1286
	57510	1.1289
	56959	1.1311
	58415	1.1314
	58316	1.1315
	56586	1.1351
	57609	1.1361
	58049	1.1382
	58337	1.1409
	56641	1.1411
	57608	1.1413
	58145	1.1414
	56374	1.1433
	58448	1.1439
	56578	1.1493
	54709	1.1511
	58432	1.1516
	58622	1.1552
	59417	1.1554
	54419	1.1569
	57492	1.1613
	58249	1.1637
	54627	1.1649
	54907	1.1664
	58319	1.1707
	58366	1.1745
	54311	1.1746
	58435	1.1779
	58459	1.1787
	58754	1.1799
	56746	1.1805
	58330	1.1852
	58418	1.1859
	58427	1.1884
	58643	1.1922
	57881	1.1944
	58140	1.1959
	58345	1.207
	56671	1.2076
	54826	1.2081
	58158	1.2162
	58321	1.219
	58823	1.2191
	54700	1.2256
	58558	1.2256
	57398	1.2271
	54712	1.2352
	58428	1.2386
	56185	1.2398
	59500	1.2459
	59948	1.2521
	54365	1.2528
	57603	1.254
	58416	1.255
	58944	1.2588
	58420	1.2612
	58314	1.2631
	53692	1.2733
	57909	1.2791
	58210	1.284
	58550	1.2846
	58443	1.3058
	58549	1.3059
	56480	1.3128
	58601	1.3213
	59456	1.3311
	58250	1.3327
	59635	1.3365
	54731	1.3371
	58224	1.3425
	59287	1.3439
	52575	1.3459
	58234	1.3482
	59321	1.3659
	58353	1.3691
	54486	1.3722
	58268	1.3785
	58433	1.3797
	56873	1.38
	58834	1.3811
	58341	1.3889
	58742	1.391
	58946	1.3956
	54628	1.399
	59419	1.4011
	58644	1.4015
	56479	1.4035
	58748	1.4168
	50779	1.4219
	58932	1.4234
	58457	1.4307
	54732	1.4366
	56778	1.4424
	50892	1.4544
	56755	1.4606
	58562	1.4674
	58343	1.469
	51627	1.4713
	59133	1.4719
	57044	1.4769
	58660	1.4775
	58351	1.4776
	56882	1.4778
	57508	1.4798
	54940	1.4827
	56182	1.4877
	58819	1.5009
	58846	1.5032
	58320	1.5152
	58542	1.5253
	58449	1.5333
	58546	1.5392
	58826	1.5423
	59631	1.5427
	58843	1.543
	57905	1.5448
	58235	1.5509
	58360	1.5512
	54730	1.5536
	56782	1.577
	56783	1.5891
	58139	1.5988
	57506	1.6109
	56684	1.6116
	56548	1.631
	56838	1.6331
	56946	1.635
	54374	1.6401
	58848	1.6509
	56891	1.6582
	54607	1.6686
	56880	1.6715
	58806	1.675
	58633	1.6864
	58148	1.6986
	58750	1.7138
	58652	1.7155
	56954	1.7466
	59448	1.7815
	59647	1.7854
	58238	1.7983
	58933	1.819
	56889	1.8202
	59421	1.8388
	58414	1.859
	58746	1.9046
	58559	1.9114
	56385	1.9184
	56958	1.9471
	59644	1.9501
	58424	1.959
	58423	1.963
	58507	1.9955
	59640	1.9962
	56781	2.0315
	54744	2.0432
	58931	2.076
	58912	2.0902
	59632	2.0952
	58654	2.1218
	58942	2.1884
	58847	2.2001
	58225	2.2287
	58940	2.268
	54725	2.2691
	58941	2.3291
	56872	2.3723
	59319	2.386
	58749	2.459
	59626	2.4661
	59838	2.518
	58845	2.7145
	58437	2.7211
	58744	2.7641
	56949	2.8158
	58747	2.9943
	58506	3.0214
