	58656	-2.2316
	58903	-2.1244
	58665	-1.9617
	58358	-1.9345
	58837	-1.92
	58555	-1.899
	54806	-1.8832
	53980	-1.8604
	58814	-1.7019
	58660	-1.6969
	58936	-1.6805
	58932	-1.6264
	57307	-1.6207
	54816	-1.6117
	54809	-1.6061
	53348	-1.6035300000000001
	58714	-1.5935
	56146	-1.5927
	53892	-1.5884
	58934	-1.5628
	58477	-1.5611
	57865	-1.5605
	54386	-1.5604200000000001
	58359	-1.5443
	51434	-1.54089
	53899	-1.5299
	54486	-1.52964
	58926	-1.5253
	57887	-1.5125
	58542	-1.5104
	58664	-1.4959
	57975	-1.4935
	53457	-1.47132
	57966	-1.4393
	58828	-1.4339
	58557	-1.4197
	56295	-1.407
	57871	-1.3974
	54820	-1.3953
	51431	-1.39464
	53420	-1.39464
	54834	-1.3935
	53889	-1.3826
	54374	-1.38168
	57079	-1.3771
	58750	-1.3649
	53996	-1.364
	50727	-1.35945
	54518	-1.3581
	58667	-1.3519
	54732	-1.3496
	58546	-1.3466
	58558	-1.3364
	51433	-1.3350600000000001
	58752	-1.3279
	58633	-1.3229
	53419	-1.31022
	58836	-1.3048
	59130	-1.3007
	53792	-1.2993
	50987	-1.28448
	52875	-1.28097
	53894	-1.2767
	58550	-1.2765
	56296	-1.2693
	51430	-1.25766
	58806	-1.2576
	57969	-1.2508
	58751	-1.2496
	51470	-1.2481200000000001
	54455	-1.2456
	57368	-1.2347
	57776	-1.2342
	53513	-1.23417
	54292	-1.23417
	54274	-1.23408
	58845	-1.2258
	54805	-1.2257
	53895	-1.2228
	59063	-1.2223
	58911	-1.2148
	54812	-1.2068
	54640	-1.206
	58570	-1.2036
	57035	-1.2014
	54829	-1.2007
	53790	-1.2001
	53464	-1.19997
	53433	-1.19052
	54261	-1.19007
	53985	-1.1898
	53997	-1.1818
	53195	-1.1817
	58929	-1.1813
	59082	-1.1758
	57308	-1.171
	54293	-1.1697300000000002
	58719	-1.1626
	53987	-1.159
	58658	-1.1588
	54778	-1.1508
	53276	-1.1494799999999998
	54727	-1.1487
	53446	-1.14606
	54579	-1.14489
	50524	-1.1447100000000001
	54284	-1.14192
	51369	-1.13958
	53972	-1.1393
	58712	-1.1352
	54729	-1.1295
	59055	-1.1264
	57072	-1.118
	58843	-1.1169
	53231	-1.11609
	50639	-1.11114
	54290	-1.1042100000000001
	50526	-1.09836
	53685	-1.0964
	53893	-1.0952
	58361	-1.0895
	54353	-1.08558
	58632	-1.0853
	53986	-1.0788
	50965	-1.07793
	51377	-1.07568
	54906	-1.074
	58404	-1.0728
	58935	-1.0728
	57407	-1.0726
	57868	-1.0723
	54453	-1.06965
	58718	-1.0669
	58461	-1.0654
	57507	-1.063
	54631	-1.0622
	54286	-1.06002
	51328	-1.0598400000000001
	53974	-1.0563
	51058	-1.04949
	53773	-1.0438
	53324	-1.0433700000000001
	57875	-1.0431
	54744	-1.0431
	54267	-1.04193
	54362	-1.04193
	50838	-1.04139
	58637	-1.0376
	54102	-1.03743
	58635	-1.037
	59053	-1.0351
	54826	-1.0323
	53796	-1.0317
	53384	-1.02402
	53988	-1.0228
	58826	-1.022
	58623	-1.0209
	50632	-1.0149299999999999
	57974	-1.0081
	57778	-1.0056
	51356	-1.00485
	54539	-0.9983
	54622	-0.9935
	58443	-0.9883
	53784	-0.9875
	54363	-0.98694
	54041	-0.9846000000000001
	51435	-0.9827100000000001
	54076	-0.98001
	54532	-0.9799
	53512	-0.9791100000000001
	58754	-0.9764
	54291	-0.97461
	54901	-0.9743
	54332	-0.9742500000000001
	54632	-0.9741
	54522	-0.9719
	59071	-0.9697
	54913	-0.9696
	54908	-0.9691
	51655	-0.96894
	59417	-0.9678
	53543	-0.9643499999999999
	51465	-0.96372
	58906	-0.9637
	54438	-0.9622
	50525	-0.96219
	54523	-0.9601
	50928	-0.9587699999999999
	51482	-0.9580500000000001
	54718	-0.9574
	56399	-0.9549
	54921	-0.9531
	56297	-0.949
	58549	-0.9462
	57971	-0.9461
	53083	-0.9446400000000001
	51463	-0.9431100000000001
	53149	-0.94167
	51495	-0.9413100000000001
	54861	-0.9389
	53795	-0.935
	57401	-0.9341
	58450	-0.9279
	53682	-0.9279
	56651	-0.9263
	58556	-0.9246
	54871	-0.9238
	56851	-0.9228
	54568	-0.92187
	53696	-0.9216
	54276	-0.9207899999999999
	54515	-0.9186
	57573	-0.9145
	53984	-0.9145
	53467	-0.91323
	59107	-0.9118
	51378	-0.9102600000000001
	54601	-0.9089
	54531	-0.9088
	50833	-0.9067500000000001
	54831	-0.9053
	53992	-0.9039
	58760	-0.9026
	50979	-0.9010800000000001
	58942	-0.8968
	57978	-0.8949
	50978	-0.89406
	53991	-0.8938
	53989	-0.8919
	57003	-0.8918
	53976	-0.8885
	56095	-0.8883
	56567	-0.8865
	56199	-0.8856
	53897	-0.8822
	57771	-0.8803
	54541	-0.8768
	58844	-0.8725
	58657	-0.8709
	53781	-0.8703
	54819	-0.8695
	54339	-0.86652
	53896	-0.8648
	58706	-0.8626
	57502	-0.8601
	54336	-0.86004
	54619	-0.86
	54606	-0.8567
	53289	-0.8561700000000001
	58619	-0.8552
	54914	-0.8523
	53791	-0.848
	56854	-0.8471
	54590	-0.84681
	58377	-0.8461
	57041	-0.8458
	57962	-0.8451
	54830	-0.8413
	53533	-0.83916
	50527	-0.83871
	54371	-0.83511
	50983	-0.8337600000000001
	54925	-0.833
	54905	-0.8304
	57965	-0.8284
	56835	-0.8267
	58455	-0.8258
	59137	-0.8252
	58940	-0.8244
	54575	-0.82386
	56843	-0.8231
	57860	-0.8228
	54912	-0.8227
	54533	-0.8223
	53982	-0.8195
	59131	-0.8183
	59304	-0.8168
	56307	-0.81297
	54903	-0.812
	54725	-0.811
	57081	-0.8079
	53463	-0.80703
	54535	-0.8069
	54069	-0.80685
	57874	-0.8068
	57033	-0.8042
	57004	-0.8031
	53965	-0.8031
	57796	-0.8003
	56856	-0.7994
	51559	-0.79767
	58459	-0.7966
	58457	-0.7965
	59421	-0.7956
	57780	-0.7949
	51352	-0.79047
	58356	-0.7899
	58749	-0.7893
	58928	-0.7886
	54377	-0.78741
	54633	-0.7868
	54093	-0.78561
	57040	-0.7853
	58041	-0.7851
	57786	-0.7809
	54800	-0.7807
	57093	-0.7758
	53522	-0.7758
	50934	-0.7753500000000001
	57304	-0.7743
	53970	-0.7739
	56390	-0.7735
	54827	-0.7714
	54807	-0.767
	54811	-0.7663
	53954	-0.7657
	51436	-0.765
	54346	-0.7625700000000001
	59122	-0.761
	54563	-0.76014
	57519	-0.7586
	54506	-0.7577
	58472	-0.7565
	57037	-0.7534
	54711	-0.7524
	53979	-0.7514
	51358	-0.7497
	59303	-0.749
	59096	-0.7466
	57001	-0.7457
	53898	-0.7446
	53484	-0.7428600000000001
	58427	-0.7407
	53343	-0.74052
	54836	-0.7403
	57021	-0.7401
	54777	-0.7401
	58659	-0.738
	50956	-0.73692
	57891	-0.734
	54700	-0.7325
	54900	-0.7297
	53994	-0.7292
	56317	-0.72918
	57772	-0.7288
	51477	-0.72693
	59133	-0.7267
	54835	-0.7259
	58710	-0.7238
	56492	-0.7233
	56757	-0.7206
	59842	-0.71533
	50741	-0.71424
	53891	-0.7113
	54260	-0.71118
	57071	-0.7105
	54916	-0.709
	51573	-0.7083
	58938	-0.7079
	54263	-0.7073100000000001
	56286	-0.7068
	58725	-0.7068
	53799	-0.7057
	56393	-0.7049
	58269	-0.7033
	50566	-0.69948
	58452	-0.699
	58327	-0.694
	54918	-0.6938
	53068	-0.6912900000000001
	57002	-0.69
	53466	-0.68922
	57044	-0.6869
	54470	-0.68598
	54497	-0.68481
	53689	-0.684
	53782	-0.6835
	59838	-0.68156
	54825	-0.6813
	54252	-0.6809400000000001
	53397	-0.6806
	54922	-0.6803
	54808	-0.6802
	53475	-0.67842
	58848	-0.678
	56290	-0.6752
	53978	-0.6731
	53983	-0.6726
	59126	-0.6716
	56171	-0.671
	54766	-0.6694
	53469	-0.66789
	50861	-0.66708
	57508	-0.6641
	50873	-0.66321
	54705	-0.6628
	58652	-0.6594
	57793	-0.6593
	51329	-0.6585300000000001
	57981	-0.6585
	57405	-0.6574
	53602	-0.65718
	56298	-0.657
	58462	-0.6564
	53519	-0.65601
	50656	-0.65547
	54738	-0.6526
	53995	-0.6508
	58618	-0.6506
	50603	-0.64881
	57870	-0.6475
	57026	-0.6474
	53959	-0.6466
	57973	-0.6437
	54349	-0.64305
	57090	-0.6424
	53490	-0.6422
	57306	-0.6418
	53993	-0.6404
	52982	-0.64
	54707	-0.64
	59109	-0.6387
	59088	-0.6358
	58813	-0.6356
	57637	-0.6348
	53486	-0.6325
	54534	-0.6323
	58454	-0.6318
	50940	-0.6310800000000001
	53492	-0.6305
	58820	-0.63
	51365	-0.6291
	53948	-0.6287
	52868	-0.6278400000000001
	53694	-0.6271
	57113	-0.6267
	54821	-0.626
	54833	-0.6256
	53367	-0.62523
	54612	-0.6246
	58931	-0.6245
	50548	-0.62262
	54012	-0.62163
	57603	-0.6197
	57763	-0.6186
	50985	-0.61848
	56094	-0.6178
	54749	-0.6177
	53697	-0.6176
	53385	-0.6165900000000001
	57489	-0.6162
	54824	-0.6149
	59134	-0.6146
	54437	-0.6134
	57505	-0.6129
	51359	-0.61128
	54325	-0.61074
	57574	-0.6104
	54517	-0.6099
	54205	-0.60984
	53699	-0.6088
	54828	-0.6084
	54628	-0.6081
	54476	-0.60777
	54848	-0.6042
	58534	-0.6038
	50658	-0.60282
	57679	-0.6025
	53883	-0.6025
	57643	-0.6022
	58453	-0.6012
	54338	-0.60075
	50646	-0.5994900000000001
	50955	-0.5991299999999999
	56190	-0.5973
	54902	-0.5966
	59091	-0.5938
	50445	-0.5904900000000001
	54502	-0.5902
	51469	-0.5895900000000001
	56394	-0.5895
	51379	-0.5885100000000001
	56186	-0.5862
	56396	-0.5862
	57483	-0.5849
	50647	-0.5838300000000001
	54072	-0.5812200000000001
	54285	-0.58068
	53924	-0.5792
	58003	-0.5778
	58435	-0.5775
	54804	-0.5774
	58923	-0.5773
	54519	-0.5764
	53691	-0.5761
	54266	-0.5742
	53695	-0.57
	58531	-0.5697
	54439	-0.5686
	58568	-0.5676
	53890	-0.5662
	54849	-0.5645
	54932	-0.5643
	56291	-0.5638
	59102	-0.562
	57636	-0.5619
	53794	-0.5619
	54832	-0.5614
	51367	-0.56106
	53529	-0.56079
	54611	-0.558
	58631	-0.5578
	58944	-0.5578
	58530	-0.5562
	52874	-0.55386
	50659	-0.55287
	57408	-0.5512
	53472	-0.5502600000000001
	54636	-0.55
	58438	-0.5499
	58367	-0.5492
	54715	-0.5491
	53688	-0.549
	57055	-0.5458
	52988	-0.5434
	54919	-0.5411
	57494	-0.5405
	53336	-0.53703
	53705	-0.5366700000000001
	50953	-0.5360400000000001
	53963	-0.5354
	59127	-0.5342
	53798	-0.5334
	58735	-0.5326
	58715	-0.5319
	54910	-0.5318
	58666	-0.5313
	54645	-0.5302
	58032	-0.5289
	58918	-0.5286
	56380	-0.5282
	54904	-0.5279
	53378	-0.52713
	57642	-0.5264
	53877	-0.5257
	51346	-0.5246999999999999
	54701	-0.5244
	56745	-0.5241
	54842	-0.5238
	58927	-0.5238
	50964	-0.52371
	56756	-0.5212
	52681	-0.5208
	54776	-0.5204
	54342	-0.51993
	57867	-0.5199
	57464	-0.5195
	54935	-0.5182
	51330	-0.51642
	57609	-0.5159
	55598	-0.51462
	58040	-0.5142
	57303	-0.512
	58705	-0.5112
	53611	-0.5112
	56312	-0.5096700000000001
	58946	-0.5096
	53614	-0.50751
	53545	-0.50661
	53981	-0.5066
	57211	-0.505
	50742	-0.5040000000000001
	54717	-0.504
	57762	-0.5034
	50756	-0.50202
	54855	-0.5015
	58905	-0.5002
	58917	-0.5002
	57964	-0.4999
	52972	-0.49707
	54704	-0.4967
	54920	-0.4966
	58834	-0.4945
	54527	-0.4942
	54569	-0.49301999999999996
	57640	-0.492
	54818	-0.492
	54483	-0.49176000000000003
	57899	-0.4911
	59315	-0.4911
	53502	-0.48915
	57493	-0.4887
	58319	-0.4873
	51567	-0.48483
	58365	-0.4848
	58614	-0.4845
	54909	-0.4841
	58569	-0.4841
	53908	-0.483
	54774	-0.4819
	54615	-0.4817
	54822	-0.4817
	57011	-0.4797
	53975	-0.4796
	58847	-0.4782
	54301	-0.4777
	54493	-0.47673
	56752	-0.4766
	56251	-0.4759
	56395	-0.4741
	54737	-0.4733
	57851	-0.4732
	57462	-0.4727
	54803	-0.4727
	54098	-0.47196
	52267	-0.47151000000000004
	54449	-0.4706
	57111	-0.4696
	54702	-0.469
	57777	-0.4688
	56444	-0.4674
	54525	-0.4659
	54722	-0.4659
	53797	-0.4658
	56194	-0.4656
	59312	-0.4647
	56384	-0.4627
	58432	-0.4623
	58616	-0.4588
	57042	-0.457
	54703	-0.4565
	57994	-0.4564
	57496	-0.4562
	50968	-0.45305999999999996
	54936	-0.4515
	56493	-0.4511
	50939	-0.44972999999999996
	54421	-0.4495
	57767	-0.4487
	55655	-0.44676
	58565	-0.4462
	55773	-0.44559
	54623	-0.4452
	54817	-0.4443
	57027	-0.444
	53785	-0.4427
	57076	-0.4426
	51145	-0.44127
	56109	-0.44082000000000005
	54710	-0.4387
	53272	-0.43686
	58436	-0.4367
	54624	-0.4365
	50750	-0.43568999999999997
	57119	-0.4345
	56189	-0.4344
	54337	-0.43371
	53596	-0.4314
	58458	-0.4285
	58704	-0.4277
	53480	-0.42597
	58912	-0.4241
	58448	-0.424
	54503	-0.424
	58747	-0.4217
	52980	-0.4213
	57509	-0.421
	58420	-0.4207
	57876	-0.4205
	58559	-0.4198
	54494	-0.41841
	57510	-0.4182
	54616	-0.4179
	58366	-0.4178
	57314	-0.417
	58563	-0.4168
	56383	-0.4166
	58625	-0.4162
	58543	-0.4161
	56571	-0.4159
	54236	-0.41553
	50936	-0.41535000000000005
	56386	-0.4152
	53956	-0.4152
	54187	-0.41463
	57540	-0.4135
	54540	-0.4126
	57604	-0.4092
	57972	-0.4082
	53392	-0.4081
	57635	-0.408
	57734	-0.4075
	53861	-0.4067
	54939	-0.4062
	51467	-0.40581
	54157	-0.40266
	50434	-0.40194
	56462	-0.4018
	53941	-0.401
	54584	-0.40076999999999996
	54429	-0.4006
	54731	-0.3995
	53599	-0.3994
	54846	-0.3992
	57080	-0.398
	51232	-0.39744
	59045	-0.3974
	54945	-0.3968
	53786	-0.3957
	54929	-0.395
	54334	-0.39069
	57034	-0.3895
	59425	-0.3891
	54810	-0.3866
	57461	-0.3858
	58737	-0.3857
	55680	-0.38457
	58941	-0.3842
	50842	-0.38385
	54823	-0.3832
	53680	-0.3828
	54863	-0.3824
	56116	-0.38142000000000004
	56548	-0.3811
	58921	-0.3809
	53617	-0.38088000000000005
	57318	-0.38
	57976	-0.3797
	53863	-0.3796
	59255	-0.3795
	59754	-0.3795
	59072	-0.3784
	54706	-0.3779
	57773	-0.3771
	57052	-0.3762
	58822	-0.3741
	59317	-0.3735
	54039	-0.37224
	58654	-0.3713
	56016	-0.37116
	54026	-0.37053
	59656	-0.3693
	54730	-0.3665
	57872	-0.3632
	58501	-0.3618
	57792	-0.3616
	53368	-0.36027
	50960	-0.35964
	53707	-0.35919
	57498	-0.3587
	56342	-0.35856
	57049	-0.3581
	57537	-0.3569
	54475	-0.35685
	57565	-0.3567
	57774	-0.3567
	56755	-0.3562
	56192	-0.3555
	53491	-0.3554
	50958	-0.3546
	51886	-0.35388000000000003
	53730	-0.35325
	56441	-0.3529
	58821	-0.3525
	53692	-0.3507
	57024	-0.3503
	56093	-0.3501
	56092	-0.3496
	57309	-0.3491
	54751	-0.348
	56652	-0.3462
	58643	-0.3446
	59851	-0.34408000000000005
	52885	-0.3436
	57585	-0.3435
	51572	-0.34299
	54259	-0.34164
	57020	-0.3409
	57475	-0.3403
	53483	-0.3375
	57522	-0.3368
	54512	-0.3365
	57633	-0.3344
	54521	-0.3343
	59061	-0.3321
	53690	-0.3317
	58544	-0.3306
	57486	-0.3282
	56197	-0.3268
	58567	-0.3259
	53357	-0.32544
	54169	-0.32346
	53928	-0.3233
	58724	-0.3228
	52876	-0.32256
	50879	-0.32175
	53478	-0.3211
	53961	-0.3195
	50954	-0.31941
	56081	-0.3185
	57043	-0.3171
	52986	-0.316
	53962	-0.3156
	53787	-0.3151
	54507	-0.3151
	56764	-0.3127
	58548	-0.3125
	57583	-0.3116
	53481	-0.31059000000000003
	50442	-0.30987
	57722	-0.3096
	59058	-0.3076
	53698	-0.3056
	56645	-0.3055
	59092	-0.3005
	56247	-0.3003
	53618	-0.29997
	57126	-0.2996
	54662	-0.29934
	54608	-0.2954
	50749	-0.29493
	53678	-0.2942
	58713	-0.2925
	53853	-0.2917
	57281	-0.2915
	59319	-0.2915
	52784	-0.2908
	58612	-0.2894
	50888	-0.28899
	51334	-0.28701000000000004
	58245	-0.2867
	50884	-0.28629
	51133	-0.28359
	57808	-0.2835
	58442	-0.2805
	57029	-0.2797
	50892	-0.27945000000000003
	55589	-0.27927
	50844	-0.27909
	58314	-0.2787
	54181	-0.27774
	54708	-0.2771
	58484	-0.2755
	57525	-0.2753
	54911	-0.2751
	56767	-0.2747
	59313	-0.2739
	58627	-0.2738
	53866	-0.2736
	54420	-0.2712
	57006	-0.2706
	52674	-0.2696
	53619	-0.26874
	50787	-0.26738999999999996
	58038	-0.2672
	58634	-0.2669
	50973	-0.26631
	54617	-0.2652
	54530	-0.263
	56775	-0.2598
	58622	-0.2585
	50859	-0.25812
	56768	-0.2576
	57481	-0.2533
	57663	-0.2524
	50779	-0.25190999999999997
	59116	-0.2519
	53878	-0.2514
	58238	-0.2493
	57661	-0.2483
	56649	-0.2462
	57022	-0.2462
	58407	-0.2462
	54752	-0.2462
	56164	-0.2452
	53693	-0.2445
	53917	-0.2425
	59270	-0.2421
	58230	-0.2415
	57584	-0.2396
	53615	-0.23949
	53873	-0.2393
	53362	-0.23823
	57085	-0.237
	50946	-0.23481000000000002
	54765	-0.2333
	53927	-0.232
	52884	-0.23
	50834	-0.22995000000000002
	58823	-0.2297
	57623	-0.2282
	50871	-0.22752000000000003
	57466	-0.2275
	57091	-0.2246
	54709	-0.2231
	57030	-0.2221
	53973	-0.2217
	58467	-0.2208
	57389	-0.2203
	53865	-0.22
	51839	-0.21996000000000002
	53612	-0.21951
	58416	-0.2189
	57886	-0.2186
	58426	-0.2166
	50655	-0.21501
	57425	-0.2145
	53455	-0.21447000000000002
	50431	-0.2133
	54759	-0.2128
	53955	-0.2124
	57523	-0.2121
	53780	-0.2117
	58369	-0.2114
	57896	-0.2096
	50775	-0.20700000000000002
	53687	-0.203
	53880	-0.2028
	59034	-0.2016
	57674	-0.2002
	51526	-0.19881000000000001
	54351	-0.19701000000000002
	51568	-0.19674
	59117	-0.1964
	59125	-0.1943
	59293	-0.1943
	58468	-0.1934
	57025	-0.1925
	57465	-0.1909
	58337	-0.1907
	53879	-0.1901
	55664	-0.18891
	54940	-0.1877
	56151	-0.18288
	53852	-0.1814
	53594	-0.1802
	54764	-0.1802
	50950	-0.17973
	53517	-0.17829
	57349	-0.176
	58746	-0.176
	54719	-0.176
	57054	-0.1756
	59320	-0.1752
	59059	-0.175
	54923	-0.1747
	58449	-0.1736
	56257	-0.173
	56761	-0.1728
	57485	-0.1724
	58506	-0.1697
	53579	-0.1697
	54520	-0.1689
	56788	-0.1682
	58562	-0.1681
	54614	-0.1664
	53886	-0.1651
	59113	-0.1631
	56228	-0.16299000000000002
	54499	-0.1623
	58354	-0.1613
	50880	-0.16128
	54065	-0.16065
	58433	-0.1602
	57799	-0.1593
	56227	-0.15903
	57758	-0.1575
	54430	-0.156
	57558	-0.1554
	57769	-0.1551
	53505	-0.15507
	54423	-0.1531
	57955	-0.1528
	51438	-0.15012
	54660	-0.1476
	59316	-0.1465
	58519	-0.1461
	54316	-0.14318999999999998
	56182	-0.1424
	53789	-0.1424
	57995	-0.1417
	55696	-0.1404
	50778	-0.1404
	57991	-0.139
	57492	-0.1388
	57213	-0.1364
	54627	-0.1353
	58316	-0.1347
	59843	-0.1342
	54273	-0.13293
	56180	-0.1315
	54192	-0.13094999999999998
	58460	-0.1308
	51353	-0.12996
	54915	-0.1281
	54814	-0.1277
	56593	-0.1276
	52889	-0.1267
	50962	-0.12645
	58346	-0.126
	56491	-0.1243
	57766	-0.1234
	57063	-0.1233
	57012	-0.1218
	56475	-0.1216
	54431	-0.1175
	56331	-0.11637
	50755	-0.11511000000000002
	57053	-0.1147
	54142	-0.11376000000000001
	57074	-0.1134
	58111	-0.1132
	57274	-0.1131
	54313	-0.11151
	52896	-0.111
	52607	-0.11097000000000001
	54424	-0.1096
	55294	-0.10782
	56172	-0.1073
	54528	-0.1052
	59310	-0.1041
	55437	-0.10134000000000001
	57075	-0.1011
	52983	-0.1007
	56184	-0.1004
	58431	-0.1
	57760	-0.0989
	50867	-0.09881999999999999
	58736	-0.098
	57600	-0.0979
	53774	-0.095
	57671	-0.0936
	54907	-0.0931
	54237	-0.09269999999999999
	56128	-0.09252
	59847	-0.09251
	57881	-0.0923
	53759	-0.0921
	57895	-0.0903
	54613	-0.0897
	56096	-0.0883
	57355	-0.0875
	58429	-0.0844
	56091	-0.0841
	54852	-0.0809
	54723	-0.0808
	56674	-0.0802
	53967	-0.0795
	57582	-0.0793
	54511	-0.079
	58034	-0.0787
	54434	-0.0778
	53872	-0.0775
	54335	-0.07749
	56185	-0.0761
	57564	-0.0756
	52447	-0.074
	57678	-0.0734
	57575	-0.0715
	50853	-0.06948
	53998	-0.0688
	57057	-0.0679
	54607	-0.067
	57720	-0.0666
	51931	-0.06525
	57399	-0.064
	50948	-0.05994000000000001
	56223	-0.05985000000000001
	58423	-0.0595
	51656	-0.05922
	54472	-0.05895
	54064	-0.058679999999999996
	57045	-0.0583
	53871	-0.0576
	54843	-0.0574
	59124	-0.0563
	56082	-0.0552
	50862	-0.054540000000000005
	53772	-0.0543
	54454	-0.05409
	57477	-0.0524
	56276	-0.0517
	50852	-0.05103
	57061	-0.0499
	57719	-0.0488
	58401	-0.0482
	57402	-0.0452
	53677	-0.0452
	56034	-0.04284
	57566	-0.0391
	50767	-0.039060000000000004
	57137	-0.0378
	53590	-0.0372
	54853	-0.0369
	59114	-0.0367
	58742	-0.0362
	58027	-0.0358
	57996	-0.0335
	54412	-0.0325
	57536	-0.0314
	51357	-0.02871
	53885	-0.0285
	57491	-0.0275
	56643	-0.0272
	54049	-0.02655
	56565	-0.0262
	56263	-0.0223
	59321	-0.0207
	53944	-0.0199
	54244	-0.01899
	56763	-0.0169
	57110	-0.0156
	53810	-0.015390000000000001
	57688	-0.0143
	54122	-0.01062
	53850	-0.0106
	50854	-0.00999
	57910	-0.0098
	54938	-0.0074
	57577	-0.0051
	54254	-0.00459
	54248	-0.0036000000000000003
	57699	-0.0030
	54231	-0.00261
	56376	7.0E-4
	58819	0.0024
	56641	0.0027
	54620	0.0032
	53518	0.00378
	59653	0.0056
	54471	0.006030000000000001
	57768	0.0078
	54331	0.00801
	58907	0.0097
	58237	0.0112
	50425	0.01143
	57176	0.0135
	59106	0.015
	57028	0.0163
	57512	0.0166
	56381	0.0172
	59314	0.0199
	59757	0.023760000000000003
	57543	0.0244
	59322	0.0255
	54927	0.0282
	54115	0.029070000000000002
	52446	0.0294
	57687	0.0297
	52323	0.0306
	58002	0.0319
	54031	0.03222
	57317	0.0325
	54713	0.0362
	56478	0.0363
	58265	0.0366
	58626	0.0371
	57127	0.0389
	58113	0.039
	58329	0.0395
	56664	0.04
	52842	0.04005
	53580	0.0402
	54134	0.04185
	58502	0.0449
	54841	0.0459
	52984	0.0469
	54712	0.0491
	54408	0.0492
	55690	0.05103
	53957	0.0516
	51571	0.051930000000000004
	54225	0.051930000000000004
	57754	0.0523
	54602	0.0529
	53488	0.0538
	57048	0.0547
	58646	0.056
	57789	0.0561
	57825	0.0563
	56371	0.0571
	54621	0.0582
	53868	0.0585
	54099	0.05922
	58615	0.0599
	57315	0.0603
	57016	0.0628
	59426	0.0635
	53610	0.06516000000000001
	56673	0.0657
	59647	0.066
	58748	0.0666
	57545	0.0672
	58254	0.0689
	58362	0.0697
	57134	0.0699
	57728	0.0707
	50945	0.07182
	56654	0.072
	53391	0.07200000000000001
	54736	0.073
	59004	0.0731
	53882	0.0731
	52995	0.0741
	56021	0.07479
	53856	0.0757
	57359	0.0771
	59502	0.0778
	56357	0.0783
	53553	0.07956
	53679	0.0805
	52943	0.08181
	54080	0.0828
	56045	0.08306999999999999
	59099	0.0831
	52436	0.0833
	57905	0.0845
	55681	0.08505
	56281	0.0852
	52998	0.0862
	53593	0.0874
	53673	0.0877
	52546	0.0885
	58036	0.0888
	53778	0.0912
	56575	0.0922
	56279	0.0932
	58510	0.0952
	58644	0.0963
	59318	0.0965
	57206	0.0985
	57124	0.0997
	54213	0.09972
	56267	0.1002
	57655	0.1013
	58408	0.1033
	56382	0.1039
	54801	0.1039
	54857	0.1046
	54164	0.10503
	58424	0.1053
	59845	0.10736000000000001
	59856	0.10934
	57129	0.1096
	58321	0.1114
	54243	0.11141999999999999
	54154	0.11385
	59849	0.1155
	58326	0.1163
	58331	0.1168
	52679	0.118
	51855	0.11835000000000001
	54734	0.1192
	57713	0.1194
	54802	0.1202
	57816	0.1209
	58235	0.1229
	57581	0.1233
	56496	0.1249
	57358	0.1262
	58100	0.1272
	57082	0.1283
	57038	0.1284
	57438	0.1284
	53942	0.1307
	56033	0.13284
	58839	0.1346
	57014	0.1356
	52656	0.1361
	57723	0.1374
	57132	0.1385
	58441	0.1385
	59093	0.1392
	53968	0.1407
	57447	0.141
	57957	0.1432
	57032	0.1435
	58446	0.1451
	52576	0.1494
	54815	0.1497
	56842	0.1508
	54208	0.15273
	57956	0.1546
	56173	0.1562
	54326	0.15642
	52963	0.1566
	58030	0.1571
	58414	0.1575
	53947	0.1584
	58606	0.1599
	57378	0.1602
	58608	0.1607
	54728	0.1618
	59419	0.1622
	58338	0.1626
	57460	0.1631
	59278	0.1642
	54165	0.16461
	57798	0.1654
	57039	0.166
	58607	0.1664
	56949	0.1669
	57646	0.1669
	54432	0.1681
	53676	0.1683
	57328	0.1686
	59654	0.1687
	53352	0.16893
	56043	0.16911
	58125	0.1692
	59276	0.1693
	56280	0.1703
	57682	0.1736
	56288	0.1739
	58451	0.1756
	54603	0.1786
	54618	0.1811
	56178	0.1832
	51628	0.18459
	57067	0.1855
	53859	0.1856
	57779	0.1872
	57992	0.1876
	58345	0.188
	57445	0.1899
	58818	0.1915
	57739	0.1938
	58301	0.1942
	58517	0.1953
	58343	0.1968
	57060	0.1989
	50468	0.19944
	54113	0.20007
	58234	0.2001
	57717	0.2018
	50774	0.20232
	58547	0.2024
	54844	0.2053
	54425	0.2055
	57605	0.207
	58341	0.2074
	57736	0.2092
	52378	0.20925000000000002
	52974	0.20925000000000002
	52602	0.20987999999999998
	57571	0.2102
	53841	0.2116
	57662	0.2118
	57031	0.2126
	53888	0.214
	57047	0.2147
	57517	0.2151
	53577	0.2156
	53704	0.21564
	59324	0.2198
	51542	0.22068000000000002
	57056	0.2211
	53499	0.2219
	52895	0.2229
	54399	0.2234
	59280	0.2245
	57809	0.2258
	57469	0.2267
	58701	0.2269
	50564	0.22707000000000002
	54063	0.23112
	50758	0.23292
	56569	0.2346
	54096	0.23616000000000004
	53769	0.2364
	56838	0.2375
	57853	0.2391
	59090	0.2399
	51826	0.24111000000000002
	54398	0.2419
	54753	0.2436
	57439	0.2438
	57065	0.2461
	57889	0.2468
	58464	0.2478
	59758	0.24915000000000004
	57958	0.2498
	56494	0.251
	50963	0.25353000000000003
	56479	0.2543
	57743	0.2543
	59297	0.2556
	57169	0.2559
	54323	0.25614000000000003
	54327	0.25659000000000004
	56666	0.2571
	53869	0.2577
	57409	0.2619
	58242	0.2619
	53763	0.2648
	57857	0.2652
	58620	0.2653
	54605	0.2659
	57554	0.266
	58745	0.2661
	52101	0.26811
	56490	0.2684
	57806	0.2694
	58804	0.2709
	57086	0.2717
	58846	0.2718
	59229	0.2736
	57155	0.2741
	57518	0.2745
	57732	0.2749
	58415	0.2754
	52418	0.2797
	53585	0.2821
	56485	0.284
	59074	0.2852
	50674	0.28557000000000005
	52533	0.2879
	57737	0.2896
	52825	0.29043
	52112	0.29061000000000003
	51802	0.29178
	58004	0.2919
	56669	0.2924
	54186	0.29268
	54117	0.29295000000000004
	57482	0.2952
	57143	0.2957
	59052	0.296
	54419	0.2973
	57741	0.2983
	58126	0.2989
	58249	0.2998
	54452	0.30132
	53964	0.3021
	58421	0.3037
	57742	0.3039
	54406	0.3069
	58334	0.307
	54610	0.3073
	56196	0.3085
	54428	0.3088
	57900	0.3092
	58514	0.3095
	56181	0.3101
	54604	0.3102
	57614	0.3105
	51811	0.31131
	56746	0.3121
	54851	0.3159
	57990	0.3205
	54156	0.32094
	54214	0.32103000000000004
	58734	0.3216
	59023	0.3229
	58101	0.3239
	53757	0.3241
	54644	0.3244
	58456	0.3253
	56374	0.3257
	54943	0.326
	58344	0.3266
	57738	0.3276
	53487	0.3304
	56697	0.3377
	57178	0.338
	53725	0.3382
	58418	0.3386
	58629	0.3392
	54218	0.33957000000000004
	58707	0.3408
	57413	0.3411
	51804	0.34155
	54726	0.342
	58236	0.3443
	59655	0.345
	58131	0.3453
	56881	0.3458
	52869	0.34631999999999996
	54195	0.34713
	54505	0.3478
	50673	0.34857
	56985	0.3489
	57608	0.349
	57731	0.3491
	57217	0.3523
	57541	0.3525
	56473	0.3553
	59640	0.3553
	58352	0.3558
	54308	0.3561
	57326	0.3594
	58339	0.3612
	57179	0.3613
	54305	0.36423
	56543	0.3657
	51137	0.36648000000000003
	54318	0.3671
	57914	0.3674
	58259	0.3677
	59457	0.3689
	56880	0.3705
	59227	0.3708
	56187	0.3713
	54172	0.37152
	54094	0.37269
	54405	0.3727
	56578	0.3732
	57245	0.3738
	54714	0.374
	59065	0.3757
	58624	0.3764
	59081	0.3786
	54596	0.3794
	57343	0.381
	57144	0.3812
	58150	0.3815
	57647	0.3849
	59658	0.3852
	57745	0.3867
	57128	0.3868
	53644	0.38754
	52652	0.3878
	50557	0.38844
	56079	0.3924
	58317	0.393
	56792	0.3942
	53953	0.3946
	51639	0.39771
	58537	0.3982
	54501	0.3995
	53881	0.40347
	56665	0.406
	52855	0.40617
	52203	0.40626
	57084	0.408
	54287	0.40806000000000003
	54514	0.4089
	53915	0.409
	54513	0.4098
	55593	0.41085000000000005
	57216	0.4117
	57834	0.4133
	58503	0.4149
	56046	0.41787
	57292	0.4181
	58102	0.4184
	59211	0.4197
	56944	0.4223
	58044	0.4225
	53399	0.4225
	57781	0.4243
	59097	0.4253
	52863	0.42633000000000004
	57669	0.4273
	54347	0.42786
	54626	0.4284
	59453	0.4295
	52787	0.4311
	54917	0.4335
	57411	0.4337
	51642	0.43434
	58017	0.4346
	57416	0.4351
	57008	0.4352
	57106	0.4359
	57173	0.4371
	53966	0.4417
	50878	0.4419
	55572	0.44253000000000003
	51238	0.44307
	57233	0.444
	59650	0.447
	58507	0.4477
	57866	0.4478
	58016	0.4486
	57273	0.451
	50788	0.45162
	56882	0.4521
	53788	0.453
	59429	0.4534
	59224	0.4539
	54161	0.45585
	58335	0.4563
	53926	0.4572
	51629	0.45738
	53732	0.45801000000000003
	53783	0.4589
	57612	0.4609
	53884	0.4639
	57007	0.4653
	50772	0.46737
	52797	0.468
	57345	0.4688
	57051	0.4703
	54755	0.4703
	54436	0.4709
	56846	0.4713
	58523	0.4715
	53862	0.4735
	57912	0.4753
	56739	0.4808
	54304	0.4816
	50858	0.48528000000000004
	54433	0.4853
	59094	0.4861
	58417	0.4886
	53768	0.4887
	57729	0.4889
	58609	0.49
	58122	0.4908
	57329	0.4914
	57182	0.4917
	52985	0.492
	58013	0.4933
	57666	0.4953
	57476	0.4973
	53775	0.5003
	57184	0.5011
	56389	0.5018
	59427	0.5035
	53854	0.5037
	53582	0.5046
	54135	0.50526
	58244	0.5065
	57187	0.5077
	56580	0.5089
	59238	0.5097
	58011	0.5124
	56766	0.5134
	59750	0.5153
	53574	0.5163
	58047	0.5164
	58463	0.519
	51765	0.51912
	56080	0.5197
	54510	0.52
	57807	0.5209
	59064	0.5241
	56691	0.5289
	56487	0.529
	54474	0.52938
	58419	0.5316
	57096	0.5321
	53857	0.5331
	53578	0.5332
	53573	0.5333
	56483	0.534
	57377	0.5346
	56782	0.5357
	57083	0.5369
	56774	0.5375
	57911	0.5377
	57989	0.5382
	58220	0.5388
	53547	0.5389200000000001
	59256	0.5397
	56742	0.5404
	57926	0.5408
	56152	0.5437
	53874	0.5438
	58210	0.5444
	59435	0.545
	59664	0.5457
	54837	0.5468
	56272	0.5469
	54047	0.54864
	57586	0.5493
	57698	0.5529
	58520	0.5529
	56584	0.5574
	53562	0.5586300000000001
	53938	0.5587
	57078	0.559
	57915	0.5596
	58045	0.5635
	58340	0.5638
	57954	0.5659
	52515	0.5664
	57414	0.5683
	57162	0.5695
	56168	0.5713
	58255	0.5721
	54321	0.5722200000000001
	57094	0.5733
	53564	0.5742
	57832	0.5743
	53860	0.5775
	50851	0.5804100000000001
	53771	0.5819
	56751	0.5826
	53914	0.58311
	54320	0.58356
	57844	0.5842
	53937	0.5878
	53584	0.5902
	52833	0.59193
	57271	0.592
	51636	0.59247
	58048	0.5941
	57388	0.5953
	56183	0.5958
	57390	0.5967
	58215	0.5987
	58116	0.6037
	58642	0.6055
	56097	0.607
	57348	0.6097
	51068	0.61587
	53723	0.61776
	57087	0.6179
	53764	0.6192
	55591	0.61992
	58147	0.6201
	54594	0.621
	57707	0.623
	57846	0.6237
	51059	0.6237900000000001
	57680	0.6242
	55493	0.62433
	56474	0.6249
	57960	0.6253
	57744	0.6262
	58026	0.627
	58409	0.6282
	57339	0.6297
	58140	0.6326
	58154	0.6332
	59041	0.6341
	50739	0.6345
	57606	0.635
	57290	0.6371
	59673	0.6381
	57363	0.6391
	57923	0.6423
	59940	0.64427
	58744	0.6454
	54416	0.6459
	58257	0.6469
	53949	0.6477
	56684	0.6479
	57260	0.648
	51707	0.64854
	58512	0.6498
	59027	0.6499
	55228	0.6539400000000001
	57696	0.6569
	58225	0.657
	57153	0.6587
	58730	0.6592
	53916	0.6594300000000001
	52557	0.6599
	56193	0.6624
	58146	0.6631
	57590	0.6633
	57361	0.6639
	56675	0.664
	56497	0.6648
	53770	0.6648
	53748	0.6657
	58527	0.666
	57191	0.6668
	52862	0.6684300000000001
	58336	0.6693
	54234	0.66951
	57589	0.6709
	57735	0.6719
	57837	0.6751
	57506	0.6767
	56976	0.6806
	57718	0.6828
	58007	0.6832
	58351	0.6849
	56898	0.6858
	51468	0.6858000000000001
	56434	0.68832
	56387	0.6948
	57740	0.6966
	56195	0.6972
	50247	0.70389
	59249	0.7082
	56004	0.70884
	58693	0.7091
	53776	0.711
	55279	0.71208
	58246	0.7131
	58021	0.7134
	58148	0.7136
	56144	0.7143
	58008	0.7152
	58247	0.7158
	56862	0.7167
	53906	0.7174
	53663	0.7181
	57426	0.7184
	56839	0.7185
	57437	0.7195
	57077	0.7209
	51827	0.7218000000000001
	59501	0.7235
	58006	0.7248
	58353	0.7258
	56273	0.7262
	54319	0.7265
	58012	0.7266
	57265	0.7277
	58243	0.7282
	53958	0.7287
	57818	0.7289
	58128	0.7313
	57175	0.7317
	57511	0.7317
	57949	0.7362
	57396	0.7374
	57253	0.738
	53925	0.7401
	54404	0.7407
	57385	0.7413
	54249	0.7434
	53777	0.7435
	59848	0.74536
	58605	0.7459
	57988	0.7462
	57841	0.7475
	59855	0.7508600000000001
	58402	0.7513
	54311	0.7538
	59213	0.7546
	54597	0.7569
	54328	0.75708
	58508	0.7587
	58933	0.7634
	57140	0.7661
	56885	0.7664
	58428	0.7677
	51060	0.7680600000000001
	52866	0.7707600000000001
	57657	0.7722
	54092	0.77364
	57811	0.7742
	57520	0.7766
	58207	0.7776
	57761	0.778
	59266	0.783
	57297	0.7833
	54716	0.7846
	58268	0.7859
	56067	0.78642
	52645	0.78903
	51709	0.79218
	51828	0.79245
	54609	0.793
	56886	0.7951
	52968	0.79569
	51717	0.7964100000000001
	53754	0.7992
	57242	0.8003
	53832	0.8008
	53950	0.8011
	57499	0.8012
	54226	0.8024399999999999
	59265	0.8057
	53662	0.8064
	53817	0.81045
	57313	0.8108
	53821	0.8121
	57183	0.8129
	58020	0.813
	58139	0.8141
	56198	0.8153
	53864	0.8157
	57658	0.8181
	59047	0.8204
	58240	0.822
	56029	0.8253900000000001
	57198	0.8263
	58114	0.8282
	56147	0.8296
	59451	0.8301
	51241	0.83097
	59044	0.8356
	51815	0.8379000000000001
	57415	0.8411
	58323	0.8413
	57023	0.8451
	58509	0.8487
	51156	0.85122
	58437	0.8531
	59431	0.8543
	52643	0.8553
	51708	0.85644
	53674	0.8571
	59626	0.8579
	51722	0.85806
	57362	0.8581
	56284	0.8612
	53848	0.8616
	56948	0.8678
	57089	0.868
	58049	0.8699
	56975	0.8712
	54724	0.8719
	59087	0.8728
	59500	0.8755
	53681	0.8767
	53929	0.8777
	59046	0.8781
	53903	0.88281
	57070	0.8852
	57208	0.8852
	58731	0.8858
	57813	0.8861
	58035	0.8865
	56772	0.8879
	57387	0.8892
	51053	0.8952300000000001
	56391	0.8965
	59452	0.897
	57066	0.8981
	57046	0.8989
	52707	0.90018
	57294	0.9013
	52955	0.90189
	57398	0.9033
	59663	0.9043
	58311	0.9047
	56748	0.9052
	56891	0.9055
	57181	0.9123
	57105	0.9134
	57922	0.914
	56646	0.9155
	51730	0.9192600000000001
	59033	0.9207
	53767	0.9308
	53756	0.931
	56106	0.93519
	56964	0.9367
	57189	0.939
	53727	0.94005
	59031	0.9401
	53576	0.9471
	58022	0.9487
	53753	0.9499
	59228	0.955
	51705	0.9558000000000001
	57752	0.9577
	57395	0.9582
	58320	0.963
	52957	0.96381
	56585	0.968
	51076	0.9685800000000001
	58529	0.9695
	59037	0.9696
	58130	0.9705
	57649	0.974
	53738	0.9816
	57254	0.9842
	58342	0.9866
	57828	0.9875
	53660	0.9875
	51814	0.98757
	51633	0.9877499999999999
	57320	0.9884
	53666	0.9893
	54027	0.99135
	57420	0.9921
	57099	0.9942
	57417	0.9947
	53664	0.9954
	56592	0.9964
	57932	0.9964
	57803	0.9968
	57232	0.9974
	59475	0.9977
	57714	0.9978
	57195	0.9981
	58001	1.0008
	57333	1.0028
	57821	1.0035
	57180	1.0065
	58118	1.0094
	56688	1.0177
	57324	1.0211
	57814	1.0252
	56594	1.029
	56278	1.0382
	57993	1.0398
	57257	1.0402
	53845	1.0404
	56785	1.0465
	57431	1.0472
	59268	1.0475
	52996	1.0484
	58158	1.0532
	50937	1.05327
	57261	1.0549
	58602	1.0553
	56595	1.0557
	57231	1.06
	57293	1.0656
	58251	1.0703
	59001	1.0711
	53945	1.0714
	58241	1.0719
	59441	1.0731
	59242	1.0733
	53923	1.0742
	56385	1.076
	52745	1.07613
	57177	1.0765
	59449	1.0791
	57985	1.0808
	52818	1.08189
	56167	1.0842
	56872	1.0915
	59941	1.0930700000000002
	58129	1.0939
	58824	1.0959
	53910	1.09773
	53750	1.101
	53669	1.1116
	53651	1.1123
	58104	1.1163
	59075	1.1165
	56480	1.122
	57285	1.1313
	57432	1.1326
	57673	1.1363
	52661	1.1406
	58224	1.1407
	51711	1.14246
	57299	1.1521
	57903	1.1534
	53498	1.1569
	57805	1.1581
	56869	1.1588
	53760	1.1609
	59285	1.1611
	58135	1.1648
	59237	1.1649
	59470	1.1651
	58647	1.1653
	54324	1.1754
	59241	1.1764
	56498	1.1771
	56670	1.1795
	53567	1.1803
	58250	1.1815
	57913	1.182
	58024	1.1842
	56285	1.1885
	57710	1.1906
	59945	1.1906400000000001
	57882	1.1947
	57936	1.1963
	57516	1.1975
	57513	1.1995
	59254	1.2076
	59854	1.20912
	56287	1.21
	57625	1.2119
	57948	1.2121
	57249	1.2128
	57185	1.2133
	52737	1.21563
	57098	1.2178
	59473	1.2181
	57562	1.2184
	59480	1.2201
	52657	1.22103
	56883	1.2243
	53565	1.2245
	58212	1.231
	56489	1.2319
	53575	1.2383
	57102	1.2429
	57259	1.2432
	57941	1.2439
	57256	1.2447
	56074	1.249
	58025	1.2502
	56982	1.2512
	57845	1.2527
	55248	1.25424
	57822	1.2583
	58601	1.2603
	51829	1.26072
	59051	1.2614
	57824	1.2626
	59269	1.263
	57927	1.2641
	52765	1.2731400000000002
	58005	1.277
	57942	1.2774
	51704	1.28025
	57634	1.2818
	58117	1.2826
	56863	1.2875
	59271	1.2892
	51818	1.29006
	58223	1.2908
	52754	1.2971700000000002
	57902	1.2999
	57906	1.3018
	59025	1.3032
	58138	1.3033
	53658	1.3064
	59022	1.3065
	57095	1.3069
	51810	1.30779
	59456	1.3109
	58208	1.3111
	54410	1.3205
	56977	1.3211
	56996	1.3213
	57839	1.3214
	57595	1.323
	50136	1.33461
	53806	1.33938
	59493	1.3412
	57883	1.3445
	59306	1.3454
	59454	1.3504
	58264	1.3507
	52836	1.35144
	57298	1.3576
	58141	1.36
	54171	1.3673700000000002
	57544	1.3678
	58202	1.3697
	57295	1.37
	56970	1.3706
	59038	1.3711
	57194	1.3729
	57247	1.3755
	57196	1.3834
	56870	1.3946
	59205	1.3996
	54401	1.3997
	53934	1.4106
	51720	1.41066
	56783	1.414
	58330	1.4181
	53588	1.4181
	59632	1.4184
	58145	1.4189
	53646	1.4211
	57193	1.4255
	56289	1.4257
	57598	1.4257
	56586	1.4272
	57238	1.4299
	59294	1.43
	53829	1.435
	57268	1.4362
	59478	1.4377
	52993	1.439
	59209	1.4399
	51716	1.44441
	58107	1.4464
	59487	1.4614
	58108	1.4639
	58500	1.472
	57907	1.4727
	58221	1.4752
	58203	1.4782
	51627	1.49031
	57829	1.4904
	52853	1.49382
	59017	1.4943
	59057	1.4962
	53875	1.4965
	58015	1.4983
	56849	1.5003
	52633	1.5052500000000002
	57156	1.5058
	59448	1.5067
	56065	1.51335
	58306	1.519
	58109	1.52
	58222	1.5222
	59290	1.5253
	57197	1.5357
	53659	1.5385
	57192	1.5388
	57894	1.5404
	57248	1.5496
	59235	1.5529
	59230	1.557
	53735	1.5571
	51644	1.55817
	53751	1.5584
	57708	1.5608
	57842	1.5621
	52978	1.5661
	59635	1.5691
	56946	1.5734
	56961	1.5809
	56959	1.5827
	57204	1.584
	56790	1.5861
	57381	1.5906
	59288	1.5926
	56671	1.5937
	56969	1.5974
	53740	1.6022
	57694	1.6059
	56781	1.6071
	57451	1.6219
	56876	1.6221
	57947	1.6264
	54132	1.6324200000000002
	53931	1.6402
	59446	1.6439
	59015	1.649
	57827	1.6545
	56991	1.6604
	56844	1.6609
	59284	1.6655
	56952	1.6704
	58205	1.6722
	58214	1.6746
	59471	1.678
	50349	1.6863299999999999
	59476	1.6936
	56793	1.6995
	59659	1.7029
	57514	1.7068
	59469	1.7081
	56499	1.7201
	56867	1.7211
	56951	1.722
	58127	1.722
	56840	1.7238
	57800	1.7252
	59279	1.7372
	56958	1.7395
	59492	1.7589
	50246	1.7694
	57835	1.7718
	57279	1.7724
	58132	1.779
	57251	1.7817
	57188	1.7832
	59289	1.7843
	59287	1.7918
	59218	1.8161
	58143	1.8243
	57859	1.826
	56786	1.8369
	56841	1.8372
	56582	1.8389
	53930	1.8397
	56873	1.8404
	56984	1.8446
	59481	1.8533
	59462	1.8695
	56778	1.8713
	59485	1.8718
	56071	1.8772
	58360	1.8795
	56875	1.8814
	56879	1.8848
	59007	1.8946
	57921	1.9073
	59644	1.9138
	56188	1.9246
	53665	1.9263
	59215	1.9643
	57296	1.9733
	57840	1.9769
	59021	2.0262
	59477	2.0329
	56871	2.0393
	59264	2.0708
	57154	2.0719
	56994	2.0861
	59246	2.0901
	59012	2.1711
	58600	2.1764
	53935	2.188
	57370	2.1883
	59948	2.1952700000000003
	56038	2.1962
	56954	2.1975
	57278	2.2096
	56987	2.2823
	59631	2.3298
	50776	2.3523300000000003
	56889	2.389
	56992	2.4102
	57186	2.4457
	56373	2.4469
	56777	2.4707
	56989	2.5515
	57908	2.6306
	56973	2.676
	56978	2.6828
	56995	2.6897
	59488	2.8838
	59298	2.9433
	56878	3.1136
	57909	3.1266
	56962	3.3512
