	57248	-1.2844
	57271	-1.2358
	56835	-1.2339
	56371	-1.2206
	56838	-1.2204
	57251	-1.1955
	54455	-1.194
	56487	-1.1631
	56021	-1.1527
	56247	-1.1287
	56223	-1.1286
	56378	-1.1035
	53970	-1.066
	57260	-1.0563
	57259	-1.0068
	57363	-0.9944
	56840	-0.9839
	57268	-0.9796
	56144	-0.974
	56376	-0.969
	57361	-0.9679
	55655	-0.9672
	59941	-0.9628
	56844	-0.9614
	56178	-0.9556
	57265	-0.9513
	57254	-0.9365
	54454	-0.9336
	57257	-0.9254
	56839	-0.9131
	57242	-0.894
	57348	-0.8877
	57245	-0.8854
	56474	-0.8759
	57129	-0.8725
	55773	-0.8662
	57156	-0.864
	54540	-0.858
	56125	-0.8542
	52868	-0.8497
	56267	-0.8453
	57106	-0.8427
	56263	-0.8401
	57253	-0.8319
	53681	-0.8265
	54452	-0.8244
	57247	-0.8211
	55585	-0.8199
	56748	-0.8166
	56849	-0.8083
	59945	-0.8078
	55299	-0.7998
	52963	-0.7924
	57001	-0.7838
	56543	-0.7771
	57315	-0.7734
	57261	-0.769
	56841	-0.7673
	59940	-0.7622
	59848	-0.7599
	56836	-0.7571
	57232	-0.7534
	56298	-0.7385
	56016	-0.7346
	56109	-0.7323
	57231	-0.7248
	56106	-0.7175
	57274	-0.7152
	57370	-0.7108
	56094	-0.7066
	56434	-0.6993
	55279	-0.6947
	56273	-0.6926
	55437	-0.6853
	57306	-0.6815
	55591	-0.6798
	56018	-0.6764
	57175	-0.673
	56582	-0.6723
	57313	-0.6706
	56152	-0.6673
	56475	-0.6671
	56948	-0.6669
	57278	-0.6648
	56034	-0.6385
	57256	-0.63
	56091	-0.6271
	57233	-0.6258
	56854	-0.625
	56257	-0.6231
	56396	-0.6191
	56096	-0.6136
	55493	-0.6086
	54334	-0.607
	56228	-0.6066
	56843	-0.5835
	54436	-0.5754
	56029	-0.568
	57077	-0.5636
	55589	-0.559
	56192	-0.5555
	57249	-0.5504
	54852	-0.5469
	58301	-0.5467
	56387	-0.5412
	57153	-0.5395
	57006	-0.5315
	57154	-0.5312
	55578	-0.5299
	57078	-0.528
	57162	-0.5262
	54855	-0.5243
	56331	-0.5236
	54453	-0.5235
	56097	-0.522
	52972	-0.5191
	57318	-0.5141
	56752	-0.5136
	56082	-0.5134
	56116	-0.5092
	56137	-0.5059
	52447	-0.5045
	54142	-0.5043
	57320	-0.5041
	54532	-0.4953
	54449	-0.4945
	57004	-0.4901
	57111	-0.4895
	55664	-0.4862
	57014	-0.4862
	54438	-0.484
	57324	-0.4802
	57169	-0.4792
	57303	-0.4777
	54092	-0.4549
	56757	-0.4547
	54439	-0.4501
	51711	-0.449
	57279	-0.4441
	54803	-0.438
	57155	-0.431
	54337	-0.4282
	56746	-0.4235
	56548	-0.4203
	52856	-0.4199
	56594	-0.4152
	53788	-0.4125
	56459	-0.4123
	56842	-0.4116
	57178	-0.4116
	58323	-0.4106
	56671	-0.4089
	54434	-0.4077
	57217	-0.404
	59849	-0.4032
	54846	-0.4027
	54470	-0.4007
	57127	-0.4005
	58311	-0.3945
	57194	-0.3931
	57065	-0.39
	57082	-0.3871
	57238	-0.387
	59954	-0.3809
	59838	-0.3774
	57328	-0.3746
	56595	-0.3739
	54338	-0.3714
	56071	-0.3706
	56670	-0.3706
	57144	-0.3679
	54541	-0.366
	52943	-0.3643
	57359	-0.3629
	56093	-0.36
	56307	-0.3598
	51708	-0.3596
	57273	-0.356
	52836	-0.3552
	57385	-0.3493
	54098	-0.3475
	56478	-0.347
	54226	-0.3446
	56567	-0.3435
	57080	-0.3435
	53996	-0.3404
	57066	-0.3398
	57187	-0.3394
	58225	-0.339
	57396	-0.338
	56742	-0.3371
	57309	-0.3344
	57333	-0.3339
	57067	-0.3317
	54531	-0.3299
	52707	-0.3287
	59845	-0.3275
	54842	-0.3243
	57197	-0.3233
	54804	-0.3231
	50603	-0.3209
	58221	-0.3169
	54534	-0.3165
	57039	-0.3148
	57196	-0.3135
	56646	-0.3127
	53885	-0.3035
	56669	-0.3035
	56227	-0.3032
	50618	-0.3012
	57045	-0.2988
	54539	-0.2976
	57128	-0.294
	56761	-0.2934
	56095	-0.2922
	56462	-0.292
	57046	-0.2907
	56946	-0.2906
	50431	-0.2894
	56386	-0.2846
	58127	-0.2825
	56665	-0.2813
	56312	-0.2804
	57110	-0.2802
	57113	-0.2762
	58116	-0.2756
	57132	-0.2734
	52908	-0.2732
	56651	-0.2723
	58212	-0.2699
	56763	-0.2684
	57425	-0.2682
	57381	-0.262
	59948	-0.2618
	56151	-0.2603
	57326	-0.2603
	57345	-0.26
	56745	-0.2551
	51633	-0.2477
	54223	-0.2406
	56128	-0.2396
	51704	-0.2382
	57216	-0.238
	57007	-0.2365
	53763	-0.2362
	57057	-0.2354
	57048	-0.2349
	53973	-0.2333
	57213	-0.2332
	56846	-0.2291
	54331	-0.2274
	58321	-0.2259
	56485	-0.2242
	56390	-0.2224
	59854	-0.2217
	57140	-0.2215
	56147	-0.2172
	53676	-0.2125
	56045	-0.2055
	53899	-0.2049
	57512	-0.2031
	57408	-0.2029
	50434	-0.2022
	51705	-0.2019
	57362	-0.2009
	56575	-0.1993
	56674	-0.1988
	58210	-0.1969
	58320	-0.1958
	56688	-0.1898
	56183	-0.1878
	56851	-0.1853
	57211	-0.1849
	56399	-0.1837
	52657	-0.1833
	57038	-0.1829
	50727	-0.1818
	53773	-0.181
	57102	-0.1803
	56181	-0.1782
	57605	-0.1775
	54522	-0.177
	51802	-0.1751
	56652	-0.1739
	57237	-0.1724
	58214	-0.1722
	56297	-0.1716
	56389	-0.1706
	56084	-0.1697
	50353	-0.1696
	51542	-0.1655
	54327	-0.1652
	56480	-0.1634
	58102	-0.1574
	57056	-0.157
	52674	-0.1518
	59842	-0.1507
	56489	-0.1464
	57395	-0.146
	56774	-0.1458
	57143	-0.143
	56168	-0.1419
	57281	-0.1417
	58220	-0.1416
	57195	-0.1412
	57179	-0.1404
	56046	-0.1383
	52323	-0.1361
	57105	-0.1346
	53879	-0.1329
	51709	-0.1319
	59851	-0.1303
	56067	-0.1287
	53866	-0.1279
	56775	-0.1247
	56081	-0.1233
	53997	-0.1215
	53981	-0.1207
	56173	-0.1205
	53878	-0.1197
	56295	-0.1191
	50564	-0.1175
	52957	-0.1173
	57119	-0.1158
	57438	-0.1137
	53778	-0.113
	53888	-0.1102
	56756	-0.1102
	54851	-0.1093
	55248	-0.1084
	58104	-0.1082
	53875	-0.1061
	57409	-0.1052
	57055	-0.1052
	55294	-0.1015
	53882	-0.0955
	50776	-0.0951
	54708	-0.0938
	53770	-0.0935
	56092	-0.0929
	57290	-0.0908
	56074	-0.0884
	56043	-0.0858
	55228	-0.0855
	50956	-0.0851
	57137	-0.0834
	57081	-0.0817
	56976	-0.0815
	57297	-0.0784
	54903	-0.0775
	58223	-0.0769
	54225	-0.0757
	57304	-0.0753
	52825	-0.0725
	56383	-0.0725
	57507	-0.0719
	57072	-0.0709
	56443	-0.0683
	54132	-0.0678
	56193	-0.0656
	57189	-0.0653
	54533	-0.0644
	58236	-0.0602
	53896	-0.0588
	57075	-0.0584
	54707	-0.058
	58007	-0.0576
	53966	-0.0564
	50527	-0.054
	58111	-0.0534
	54835	-0.0519
	56645	-0.0518
	54631	-0.051
	57343	-0.0496
	53954	-0.0491
	57295	-0.0481
	52980	-0.0451
	57176	-0.045
	56751	-0.0449
	53893	-0.0448
	57049	-0.0405
	53864	-0.0391
	51186	-0.0368
	53897	-0.0352
	56977	-0.0341
	54853	-0.0336
	58101	-0.0328
	56533	-0.0312
	53677	-0.0296
	55690	-0.0289
	54805	-0.0277
	54844	-0.0274
	56592	-0.0273
	57034	-0.0266
	54820	-0.0243
	50566	-0.024
	56395	-0.0216
	57414	-0.0199
	52645	-0.0193
	56164	-0.0192
	56079	-0.0176
	56856	-0.0175
	50468	-0.0173
	53791	-0.0156
	54861	-0.0156
	57317	-0.012
	50788	-0.0117
	57076	-0.0114
	58306	-0.0112
	57314	-0.0108
	56641	-0.01
	56777	-0.0090
	50526	-0.0088
	53989	-0.0085
	53995	-0.0078
	52446	-0.0048
	50787	-0.0042
	54612	-0.0042
	50963	-0.0036
	50524	-0.0031
	58005	-0.0020
	57198	-0.0020
	57285	-0.0011
	52863	-3.0E-4
	56966	4.0E-4
	53984	6.0E-4
	56180	0.0017
	58108	0.0019
	56184	0.0023
	54841	0.0032
	57182	0.0095
	57308	0.0095
	51707	0.0104
	54828	0.0112
	53861	0.0133
	53950	0.0143
	57029	0.0147
	53898	0.0181
	56666	0.0206
	57090	0.0228
	56643	0.0238
	56394	0.0245
	54213	0.0254
	53697	0.0256
	54801	0.0273
	56492	0.0286
	58015	0.0293
	53967	0.0304
	53884	0.0326
	53992	0.0348
	54432	0.0361
	54237	0.0365
	56654	0.0379
	57054	0.0388
	50425	0.0392
	58100	0.0405
	57293	0.0406
	54917	0.0409
	54816	0.0427
	57415	0.0438
	56863	0.0468
	54319	0.0472
	55593	0.048
	57061	0.0486
	50557	0.0515
	57184	0.0523
	57192	0.053
	53865	0.0535
	50655	0.0538
	53985	0.0544
	57033	0.055
	50758	0.0551
	58237	0.0582
	54135	0.0582
	54800	0.0586
	58230	0.0588
	54632	0.0593
	58113	0.061
	54808	0.0624
	54843	0.0649
	52737	0.0653
	54437	0.0697
	53986	0.0698
	53894	0.0701
	56584	0.0701
	53975	0.0715
	57040	0.0715
	53998	0.0719
	57084	0.0723
	53392	0.0725
	56959	0.0743
	57292	0.0743
	54113	0.079
	57486	0.0791
	51087	0.0796
	57070	0.0799
	53994	0.0825
	56004	0.0838
	54134	0.0843
	57432	0.085
	54807	0.0853
	57294	0.0869
	58316	0.0884
	56279	0.089
	52643	0.0896
	50658	0.0914
	57043	0.092
	57707	0.0922
	57071	0.0948
	50442	0.095
	58314	0.0956
	57008	0.0961
	56969	0.0962
	53968	0.098
	59647	0.0999
	52203	0.1024
	53892	0.1032
	57188	0.1052
	54806	0.1057
	52862	0.1063
	59847	0.1069
	57099	0.107
	54821	0.1077
	58002	0.108
	52633	0.1133
	54324	0.1164
	58215	0.1166
	53988	0.1171
	54849	0.1174
	53993	0.1176
	52557	0.1193
	54815	0.1199
	51627	0.1206
	53953	0.1212
	56569	0.1216
	54900	0.1226
	54705	0.124
	54836	0.1243
	52267	0.1244
	57098	0.125
	53944	0.1256
	59640	0.1283
	53880	0.1283
	58129	0.1286
	56190	0.1294
	58001	0.1303
	53590	0.1304
	57016	0.1319
	54810	0.1324
	54823	0.1324
	56185	0.1326
	54606	0.1329
	54156	0.136
	56781	0.136
	51716	0.137
	56391	0.137
	50673	0.138
	58006	0.1386
	54837	0.139
	53769	0.1392
	57085	0.1392
	53991	0.1412
	54231	0.1413
	57492	0.1422
	54916	0.1485
	54818	0.1504
	51717	0.1523
	58240	0.1529
	51572	0.153
	58008	0.1535
	56766	0.1539
	57060	0.1539
	50756	0.1542
	57032	0.1545
	50888	0.1561
	52998	0.1566
	52765	0.1578
	58222	0.1579
	54601	0.1617
	54252	0.1622
	53941	0.1626
	58016	0.1641
	50750	0.165
	53961	0.1651
	52978	0.1656
	54506	0.1673
	53868	0.1693
	50973	0.1704
	57134	0.1715
	53890	0.1718
	54192	0.1718
	54094	0.1734
	52853	0.1737
	57489	0.1744
	50979	0.1744
	57047	0.175
	50136	0.1763
	54607	0.1772
	57087	0.1817
	56167	0.1827
	54527	0.1832
	54316	0.1836
	56158	0.1888
	51815	0.1895
	54164	0.1909
	53949	0.1914
	56772	0.1925
	53891	0.1927
	50745	0.1953
	57390	0.1954
	57204	0.1988
	51811	0.1998
	55696	0.2006
	53976	0.2007
	54902	0.2024
	54609	0.2025
	54528	0.2029
	57413	0.203
	54640	0.2042
	54636	0.205
	53963	0.2071
	54260	0.2071
	54910	0.2075
	53895	0.2086
	58013	0.2088
	54530	0.2096
	58208	0.2102
	57079	0.2108
	57063	0.2111
	50987	0.212
	54617	0.2127
	53962	0.2133
	54619	0.2147
	53790	0.2148
	56286	0.2152
	53886	0.2153
	51814	0.2155
	54701	0.216
	57041	0.2162
	53874	0.2174
	51804	0.2176
	53588	0.218
	56693	0.2181
	56444	0.22
	54901	0.2207
	54069	0.2237
	50954	0.2252
	54817	0.2257
	52313	0.2284
	57083	0.2284
	54518	0.2296
	53956	0.23
	54026	0.2314
	56065	0.2326
	50778	0.233
	58203	0.2339
	57035	0.2343
	54814	0.2345
	54517	0.2348
	54749	0.2358
	58107	0.2363
	51701	0.2395
	53420	0.2397
	54911	0.2399
	52754	0.2405
	57091	0.2408
	57378	0.242
	57206	0.2423
	54512	0.2448
	54520	0.245
	57634	0.2452
	53957	0.246
	54703	0.2463
	54914	0.2467
	53781	0.2477
	53948	0.2508
	54335	0.2554
	57042	0.2554
	54706	0.2571
	54622	0.2574
	56951	0.2578
	53955	0.2579
	53974	0.2579
	57183	0.2612
	54812	0.2617
	51573	0.2622
	53959	0.264
	57407	0.2643
	53693	0.2644
	54610	0.2681
	53782	0.269
	57522	0.2693
	56202	0.2693
	57052	0.2697
	57051	0.2708
	54915	0.2714
	54644	0.2728
	50772	0.2733
	58109	0.2755
	57307	0.2759
	53772	0.2774
	54525	0.2778
	57011	0.2781
	54605	0.2784
	54234	0.2786
	53666	0.2813
	57053	0.2821
	53964	0.2829
	58202	0.2837
	56187	0.2839
	54519	0.2855
	54603	0.2859
	57028	0.2864
	56374	0.2891
	53958	0.2893
	54323	0.2915
	50775	0.2925
	53877	0.293
	52652	0.2932
	51827	0.2936
	54918	0.2946
	53799	0.2948
	57037	0.3001
	59855	0.3003
	50247	0.3004
	52679	0.301
	50525	0.304
	58330	0.3042
	54523	0.3049
	57186	0.3049
	56862	0.306
	50953	0.3066
	57513	0.3076
	57388	0.3077
	56691	0.3081
	51636	0.3091
	54718	0.3108
	50656	0.312
	54521	0.3141
	50741	0.3144
	53982	0.3154
	53852	0.3171
	54826	0.3172
	56673	0.3175
	58012	0.3188
	53784	0.3188
	58331	0.3196
	56873	0.32
	50844	0.3205
	58402	0.3211
	50646	0.3211
	50632	0.322
	54511	0.324
	53698	0.3245
	50246	0.3258
	57027	0.3266
	54502	0.327
	50349	0.3293
	54039	0.3303
	53689	0.3308
	58131	0.3311
	53789	0.3318
	54165	0.3324
	56649	0.3325
	54195	0.3327
	58235	0.3329
	53776	0.3329
	56285	0.3347
	57355	0.3355
	54602	0.3361
	56961	0.3369
	54624	0.3372
	50879	0.3381
	57191	0.3401
	58138	0.3403
	56571	0.3414
	58004	0.3415
	57510	0.3418
	54633	0.3426
	52787	0.3429
	57398	0.3431
	54717	0.3435
	54049	0.3447
	53768	0.3449
	57026	0.3457
	54621	0.3472
	57417	0.3481
	54921	0.3491
	52833	0.3495
	58011	0.351
	52656	0.351
	54832	0.3511
	57329	0.3517
	57185	0.352
	54320	0.3522
	54734	0.3531
	57298	0.3532
	54729	0.3548
	57389	0.3558
	56785	0.3561
	57803	0.3568
	56880	0.3574
	53753	0.3582
	53756	0.3582
	54608	0.3603
	54047	0.3608
	51829	0.361
	53856	0.362
	54700	0.362
	50884	0.3632
	53488	0.3656
	54906	0.3663
	54274	0.3666
	54927	0.3685
	57124	0.369
	54825	0.3692
	54824	0.3694
	53798	0.37
	56964	0.3717
	54857	0.3718
	50647	0.3721
	56080	0.3736
	50834	0.374
	54267	0.3744
	56357	0.3752
	54614	0.3757
	54715	0.3762
	58234	0.3771
	56778	0.3798
	57399	0.3804
	50639	0.3805
	54027	0.3823
	56954	0.384
	54218	0.3845
	57401	0.3847
	52112	0.3854
	53696	0.3861
	53883	0.3864
	56764	0.3871
	58147	0.3872
	50928	0.388
	51810	0.3907
	50739	0.3919
	54776	0.3926
	50779	0.3927
	50755	0.3956
	56199	0.3972
	54507	0.3989
	50774	0.3991
	57020	0.4003
	53231	0.401
	56949	0.4016
	54626	0.4042
	54704	0.4045
	54503	0.4061
	54811	0.4085
	54714	0.4091
	57405	0.4094
	54613	0.4094
	50548	0.4109
	54660	0.4129
	59843	0.4132
	54909	0.4165
	53599	0.4184
	56381	0.4191
	53699	0.4201
	59951	0.4206
	57094	0.4219
	53149	0.4227
	53336	0.4239
	57089	0.4239
	53797	0.4249
	56189	0.4261
	54611	0.4267
	54830	0.4276
	56882	0.4279
	52546	0.4281
	57044	0.4281
	56585	0.4286
	58224	0.429
	57508	0.4297
	53337	0.4308
	54493	0.4318
	54905	0.4318
	54732	0.4322
	54737	0.4334
	54751	0.4336
	57074	0.4341
	57517	0.436
	58207	0.4371
	54115	0.439
	56767	0.4403
	57402	0.4408
	58017	0.4413
	50871	0.4413
	56950	0.4433
	57614	0.4437
	54730	0.4453
	57714	0.4457
	54169	0.4473
	51526	0.4479
	53777	0.4485
	54923	0.4487
	54615	0.4506
	57411	0.4523
	53685	0.4529
	52866	0.453
	54431	0.4534
	53859	0.4554
	56182	0.4563
	58021	0.4581
	54236	0.4599
	56496	0.4611
	56739	0.4647
	54738	0.4659
	57482	0.4663
	54604	0.4669
	50659	0.4676
	59757	0.4691
	57180	0.473
	54834	0.4741
	54627	0.4779
	54833	0.479
	50862	0.4795
	53771	0.4797
	57805	0.48
	50880	0.4801
	50833	0.4813
	53983	0.4815
	54711	0.4816
	54932	0.4822
	56782	0.4842
	56580	0.4848
	50965	0.4869
	57339	0.4872
	53927	0.4879
	54702	0.4882
	56881	0.4895
	54510	0.4903
	57181	0.4909
	53083	0.4914
	51828	0.4924
	57502	0.4931
	53775	0.4942
	53343	0.4956
	53680	0.4965
	53785	0.4965
	57462	0.4968
	50838	0.5
	54922	0.5004
	53783	0.5012
	50514	0.5023
	54822	0.5024
	50832	0.5026
	53673	0.503
	56188	0.5037
	54093	0.5041
	52955	0.5065
	54483	0.5065
	58238	0.509
	56755	0.509
	54064	0.5114
	58003	0.5126
	59856	0.5127
	50948	0.5128
	51581	0.514
	57431	0.5144
	57505	0.5163
	54871	0.5165
	54736	0.5166
	57416	0.523
	54293	0.5233
	53862	0.5235
	56382	0.5264
	58319	0.5279
	54616	0.5289
	57093	0.5299
	58401	0.5335
	53324	0.5336
	51438	0.5353
	54620	0.5386
	57387	0.5416
	54186	0.5427
	54709	0.5434
	59750	0.5439
	54712	0.5439
	58242	0.5451
	57577	0.5458
	50949	0.5461
	57460	0.5466
	57031	0.5478
	54912	0.5494
	56196	0.5509
	56962	0.5514
	58205	0.5536
	57608	0.554
	54710	0.5545
	51467	0.5555
	56898	0.5566
	57349	0.5572
	54731	0.5574
	54716	0.5577
	56280	0.5582
	52884	0.5584
	50978	0.559
	53796	0.5593
	51931	0.5595
	54363	0.5611
	57511	0.5629
	54919	0.5689
	54157	0.5695
	54290	0.5703
	57025	0.5719
	57299	0.5736
	54171	0.5737
	54433	0.5741
	53857	0.5755
	54774	0.579
	54181	0.5798
	53978	0.5823
	54829	0.5824
	51571	0.5828
	55472	0.5841
	54515	0.5854
	59644	0.5868
	54273	0.5868
	54713	0.5885
	56296	0.589
	56768	0.5899
	58241	0.59
	52515	0.5911
	54362	0.593
	54161	0.5932
	53947	0.5938
	56281	0.5957
	56287	0.5963
	57096	0.5981
	51826	0.5992
	53757	0.5993
	57494	0.6005
	58341	0.6017
	54398	0.6059
	53195	0.6064
	51156	0.6088
	58128	0.6092
	57514	0.6093
	50955	0.6126
	56586	0.6127
	54416	0.613
	53930	0.6162
	51818	0.6168
	54778	0.6168
	56872	0.6171
	54618	0.6201
	54596	0.6232
	54321	0.6235
	53695	0.6249
	50985	0.6271
	54719	0.6278
	53596	0.6308
	58117	0.6314
	56278	0.632
	54628	0.6339
	54920	0.6346
	52418	0.6347
	58336	0.6351
	56498	0.6372
	56958	0.639
	53787	0.6413
	54154	0.6447
	53979	0.6461
	57458	0.6468
	54645	0.648
	52968	0.6507
	54722	0.6516
	52874	0.6523
	50852	0.6554
	50854	0.6554
	50873	0.6554
	58122	0.6555
	54041	0.6555
	57574	0.656
	56989	0.6568
	59656	0.6597
	50767	0.6598
	58342	0.6607
	53378	0.6607
	50940	0.6612
	52869	0.6617
	57506	0.6618
	50892	0.6638
	57498	0.6646
	54313	0.6656
	58130	0.6659
	57021	0.6688
	53682	0.6693
	54594	0.6697
	53348	0.6719
	53582	0.6729
	54365	0.6732
	57483	0.6746
	53691	0.6767
	54535	0.6771
	57525	0.6773
	53368	0.6783
	52681	0.6795
	51477	0.6797
	53945	0.6803
	50960	0.6808
	57368	0.6827
	57030	0.6828
	56664	0.6831
	53580	0.6832
	54292	0.6832
	59501	0.6848
	52982	0.6868
	53352	0.6869
	54076	0.6925
	56975	0.6936
	58025	0.6938
	53466	0.694
	56783	0.6951
	50878	0.6954
	57541	0.6963
	54172	0.6974
	58344	0.7
	50934	0.7083
	50936	0.7085
	54187	0.7098
	54623	0.7102
	58027	0.713
	53860	0.7142
	57426	0.7156
	50946	0.7206
	53906	0.7207
	57377	0.7209
	54662	0.7229
	53774	0.7234
	57573	0.7238
	53692	0.7242
	57520	0.726
	59758	0.7261
	57208	0.7315
	53513	0.7322
	51468	0.7327
	50968	0.7333
	57173	0.7337
	58118	0.7339
	57575	0.7343
	54943	0.7392
	54286	0.7393
	56578	0.7419
	56952	0.746
	53502	0.7469
	58327	0.7485
	53760	0.7503
	58135	0.754
	53464	0.7541
	54925	0.7547
	51720	0.7568
	56684	0.7583
	57708	0.7608
	52974	0.761
	54063	0.7614
	50858	0.7621
	52995	0.768
	57571	0.7739
	56596	0.7759
	57516	0.7828
	50983	0.7828
	56867	0.7828
	50861	0.788
	54072	0.7887
	50964	0.7915
	52607	0.7915
	53446	0.7918
	51839	0.7926
	54065	0.7951
	57095	0.7956
	57296	0.7972
	57439	0.7982
	56978	0.8002
	57002	0.8008
	54214	0.8042
	56384	0.8057
	58141	0.8065
	53433	0.8082
	54929	0.8127
	58132	0.8133
	59488	0.8165
	54501	0.8184
	53289	0.8186
	53786	0.8297
	54935	0.8325
	56197	0.8334
	57475	0.8342
	55680	0.8406
	54777	0.8409
	54752	0.8458
	58148	0.8484
	57604	0.8489
	58022	0.849
	54318	0.8505
	52101	0.8556
	57493	0.857
	54031	0.8574
	54301	0.8583
	53759	0.8611
	58026	0.8638
	58244	0.8643
	50950	0.8673
	58416	0.8685
	56483	0.87
	57491	0.8704
	50937	0.8726
	58329	0.8743
	53690	0.875
	53764	0.8763
	59754	0.8786
	56186	0.8799
	56792	0.8808
	52896	0.8817
	53853	0.8827
	53660	0.8857
	54080	0.8867
	54276	0.889
	58500	0.8891
	57543	0.8892
	58247	0.8921
	56493	0.8923
	53908	0.8947
	51058	0.8978
	58125	0.8998
	53472	0.901
	50945	0.9034
	54766	0.9082
	58024	0.9088
	57710	0.9127
	57800	0.9171
	57022	0.9175
	53942	0.9186
	50851	0.9191
	57485	0.9203
	52661	0.9227
	58038	0.9237
	53767	0.925
	50853	0.9265
	57024	0.9284
	58245	0.9298
	51068	0.934
	51378	0.9351
	53780	0.936
	58404	0.9399
	58020	0.9434
	50867	0.9444
	57447	0.9453
	53397	0.9485
	58030	0.9505
	58250	0.9563
	53565	0.9573
	53467	0.9593
	53463	0.9608
	56195	0.9628
	53362	0.9637
	58035	0.9688
	53545	0.9696
	53579	0.9748
	56146	0.9778
	52575	0.9823
	57566	0.9847
	59493	0.9867
	56284	0.9879
	56171	0.9888
	57477	0.9901
	58146	0.9905
	54285	0.9926
	59487	0.994
	51060	0.9969
	52797	1.0033
	57582	1.0122
	57464	1.0127
	56869	1.0136
	52495	1.0183
	58414	1.0215
	51330	1.0224
	56984	1.0241
	56598	1.0242
	57012	1.0268
	51076	1.0273
	58034	1.0274
	57445	1.0291
	53419	1.0309
	53399	1.0354
	57420	1.0372
	57465	1.0436
	57461	1.0461
	56172	1.0466
	50939	1.0477
	50915	1.0519
	53384	1.0612
	56194	1.0623
	59664	1.0632
	50958	1.0642
	53543	1.0645
	54374	1.0662
	58317	1.0697
	58139	1.0709
	54304	1.078
	57606	1.0792
	57499	1.08
	52986	1.0854
	54096	1.086
	59626	1.0862
	54513	1.0893
	56385	1.0924
	52533	1.0969
	51765	1.0974
	53617	1.0984
	54514	1.0991
	53665	1.1011
	57545	1.1055
	54371	1.1058
	58415	1.1136
	53915	1.115
	58257	1.1152
	56970	1.1153
	57523	1.1164
	54399	1.1257
	57451	1.1263
	50859	1.1272
	58246	1.1274
	59658	1.1276
	54308	1.1301
	57496	1.1307
	53367	1.1329
	56593	1.1358
	54205	1.1363
	53484	1.1367
	54940	1.1382
	56985	1.1387
	53750	1.1392
	51379	1.1417
	57476	1.1434
	57603	1.1456
	54938	1.1461
	53517	1.1489
	58243	1.1495
	58145	1.1501
	57023	1.1533
	51639	1.154
	58048	1.1605
	57003	1.1618
	57584	1.1679
	53518	1.1698
	59502	1.1699
	58407	1.177
	53705	1.1774
	57612	1.1833
	54102	1.1883
	53483	1.1897
	54386	1.1913
	54284	1.1956
	58032	1.201
	59500	1.2014
	53578	1.2043
	56276	1.2062
	57581	1.2111
	53928	1.2133
	58045	1.2146
	53848	1.2152
	57466	1.2241
	57814	1.2258
	57358	1.2278
	54505	1.2299
	54597	1.2322
	58334	1.2328
	57583	1.2336
	54945	1.2346
	57585	1.2434
	58424	1.2438
	54336	1.244
	58249	1.2452
	53704	1.2474
	58340	1.2478
	52889	1.2552
	52576	1.2602
	59429	1.2655
	58408	1.2657
	56889	1.2707
	54410	1.2711
	56973	1.2727
	54499	1.2744
	52876	1.2755
	59425	1.2827
	54248	1.285
	56380	1.2903
	57586	1.2933
	56499	1.2965
	54117	1.299
	59650	1.3053
	53917	1.3054
	53480	1.3086
	57911	1.3105
	51288	1.3116
	53854	1.3182
	53391	1.3199
	57540	1.326
	59315	1.3317
	59317	1.3404
	53519	1.3467
	58251	1.3499
	54408	1.3518
	57809	1.352
	57565	1.3568
	59427	1.3577
	54208	1.3612
	58420	1.3615
	53567	1.3627
	54325	1.3671
	53475	1.3725
	57713	1.3778
	54012	1.3815
	57590	1.3822
	57544	1.3839
	53594	1.3856
	53881	1.3859
	53593	1.3887
	59654	1.3929
	58343	1.3937
	53478	1.3952
	57914	1.3959
	51642	1.3985
	56876	1.3997
	57636	1.4094
	53850	1.4095
	59318	1.4107
	52784	1.4121
	52424	1.4149
	58036	1.4159
	54764	1.4187
	53512	1.4208
	53487	1.4243
	53754	1.4311
	59004	1.4318
	57509	1.4325
	53602	1.4391
	57811	1.4402
	51241	1.4434
	54401	1.4548
	57663	1.4591
	59316	1.4614
	51137	1.4626
	54332	1.4674
	54471	1.4721
	57808	1.4727
	58044	1.4728
	57655	1.4731
	56996	1.4777
	56995	1.4792
	58360	1.4821
	57723	1.4854
	54404	1.4909
	53664	1.4913
	58143	1.4932
	54406	1.4932
	54568	1.4941
	58140	1.4964
	56878	1.4986
	58429	1.5008
	57595	1.5014
	53533	1.5056
	57469	1.5096
	53651	1.5111
	59492	1.5364
	57717	1.5421
	57902	1.5445
	58047	1.5465
	59635	1.548
	58335	1.5529
	51352	1.5535
	57633	1.5554
	58150	1.5565
	56885	1.5576
	54333	1.5582
	56251	1.5605
	57661	1.5609
	57807	1.5627
	57662	1.5686
	58501	1.5695
	54475	1.5695
	56987	1.5744
	53658	1.5761
	56790	1.584
	57609	1.5853
	52818	1.5866
	52993	1.5869
	57813	1.5895
	58351	1.5921
	53490	1.5991
	59655	1.6029
	57637	1.6032
	53751	1.6033
	58041	1.6035
	57906	1.6171
	57657	1.6252
	59314	1.6263
	53481	1.6274
	53611	1.6301
	53499	1.6318
	58040	1.6319
	58254	1.6342
	58417	1.6383
	54342	1.6385
	51243	1.6387
	54249	1.6416
	57562	1.6491
	54939	1.6498
	58255	1.6544
	57646	1.6549
	56879	1.6577
	52985	1.6598
	54339	1.661
	56982	1.6665
	54311	1.6689
	57720	1.6711
	52988	1.6729
	57806	1.6745
	51145	1.6758
	57642	1.6771
	59324	1.678
	53486	1.6862
	57536	1.6901
	57564	1.6918
	57600	1.7012
	53659	1.7066
	51365	1.7115
	57558	1.7129
	58049	1.7139
	56994	1.72
	52885	1.7233
	59001	1.7251
	51059	1.7269
	54472	1.7408
	53529	1.7415
	53929	1.7445
	58409	1.7474
	57625	1.7494
	59310	1.7494
	56793	1.7563
	59421	1.7604
	57909	1.7615
	54347	1.7663
	57916	1.7668
	54569	1.7694
	52984	1.7696
	59673	1.7713
	57734	1.772
	57623	1.7749
	52996	1.7811
	51655	1.7829
	57915	1.7831
	58339	1.7954
	57913	1.8017
	57640	1.8058
	53937	1.8067
	54575	1.808
	54351	1.811
	59653	1.8116
	57824	1.8122
	53612	1.8172
	51777	1.8176
	51644	1.8226
	59205	1.823
	58158	1.8287
	57669	1.8341
	58353	1.8361
	57671	1.8396
	57912	1.8417
	59417	1.8441
	53564	1.8467
	56886	1.8544
	54349	1.8625
	54259	1.8645
	58154	1.8693
	54765	1.8797
	59017	1.8835
	59319	1.8847
	51053	1.8916
	57907	1.8989
	59297	1.8994
	57740	1.9064
	53926	1.9147
	56992	1.9161
	59659	1.9181
	58337	1.9184
	59209	1.9218
	58345	1.9277
	57910	1.9302
	57658	1.9367
	54486	1.9381
	59426	1.9398
	53662	1.9404
	53576	1.9426
	51358	1.9572
	57643	1.9618
	54563	1.9624
	59306	1.9665
	57722	1.9779
	57752	1.9793
	58507	1.9793
	59320	1.9834
	57589	1.9838
	54291	1.9842
	54476	1.9943
	57519	1.9954
	57635	1.9958
	59007	1.9991
	51470	1.9996
	51133	2.0029
	57649	2.0056
	54494	2.014
	57647	2.0152
	59448	2.0165
	59218	2.0176
	57903	2.0186
	56991	2.0195
	56697	2.032
	53914	2.0322
	57743	2.0354
	59435	2.038
	57680	2.0393
	59485	2.046
	53492	2.053
	51855	2.0538
	59478	2.0551
	57666	2.0569
	57674	2.0579
	57741	2.0631
	54346	2.0667
	54254	2.0728
	59481	2.0803
	59289	2.0844
	57719	2.0862
	53646	2.094
	57908	2.0965
	59227	2.0975
	57731	2.1066
	59287	2.1097
	56986	2.1125
	57821	2.1127
	59228	2.1128
	54243	2.1133
	59477	2.1166
	51357	2.1206
	57926	2.1227
	58354	2.1338
	59313	2.1361
	57678	2.1367
	57682	2.1466
	53562	2.1475
	57832	2.1485
	59476	2.1522
	57816	2.1546
	53910	2.1572
	58423	2.1732
	54474	2.1797
	53498	2.1813
	59419	2.1814
	51482	2.192
	58472	2.1928
	59294	2.1945
	58436	2.1968
	58265	2.2019
	58338	2.2031
	54377	2.2062
	53916	2.2156
	56891	2.2189
	59480	2.2218
	57738	2.2287
	57673	2.2316
	59312	2.2331
	58432	2.2361
	53615	2.2371
	59475	2.2374
	59015	2.2379
	51435	2.2444
	59237	2.247
	53938	2.2538
	53584	2.2631
	59229	2.2636
	57718	2.2639
	59107	2.2695
	57737	2.2771
	58503	2.286
	57736	2.2877
	58269	2.2898
	57728	2.2929
	51436	2.2979
	59470	2.3022
	56883	2.3034
	58928	2.3051
	57745	2.3054
	59321	2.3091
	58352	2.3113
	59211	2.3196
	57742	2.3209
	57923	2.3218
	59473	2.3219
	57744	2.326
	57554	2.3279
	59224	2.334
	53903	2.3438
	57827	2.3463
	59449	2.3464
	59304	2.3481
	54584	2.3493
	54590	2.3501
	58362	2.3533
	58442	2.3535
	57688	2.3537
	59456	2.3542
	51567	2.3564
	58441	2.3618
	53491	2.3621
	53934	2.3678
	51232	2.3689
	57922	2.3708
	58421	2.3784
	58419	2.3807
	58431	2.381
	57729	2.3813
	58534	2.3814
	59021	2.3827
	59097	2.3832
	51437	2.3912
	57828	2.3919
	51433	2.3942
	57921	2.4025
	59012	2.4077
	58365	2.4095
	59298	2.4172
	58446	2.4315
	57927	2.4403
	57739	2.4416
	59285	2.4425
	58264	2.444
	59469	2.4443
	58450	2.4475
	58259	2.4476
	59093	2.449
	57835	2.4492
	59290	2.4509
	57842	2.4511
	57754	2.4557
	58453	2.456
	58935	2.4572
	58454	2.4634
	58510	2.4655
	59278	2.4663
	59130	2.468
	57694	2.471
	58448	2.4716
	59113	2.4722
	57829	2.4751
	58377	2.478
	58570	2.4829
	57735	2.4835
	59631	2.4841
	53821	2.4851
	51353	2.4861
	59471	2.4922
	58367	2.4965
	58934	2.4997
	54579	2.5006
	58938	2.5039
	53707	2.5043
	58346	2.5085
	59303	2.5088
	58428	2.5117
	59025	2.5129
	59213	2.5183
	57687	2.52
	58509	2.5206
	54497	2.5213
	57776	2.5219
	53817	2.5237
	58433	2.5267
	58427	2.5311
	59446	2.5313
	53829	2.5325
	53841	2.5331
	57761	2.5371
	58666	2.5443
	58443	2.5473
	57825	2.5503
	58426	2.552
	59125	2.5593
	58268	2.5597
	59462	2.5603
	58462	2.5618
	57822	2.5627
	57679	2.5684
	57598	2.5698
	53727	2.5708
	57834	2.5726
	59027	2.5744
	58520	2.5758
	52895	2.5806
	57844	2.5836
	57698	2.5891
	59116	2.5904
	59106	2.5998
	58359	2.6038
	58502	2.6043
	59022	2.6049
	53610	2.6076
	57839	2.6104
	59087	2.6111
	59284	2.6148
	59322	2.6169
	57773	2.6192
	57771	2.6194
	59114	2.6216
	58664	2.622
	58936	2.6233
	59092	2.6268
	59632	2.6276
	53810	2.6292
	59127	2.6293
	57995	2.6295
	58907	2.6295
	59293	2.6302
	58477	2.6303
	58929	2.6312
	58931	2.6337
	59131	2.6364
	58358	2.6378
	59102	2.6426
	58459	2.6539
	58437	2.6545
	58600	2.658
	58435	2.659
	57818	2.6599
	58449	2.6624
	58602	2.6669
	57760	2.6693
	58461	2.6725
	59090	2.6773
	57840	2.6774
	58665	2.6821
	51469	2.6843
	58361	2.6868
	51465	2.6873
	58369	2.6931
	53806	2.6978
	59431	2.6994
	53577	2.6996
	57905	2.7022
	58605	2.7034
	58457	2.704
	53663	2.704
	58460	2.7073
	58451	2.7094
	59117	2.7156
	57774	2.7161
	57772	2.7201
	58366	2.7219
	58612	2.727
	58926	2.7271
	58567	2.7278
	57699	2.7284
	58418	2.7286
	59096	2.7333
	58760	2.7385
	57793	2.7392
	58601	2.7402
	53738	2.7415
	58542	2.7431
	59124	2.7464
	58565	2.7477
	57732	2.7499
	58468	2.7545
	51559	2.757
	53618	2.7575
	51356	2.759
	53923	2.7646
	57860	2.7679
	58484	2.7682
	59122	2.7703
	51367	2.7772
	58458	2.7785
	59099	2.7788
	58667	2.7795
	58438	2.7796
	57837	2.7872
	58464	2.7876
	59270	2.7882
	58557	2.7932
	58837	2.7976
	57941	2.7981
	58615	2.7986
	51359	2.799
	57762	2.8
	58627	2.8001
	57796	2.8024
	59280	2.8065
	57789	2.8142
	57763	2.8147
	58550	2.8168
	58656	2.8175
	57696	2.8204
	57781	2.8214
	58463	2.8224
	58625	2.8233
	58918	2.8323
	58927	2.8342
	58751	2.836
	58467	2.8377
	57786	2.8435
	58607	2.8514
	58623	2.8514
	59663	2.8518
	58455	2.8542
	51377	2.8642
	58531	2.8654
	57872	2.8679
	58942	2.871
	58923	2.8715
	57779	2.8729
	58828	2.8772
	59269	2.8773
	58652	2.8779
	59088	2.8793
	58563	2.8823
	58657	2.8842
	58546	2.8851
	58548	2.8853
	58547	2.8863
	59457	2.8867
	59137	2.8875
	57846	2.8893
	58659	2.8902
	57768	2.8915
	58519	2.8939
	57798	2.8953
	57841	2.8954
	59037	2.9025
	57792	2.9027
	58523	2.9029
	51628	2.9031
	58568	2.9044
	58452	2.9089
	57769	2.9094
	57780	2.911
	58530	2.9118
	58940	2.9143
	58569	2.9155
	58836	2.9157
	51334	2.9182
	58626	2.9187
	58843	2.9193
	57766	2.9198
	58658	2.9289
	58752	2.929
	58616	2.9302
	58629	2.9312
	58517	2.9318
	51629	2.9344
	51656	2.9353
	58558	2.9368
	51568	2.9398
	59256	2.944
	58562	2.9511
	58543	2.963
	57894	2.964
	58635	2.9643
	57871	2.9661
	59094	2.9685
	58622	2.9693
	58544	2.9713
	58624	2.9713
	59454	2.9761
	58618	2.9788
	59126	2.9839
	58921	2.9852
	58710	2.9878
	57851	2.9884
	59033	2.989
	58549	2.992
	58508	2.9959
	59452	2.9967
	57875	2.9978
	58634	3.0064
	58555	3.0124
	58846	3.0132
	58646	3.014
	58848	3.0151
	57882	3.0152
	58906	3.0182
	57881	3.022
	57868	3.0237
	57758	3.0253
	57777	3.0296
	59091	3.0298
	51434	3.0368
	58912	3.0377
	57853	3.0378
	59441	3.0379
	51329	3.042
	59034	3.0425
	57989	3.0468
	57886	3.0474
	58654	3.0501
	53735	3.0518
	58905	3.057
	58556	3.0578
	51431	3.0602
	58819	3.0642
	59235	3.0656
	59249	3.0694
	59254	3.0702
	59264	3.071
	57874	3.0758
	58559	3.0761
	59133	3.0763
	57994	3.0847
	58619	3.0878
	58932	3.0902
	59288	3.0909
	58941	3.0935
	57767	3.0946
	58529	3.0946
	58712	3.0986
	58620	3.0988
	58742	3.0992
	59276	3.1001
	57876	3.1002
	58826	3.1019
	58754	3.1041
	58537	3.1052
	58824	3.1052
	59230	3.108
	58844	3.1091
	58633	3.1097
	58609	3.1101
	51328	3.1103
	53730	3.1111
	58944	3.1125
	57996	3.1138
	57891	3.1152
	57896	3.1203
	58701	3.1236
	58608	3.1243
	59134	3.1253
	58606	3.1288
	58946	3.1307
	57845	3.1309
	59266	3.1366
	58527	3.1368
	57859	3.1373
	58749	3.1373
	53740	3.1374
	53619	3.1377
	57936	3.1405
	59238	3.1442
	57867	3.1494
	53732	3.155
	53723	3.1562
	59279	3.1592
	57778	3.1649
	59265	3.1663
	58631	3.1734
	59075	3.1737
	57870	3.1792
	58818	3.1799
	58845	3.1818
	57993	3.182
	57942	3.1826
	59081	3.185
	57887	3.1879
	59246	3.1907
	59451	3.1981
	57971	3.2006
	59082	3.2025
	59271	3.2033
	58911	3.2149
	58614	3.216
	58750	3.2228
	58834	3.2237
	57973	3.2356
	57992	3.2368
	57948	3.2534
	57988	3.2543
	58903	3.2573
	57974	3.2594
	57883	3.2606
	58933	3.2643
	51369	3.2672
	58747	3.2712
	57889	3.2717
	57799	3.2762
	58644	3.2899
	58714	3.2938
	58822	3.2953
	58823	3.3032
	53725	3.3053
	51463	3.3124
	57991	3.3125
	57981	3.3151
	58746	3.3165
	58847	3.3202
	57960	3.3284
	59046	3.3342
	57857	3.3347
	58736	3.3374
	59023	3.3424
	51238	3.3509
	57985	3.3588
	58744	3.3653
	58737	3.3658
	57990	3.3745
	58821	3.3833
	57958	3.3881
	58804	3.3886
	57966	3.394
	58647	3.397
	57947	3.3974
	57899	3.3987
	57965	3.4008
	59051	3.4054
	57866	3.4141
	58704	3.416
	59072	3.4252
	57972	3.4276
	58820	3.4296
	59045	3.4337
	59047	3.4405
	58806	3.4417
	57975	3.4489
	58748	3.4499
	59065	3.4514
	59038	3.4555
	57955	3.4588
	59052	3.4601
	58735	3.4751
	59255	3.4808
	57962	3.4932
	59453	3.4965
	58730	3.5103
	58745	3.5162
	59044	3.5216
	59059	3.524
	59241	3.5251
	57976	3.5261
	57956	3.5278
	58731	3.5279
	57895	3.5445
	59074	3.5478
	58814	3.5631
	59071	3.5706
	58706	3.5788
	58813	3.5843
	59031	3.5887
	57969	3.5895
	57865	3.5908
	57957	3.5943
	59242	3.5961
	59041	3.6004
	59057	3.6114
	57954	3.6169
	57964	3.6348
	57978	3.6552
	59055	3.6583
	58715	3.6638
	59053	3.6708
	58719	3.6983
	59058	3.7144
	59063	3.7479
	59064	3.7652
	58725	3.7796
	59061	3.8961
	53674	4.64
