	59847	-2.2310399999999997
	57317	-2.12172
	59838	-2.11068
	52765	-2.04156
	59419	-2.02668
	54607	-1.98048
	57318	-1.95912
	57414	-1.8711599999999997
	56152	-1.7884799999999998
	56094	-1.76268
	59750	-1.72272
	52862	-1.68468
	53192	-1.66344
	57713	-1.64904
	57415	-1.64544
	54115	-1.6048799999999999
	54026	-1.54536
	56125	-1.5110400000000002
	57483	-1.4978399999999998
	54531	-1.4868000000000001
	52645	-1.4744399999999998
	57720	-1.45812
	56164	-1.4528400000000001
	57119	-1.45224
	50937	-1.43928
	59017	-1.4278799999999998
	54943	-1.4228399999999999
	54707	-1.41432
	57420	-1.4038799999999998
	57324	-1.3948800000000001
	50739	-1.39476
	57041	-1.38888
	56029	-1.37652
	57026	-1.34928
	57577	-1.34724
	54945	-1.3390799999999998
	57486	-1.3371600000000001
	51717	-1.33704
	59427	-1.3298400000000001
	54709	-1.3121999999999998
	57022	-1.3075199999999998
	54616	-1.3056
	54024	-1.30356
	57027	-1.29924
	56144	-1.27428
	57411	-1.2572400000000001
	56146	-1.2558
	57328	-1.25124
	54533	-1.2423600000000001
	57124	-1.23396
	54213	-1.2249599999999998
	55437	-1.22352
	59849	-1.22172
	57253	-1.21344
	54706	-1.19844
	57405	-1.19532
	54736	-1.17648
	59940	-1.16676
	54603	-1.1574
	57481	-1.1570399999999998
	51826	-1.15656
	51707	-1.152
	51931	-1.14492
	57106	-1.14468
	57389	-1.14264
	53588	-1.13916
	54836	-1.13856
	56095	-1.1352
	54031	-1.12812
	59951	-1.12608
	51470	-1.1230799999999999
	54437	-1.11936
	57268	-1.10868
	58040	-1.10724
	51058	-1.09716
	57388	-1.077
	56016	-1.06404
	51629	-1.06296
	54534	-1.05636
	57574	-1.04844
	51818	-1.041
	57037	-1.04004
	57033	-1.0344
	57126	-1.0308
	54633	-1.0254
	54729	-1.02036
	53596	-1.01772
	54611	-1.0146
	54610	-1.01316
	57035	-1.00068
	50844	-0.9961199999999999
	57251	-0.99276
	57025	-0.9813599999999999
	57320	-0.9791999999999998
	57575	-0.97908
	54027	-0.9738
	50548	-0.9696
	54622	-0.966
	53692	-0.9636
	51839	-0.9618
	53950	-0.9580799999999999
	56018	-0.9559199999999999
	57482	-0.9528
	57314	-0.9519599999999999
	54940	-0.95148
	54708	-0.9463199999999999
	57029	-0.9438
	57431	-0.9432
	53861	-0.93912
	51059	-0.9365999999999999
	53681	-0.9288
	54777	-0.92496
	53763	-0.92172
	57048	-0.92028
	54527	-0.91764
	56158	-0.90384
	52203	-0.90312
	54226	-0.9027599999999999
	57417	-0.89352
	53773	-0.8922
	54738	-0.8907599999999999
	57326	-0.8838
	54861	-0.88332
	54704	-0.88308
	57402	-0.87912
	57044	-0.87888
	57265	-0.87684
	54842	-0.8747999999999999
	57870	-0.8747999999999999
	51827	-0.87288
	51828	-0.8627999999999999
	53799	-0.8618399999999999
	53963	-0.8615999999999999
	51716	-0.86112
	57254	-0.8603999999999999
	54737	-0.85992
	51810	-0.8594399999999999
	57315	-0.85536
	54609	-0.84288
	54765	-0.83868
	59754	-0.83796
	57021	-0.83664
	53784	-0.8349599999999999
	53699	-0.83136
	50934	-0.8221200000000001
	54833	-0.8216399999999999
	54517	-0.81864
	54766	-0.81852
	54601	-0.8172
	57260	-0.81648
	57306	-0.8121599999999999
	51708	-0.8118
	54624	-0.80544
	51469	-0.80316
	50936	-0.80196
	50913	-0.80064
	53964	-0.80052
	54102	-0.80028
	54832	-0.79944
	51704	-0.7938
	52998	-0.79008
	51639	-0.78792
	54857	-0.7848
	54606	-0.78372
	54602	-0.78072
	57329	-0.77976
	57494	-0.77676
	58041	-0.76944
	52853	-0.76728
	59007	-0.7614
	57566	-0.7601999999999999
	57256	-0.75804
	57003	-0.7562399999999999
	51829	-0.7541999999999999
	50742	-0.75408
	57425	-0.75336
	51886	-0.75204
	58034	-0.7503599999999999
	54713	-0.7502399999999999
	59948	-0.74664
	54532	-0.7464
	56034	-0.74268
	57309	-0.74064
	57102	-0.7402799999999999
	57007	-0.7398
	57339	-0.7386
	54702	-0.73548
	56171	-0.73368
	57156	-0.71916
	52643	-0.7178399999999999
	54406	-0.7167600000000001
	54774	-0.71328
	51628	-0.71208
	55655	-0.70872
	57510	-0.70416
	54734	-0.70272
	51655	-0.7008
	57208	-0.6985199999999999
	57475	-0.6975600000000001
	57416	-0.6971999999999999
	54851	-0.6969599999999999
	56021	-0.69264
	57584	-0.6902400000000001
	57028	-0.6889200000000001
	57851	-0.6884399999999999
	54627	-0.68784
	57016	-0.6862799999999999
	56091	-0.68616
	57042	-0.6824399999999999
	57110	-0.68208
	51369	-0.6782400000000001
	52101	-0.67152
	53829	-0.66996
	58036	-0.66924
	57469	-0.66864
	54513	-0.66648
	54852	-0.666
	54909	-0.6658799999999999
	57213	-0.6632399999999999
	57155	-0.66192
	54225	-0.66132
	53673	-0.6573599999999999
	54731	-0.65604
	53945	-0.65592
	54520	-0.65484
	54776	-0.65352
	51572	-0.64884
	57024	-0.6449999999999999
	57188	-0.64404
	57502	-0.64332
	57432	-0.64272
	54613	-0.6426
	54412	-0.6424799999999999
	54608	-0.64224
	53730	-0.6404399999999999
	57030	-0.63996
	56184	-0.63984
	53848	-0.63552
	56190	-0.6324
	51377	-0.63012
	56106	-0.62772
	57558	-0.62676
	54438	-0.6231599999999999
	50758	-0.6230399999999999
	57206	-0.6230399999999999
	57071	-0.6197999999999999
	54778	-0.61608
	53883	-0.6149999999999999
	53759	-0.61464
	57127	-0.61308
	57489	-0.61044
	50915	-0.60996
	56151	-0.6072
	57087	-0.60612
	53674	-0.606
	57023	-0.60588
	51855	-0.6051599999999999
	58847	-0.60408
	54812	-0.5963999999999999
	54631	-0.59016
	57031	-0.5857199999999999
	54472	-0.58524
	58047	-0.5800799999999999
	54853	-0.57756
	57345	-0.57456
	59449	-0.57396
	54214	-0.573
	51465	-0.5727599999999999
	53991	-0.5668799999999999
	54764	-0.56412
	54505	-0.5628
	54701	-0.5608799999999999
	58021	-0.5568
	54528	-0.55428
	51330	-0.5530799999999999
	56167	-0.55272
	59845	-0.55236
	59631	-0.5500799999999999
	53926	-0.54984
	53666	-0.54948
	51722	-0.54684
	52607	-0.5424
	52656	-0.5424
	57476	-0.54084
	54132	-0.5372399999999999
	54640	-0.5346
	59425	-0.53364
	59954	-0.5334
	54726	-0.53292
	54511	-0.53172
	57409	-0.5292
	57076	-0.52884
	58044	-0.52836
	58013	-0.5274
	50833	-0.52428
	53578	-0.5214
	56251	-0.52116
	54218	-0.5204399999999999
	57261	-0.51852
	56092	-0.5177999999999999
	59856	-0.5166
	56189	-0.51
	54855	-0.5089199999999999
	56147	-0.50196
	54703	-0.50184
	54705	-0.50124
	51636	-0.50064
	53785	-0.5001599999999999
	54936	-0.49944
	54615	-0.49824
	53644	-0.49776
	53777	-0.49716
	55773	-0.49559999999999993
	52661	-0.49476
	54719	-0.48660000000000003
	57871	-0.48635999999999996
	51581	-0.48563999999999996
	54660	-0.48324
	52885	-0.48144
	53689	-0.48131999999999997
	57387	-0.4782
	54710	-0.47795999999999994
	57194	-0.4762799999999999
	58004	-0.47472
	58002	-0.4746
	50939	-0.4732799999999999
	54522	-0.47148
	57162	-0.471
	57565	-0.47028000000000003
	52707	-0.46871999999999997
	53665	-0.46835999999999994
	57408	-0.46331999999999995
	51463	-0.46284
	53698	-0.46212
	56880	-0.46031999999999995
	52983	-0.45935999999999994
	53898	-0.45888
	54752	-0.45539999999999997
	54834	-0.45468
	53696	-0.45431999999999995
	57179	-0.45431999999999995
	56977	-0.45383999999999997
	54753	-0.45203999999999994
	53789	-0.44868
	57805	-0.44543999999999995
	58667	-0.44411999999999996
	50928	-0.44316
	56969	-0.44016
	57872	-0.44016
	53083	-0.43896
	56876	-0.43764000000000003
	56093	-0.43716
	53794	-0.43007999999999996
	53795	-0.42744
	56462	-0.42539999999999994
	54410	-0.42419999999999997
	59626	-0.42324
	56196	-0.42168
	50656	-0.41772000000000004
	57063	-0.41592
	57070	-0.4116
	52674	-0.41100000000000003
	54846	-0.41052
	54404	-0.40847999999999995
	54525	-0.3966
	53857	-0.39492
	56371	-0.39372
	57004	-0.3924
	51542	-0.39011999999999997
	57020	-0.39011999999999997
	53925	-0.38904
	54755	-0.38868
	54906	-0.38772
	53690	-0.3822
	50525	-0.38148
	50940	-0.37883999999999995
	50431	-0.37823999999999997
	56168	-0.37788
	57461	-0.37728
	54917	-0.37668
	57466	-0.37488
	53961	-0.37416
	54204	-0.37392
	58035	-0.3714
	54751	-0.37068
	59758	-0.3702
	54286	-0.36972
	53998	-0.36948
	54584	-0.36923999999999996
	57714	-0.36816
	53735	-0.36708
	57511	-0.36528
	54510	-0.36516
	54486	-0.36419999999999997
	50526	-0.36396
	54618	-0.36347999999999997
	54801	-0.363
	57543	-0.36191999999999996
	54612	-0.36168
	54932	-0.36132
	56961	-0.35891999999999996
	57002	-0.35879999999999995
	55690	-0.35616
	57176	-0.35388
	53357	-0.3534
	57128	-0.35316
	58940	-0.35232
	50842	-0.35015999999999997
	51378	-0.34979999999999994
	57001	-0.34884
	51720	-0.34859999999999997
	54621	-0.34824
	52818	-0.34608
	53680	-0.34608
	50658	-0.34487999999999996
	53954	-0.34296
	53948	-0.34224
	54614	-0.34224
	52825	-0.34032
	57065	-0.34032
	50745	-0.33959999999999996
	57182	-0.33696
	54535	-0.33647999999999995
	54419	-0.33552
	57717	-0.33540000000000003
	52515	-0.33264
	53890	-0.33204
	54113	-0.32976
	53903	-0.32892
	56285	-0.3276
	57458	-0.32592
	51060	-0.32483999999999996
	56197	-0.32472
	53968	-0.324
	54902	-0.32387999999999995
	53676	-0.32315999999999995
	57040	-0.32232
	57401	-0.32183999999999996
	54012	-0.31823999999999997
	54644	-0.315
	53782	-0.31464
	57663	-0.3138
	58038	-0.31283999999999995
	51437	-0.3114
	54234	-0.31055999999999995
	51573	-0.31032
	54724	-0.30983999999999995
	51328	-0.30888
	57038	-0.30863999999999997
	57564	-0.30815999999999993
	56976	-0.30708
	50514	-0.30396
	54626	-0.30383999999999994
	54722	-0.30263999999999996
	57257	-0.30168
	58020	-0.30144
	54837	-0.29975999999999997
	54514	-0.29352
	58022	-0.2928
	51438	-0.29172
	54871	-0.29172
	53941	-0.29052
	57043	-0.2904
	57093	-0.28536
	54539	-0.28452
	58319	-0.28043999999999997
	50945	-0.28008
	52908	-0.27827999999999997
	53881	-0.27732
	59477	-0.2748
	58011	-0.27455999999999997
	54849	-0.27324
	57661	-0.27324
	57052	-0.27155999999999997
	52652	-0.27048
	54749	-0.27
	57308	-0.26976
	51709	-0.26916
	57008	-0.26868
	56137	-0.26711999999999997
	50659	-0.26604
	57491	-0.2646
	51379	-0.26364
	53678	-0.26328
	51482	-0.26292
	53723	-0.26171999999999995
	50852	-0.25968
	58150	-0.25955999999999996
	57573	-0.25776
	54811	-0.25752
	56181	-0.2562
	57842	-0.25536
	57582	-0.25416
	58003	-0.25236
	59653	-0.25116
	53780	-0.25104
	56081	-0.25104
	58306	-0.24839999999999998
	51633	-0.24719999999999998
	53695	-0.24372
	52993	-0.24287999999999998
	57292	-0.24096
	53894	-0.23903999999999997
	56982	-0.23676
	53677	-0.23567999999999997
	57185	-0.23567999999999997
	53756	-0.23556
	53993	-0.23507999999999998
	54910	-0.23412
	56263	-0.23171999999999998
	57099	-0.22583999999999999
	54499	-0.22512
	52784	-0.22391999999999998
	54723	-0.2238
	56195	-0.22355999999999998
	53685	-0.22284
	54523	-0.22224
	53944	-0.22188
	57562	-0.22175999999999998
	53590	-0.22092
	54841	-0.22092
	54503	-0.21864
	53691	-0.21564
	54399	-0.20939999999999998
	51811	-0.20856
	50832	-0.20568
	54632	-0.20423999999999998
	58327	-0.20423999999999998
	57175	-0.20316
	50524	-0.19956
	53798	-0.19764
	53797	-0.19307999999999997
	54636	-0.18996
	54907	-0.18984
	53810	-0.18888000000000002
	53957	-0.18864
	58932	-0.18864
	54223	-0.18372000000000002
	51431	-0.18312
	53959	-0.183
	57080	-0.18288000000000001
	57385	-0.18144
	58048	-0.1788
	54804	-0.17736
	57094	-0.177
	57571	-0.17159999999999997
	54810	-0.17148
	54662	-0.16979999999999998
	54117	-0.16907999999999998
	57184	-0.16872
	59854	-0.16691999999999999
	51076	-0.16620000000000001
	57186	-0.16056
	58026	-0.15911999999999998
	51777	-0.1566
	57732	-0.1566
	54816	-0.15324000000000002
	54507	-0.14904
	53519	-0.1482
	52863	-0.14736
	51711	-0.14651999999999998
	54506	-0.14448
	57178	-0.14436
	57361	-0.14364
	57096	-0.14232
	57271	-0.14135999999999999
	54308	-0.14076
	57303	-0.13835999999999998
	57307	-0.1362
	53584	-0.13584
	57134	-0.13427999999999998
	54803	-0.13416
	56284	-0.13235999999999998
	57072	-0.13212
	57662	-0.13127999999999998
	57204	-0.13068
	54416	-0.126
	56844	-0.126
	57187	-0.12539999999999998
	51477	-0.12503999999999998
	56183	-0.12359999999999999
	54843	-0.12323999999999999
	57585	-0.12108
	51642	-0.12083999999999999
	53599	-0.11988
	59211	-0.1188
	51358	-0.11772
	57144	-0.11772
	50655	-0.11628
	53908	-0.11628
	57196	-0.11592
	52657	-0.11424000000000001
	50727	-0.11375999999999999
	53753	-0.11315999999999998
	57658	-0.11267999999999999
	58316	-0.11112
	51356	-0.1098
	54826	-0.1098
	54619	-0.10727999999999999
	54432	-0.10572
	59650	-0.10200000000000001
	56116	-0.09912
	52602	-0.09876
	53783	-0.09863999999999999
	56966	-0.09803999999999999
	57238	-0.09672
	54914	-0.0966
	58666	-0.09635999999999999
	58752	-0.09276
	53791	-0.0924
	53852	-0.09204
	57074	-0.09156
	54449	-0.09047999999999999
	57274	-0.08916
	57541	-0.08916
	53896	-0.08819999999999999
	56097	-0.08639999999999999
	54830	-0.08376
	53897	-0.08316
	50838	-0.08052000000000001
	54620	-0.07812000000000001
	53687	-0.07487999999999999
	54725	-0.07476
	52995	-0.07464
	53693	-0.07464
	57485	-0.07428
	51815	-0.07236
	53934	-0.07188
	53740	-0.07139999999999999
	58143	-0.07139999999999999
	50851	-0.07128
	56096	-0.07128
	53593	-0.06948
	57006	-0.06924
	53983	-0.06588
	51644	-0.06432
	53705	-0.06011999999999999
	53697	-0.05964
	54334	-0.05928
	56187	-0.0564
	54518	-0.05532
	54186	-0.05436
	53949	-0.05424
	56046	-0.05279999999999999
	53580	-0.05196
	52633	-0.05028
	53518	-0.050159999999999996
	58760	-0.04956
	53788	-0.048119999999999996
	53955	-0.04584
	57055	-0.04512
	53195	-0.04463999999999999
	54429	-0.0408
	54455	-0.03972
	57066	-0.03492
	52869	-0.03372
	58005	-0.03204
	57211	-0.0312
	58208	-0.031079999999999997
	51053	-0.03072
	58001	-0.028319999999999998
	57189	-0.0282
	58147	-0.027
	54530	-0.026279999999999998
	50646	-0.025679999999999998
	58131	-0.02292
	57217	-0.022319999999999996
	53917	-0.020759999999999997
	57012	-0.0198
	57514	-0.01848
	58030	-0.018359999999999998
	58025	-0.01776
	54605	-0.01752
	53796	-0.01656
	57304	-0.01572
	59015	-0.01512
	54475	-0.015
	58329	-0.01272
	55228	-0.010079999999999999
	53582	-0.009359999999999999
	57363	-0.009359999999999999
	57105	-0.00768
	57091	-0.005399999999999999
	57294	-0.004679999999999999
	53774	-0.00132
	53682	-6.0E-4
	56172	0.0
	57285	0.0016799999999999999
	50858	0.0018
	58401	0.0018
	57242	0.00564
	58049	0.006719999999999999
	54700	0.0074399999999999996
	57154	0.00912
	53942	0.0096
	54714	0.01032
	51571	0.010799999999999999
	58214	0.01248
	57233	0.01308
	57545	0.014519999999999998
	53576	0.01596
	57011	0.0174
	53947	0.0186
	54569	0.02124
	57464	0.0234
	54908	0.02376
	57710	0.023880000000000002
	57140	0.025079999999999998
	53893	0.026279999999999998
	51365	0.02928
	58320	0.03
	53499	0.03576
	57868	0.03576
	58222	0.036359999999999996
	58848	0.03696
	53475	0.03708
	59635	0.03708
	53850	0.03876
	54433	0.039119999999999995
	57492	0.04164
	53992	0.04284
	53976	0.043559999999999995
	50445	0.04452
	53457	0.0468
	59647	0.0474
	56272	0.05363999999999999
	58027	0.05363999999999999
	56666	0.053880000000000004
	53930	0.05628
	58330	0.056999999999999995
	53790	0.05832
	58108	0.061799999999999994
	56180	0.06372
	58210	0.06659999999999999
	59655	0.06696
	54820	0.06804
	59475	0.07608
	54502	0.07836
	54645	0.08076
	53889	0.0816
	56885	0.0816
	57736	0.08195999999999999
	54575	0.08328
	57247	0.08411999999999999
	53892	0.08424
	54493	0.08471999999999999
	51329	0.0894
	53868	0.09072
	53611	0.09119999999999999
	58125	0.09215999999999999
	52988	0.09419999999999999
	52754	0.09516
	58301	0.09852000000000001
	57034	0.10284
	54939	0.10343999999999999
	58132	0.10368000000000001
	53343	0.10392
	56186	0.10896
	54597	0.10908
	52737	0.10932
	53751	0.11244
	50877	0.11267999999999999
	59462	0.11472
	53975	0.11507999999999999
	51467	0.11532
	53979	0.11652
	54321	0.11652
	54628	0.11748
	56004	0.11783999999999999
	54716	0.11807999999999999
	53995	0.12023999999999999
	53891	0.12108
	58658	0.1212
	54596	0.12191999999999999
	57460	0.12191999999999999
	57846	0.12228
	53869	0.12503999999999998
	53856	0.12827999999999998
	53484	0.12947999999999998
	53579	0.12972
	57722	0.13104
	56178	0.13127999999999998
	54236	0.13416
	54423	0.13463999999999998
	54266	0.13488
	53725	0.13692
	54935	0.13871999999999998
	53956	0.13932
	52745	0.13943999999999998
	58140	0.14159999999999998
	58665	0.14208
	56082	0.14328
	57606	0.14496
	56173	0.14579999999999999
	58656	0.14748
	56267	0.14892
	57390	0.15024
	55294	0.15072
	58223	0.15384
	59654	0.15552
	55664	0.15684
	53433	0.15864
	57731	0.1602
	58015	0.16032
	53594	0.16668
	57281	0.1692
	58130	0.16956000000000002
	57197	0.17016
	56227	0.17123999999999998
	51068	0.17159999999999997
	52546	0.17207999999999998
	56948	0.1722
	56665	0.17604
	57198	0.17688
	51436	0.17808
	56674	0.18059999999999998
	53738	0.18144
	54431	0.18192
	54829	0.18468
	57169	0.18552
	52980	0.18624
	58323	0.18768
	51434	0.18839999999999998
	57232	0.18911999999999998
	53806	0.18948
	53727	0.18971999999999997
	54823	0.19044
	58024	0.19152
	58207	0.19187999999999997
	54424	0.1932
	56357	0.19332
	52576	0.19571999999999998
	56198	0.19607999999999998
	58017	0.1974
	54927	0.20003999999999997
	57671	0.20027999999999999
	58326	0.20136
	53478	0.20220000000000002
	54047	0.20328
	58215	0.20664
	53866	0.20712
	54259	0.20712
	54903	0.20772
	54331	0.20892
	58007	0.20987999999999998
	53512	0.21048
	58664	0.21059999999999998
	54453	0.21216000000000002
	54904	0.21384
	51802	0.21395999999999998
	54918	0.21468
	57153	0.21708
	58659	0.21803999999999998
	57942	0.21875999999999998
	54319	0.222
	52787	0.2244
	53488	0.22691999999999998
	58321	0.22704
	53817	0.22764
	54807	0.22799999999999998
	52866	0.2316
	59453	0.23207999999999998
	52557	0.2334
	55493	0.23723999999999998
	53962	0.23747999999999997
	57437	0.2394
	53877	0.24203999999999998
	54800	0.24396
	54171	0.24492
	56185	0.24563999999999997
	52895	0.24588
	57047	0.24612
	52889	0.24719999999999998
	57378	0.24744
	57493	0.24876
	59658	0.2502
	54822	0.25068
	57177	0.25355999999999995
	56989	0.25392
	58104	0.25644
	58045	0.25655999999999995
	57741	0.25739999999999996
	54237	0.25752
	53529	0.2586
	52679	0.25884
	50756	0.26244
	53910	0.26244
	58100	0.26304
	53602	0.26316
	53982	0.26316
	57180	0.26652
	50750	0.26748
	53821	0.2682
	50946	0.26964
	52986	0.27011999999999997
	54814	0.27096
	57462	0.27204
	54519	0.27396
	53775	0.27876
	58754	0.28008
	53660	0.28308
	54134	0.2844
	50755	0.28464
	57245	0.28656
	57053	0.28812
	59470	0.2904
	59130	0.29184
	53764	0.29244
	53547	0.29316
	54712	0.294
	56033	0.29412
	50247	0.29448
	57313	0.2946
	56288	0.29592
	58145	0.29592
	52996	0.29651999999999995
	58109	0.29748
	56084	0.29784
	56669	0.3
	58331	0.3
	54311	0.30012
	53707	0.30251999999999996
	54604	0.30491999999999997
	53732	0.30623999999999996
	50442	0.30636
	54828	0.30863999999999997
	57723	0.30863999999999997
	58843	0.309
	50854	0.30935999999999997
	58138	0.31032
	51495	0.31188
	57941	0.31415999999999994
	53792	0.31536
	56898	0.31728
	57407	0.31968
	53860	0.32015999999999994
	54261	0.32195999999999997
	50527	0.32208000000000003
	53996	0.32232
	52797	0.32255999999999996
	58234	0.32687999999999995
	57181	0.32712
	59664	0.32712
	53399	0.32724
	54290	0.32880000000000004
	54817	0.3294
	53757	0.33024
	50954	0.33408
	58016	0.33612000000000003
	50879	0.33792
	52713	0.33827999999999997
	53786	0.33984
	53958	0.34008
	58128	0.34404
	54135	0.34415999999999997
	52884	0.34692
	58529	0.34692
	53886	0.34764
	54349	0.34836
	54821	0.34896
	53875	0.35196
	57290	0.35291999999999996
	56109	0.35304
	53967	0.35316
	54540	0.35316
	50950	0.354
	54494	0.35472
	53895	0.35831999999999997
	54808	0.36
	54521	0.36024
	53574	0.363
	56873	0.36479999999999996
	54501	0.36504000000000003
	54285	0.36636
	58102	0.3666
	54434	0.36708
	53491	0.36851999999999996
	57513	0.36851999999999996
	58202	0.36863999999999997
	53754	0.36911999999999995
	57743	0.36948
	57348	0.37032
	57520	0.3714
	56079	0.37272
	56985	0.37272
	54428	0.37379999999999997
	57086	0.37548
	57237	0.37848
	58402	0.37872
	54474	0.37943999999999994
	57295	0.37943999999999994
	54568	0.3804
	58012	0.38111999999999996
	59314	0.3828
	56257	0.3834
	56886	0.38436
	54292	0.38495999999999997
	57477	0.38604
	59124	0.3864
	57865	0.38724
	56194	0.38808000000000004
	50647	0.38952
	59476	0.39024
	58006	0.39192
	53480	0.39540000000000003
	53845	0.39540000000000003
	57544	0.39552
	59429	0.39648
	53776	0.39672
	51367	0.39683999999999997
	57057	0.39708000000000004
	57540	0.3972
	57604	0.3978
	56067	0.39827999999999997
	57857	0.4008
	53455	0.40104
	57554	0.40392
	53772	0.40487999999999996
	54717	0.40596
	57734	0.40656
	51814	0.4068
	53927	0.40775999999999996
	56223	0.40775999999999996
	57195	0.40872
	57438	0.40884
	57249	0.41519999999999996
	51133	0.41544
	57669	0.41759999999999997
	58620	0.41856
	53513	0.41892
	53970	0.41988
	54563	0.42047999999999996
	54335	0.42144
	59656	0.42168
	57192	0.42179999999999995
	50468	0.42312
	52985	0.42492
	54263	0.42588
	57191	0.43019999999999997
	58929	0.43032
	58335	0.43128
	57841	0.43176
	54318	0.43271999999999994
	57216	0.43271999999999994
	51705	0.43368
	56565	0.43416
	58212	0.43464
	54249	0.43476
	57771	0.43584
	57173	0.43644
	58111	0.43679999999999997
	57506	0.43692
	59421	0.43824
	54430	0.43907999999999997
	57014	0.43992
	52836	0.44244
	59133	0.444
	57643	0.44471999999999995
	52875	0.44556
	54925	0.44796
	51238	0.45083999999999996
	54267	0.45096
	54195	0.45216
	54623	0.45276
	53517	0.4536
	54301	0.45888
	53464	0.45899999999999996
	58241	0.45983999999999997
	56487	0.46031999999999995
	56459	0.46188
	58238	0.46331999999999995
	54325	0.46415999999999996
	59855	0.46463999999999994
	53929	0.4656
	57143	0.4674
	58314	0.46799999999999997
	56386	0.46824
	58935	0.46824
	54371	0.46848
	53659	0.46992
	53492	0.4716
	57095	0.47267999999999993
	54900	0.47687999999999997
	53978	0.47856
	52963	0.48
	57377	0.48084
	57605	0.4818
	59640	0.48263999999999996
	54039	0.48624
	58008	0.48635999999999996
	58135	0.48635999999999996
	53276	0.48744
	50867	0.48888
	56496	0.48912
	56228	0.48947999999999997
	50603	0.48984
	56973	0.48984
	58032	0.48995999999999995
	54420	0.49367999999999995
	57687	0.49367999999999995
	52978	0.49476
	54252	0.49644
	57866	0.49679999999999996
	59848	0.49895999999999996
	57082	0.49956
	54454	0.49967999999999996
	57132	0.49967999999999996
	57678	0.50076
	53768	0.50088
	54324	0.50124
	52982	0.5014799999999999
	57060	0.50268
	58221	0.504
	57355	0.50436
	57398	0.50544
	54041	0.51036
	53771	0.51096
	54320	0.513
	53865	0.51408
	53928	0.51504
	54273	0.5161199999999999
	55696	0.51672
	54316	0.5179199999999999
	50862	0.5202
	59632	0.52104
	54337	0.5214
	51765	0.5221199999999999
	57297	0.52284
	53614	0.52404
	57903	0.52584
	54377	0.53268
	50557	0.53388
	53498	0.53496
	53853	0.53496
	56992	0.53616
	50564	0.5385599999999999
	56871	0.54108
	54351	0.5412
	53664	0.5418
	50774	0.54192
	50963	0.54552
	58235	0.54792
	57803	0.5504399999999999
	50956	0.5505599999999999
	54231	0.55092
	54541	0.5526
	53874	0.55296
	54802	0.55368
	53770	0.55428
	58146	0.55512
	53472	0.55584
	58220	0.5562
	59469	0.5565599999999999
	57875	0.55872
	58629	0.56064
	59757	0.561
	53348	0.5620799999999999
	53610	0.5624399999999999
	58107	0.56412
	57876	0.5650799999999999
	57853	0.5654399999999999
	59126	0.56868
	56493	0.5688
	54386	0.5723999999999999
	58414	0.57336
	53899	0.5783999999999999
	57900	0.5783999999999999
	56188	0.57912
	51145	0.57996
	53466	0.5817599999999999
	51334	0.5861999999999999
	56958	0.58728
	57763	0.58836
	57813	0.5892
	52874	0.58932
	56396	0.58944
	52876	0.5922
	57046	0.59328
	56567	0.59688
	53704	0.5990399999999999
	58141	0.6048
	58934	0.60804
	54374	0.6089999999999999
	56278	0.6098399999999999
	53938	0.61272
	58420	0.6184799999999999
	50618	0.6222
	57045	0.6230399999999999
	52323	0.6248400000000001
	58101	0.6248400000000001
	51156	0.6296400000000001
	53486	0.6304799999999999
	53467	0.63684
	57679	0.6392399999999999
	58418	0.6402
	51359	0.6426
	51568	0.6451199999999999
	59659	0.64668
	54187	0.6486
	54172	0.6497999999999999
	53862	0.6499199999999999
	53336	0.65004
	53748	0.66012
	56045	0.6612
	56394	0.6617999999999999
	53618	0.66216
	57278	0.66264
	53646	0.66276
	54326	0.66396
	57674	0.6703199999999999
	59843	0.6704399999999999
	56962	0.67356
	57740	0.67392
	52681	0.6762
	57905	0.6765599999999999
	53916	0.67728
	58240	0.67752
	58334	0.67848
	57077	0.6802799999999999
	54181	0.6841200000000001
	56670	0.68652
	57447	0.6883199999999999
	56199	0.68904
	58116	0.69084
	54260	0.6910799999999999
	56763	0.6918
	53469	0.69552
	55680	0.6966
	51559	0.69948
	54471	0.7014
	57809	0.70152
	56761	0.70188
	52447	0.70272
	59478	0.70392
	54327	0.7048800000000001
	53577	0.7068
	57859	0.70752
	58844	0.70848
	54732	0.7122
	54920	0.7122
	53966	0.7128
	58336	0.7128
	54276	0.7129199999999999
	57084	0.71328
	53420	0.71436
	58126	0.71436
	58748	0.7152
	58944	0.7163999999999999
	57508	0.7167600000000001
	52984	0.71712
	54436	0.71748
	56182	0.7182000000000001
	57054	0.7188
	53923	0.71976
	57728	0.72264
	57061	0.7248
	57137	0.72732
	53615	0.72816
	59663	0.7283999999999999
	58341	0.72948
	56192	0.73044
	58264	0.7308
	53879	0.73296
	57039	0.73464
	57673	0.7371599999999999
	59319	0.7383599999999999
	57075	0.7443599999999999
	57396	0.7455599999999999
	59457	0.7458
	58251	0.74604
	59125	0.7477199999999999
	56290	0.74784
	53505	0.74928
	58118	0.74928
	57049	0.75096
	53663	0.75192
	50834	0.7535999999999999
	52313	0.75384
	58751	0.75408
	57279	0.75468
	57640	0.7562399999999999
	56875	0.75732
	56869	0.7576799999999999
	54844	0.75852
	59851	0.75912
	54169	0.76068
	57680	0.7610399999999999
	57614	0.76128
	57496	0.76344
	50425	0.7649999999999999
	59316	0.7682399999999999
	54497	0.7683599999999999
	56128	0.7699199999999999
	50948	0.77076
	58921	0.77184
	54072	0.77208
	53859	0.774
	54922	0.7748400000000001
	57359	0.7756799999999999
	53487	0.7764
	57896	0.7764
	54439	0.77964
	54142	0.7802399999999999
	58424	0.78072
	54476	0.7828799999999999
	53619	0.7833600000000001
	53864	0.78456
	54293	0.78456
	54617	0.78468
	50632	0.786
	57358	0.78708
	57818	0.78708
	59254	0.78852
	54711	0.78996
	54274	0.7903199999999999
	59025	0.79104
	59842	0.79212
	59451	0.7995599999999999
	53658	0.79968
	53490	0.80124
	57646	0.80172
	50884	0.8025599999999999
	58224	0.8028000000000001
	54718	0.80316
	59454	0.8036399999999999
	56395	0.80436
	59644	0.8088000000000001
	57395	0.81036
	51087	0.8108399999999999
	54901	0.8118
	56984	0.8134799999999999
	54049	0.8141999999999999
	57718	0.81504
	56752	0.8154
	59448	0.8172
	58148	0.81732
	51352	0.8184
	56867	0.8220000000000001
	53871	0.82236
	59324	0.82332
	59021	0.82356
	52833	0.8286
	59038	0.8293200000000001
	57293	0.83004
	56374	0.83052
	59306	0.83052
	57079	0.83064
	57056	0.83088
	57649	0.8353200000000001
	58923	0.8375999999999999
	52112	0.83796
	54825	0.8414400000000001
	59122	0.8447999999999999
	57816	0.8454
	53781	0.846
	57600	0.846
	56952	0.84624
	57399	0.8468399999999999
	57729	0.8469599999999999
	54092	0.8483999999999999
	59092	0.8487600000000001
	54590	0.8495999999999999
	57333	0.8502
	57368	0.85224
	52842	0.8541599999999999
	58660	0.85764
	50353	0.8627999999999999
	57183	0.86592
	56065	0.867
	53446	0.86784
	50955	0.8687999999999999
	56688	0.87
	57778	0.87108
	56286	0.8747999999999999
	58644	0.8752800000000001
	54938	0.876
	53937	0.8784
	57655	0.8784
	54916	0.879
	59012	0.87936
	51241	0.87996
	54398	0.8827200000000001
	53392	0.88632
	57507	0.88992
	56881	0.8904
	51567	0.89052
	53352	0.89184
	58230	0.89232
	57362	0.89328
	57699	0.894
	53986	0.89724
	58243	0.89856
	53878	0.8987999999999999
	52533	0.90096
	54579	0.9027599999999999
	54157	0.90552
	57698	0.9065999999999999
	58117	0.9065999999999999
	58519	0.90696
	57051	0.9073199999999999
	57902	0.90924
	59215	0.9107999999999999
	57657	0.91104
	52972	0.9112799999999999
	56774	0.9148799999999999
	54208	0.9156
	56298	0.9159599999999999
	57381	0.9163199999999999
	56863	0.9172799999999999
	52418	0.9212400000000001
	58225	0.9264
	58510	0.9269999999999999
	51353	0.9279599999999999
	50983	0.9288
	56444	0.9319199999999999
	54483	0.9329999999999999
	57682	0.9374399999999999
	56778	0.9392399999999999
	59131	0.9403199999999999
	57089	0.94236
	56786	0.94416
	57814	0.9444
	50639	0.94452
	56862	0.94452
	54805	0.9463199999999999
	53914	0.9493199999999999
	54346	0.9501599999999999
	57745	0.9548399999999999
	57081	0.9567599999999999
	57522	0.95772
	57296	0.95916
	54093	0.96144
	58750	0.96156
	56193	0.9640799999999999
	50960	0.9646799999999999
	58236	0.9646799999999999
	50962	0.9655199999999999
	57761	0.9665999999999999
	56766	0.96768
	57273	0.96984
	57912	0.9712799999999999
	53378	0.97224
	57637	0.97584
	56391	0.97704
	57911	0.97704
	54835	0.97764
	57666	0.9800399999999999
	50246	0.9826799999999999
	57129	0.9845999999999999
	57193	0.9845999999999999
	54929	0.9859199999999999
	56879	0.9862799999999999
	58619	0.9862799999999999
	58129	0.9872399999999999
	53984	0.9898799999999999
	56273	0.9898799999999999
	52267	0.99024
	58416	0.99144
	54069	0.993
	58340	0.993
	54401	1.0016399999999999
	58463	1.0026
	52896	1.0044
	59109	1.00656
	53617	1.0074
	54363	1.0082399999999998
	53533	1.0098
	58342	1.0098
	53974	1.0122
	57590	1.01316
	59270	1.0149599999999999
	54244	1.01544
	57098	1.01544
	50861	1.01724
	56764	1.0178399999999999
	57633	1.02048
	54154	1.0209599999999999
	58122	1.02348
	56569	1.02648
	56889	1.02792
	57772	1.02804
	59673	1.0284
	53564	1.02912
	54730	1.03344
	57113	1.0338
	52446	1.0362
	54470	1.0362
	57840	1.0368
	51232	1.03752
	51288	1.03836
	53565	1.03836
	57518	1.0395599999999998
	50958	1.0402799999999999
	58366	1.0431
	50566	1.0458
	58203	1.04676
	58242	1.04844
	57886	1.04856
	50859	1.04976
	59941	1.04988
	53985	1.0502399999999998
	54921	1.0512
	57767	1.053
	56664	1.0535999999999999
	57768	1.0535999999999999
	58311	1.0535999999999999
	58625	1.0549199999999999
	57349	1.05696
	58512	1.05816
	51357	1.05912
	53612	1.05912
	54064	1.06056
	56074	1.06104
	51526	1.06296
	58657	1.0661999999999998
	59269	1.06668
	58337	1.06812
	50434	1.0695599999999998
	54452	1.07304
	54065	1.07484
	58643	1.07616
	53884	1.07736
	50949	1.07784
	54063	1.07964
	53397	1.07976
	59310	1.08012
	59228	1.0802399999999999
	55585	1.0808399999999998
	57370	1.08228
	59001	1.08456
	57908	1.08468
	58568	1.08708
	58942	1.08768
	54425	1.09296
	54915	1.09344
	54165	1.09668
	54911	1.09692
	56443	1.09812
	57536	1.09944
	50965	1.09992
	54284	1.1004
	59502	1.10448
	58928	1.1058
	57811	1.10604
	58615	1.10796
	54076	1.10964
	58941	1.1128799999999999
	58205	1.11516
	58938	1.11564
	53502	1.11588
	58467	1.116
	57298	1.11636
	53994	1.11648
	55299	1.11864
	53769	1.1228399999999998
	58158	1.12356
	50741	1.12536
	58749	1.1298
	58602	1.131
	56043	1.13172
	57248	1.13208
	54923	1.1321999999999999
	56651	1.1335199999999999
	57827	1.1335199999999999
	56307	1.13364
	50349	1.1352
	53953	1.13544
	53367	1.1376
	58343	1.13772
	59280	1.13832
	53973	1.14072
	56996	1.1418
	54254	1.14528
	50673	1.1455199999999999
	56757	1.14696
	58907	1.14852
	58609	1.15392
	59229	1.15428
	56390	1.15488
	57634	1.15608
	50136	1.15956
	57777	1.16244
	56781	1.1654399999999998
	56792	1.1654399999999998
	50853	1.16628
	50674	1.16676
	58369	1.1675
	52943	1.17048
	54248	1.17156
	58257	1.1718
	58624	1.1754
	53989	1.17588
	57915	1.1761199999999998
	57754	1.1768399999999999
	59134	1.17696
	56777	1.17828
	53767	1.179
	58113	1.18188
	58562	1.18296
	57781	1.1860799999999998
	52575	1.18668
	57032	1.18896
	57085	1.1904
	56475	1.19364
	59107	1.1954399999999998
	58845	1.19772
	57581	1.19832
	53915	1.19928
	54333	1.2011999999999998
	53362	1.20144
	56748	1.20168
	51804	1.20216
	58254	1.20228
	58627	1.20408
	59488	1.20456
	58647	1.20528
	57586	1.2053999999999998
	56949	1.20636
	58338	1.20636
	57860	1.2086400000000002
	57583	1.21188
	59315	1.2126
	51186	1.2127199999999998
	58846	1.21716
	57796	1.2186000000000001
	57516	1.21992
	58249	1.21992
	59321	1.22016
	59093	1.22112
	57874	1.2230400000000001
	57603	1.2258
	59227	1.2259200000000001
	56986	1.2275999999999998
	59320	1.2314399999999999
	58501	1.2346799999999998
	58622	1.2352800000000002
	53575	1.23576
	53483	1.23864
	58646	1.2395999999999998
	53562	1.23972
	56671	1.23972
	57696	1.24104
	54338	1.24116
	57891	1.24152
	58468	1.2432
	57894	1.24536
	57642	1.24548
	54365	1.2468
	51435	1.2496800000000001
	56746	1.2567599999999999
	54362	1.25736
	54098	1.25904
	56854	1.25964
	54819	1.25988
	59473	1.26216
	52424	1.26516
	58429	1.26684
	53419	1.26744
	58237	1.26768
	57694	1.2690000000000001
	57523	1.26972
	58635	1.2702
	50880	1.2709199999999998
	53750	1.2709199999999998
	58926	1.2711599999999998
	51656	1.27344
	53854	1.2744
	56593	1.275
	58652	1.2758399999999999
	56499	1.27668
	58608	1.28424
	59268	1.2849599999999999
	58427	1.2855599999999998
	54156	1.28916
	55248	1.2902399999999998
	59945	1.2902399999999998
	56768	1.29216
	57906	1.293
	53997	1.29456
	58642	1.29456
	57792	1.29612
	58255	1.29924
	56297	1.3001999999999998
	57259	1.30104
	53522	1.30164
	58701	1.3022399999999998
	56276	1.30332
	59417	1.30332
	51243	1.30356
	57090	1.30632
	57498	1.30824
	59278	1.31064
	59493	1.31064
	56840	1.3121999999999998
	56296	1.3171199999999998
	53368	1.31832
	56775	1.3215599999999998
	53289	1.3224
	50973	1.32312
	54096	1.32492
	59446	1.3259999999999998
	54905	1.32612
	54815	1.32672
	50979	1.32744
	59266	1.32876
	59209	1.3292399999999998
	59099	1.33116
	54205	1.33224
	56399	1.33248
	58654	1.33296
	53906	1.3342800000000001
	50788	1.33896
	51137	1.34028
	59313	1.3432799999999998
	56652	1.34412
	53662	1.3444800000000001
	56872	1.34496
	57960	1.3459199999999998
	50871	1.3461599999999998
	58442	1.3464
	56793	1.35072
	57762	1.3508399999999998
	53988	1.3511999999999997
	58250	1.3526399999999998
	58353	1.3542
	54347	1.3578
	58600	1.36068
	58558	1.36128
	52974	1.36392
	58453	1.3644
	59137	1.3672799999999998
	56767	1.3755600000000001
	58265	1.37964
	59303	1.3831200000000001
	56383	1.3851600000000002
	56592	1.386
	56342	1.3871999999999998
	53553	1.3894799999999998
	54332	1.3896
	58742	1.39344
	58417	1.3938
	50767	1.3946399999999999
	57881	1.40004
	58557	1.4043599999999998
	58408	1.40544
	57744	1.40808
	51627	1.40832
	58601	1.4111999999999998
	59426	1.4142000000000001
	57735	1.41504
	53841	1.4172
	58409	1.41756
	53543	1.41936
	54342	1.4207999999999998
	54164	1.4212799999999999
	58362	1.4248
	56950	1.42656
	54806	1.4268
	59322	1.4309999999999998
	53337	1.43148
	58918	1.4316
	57609	1.43592
	58361	1.4369
	58462	1.4387
	56745	1.43892
	57981	1.43964
	53651	1.44168
	57505	1.44204
	59127	1.4427599999999998
	50775	1.4431199999999997
	59027	1.44492
	59471	1.44624
	57752	1.44708
	58527	1.4502
	52868	1.45128
	56376	1.4539199999999999
	56851	1.46112
	57916	1.4616
	56878	1.46328
	57083	1.46364
	54161	1.464
	57913	1.4703600000000001
	57927	1.4717999999999998
	58377	1.4761199999999999
	59288	1.4761199999999999
	54291	1.4764799999999998
	54192	1.4769599999999998
	50953	1.48104
	53981	1.48128
	50772	1.48272
	56782	1.4858399999999998
	58514	1.4863199999999999
	58837	1.488
	56836	1.4896800000000001
	56944	1.4896800000000001
	59264	1.49232
	59312	1.49508
	57991	1.497
	58559	1.4982
	59058	1.49964
	59094	1.50036
	57990	1.51332
	56080	1.51356
	55472	1.5147599999999999
	58127	1.5176399999999999
	58247	1.51884
	58507	1.51884
	54408	1.52112
	57595	1.52484
	54339	1.5250799999999998
	56478	1.53336
	54912	1.5393599999999998
	57719	1.5446399999999998
	56951	1.54752
	56382	1.5531599999999999
	57882	1.55532
	57517	1.55676
	59205	1.55688
	53324	1.55832
	53463	1.5594000000000001
	58946	1.5606
	58517	1.5643200000000002
	59265	1.5659999999999998
	57786	1.56828
	57738	1.56852
	57808	1.57416
	57971	1.57416
	57760	1.5751199999999999
	56842	1.5757199999999998
	58407	1.57608
	59318	1.5797999999999999
	56975	1.58148
	56849	1.5824399999999998
	58745	1.5829199999999999
	58710	1.5853199999999998
	58549	1.58616
	56697	1.5864
	58404	1.58688
	56378	1.5879599999999998
	53760	1.58928
	51468	1.59252
	53888	1.5955199999999998
	53545	1.596
	59480	1.5997199999999998
	58531	1.60164
	58605	1.6048799999999999
	57688	1.60548
	56571	1.60584
	56970	1.6068
	58550	1.6074
	59034	1.6092
	56954	1.61412
	58244	1.6152
	58139	1.6184399999999999
	58917	1.62012
	58912	1.62096
	59304	1.62516
	57769	1.6257599999999999
	57773	1.62648
	53885	1.62672
	50964	1.62996
	59249	1.63056
	56473	1.6332
	58903	1.635
	54336	1.6356
	58367	1.6364
	59271	1.63872
	59237	1.6390799999999999
	57439	1.6422
	56483	1.64232
	57806	1.64232
	56649	1.64664
	50878	1.65168
	59485	1.6579199999999998
	54715	1.6596
	58927	1.66128
	58356	1.66272
	57825	1.6635600000000001
	57739	1.668
	56755	1.6703999999999999
	56384	1.6729199999999997
	58360	1.67304
	54243	1.67388
	59452	1.67472
	58836	1.67736
	59256	1.67832
	57844	1.67856
	58633	1.68324
	58428	1.6836
	57800	1.68708
	58351	1.6889999999999998
	53567	1.6894799999999999
	57636	1.69332
	58457	1.69788
	59047	1.7030399999999999
	52955	1.7046000000000001
	50749	1.70844
	57343	1.7124
	53481	1.71336
	58500	1.71396
	56279	1.7140799999999998
	58508	1.7140799999999998
	58612	1.7148
	58569	1.71528
	54080	1.7182799999999998
	59238	1.71864
	58317	1.7196
	58503	1.72692
	50888	1.72716
	58547	1.74108
	53272	1.7436
	56742	1.74408
	57962	1.74576
	51346	1.74732
	58509	1.7474399999999999
	59235	1.7484
	58813	1.7528400000000002
	57835	1.7576399999999999
	59285	1.75824
	54818	1.7601600000000002
	50778	1.76088
	59298	1.76172
	53872	1.76196
	52856	1.7646
	55591	1.77252
	53787	1.77552
	57883	1.77576
	59218	1.77576
	59102	1.7791199999999998
	55589	1.78548
	57914	1.7888399999999998
	58618	1.78932
	57887	1.79268
	50978	1.79748
	56994	1.79856
	59096	1.80168
	57737	1.80216
	57608	1.80408
	59297	1.8049199999999999
	58459	1.80648
	57647	1.8073199999999998
	57499	1.80972
	58704	1.80972
	58565	1.81104
	57589	1.8124799999999999
	56247	1.81332
	58339	1.81596
	58421	1.8166799999999999
	58520	1.8192
	56389	1.8195599999999998
	59501	1.8205199999999997
	58555	1.82436
	59022	1.82652
	59279	1.83168
	59289	1.8341999999999998
	58537	1.8359999999999999
	50987	1.8365999999999998
	56882	1.83768
	59090	1.839
	57625	1.8406799999999999
	54919	1.84296
	55279	1.8467999999999998
	59116	1.8585599999999998
	57889	1.8586799999999999
	50985	1.8624
	56331	1.86492
	58693	1.8686399999999999
	58826	1.87068
	58839	1.87296
	58502	1.87656
	56785	1.87668
	56533	1.87824
	54727	1.8819599999999999
	53149	1.88424
	56654	1.88604
	57996	1.88688
	53231	1.8874799999999998
	52495	1.8879599999999999
	56202	1.89084
	57525	1.89096
	58822	1.89096
	58461	1.8931
	50873	1.89756
	58345	1.899
	58269	1.902
	51433	1.90356
	57598	1.9049999999999998
	56289	1.9052399999999998
	58828	1.90692
	57758	1.90956
	57766	1.9097999999999997
	55578	1.9112399999999998
	58626	1.91532
	58712	1.9172399999999998
	56584	1.9224
	58419	1.92336
	58735	1.9279199999999999
	57231	1.9317599999999997
	59487	1.93464
	59246	1.93476
	57779	1.9398
	56946	1.94616
	58344	1.94676
	50968	1.9498799999999998
	59117	1.9529999999999998
	56548	1.95432
	58546	1.96152
	59087	1.962
	57635	1.9626
	58707	1.9657199999999997
	54094	1.97016
	56995	1.97088
	59045	1.97592
	53882	1.9838399999999998
	56843	1.98684
	52957	1.99416
	56987	1.9945199999999998
	59213	1.9966799999999998
	59481	1.9971599999999998
	59293	1.9996800000000001
	58477	2.0004
	57509	2.0018399999999996
	58268	2.0090399999999997
	56480	2.0142
	59081	2.02164
	57742	2.02332
	58616	2.02644
	59294	2.02752
	59230	2.02872
	56964	2.02896
	56434	2.0298
	59441	2.046
	57623	2.0524799999999996
	57789	2.0585999999999998
	56594	2.0591999999999997
	55593	2.0634
	56870	2.06412
	56598	2.06544
	59224	2.0690399999999998
	58623	2.0691599999999997
	56788	2.07336
	58449	2.07996
	56582	2.08008
	56071	2.09244
	56643	2.094
	57907	2.09652
	58637	2.09868
	56645	2.11092
	57992	2.1138
	58834	2.11428
	58432	2.1165599999999998
	58246	2.11968
	58365	2.13
	58730	2.13564
	57612	2.136
	58744	2.1411599999999997
	59065	2.1456
	57822	2.14872
	57837	2.15604
	58824	2.16072
	56373	2.16648
	56474	2.16816
	57972	2.17392
	56295	2.1797999999999997
	58725	2.18148
	58631	2.1858
	53384	2.187
	58472	2.1888
	56751	2.19348
	58542	2.19732
	59492	2.19732
	57832	2.1975599999999997
	52968	2.19996
	57957	2.20572
	59004	2.2076399999999996
	59037	2.21616
	56790	2.21772
	58823	2.22024
	56891	2.22384
	59091	2.22468
	56839	2.22552
	56498	2.2266
	58607	2.22708
	58548	2.2308
	59023	2.2414799999999997
	59255	2.24232
	58431	2.24664
	56578	2.24952
	58632	2.25624
	56543	2.25648
	56838	2.259
	56596	2.2698
	58706	2.27112
	58358	2.27928
	57973	2.28036
	56991	2.28096
	57923	2.28204
	57829	2.28876
	50776	2.2926
	58433	2.29308
	56287	2.29812
	59088	2.29872
	58931	2.2998
	56381	2.3014799999999997
	58352	2.30256
	58570	2.30316
	59435	2.3109599999999997
	58484	2.31588
	57956	2.31672
	56739	2.31984
	58245	2.32368
	58818	2.32896
	57895	2.3298
	58819	2.34048
	58906	2.34156
	59276	2.34336
	56646	2.34504
	57067	2.3508
	58806	2.3532
	58464	2.35404
	58426	2.35584
	56281	2.36076
	56489	2.3615999999999997
	56312	2.36172
	58460	2.362
	59113	2.3628
	56846	2.3667599999999998
	58423	2.37132
	59106	2.37192
	58567	2.3808
	58563	2.38176
	58259	2.3826
	56693	2.3866799999999997
	58354	2.3876399999999998
	56280	2.39232
	57519	2.3929199999999997
	59114	2.39544
	58719	2.39568
	58746	2.40168
	59097	2.4099600000000003
	56580	2.41152
	58933	2.41356
	58905	2.4148799999999997
	58614	2.4169199999999997
	53880	2.42028
	56684	2.4307199999999995
	57899	2.43432
	56772	2.43516
	56641	2.4392400000000003
	59044	2.4421199999999996
	59041	2.45256
	57910	2.4597599999999997
	57798	2.4612000000000003
	59082	2.46144
	58606	2.47704
	58634	2.4807599999999996
	56978	2.50488
	58804	2.5056
	57845	2.5105199999999996
	53391	2.52024
	57921	2.5242
	58911	2.52744
	56675	2.5304399999999996
	59064	2.5328399999999998
	50787	2.53512
	59075	2.5374
	57954	2.53824
	58734	2.5463999999999998
	57994	2.5527599999999997
	59074	2.5578
	58814	2.5580399999999996
	59059	2.5604400000000003
	58747	2.56164
	59284	2.5624800000000003
	56756	2.57556
	56856	2.58168
	57821	2.58264
	58441	2.58636
	58530	2.6137200000000003
	58455	2.61612
	58346	2.61696
	58438	2.63352
	58820	2.63364
	57707	2.6450400000000003
	58534	2.64972
	59055	2.65992
	59500	2.66232
	57793	2.67576
	57708	2.67624
	56492	2.67864
	56380	2.682
	56586	2.70996
	58737	2.71224
	58456	2.71416
	57445	2.7167999999999997
	57958	2.71716
	58821	2.7215999999999996
	58543	2.72508
	59241	2.76156
	58454	2.7675599999999996
	58448	2.77056
	57964	2.77104
	59431	2.78484
	58731	2.7931199999999996
	57995	2.8038
	59287	2.8089600000000003
	58451	2.80932
	56387	2.8448399999999996
	58736	2.8508400000000003
	56835	2.8554
	58436	2.8722
	57947	2.87916
	59290	2.88132
	57988	2.8822799999999997
	59317	2.9028
	57776	2.9047199999999997
	59242	2.91096
	57451	2.92932
	58714	2.93172
	57537	2.93844
	58452	2.94516
	57909	2.9454
	58523	3.0036
	57926	3.01596
	59072	3.0193199999999996
	57949	3.05052
	58506	3.09072
	57834	3.09096
	50892	3.09468
	57824	3.10152
	59046	3.11244
	57867	3.1176
	58544	3.12348
	57936	3.1286400000000003
	59456	3.15504
	58359	3.1693199999999995
	58458	3.16956
	57948	3.17292
	56585	3.18984
	57774	3.1978799999999996
	57799	3.26604
	56673	3.27252
	59053	3.29952
	57993	3.3110399999999998
	57985	3.3324000000000003
	56595	3.34692
	57955	3.37872
	50779	3.42624
	59051	3.42756
	56883	3.43404
	58715	3.46164
	57839	3.4751999999999996
	59033	3.49212
	56691	3.49572
	59052	3.5170799999999995
	57932	3.55848
	58435	3.57204
	58446	3.5732399999999997
	58437	3.6537599999999997
	59071	3.69468
	58450	3.7053599999999998
	59031	3.7084799999999998
	56385	3.75228
	57780	3.7586399999999998
	57922	3.7802399999999996
	51701	3.81804
	58443	3.8958
	59063	4.09284
	57975	4.10088
	57974	4.19856
	59057	4.20696
	59061	4.4222399999999995
	57966	4.63848
	57969	4.8846
	57965	5.27124
