	54096	-2.132
	54338	-2.0721
	56869	-1.8639
	56952	-1.8377
	56444	-1.7197
	54513	-1.6638
	56948	-1.6501
	56567	-1.6282
	54455	-1.6193
	53573	-1.5939
	54596	-1.5892
	53753	-1.5755
	53886	-1.5693
	53970	-1.5655
	53698	-1.5392
	56178	-1.533
	56977	-1.5316
	54594	-1.5286
	56251	-1.5152
	54323	-1.4767
	56867	-1.4759
	54226	-1.4549
	56565	-1.4504
	54511	-1.4443
	54505	-1.4402
	56961	-1.4387
	54337	-1.4367
	54225	-1.4263
	53584	-1.4262
	54334	-1.4251
	53691	-1.423
	54325	-1.4208
	56950	-1.4177
	54514	-1.4049
	56543	-1.4023
	54452	-1.4017
	56434	-1.3922
	53897	-1.3855
	53878	-1.375
	54399	-1.3687
	56976	-1.3581
	53768	-1.3559
	54321	-1.3514
	53894	-1.3401
	56167	-1.3327
	53795	-1.3324
	54621	-1.3262
	53680	-1.3252
	53693	-1.3082
	53941	-1.2977
	53890	-1.2936
	54336	-1.2919
	56263	-1.2917
	56664	-1.28
	53694	-1.276
	54433	-1.266
	56641	-1.2522
	54328	-1.2499
	54454	-1.2477
	53787	-1.2398
	54607	-1.2284
	54597	-1.2274
	56645	-1.2254
	53695	-1.2234
	53884	-1.2218
	54707	-1.2174
	54483	-1.2171
	53692	-1.2131
	54601	-1.2111
	56652	-1.2004
	53872	-1.1968
	56578	-1.1873
	54499	-1.1827
	53596	-1.1815
	56654	-1.1771
	56898	-1.1762
	54510	-1.1751
	54326	-1.1732
	56223	-1.1683
	56875	-1.1677
	56949	-1.1676
	53689	-1.1607
	56946	-1.1597
	53685	-1.1594
	56670	-1.1568
	54501	-1.1533
	54471	-1.1512
	53892	-1.1506
	56879	-1.1493
	53788	-1.1449
	56982	-1.1445
	54605	-1.1433
	56951	-1.1423
	56871	-1.1394
	53880	-1.1389
	56839	-1.1388
	53699	-1.1379
	54632	-1.1281
	56665	-1.1234
	54431	-1.1217
	56856	-1.1204
	56643	-1.1169
	56959	-1.1161
	56144	-1.1156
	53889	-1.1134
	53796	-1.1124
	56533	-1.1112
	56651	-1.1083
	56137	-1.1082
	54419	-1.1028
	54453	-1.1017
	54398	-1.0916
	54503	-1.091
	53763	-1.0901
	54248	-1.09
	54507	-1.0886
	53792	-1.0861
	56973	-1.0822
	54406	-1.0809
	53980	-1.0802
	53677	-1.0784
	54506	-1.0762
	56742	-1.0742
	54590	-1.0729
	57306	-1.0711
	53782	-1.0688
	58459	-1.0684
	54132	-1.0674
	54623	-1.0668
	53898	-1.0654
	53863	-1.0606
	56978	-1.0588
	53773	-1.0583
	54470	-1.0512
	54332	-1.0501
	58453	-1.0495
	54604	-1.0489
	56876	-1.0469
	53688	-1.0396
	56885	-1.0383
	56964	-1.0381
	54486	-1.0251
	54631	-1.0246
	53871	-1.0195
	57731	-1.0143
	54308	-1.0084
	54069	-1.0065
	53794	-1.0061
	56854	-1.0051
	56228	-1.0024
	56459	-0.9982
	54521	-0.9973
	53772	-0.9943
	54324	-0.9894
	54636	-0.9891
	53681	-0.9852
	53975	-0.9813
	56886	-0.9812
	53891	-0.9798
	53784	-0.9788
	53883	-0.9713
	53785	-0.9706
	54575	-0.9706
	53996	-0.9629
	53697	-0.9625
	54416	-0.9601
	54620	-0.9584
	56975	-0.9583
	53888	-0.957
	57304	-0.9552
	54530	-0.9551
	53771	-0.9537
	54502	-0.9518
	53885	-0.9488
	54611	-0.9476
	56152	-0.9474
	54236	-0.9445
	54494	-0.9396
	56962	-0.9392
	53580	-0.939
	53791	-0.9337
	54181	-0.9314
	54523	-0.93
	57303	-0.9289
	53950	-0.9287
	54820	-0.9206
	53955	-0.9186
	53790	-0.9161
	54701	-0.9138
	59004	-0.9126
	54331	-0.9097
	56548	-0.9089
	53799	-0.9082
	53775	-0.9079
	53781	-0.9065
	54327	-0.9034
	54223	-0.9016
	53873	-0.8984
	56247	-0.8958
	53756	-0.8945
	54512	-0.8943
	56646	-0.8942
	53778	-0.8922
	51353	-0.8888
	56267	-0.8865
	56317	-0.8844
	52998	-0.8828
	56227	-0.8823
	53866	-0.8818
	53776	-0.8797
	54609	-0.8784
	53674	-0.8769
	53488	-0.8762
	53877	-0.8739
	54640	-0.8729
	53777	-0.8699
	53899	-0.8697
	59847	-0.8675
	56673	-0.8674
	54800	-0.8669
	53797	-0.866
	55696	-0.8644
	53646	-0.8629
	56872	-0.8601
	54613	-0.8597
	54729	-0.8591
	53798	-0.859
	53882	-0.8577
	53966	-0.8576
	54497	-0.8559
	54333	-0.8558
	53879	-0.8557
	57734	-0.8516
	56836	-0.8498
	53673	-0.8486
	53770	-0.8485
	53926	-0.8481
	54493	-0.8481
	56745	-0.848
	57043	-0.8475
	56985	-0.8453
	57723	-0.8441
	54644	-0.8435
	53585	-0.843
	56092	-0.843
	54335	-0.8428
	57079	-0.8422
	57732	-0.8418
	57047	-0.8383
	53783	-0.8374
	56128	-0.8374
	51243	-0.8343
	54405	-0.8334
	59838	-0.833
	53599	-0.8273
	54249	-0.8253
	54804	-0.8251
	53760	-0.8249
	54245	-0.8245
	56788	-0.8242
	53925	-0.8239
	54705	-0.8216
	53865	-0.821
	53992	-0.8207
	54825	-0.8203
	54064	-0.8187
	54606	-0.8187
	56195	-0.8184
	56746	-0.8163
	53676	-0.8148
	52982	-0.8142
	58449	-0.8128
	54708	-0.8119
	53895	-0.8088
	53962	-0.8071
	57045	-0.8066
	53965	-0.8048
	56331	-0.8033
	53666	-0.8025
	56873	-0.7988
	53963	-0.7979
	53984	-0.7962
	58748	-0.7956
	58467	-0.7948
	53937	-0.7945
	53954	-0.7929
	56870	-0.7925
	53982	-0.7923
	54614	-0.7909
	53696	-0.7885
	53986	-0.7881
	56970	-0.7864
	57307	-0.7863
	58457	-0.7835
	54608	-0.7828
	53491	-0.7815
	53978	-0.781
	53565	-0.7795
	57071	-0.7791
	50956	-0.7789
	53961	-0.7772
	53769	-0.7731
	54528	-0.7703
	53869	-0.7701
	58458	-0.7698
	53687	-0.7692
	56190	-0.769
	59941	-0.7682
	53944	-0.7676
	53987	-0.767
	56862	-0.7647
	58359	-0.7638
	57408	-0.7613
	57314	-0.7612
	56575	-0.7576
	54518	-0.7574
	53678	-0.751
	56147	-0.7501
	53985	-0.7491
	53974	-0.7473
	53893	-0.7448
	54904	-0.7433
	56443	-0.7409
	54824	-0.7404
	54617	-0.74
	58456	-0.74
	54633	-0.7395
	54821	-0.7392
	57031	-0.7371
	57026	-0.7362
	53774	-0.7358
	53740	-0.7357
	53957	-0.7355
	53945	-0.7354
	57081	-0.7346
	56881	-0.7316
	54244	-0.7313
	56835	-0.7313
	57033	-0.7256
	53789	-0.7254
	59001	-0.7252
	53499	-0.7249
	53665	-0.724
	58472	-0.7233
	53679	-0.7223
	54602	-0.7218
	53988	-0.7217
	54626	-0.7207
	54515	-0.7203
	53862	-0.7196
	53976	-0.7187
	58556	-0.7183
	57060	-0.7178
	53989	-0.7177
	56158	-0.7169
	54704	-0.7163
	57076	-0.7162
	57729	-0.7147
	58455	-0.7129
	53979	-0.7116
	57906	-0.7107
	53875	-0.7097
	53492	-0.7089
	54712	-0.7088
	53582	-0.7086
	54351	-0.7076
	53968	-0.7074
	54563	-0.7071
	54822	-0.7063
	56984	-0.7062
	54734	-0.7059
	53861	-0.7033
	54412	-0.703
	58154	-0.7029
	56116	-0.7022
	53786	-0.701
	53995	-0.701
	57034	-0.6995
	56688	-0.6984
	54579	-0.6974
	57052	-0.6972
	54342	-0.697
	53660	-0.6956
	53562	-0.6946
	54519	-0.6945
	56958	-0.6934
	57049	-0.6921
	54903	-0.6917
	54603	-0.6907
	56571	-0.6901
	53682	-0.6894
	53958	-0.6892
	54420	-0.6883
	54065	-0.6881
	53981	-0.6869
	56966	-0.6863
	58565	-0.6844
	56202	-0.684
	56863	-0.6834
	54833	-0.6821
	54410	-0.6816
	54717	-0.6812
	56184	-0.6809
	54430	-0.6804
	57083	-0.68
	54259	-0.6789
	53973	-0.6783
	53690	-0.6749
	57029	-0.6749
	53994	-0.6746
	57025	-0.6745
	53669	-0.6738
	53564	-0.6724
	58938	-0.6724
	56883	-0.6711
	53991	-0.671
	54805	-0.6696
	54234	-0.6691
	54900	-0.6691
	57134	-0.6688
	56849	-0.6686
	54421	-0.6659
	54274	-0.6654
	54737	-0.6634
	57407	-0.6617
	54727	-0.6614
	56462	-0.6613
	50953	-0.6579
	58362	-0.6561
	53949	-0.6558
	56944	-0.6547
	54472	-0.6521
	57040	-0.6517
	58246	-0.651
	57024	-0.6506
	57072	-0.6502
	56374	-0.6491
	56671	-0.6481
	53928	-0.6473
	56669	-0.6468
	57053	-0.6459
	53848	-0.6456
	54855	-0.6454
	53923	-0.6447
	53498	-0.6446
	58367	-0.6445
	54713	-0.6428
	58550	-0.6423
	53484	-0.6416
	54371	-0.6412
	53486	-0.6395
	53757	-0.637
	54809	-0.6362
	56257	-0.6324
	57739	-0.6324
	57048	-0.6313
	57016	-0.6304
	56199	-0.6297
	58557	-0.6273
	53868	-0.627
	54714	-0.6269
	58250	-0.6264
	57042	-0.6258
	57055	-0.6251
	53850	-0.623
	53578	-0.6227
	54520	-0.6225
	57911	-0.6216
	56666	-0.6213
	54726	-0.6212
	56778	-0.6208
	54730	-0.6194
	53935	-0.6193
	53964	-0.6189
	54803	-0.6186
	51186	-0.6178
	54610	-0.6174
	59131	-0.6171
	58356	-0.6164
	56649	-0.6162
	57070	-0.6152
	53593	-0.6148
	54286	-0.612
	55598	-0.6118
	53487	-0.6088
	54237	-0.6086
	58365	-0.6083
	56312	-0.6077
	53896	-0.6075
	56748	-0.6066
	53829	-0.6059
	53738	-0.604
	51542	-0.6039
	54911	-0.6037
	57908	-0.6028
	56441	-0.6019
	50353	-0.6018
	54404	-0.6018
	53651	-0.6014
	54710	-0.6014
	58646	-0.6012
	56569	-0.6006
	54700	-0.5983
	52869	-0.5968
	53948	-0.5965
	57405	-0.5964
	57720	-0.5951
	54527	-0.595
	57032	-0.5945
	54346	-0.5941
	53735	-0.5918
	57348	-0.5909
	58462	-0.5907
	54703	-0.5898
	54829	-0.5898
	54818	-0.5895
	57409	-0.5871
	57080	-0.5863
	54218	-0.5862
	57003	-0.5859
	53567	-0.5844
	57020	-0.5842
	54817	-0.583
	56479	-0.5823
	58558	-0.581
	56838	-0.5802
	54584	-0.5799
	59133	-0.5796
	56777	-0.5791
	56342	-0.5785
	54263	-0.5777
	53967	-0.5772
	58243	-0.5772
	53934	-0.5758
	54622	-0.5755
	58241	-0.5755
	59848	-0.5754
	53959	-0.5741
	54802	-0.5738
	54830	-0.5731
	56674	-0.5727
	56969	-0.571
	56751	-0.5707
	54725	-0.5699
	56194	-0.5697
	57054	-0.5686
	57129	-0.5685
	58468	-0.5684
	54716	-0.5682
	56387	-0.5682
	57737	-0.566
	56478	-0.5655
	57744	-0.5655
	54320	-0.5654
	54276	-0.5641
	56584	-0.5626
	56783	-0.5616
	54142	-0.5607
	54377	-0.5607
	54812	-0.56
	52862	-0.5594
	54386	-0.5592
	54706	-0.5588
	56188	-0.5585
	53972	-0.5579
	56171	-0.5576
	58247	-0.5561
	53874	-0.5559
	53780	-0.5511
	53574	-0.5506
	56298	-0.5499
	54349	-0.5478
	58823	-0.5478
	54807	-0.5471
	59017	-0.547
	54401	-0.5466
	54363	-0.5463
	54408	-0.5459
	57051	-0.5459
	54261	-0.5458
	54709	-0.5452
	54711	-0.5451
	57102	-0.5447
	54618	-0.544
	54569	-0.5439
	54801	-0.5438
	55593	-0.5437
	53908	-0.5427
	55681	-0.5425
	58146	-0.5423
	54254	-0.5414
	57308	-0.5404
	54213	-0.5403
	54645	-0.5402
	53953	-0.5395
	58240	-0.5393
	56752	-0.5391
	54749	-0.5378
	56954	-0.5374
	57084	-0.5374
	53490	-0.5368
	54374	-0.5353
	58747	-0.5344
	57035	-0.5338
	53956	-0.5336
	53997	-0.5329
	54169	-0.5327
	54517	-0.5316
	58461	-0.5274
	54816	-0.5237
	53998	-0.5232
	54076	-0.522
	56494	-0.5218
	52974	-0.5212
	58251	-0.5203
	57038	-0.5202
	54660	-0.5195
	58460	-0.5194
	57137	-0.5193
	55680	-0.5192
	54612	-0.518
	53983	-0.517
	58821	-0.5148
	57063	-0.5142
	54731	-0.5139
	54744	-0.5139
	59007	-0.5135
	54910	-0.513
	57061	-0.5115
	54823	-0.5112
	54231	-0.5103
	54313	-0.5063
	57735	-0.5062
	53942	-0.5048
	54205	-0.5042
	58933	-0.5008
	57156	-0.5
	57021	-0.4996
	57074	-0.4967
	54901	-0.4953
	56594	-0.4953
	54619	-0.495
	57044	-0.4932
	54301	-0.4922
	56992	-0.4915
	54724	-0.4906
	56772	-0.4902
	53594	-0.4889
	54718	-0.4888
	53924	-0.4887
	57090	-0.4878
	56094	-0.4872
	57309	-0.4871
	57085	-0.4858
	54171	-0.4857
	57902	-0.4856
	54049	-0.4844
	58220	-0.4833
	57030	-0.4828
	57126	-0.4824
	51076	-0.481
	54027	-0.4802
	54853	-0.4798
	58548	-0.4779
	54702	-0.4764
	59137	-0.4764
	58714	-0.476
	57909	-0.4756
	56684	-0.4754
	57023	-0.4734
	59205	-0.4731
	54732	-0.472
	58463	-0.4704
	54063	-0.4699
	53732	-0.4696
	56782	-0.4694
	53579	-0.468
	56994	-0.4671
	58452	-0.4661
	54476	-0.4651
	50955	-0.4643
	51365	-0.4636
	53947	-0.4621
	53750	-0.4605
	54157	-0.4605
	56763	-0.4587
	58361	-0.4579
	54834	-0.4573
	53859	-0.4545
	56172	-0.4544
	54736	-0.454
	58141	-0.4525
	57349	-0.4517
	57377	-0.4509
	57132	-0.4508
	58509	-0.4507
	57128	-0.4504
	54115	-0.4483
	53475	-0.4475
	57910	-0.4462
	57056	-0.4456
	53083	-0.4452
	58448	-0.445
	54365	-0.4448
	52863	-0.4441
	57082	-0.4428
	57027	-0.4427
	57231	-0.4423
	57233	-0.4418
	57041	-0.441
	54912	-0.4402
	57238	-0.4401
	54627	-0.4393
	54719	-0.4377
	59012	-0.4366
	58443	-0.4362
	50246	-0.4358
	58725	-0.4339
	53272	-0.4337
	56739	-0.4337
	57811	-0.433
	58244	-0.4325
	53854	-0.4318
	57411	-0.431
	54831	-0.4305
	54808	-0.428
	57110	-0.4277
	56474	-0.4273
	54902	-0.4268
	58369	-0.4261
	58221	-0.4256
	54568	-0.425
	56378	-0.4249
	57127	-0.4245
	58464	-0.4245
	57825	-0.4237
	53590	-0.4236
	56675	-0.4236
	54738	-0.4223
	57232	-0.4214
	58145	-0.4213
	53483	-0.42
	50954	-0.4176
	54715	-0.4175
	52980	-0.4169
	53469	-0.4162
	57738	-0.4155
	58607	-0.4154
	58245	-0.4149
	56989	-0.4119
	57368	-0.4118
	57370	-0.4118
	54624	-0.4107
	57065	-0.4105
	58265	-0.4094
	58542	-0.4094
	54424	-0.4079
	53930	-0.4077
	57822	-0.4075
	58236	-0.4069
	56489	-0.4065
	51477	-0.4064
	57091	-0.4064
	54156	-0.4034
	54810	-0.4024
	57401	-0.4023
	53553	-0.4001
	52876	-0.396
	59940	-0.396
	58454	-0.3957
	58306	-0.3954
	53856	-0.3949
	56768	-0.3933
	59209	-0.393
	54857	-0.3918
	54135	-0.3916
	58707	-0.391
	58724	-0.3907
	54811	-0.3905
	57066	-0.3904
	58555	-0.3895
	54266	-0.3872
	57417	-0.3872
	53575	-0.387
	54827	-0.3864
	53748	-0.386
	55664	-0.3858
	58140	-0.3823
	54347	-0.3821
	59306	-0.381
	54815	-0.3804
	58208	-0.3773
	58129	-0.3754
	58222	-0.375
	58451	-0.375
	58224	-0.3749
	57298	-0.3745
	54755	-0.3733
	57119	-0.3718
	54353	-0.3712
	51087	-0.3701
	51352	-0.37
	54908	-0.3696
	53832	-0.3695
	57169	-0.3688
	57245	-0.3685
	53662	-0.3684
	54154	-0.3679
	58839	-0.3668
	51468	-0.3666
	56878	-0.3662
	53927	-0.3659
	54540	-0.3659
	54849	-0.3629
	53446	-0.3618
	58127	-0.3616
	57798	-0.3603
	57921	-0.3599
	57362	-0.3589
	57922	-0.3588
	57111	-0.3582
	53767	-0.3571
	54843	-0.357
	53392	-0.3557
	54290	-0.3555
	53754	-0.3552
	57722	-0.355
	52972	-0.3547
	54423	-0.3547
	57037	-0.3539
	53993	-0.3533
	58836	-0.3521
	57745	-0.3517
	56168	-0.3492
	52889	-0.349
	52963	-0.3489
	54835	-0.3489
	54474	-0.3463
	58377	-0.3462
	54072	-0.345
	56767	-0.3446
	53929	-0.344
	57687	-0.3435
	57821	-0.3405
	58562	-0.34
	54861	-0.3399
	54828	-0.3363
	53478	-0.3359
	54615	-0.3336
	56196	-0.3334
	54819	-0.3331
	55589	-0.3318
	52203	-0.3314
	54728	-0.3301
	53644	-0.3292
	54914	-0.329
	56307	-0.3274
	53845	-0.327
	52993	-0.3265
	52984	-0.3262
	58269	-0.325
	57105	-0.322
	58616	-0.3216
	59320	-0.3198
	53938	-0.3192
	58546	-0.3185
	55228	-0.3172
	54905	-0.3164
	53864	-0.3143
	52112	-0.3136
	53576	-0.3135
	54915	-0.3117
	56192	-0.3107
	57390	-0.3103
	54187	-0.3099
	55572	-0.3092
	57378	-0.308
	56764	-0.3072
	57824	-0.3055
	56357	-0.3054
	56996	-0.3035
	56473	-0.3008
	56844	-0.3007
	56186	-0.3005
	50833	-0.3003
	57106	-0.2992
	57208	-0.2992
	54267	-0.2987
	57741	-0.2982
	53852	-0.2975
	53464	-0.294
	53463	-0.2939
	57315	-0.2939
	58132	-0.2934
	58642	-0.2932
	54814	-0.2931
	57713	-0.2931
	56880	-0.2888
	58519	-0.2883
	55585	-0.2882
	58214	-0.2867
	53857	-0.2859
	58450	-0.2855
	58754	-0.2833
	58693	-0.2831
	56987	-0.2823
	58235	-0.2808
	53663	-0.2802
	54525	-0.2801
	58436	-0.2778
	58730	-0.277
	57828	-0.2756
	54921	-0.2753
	58834	-0.2753
	56882	-0.2751
	57363	-0.2742
	56164	-0.2733
	56492	-0.2733
	54753	-0.2732
	56786	-0.2711
	58242	-0.2706
	59945	-0.27
	56582	-0.2695
	54214	-0.2691
	56586	-0.2691
	53915	-0.2686
	58254	-0.2686
	57154	-0.2683
	58147	-0.2662
	50349	-0.2658
	54273	-0.2654
	53481	-0.2644
	57927	-0.2644
	56889	-0.2638
	54918	-0.2623
	57086	-0.2609
	58202	-0.2605
	58341	-0.2603
	54836	-0.26
	57835	-0.26
	57916	-0.2599
	51573	-0.2587
	51378	-0.2576
	56286	-0.256
	56781	-0.2559
	57162	-0.2557
	58929	-0.2525
	54285	-0.2517
	58234	-0.2517
	57087	-0.2512
	52515	-0.2486
	52874	-0.2485
	54916	-0.2475
	52986	-0.2463
	54806	-0.2462
	56792	-0.2462
	57297	-0.2459
	57022	-0.2458
	58936	-0.2457
	54134	-0.2445
	58230	-0.2444
	57317	-0.2438
	53764	-0.2433
	54616	-0.2433
	58301	-0.243
	58744	-0.2416
	53664	-0.2402
	51495	-0.2396
	58366	-0.2389
	54161	-0.2375
	57093	-0.2373
	57883	-0.2364
	54362	-0.2352
	54252	-0.235
	57296	-0.2349
	54846	-0.2343
	58223	-0.234
	54628	-0.2336
	54438	-0.233
	54024	-0.2327
	54851	-0.2322
	51058	-0.2317
	54041	-0.2307
	51572	-0.2306
	54932	-0.2295
	58934	-0.2293
	54722	-0.2285
	54940	-0.228
	58330	-0.226
	59502	-0.2226
	57242	-0.2221
	51053	-0.2216
	53588	-0.2201
	58602	-0.2193
	57046	-0.2192
	58848	-0.219
	57254	-0.2186
	54113	-0.2185
	54936	-0.2175
	53466	-0.217
	54098	-0.2168
	56891	-0.2141
	53467	-0.2133
	56273	-0.2122
	54122	-0.2114
	54909	-0.2085
	57206	-0.2082
	54848	-0.2069
	53577	-0.2052
	58745	-0.2051
	57039	-0.2031
	58150	-0.2023
	57075	-0.2017
	58946	-0.201
	58207	-0.2008
	53357	-0.2005
	51581	-0.1987
	57714	-0.1985
	57181	-0.1983
	54117	-0.196
	57460	-0.1953
	58342	-0.1947
	58264	-0.1934
	58158	-0.1933
	58932	-0.1933
	51827	-0.1929
	54842	-0.1904
	56376	-0.1897
	57905	-0.1896
	51804	-0.1882
	58614	-0.188
	51828	-0.1879
	57736	-0.1875
	58847	-0.1874
	58210	-0.187
	57213	-0.1868
	58327	-0.1866
	57261	-0.1864
	58619	-0.1855
	57923	-0.1845
	50928	-0.1836
	56840	-0.1819
	58601	-0.1819
	58419	-0.1816
	54923	-0.1807
	53658	-0.1804
	58735	-0.1803
	53751	-0.1797
	56181	-0.1787
	58609	-0.1778
	53391	-0.1775
	58049	-0.177
	58135	-0.1763
	53529	-0.176
	50776	-0.1756
	58225	-0.1755
	54837	-0.1744
	50618	-0.1742
	58126	-0.1735
	54920	-0.173
	53480	-0.1673
	57176	-0.1664
	57483	-0.1661
	57799	-0.1661
	57907	-0.166
	57320	-0.1649
	58615	-0.1642
	57679	-0.1616
	53343	-0.1611
	57265	-0.1599
	58215	-0.1596
	53931	-0.1583
	54723	-0.1583
	57361	-0.1569
	55773	-0.1564
	59316	-0.1559
	57251	-0.1557
	58139	-0.1544
	57173	-0.1536
	58249	-0.1535
	58749	-0.1534
	52378	-0.1523
	58944	-0.1522
	51156	-0.152
	54243	-0.1519
	58212	-0.1512
	57077	-0.1507
	58352	-0.1507
	58354	-0.1491
	51526	-0.1485
	57381	-0.1484
	57094	-0.1478
	57432	-0.1477
	58205	-0.1474
	50946	-0.1464
	52985	-0.1456
	56991	-0.1446
	54292	-0.1435
	54475	-0.1421
	57777	-0.1412
	57278	-0.1409
	54172	-0.1408
	50838	-0.1391
	54852	-0.1385
	54906	-0.138
	54436	-0.1373
	53362	-0.1365
	56793	-0.1364
	54316	-0.1357
	59022	-0.1351
	57247	-0.1349
	54913	-0.1335
	53759	-0.1334
	58710	-0.1297
	57808	-0.1292
	57673	-0.1289
	57324	-0.1286
	58323	-0.1281
	57326	-0.1277
	57124	-0.1269
	57396	-0.1267
	53545	-0.1262
	58237	-0.1261
	56766	-0.1229
	53399	-0.1223
	54919	-0.1218
	58143	-0.1215
	58940	-0.1208
	59211	-0.1207
	53289	-0.12
	54917	-0.12
	57385	-0.1183
	58438	-0.1151
	58644	-0.1133
	57818	-0.1112
	58346	-0.1106
	59021	-0.1104
	53068	-0.1098
	59500	-0.109
	58625	-0.1067
	58918	-0.1061
	59117	-0.1061
	53821	-0.1013
	54662	-0.1011
	57355	-0.1002
	57204	-0.0998
	58706	-0.0995
	58627	-0.0988
	58316	-0.0967
	56475	-0.0966
	57867	-0.0965
	56986	-0.096
	58321	-0.0948
	58547	-0.0946
	58423	-0.094
	57217	-0.0929
	50674	-0.0899
	54929	-0.089
	53519	-0.0887
	58514	-0.0887
	56775	-0.0885
	57462	-0.0883
	56585	-0.0881
	59213	-0.0878
	53472	-0.0872
	50937	-0.0867
	50939	-0.0864
	54863	-0.0864
	52983	-0.0863
	54925	-0.0862
	56146	-0.0848
	53324	-0.0845
	57926	-0.0844
	58003	-0.0843
	57182	-0.084
	59493	-0.084
	57293	-0.0839
	58935	-0.0834
	58334	-0.0825
	56197	-0.082
	58502	-0.081
	57140	-0.0807
	57915	-0.0802
	58941	-0.0797
	56193	-0.0793
	57636	-0.0785
	58048	-0.0778
	56487	-0.0776
	58358	-0.0776
	56390	-0.0761
	57476	-0.0758
	59224	-0.0753
	58643	-0.0751
	57387	-0.0747
	53810	-0.0732
	56295	-0.0727
	58047	-0.0723
	57089	-0.0719
	58418	-0.0716
	58441	-0.0716
	51334	-0.0715
	50842	-0.0695
	57313	-0.0693
	56756	-0.0692
	56389	-0.0691
	53457	-0.0681
	53276	-0.0674
	50949	-0.0667
	58600	-0.0642
	54080	-0.064
	58238	-0.0639
	58917	-0.0639
	53543	-0.0637
	54935	-0.0628
	54428	-0.0621
	58942	-0.0615
	52602	-0.0613
	54164	-0.0608
	58606	-0.0593
	51346	-0.0587
	58021	-0.0572
	56995	-0.0571
	51137	-0.0568
	56774	-0.0558
	56091	-0.0551
	58015	-0.0548
	57028	-0.0544
	56697	-0.0533
	50425	-0.0531
	57318	-0.0524
	57481	-0.0519
	59322	-0.0514
	58734	-0.0513
	51377	-0.0511
	58013	-0.0495
	56384	-0.0493
	54304	-0.047
	58001	-0.0461
	56183	-0.0458
	51133	-0.0456
	57414	-0.0454
	56761	-0.0451
	58020	-0.0447
	55578	-0.0418
	58623	-0.0417
	54943	-0.0413
	56485	-0.0399
	58011	-0.0382
	58631	-0.0382
	57388	-0.0376
	54826	-0.0374
	57698	-0.0373
	53617	-0.0369
	56289	-0.0357
	51886	-0.0353
	58537	-0.0346
	55591	-0.034
	57249	-0.0336
	56096	-0.0335
	57184	-0.0325
	50431	-0.0323
	57398	-0.0322
	57155	-0.0321
	58320	-0.0306
	58148	-0.0304
	59127	-0.03
	57144	-0.0296
	56842	-0.0289
	57680	-0.0288
	51829	-0.0268
	57256	-0.0265
	56097	-0.0263
	57682	-0.0262
	51288	-0.0255
	54047	-0.0254
	57699	-0.0254
	53518	-0.025
	57078	-0.025
	57840	-0.0246
	58351	-0.0236
	57717	-0.0228
	56381	-0.0226
	59673	-0.0224
	57180	-0.0215
	58508	-0.0212
	50247	-0.0207
	57268	-0.0206
	57688	-0.0196
	53727	-0.016
	57067	-0.0139
	50934	-0.0138
	54927	-0.0134
	58544	-0.013
	57779	-0.0129
	53378	-0.0123
	59318	-0.0123
	57891	-0.0122
	50948	-0.0116
	51826	-0.0115
	51839	-0.0114
	57464	-0.0112
	58567	-0.0111
	57253	-0.01
	54318	-0.0097
	58634	-0.0096
	57781	-0.0095
	59501	-0.0091
	58012	-0.0088
	56189	-0.0083
	57800	-0.0083
	54425	-0.0070
	52842	-0.0064
	56393	-0.0060
	50832	-0.0057
	57510	-0.0048
	58311	-0.0037
	54204	-0.0026
	53916	-0.0024
	54311	-5.0E-4
	54844	-4.0E-4
	58005	-3.0E-4
	58314	0.0011
	57178	0.0017
	53659	0.0021
	53397	0.0024
	57328	0.0027
	58612	0.0041
	58024	0.0074
	58626	0.0078
	58331	0.0088
	51068	0.0090
	54165	0.0090
	59134	0.0090
	58559	0.0101
	57260	0.011
	57871	0.0111
	50527	0.0113
	58360	0.012
	57175	0.0121
	50755	0.0127
	56851	0.0128
	58484	0.0148
	57274	0.015
	52267	0.0164
	50945	0.0169
	53841	0.018
	57582	0.0183
	54907	0.0192
	57395	0.0193
	54922	0.0198
	58620	0.0206
	56790	0.0217
	56755	0.0218
	57740	0.0222
	57475	0.0227
	58117	0.0239
	58713	0.0251
	57948	0.0252
	52825	0.0262
	51145	0.0268
	57004	0.0278
	58002	0.0282
	50774	0.0283
	58008	0.0285
	58846	0.0285
	53455	0.0289
	56180	0.0289
	51241	0.032
	58138	0.032
	52657	0.0323
	57816	0.0324
	57807	0.0328
	58442	0.0329
	57389	0.0338
	59027	0.0347
	57865	0.035
	51435	0.0354
	59116	0.0378
	56272	0.0392
	51356	0.0399
	58335	0.0418
	58845	0.0421
	59293	0.0428
	54319	0.0434
	56173	0.0438
	58704	0.0443
	54260	0.0449
	57914	0.0456
	57793	0.0463
	57803	0.0465
	58353	0.0467
	56151	0.0487
	57096	0.0497
	55493	0.0504
	58570	0.0541
	58343	0.0543
	58045	0.0549
	56016	0.0565
	58259	0.0566
	59324	0.057
	57295	0.0573
	58428	0.0574
	56580	0.0579
	57143	0.0579
	54305	0.058
	52575	0.06
	58705	0.0607
	57248	0.0612
	54945	0.0634
	59312	0.0643
	51379	0.0644
	58004	0.0648
	58718	0.0652
	57868	0.0655
	57413	0.0659
	54841	0.0669
	58432	0.0674
	58760	0.0678
	58923	0.0684
	57678	0.0686
	58736	0.0687
	52101	0.0694
	57057	0.0704
	58666	0.0709
	58928	0.0711
	50727	0.0723
	53611	0.0729
	50514	0.0741
	56785	0.0747
	51720	0.0751
	56291	0.0752
	57191	0.076
	50749	0.077
	57913	0.0776
	57900	0.0785
	57153	0.0794
	56497	0.0796
	51467	0.0802
	56846	0.0804
	51705	0.0807
	59303	0.0812
	54939	0.0821
	58624	0.0827
	58517	0.0832
	58125	0.0843
	52323	0.0847
	51571	0.0852
	57113	0.0856
	54031	0.0881
	58329	0.0887
	57445	0.0894
	56399	0.0922
	50646	0.0925
	57469	0.0934
	58737	0.0936
	59130	0.0937
	57211	0.0963
	58006	0.0971
	57299	0.0974
	52995	0.0977
	51711	0.099
	58512	0.0993
	57813	0.0994
	57666	0.1001
	58345	0.1014
	57358	0.1033
	50524	0.1042
	58549	0.1049
	57359	0.1052
	53502	0.1058
	50834	0.1081
	58507	0.1093
	58527	0.1099
	53705	0.111
	58813	0.1122
	59033	0.1124
	59310	0.1128
	54208	0.113
	54039	0.1133
	57832	0.1153
	57520	0.1161
	51060	0.1162
	50936	0.1165
	57635	0.1165
	50750	0.1184
	58257	0.1185
	57461	0.1195
	57006	0.1206
	57834	0.1209
	53533	0.1216
	58500	0.1238
	57437	0.1241
	57183	0.1245
	57179	0.1246
	52713	0.1252
	51470	0.1266
	59304	0.1273
	51359	0.1277
	57345	0.1285
	50844	0.1291
	50775	0.1299
	58338	0.1299
	58806	0.1309
	57728	0.1322
	50445	0.1334
	50861	0.1338
	58203	0.1355
	58715	0.1358
	59107	0.1358
	58503	0.1368
	57285	0.137
	57771	0.1373
	57789	0.1378
	56185	0.1391
	54832	0.1397
	50987	0.1406
	54535	0.1415
	57674	0.1431
	52908	0.1436
	58605	0.1439
	59317	0.145
	51367	0.1462
	56198	0.1465
	58109	0.1472
	56182	0.1473
	59319	0.1474
	50526	0.1481
	58752	0.1522
	51716	0.1529
	50778	0.1534
	57590	0.1543
	59492	0.1544
	50468	0.1553
	58820	0.1554
	59321	0.1576
	50136	0.1581
	57522	0.1581
	57829	0.1582
	58632	0.1584
	58446	0.1585
	58107	0.159
	59280	0.16
	50858	0.1601
	58657	0.1606
	51707	0.161
	58017	0.1611
	53730	0.1617
	53817	0.1626
	58501	0.1631
	59315	0.1639
	57827	0.1651
	58032	0.1688
	57098	0.1695
	58007	0.1696
	57465	0.1702
	58926	0.1703
	50965	0.171
	57584	0.1726
	59427	0.1727
	51369	0.173
	57177	0.1731
	57742	0.1733
	58701	0.1735
	57581	0.1739
	59122	0.1743
	51358	0.1759
	52607	0.1762
	57486	0.1762
	57564	0.1766
	58927	0.1767
	54186	0.1775
	50979	0.1778
	56187	0.1779
	58417	0.1786
	53853	0.1803
	58731	0.1807
	52436	0.1828
	57637	0.183
	58128	0.1831
	57333	0.1845
	58337	0.1848
	56285	0.1858
	58510	0.186
	56394	0.1865
	57941	0.1869
	57508	0.1871
	50658	0.1872
	56386	0.1885
	50745	0.19
	58420	0.1902
	59476	0.1903
	57565	0.1912
	58131	0.192
	54938	0.1921
	58751	0.1929
	57329	0.1931
	51855	0.1933
	56595	0.1947
	51704	0.1962
	57585	0.1965
	52875	0.1967
	52988	0.1971
	52996	0.1975
	51701	0.1979
	56043	0.1983
	57536	0.1986
	50434	0.1993
	52866	0.2003
	56296	0.2007
	54751	0.2015
	50564	0.2034
	58622	0.2041
	57008	0.2044
	50985	0.2051
	57577	0.2054
	53860	0.2062
	57872	0.2089
	58268	0.2098
	57216	0.21
	50964	0.2102
	58433	0.211
	58667	0.2115
	57012	0.213
	58429	0.2132
	58635	0.2138
	54026	0.2139
	59487	0.2141
	56276	0.2179
	50741	0.2183
	54432	0.2185
	57489	0.2188
	57778	0.22
	58319	0.2208
	57014	0.2209
	51357	0.2212
	56598	0.2223
	55294	0.2245
	57485	0.2245
	52868	0.2248
	54293	0.225
	57662	0.225
	57882	0.2259
	50772	0.2262
	56297	0.2269
	58116	0.2269
	52681	0.2273
	52957	0.2273
	58025	0.2273
	58426	0.2276
	52418	0.2278
	58409	0.2287
	57586	0.2295
	58326	0.2295
	58034	0.2303
	58712	0.2306
	57193	0.2307
	50940	0.2308
	58719	0.231
	54092	0.2327
	57772	0.2337
	57339	0.2347
	58114	0.2348
	54437	0.2353
	53368	0.2362
	54284	0.2372
	58543	0.2381
	54291	0.2383
	57809	0.2397
	58022	0.2403
	59015	0.241
	51709	0.2419
	51717	0.2425
	56391	0.2432
	59097	0.2434
	54531	0.2439
	57279	0.2439
	56284	0.244
	51931	0.2444
	56693	0.2469
	53881	0.2483
	58530	0.2487
	59948	0.25
	57496	0.2502
	50787	0.2503
	58040	0.2505
	56278	0.251
	57932	0.2516
	58529	0.2518
	53505	0.2524
	58844	0.2524
	58038	0.2525
	57458	0.253
	56395	0.2532
	57477	0.2536
	59314	0.2536
	57912	0.2541
	56279	0.2542
	57415	0.2552
	51642	0.2561
	58523	0.2563
	52836	0.2572
	57292	0.258
	58843	0.2582
	59106	0.2583
	50442	0.2595
	57573	0.2602
	50950	0.2605
	59114	0.2611
	57694	0.2612
	57806	0.2614
	58431	0.2628
	58608	0.2629
	57466	0.2634
	58336	0.2634
	57752	0.2639
	52885	0.2643
	51465	0.2645
	57671	0.2656
	53619	0.266
	53352	0.2662
	52856	0.2673
	57431	0.268
	57805	0.2682
	57237	0.2689
	53547	0.2691
	57186	0.27
	50548	0.2709
	57185	0.2722
	50603	0.2727
	50788	0.2727
	58424	0.2729
	57343	0.2743
	58746	0.275
	58036	0.2751
	53615	0.2754
	58041	0.2773
	56033	0.2786
	55437	0.2801
	53602	0.281
	56081	0.281
	56288	0.2816
	50673	0.2819
	57640	0.2821
	51802	0.2824
	57505	0.283
	57439	0.2845
	56021	0.2847
	56383	0.2851
	57095	0.2856
	57513	0.2867
	57001	0.2875
	57796	0.289
	58563	0.2893
	57187	0.2905
	56493	0.2906
	50739	0.2919
	57402	0.2919
	57661	0.2922
	58044	0.2934
	51810	0.2935
	57647	0.2939
	58659	0.2946
	58340	0.2948
	50742	0.2952
	58339	0.2954
	58030	0.2961
	53385	0.2972
	53420	0.2974
	56065	0.2974
	58750	0.2988
	57957	0.299
	58026	0.299
	56080	0.2998
	57511	0.3016
	59034	0.3017
	59031	0.3023
	57399	0.3033
	57099	0.3036
	57512	0.304
	58118	0.304
	58652	0.3041
	57754	0.3044
	50557	0.3068
	50851	0.3075
	53618	0.3075
	58520	0.3077
	57655	0.3085
	52978	0.3089
	59758	0.3109
	58647	0.3114
	52745	0.3116
	51818	0.3119
	58108	0.3141
	50767	0.3149
	57598	0.3166
	56480	0.3175
	50656	0.3192
	59125	0.3198
	52674	0.3204
	50655	0.3205
	57595	0.3237
	58921	0.3264
	59313	0.3287
	57447	0.3293
	57768	0.3295
	57860	0.3297
	58618	0.33
	50968	0.332
	53513	0.3347
	59099	0.3361
	56593	0.3365
	53612	0.3367
	57259	0.3368
	52884	0.3387
	53384	0.3393
	57189	0.3407
	57837	0.342
	57657	0.3424
	50963	0.3426
	59109	0.3451
	57870	0.3466
	59481	0.3468
	57502	0.3488
	53149	0.3505
	53337	0.3514
	57899	0.3518
	58637	0.3521
	56491	0.3535
	57575	0.3537
	59228	0.3542
	58534	0.3547
	57874	0.3553
	54871	0.3554
	57525	0.3556
	57271	0.3569
	56290	0.3576
	59023	0.3585
	57786	0.3588
	54776	0.3603
	54102	0.3616
	59419	0.3621
	50962	0.3626
	57011	0.3631
	50566	0.3635
	54449	0.3636
	57197	0.3636
	56280	0.3637
	50859	0.3643
	53195	0.3648
	59126	0.3651
	50871	0.3709
	51627	0.3711
	54429	0.3711
	57669	0.372
	58421	0.3737
	57574	0.3739
	52895	0.374
	58633	0.375
	52855	0.3752
	57257	0.3758
	52943	0.376
	57663	0.3768
	58016	0.3792
	52313	0.3795
	57290	0.3816
	58122	0.3816
	51059	0.3829
	53910	0.3832
	55299	0.3832
	57506	0.3854
	50639	0.3857
	57491	0.3858
	58035	0.3878
	57281	0.3891
	52447	0.3895
	50852	0.3898
	59025	0.3902
	53348	0.3911
	58427	0.3921
	57583	0.3923
	57955	0.3933
	57498	0.3947
	51815	0.3961
	57853	0.3967
	52833	0.3987
	59849	0.4004
	57482	0.4012
	59096	0.4018
	58931	0.4026
	57792	0.4036
	50647	0.4039
	56691	0.405
	59218	0.4065
	57658	0.4111
	57188	0.412
	57814	0.4128
	57425	0.4142
	58102	0.4142
	57562	0.4146
	59475	0.4162
	58255	0.4163
	57903	0.4167
	58416	0.4201
	58531	0.4205
	52853	0.4207
	53522	0.4213
	58814	0.4234
	57605	0.4236
	57194	0.424
	51330	0.4245
	52424	0.4253
	53433	0.4256
	51633	0.4261
	51433	0.4266
	58344	0.4292
	52737	0.431
	58822	0.4316
	57876	0.4341
	56382	0.4352
	57493	0.4352
	51708	0.4379
	58477	0.4404
	58654	0.4441
	57633	0.4459
	58130	0.4463
	59124	0.4473
	53906	0.4509
	58742	0.4515
	57566	0.4518
	50877	0.4532
	57492	0.4539
	58837	0.4542
	50756	0.4561
	51655	0.4577
	53367	0.459
	58113	0.459
	57769	0.461
	57507	0.463
	57960	0.4634
	50960	0.4638
	50958	0.4644
	57294	0.4654
	54099	0.4704
	57192	0.471
	58401	0.4753
	57416	0.4764
	59037	0.4768
	57743	0.4774
	59290	0.4791
	51463	0.4838
	52797	0.4842
	56082	0.4847
	59237	0.4852
	52818	0.4867
	54541	0.4885
	51238	0.4902
	56046	0.4909
	51811	0.4912
	57642	0.4918
	57540	0.4938
	57625	0.494
	57866	0.4946
	52546	0.4954
	51814	0.4961
	58435	0.4963
	58828	0.4972
	51644	0.4992
	53614	0.5004
	54094	0.5006
	56843	0.5041
	57273	0.5056
	56034	0.5067
	53806	0.5073
	52446	0.5108
	56841	0.5108
	57514	0.5132
	51777	0.514
	53419	0.5146
	52896	0.5162
	59297	0.5171
	53914	0.5179
	50632	0.518
	55472	0.5186
	58027	0.5191
	57494	0.52
	58568	0.5223
	50659	0.5232
	51722	0.5233
	51469	0.5246
	57894	0.5246
	57719	0.5256
	58111	0.5259
	58656	0.5268
	57844	0.5287
	53512	0.5306
	57773	0.5345
	57541	0.5349
	58658	0.5362
	51730	0.5363
	53231	0.5375
	50913	0.5409
	52784	0.543
	57956	0.5438
	58101	0.5455
	52652	0.5473
	53704	0.5474
	59658	0.5491
	53917	0.5501
	59215	0.5525
	58408	0.5553
	59485	0.5571
	57842	0.5598
	57420	0.56
	59842	0.5608
	57195	0.5627
	57554	0.5649
	57774	0.5693
	59954	0.5717
	57954	0.5727
	57517	0.5729
	57571	0.575
	59843	0.5783
	57426	0.5788
	57606	0.5788
	54533	0.5792
	57198	0.5804
	54339	0.5814
	53725	0.5835
	50853	0.5837
	52787	0.585
	57196	0.5884
	54434	0.5933
	59845	0.594
	57558	0.5944
	58804	0.5961
	56496	0.5978
	56095	0.602
	57643	0.6026
	58569	0.6032
	57763	0.604
	54012	0.6056
	52968	0.6107
	57839	0.6109
	52633	0.6125
	50525	0.6144
	59435	0.6155
	57947	0.6171
	50880	0.6175
	59087	0.6175
	59653	0.6183
	53610	0.6185
	59480	0.6226
	56071	0.6234
	57499	0.6252
	52557	0.6267
	51438	0.6271
	57875	0.6273
	51482	0.6292
	57758	0.6296
	56373	0.6302
	59229	0.6308
	54192	0.6328
	58104	0.6351
	50862	0.6353
	57646	0.6362
	56396	0.6369
	53723	0.6374
	56067	0.6404
	50978	0.6412
	56592	0.6419
	52765	0.6431
	56281	0.6434
	59754	0.6445
	59478	0.6453
	57936	0.6463
	57708	0.6468
	57776	0.6481
	59284	0.6486
	59488	0.6513
	58404	0.6547
	57516	0.6557
	58407	0.6578
	52533	0.6582
	53517	0.664
	57942	0.6641
	54195	0.6663
	58824	0.6676
	59421	0.6691
	58826	0.6695
	50915	0.6704
	51765	0.6722
	57007	0.674
	57762	0.6762
	56371	0.6765
	59417	0.6767
	57886	0.6769
	50973	0.6847
	55690	0.6853
	52645	0.6854
	58100	0.6863
	58402	0.6899
	58317	0.6919
	52576	0.6959
	57846	0.6959
	57766	0.6967
	54522	0.7079
	59663	0.7088
	50879	0.711
	50873	0.7115
	59425	0.7152
	51559	0.7159
	50884	0.716
	57859	0.7167
	51636	0.7186
	59285	0.7233
	57604	0.7262
	54752	0.7273
	52656	0.7289
	52754	0.7305
	58664	0.7317
	57649	0.736
	59298	0.7395
	56045	0.7403
	51232	0.7417
	59113	0.7465
	59038	0.747
	56084	0.7662
	56074	0.7723
	54093	0.78
	53903	0.782
	57857	0.7822
	57718	0.7849
	59289	0.7866
	50878	0.7906
	50888	0.7909
	58912	0.7959
	54439	0.7961
	57780	0.8045
	59230	0.8054
	52643	0.8074
	56380	0.8089
	57589	0.8097
	59473	0.8114
	52955	0.8169
	57545	0.8188
	50779	0.8194
	57767	0.8208
	57544	0.8272
	58415	0.8306
	50867	0.8355
	52495	0.8359
	56287	0.8387
	59093	0.8491
	57002	0.8514
	59294	0.854
	54532	0.8617
	53336	0.8628
	52661	0.8649
	56109	0.8653
	57707	0.8746
	59279	0.8799
	57962	0.8805
	57845	0.8815
	57438	0.8829
	50892	0.8843
	58414	0.893
	57696	0.896
	57896	0.9071
	56038	0.9116
	59626	0.9163
	59088	0.9175
	57761	0.9198
	59469	0.9299
	57537	0.9329
	57543	0.9337
	59045	0.9394
	58906	0.9402
	57881	0.941
	58818	0.9432
	59256	0.9448
	57614	0.9458
	56483	0.9464
	59659	0.9503
	59242	0.9527
	57603	0.9601
	51567	0.9607
	51656	0.9631
	50854	0.9639
	58660	0.9674
	56093	0.9719
	56490	0.9902
	59456	0.9902
	57895	0.9951
	56004	1.0106
	54759	1.0175
	59451	1.0204
	59241	1.0314
	56106	1.0418
	58437	1.0418
	59053	1.0445
	57451	1.0529
	53192	1.0579
	59094	1.061
	58665	1.0648
	59227	1.0725
	57990	1.0774
	57887	1.0828
	59075	1.0832
	59854	1.0846
	59278	1.0864
	50983	1.0892
	57851	1.0905
	54766	1.1005
	59041	1.1071
	59757	1.11
	56499	1.1101
	59750	1.1176
	51437	1.1178
	59656	1.1269
	59453	1.1276
	51629	1.1343
	57991	1.1465
	58903	1.1492
	51628	1.1535
	58911	1.1549
	56498	1.1574
	57634	1.1652
	54777	1.1671
	54764	1.1749
	59462	1.1766
	59288	1.1843
	57760	1.1992
	56029	1.2079
	59276	1.2105
	58819	1.2139
	56385	1.2342
	59271	1.2411
	51639	1.2504
	59429	1.2524
	54765	1.2576
	55279	1.262
	59426	1.2679
	57993	1.2685
	59265	1.2698
	59635	1.2779
	57994	1.2798
	57889	1.2868
	57972	1.2906
	59477	1.3035
	57988	1.3042
	59255	1.3066
	55655	1.3081
	57971	1.3087
	57612	1.3146
	59266	1.3167
	57964	1.3241
	59632	1.3265
	54534	1.3298
	59856	1.3298
	58629	1.3309
	59102	1.3413
	52679	1.3425
	59471	1.3499
	59092	1.3597
	59664	1.3677
	51329	1.371
	56079	1.372
	59650	1.3727
	57981	1.3918
	51568	1.394
	59046	1.3952
	59631	1.3999
	59268	1.4053
	59654	1.4171
	54539	1.4185
	57973	1.4215
	57995	1.4227
	59055	1.4325
	57841	1.4461
	51430	1.4476
	59287	1.4494
	57949	1.4501
	59047	1.4525
	57966	1.4569
	57992	1.464
	59470	1.4824
	59452	1.4961
	57976	1.4994
	56018	1.5057
	57974	1.5067
	59091	1.5297
	54774	1.5333
	58905	1.5359
	58907	1.5402
	57958	1.547
	57623	1.5472
	57609	1.5576
	59655	1.5815
	59052	1.6046
	59090	1.613
	59431	1.622
	57978	1.6364
	59235	1.6368
	57523	1.6451
	59044	1.6452
	57509	1.6467
	59254	1.651
	54778	1.6522
	57989	1.6604
	59448	1.6697
	57965	1.6789
	57985	1.6995
	59851	1.7063
	57518	1.7072
	51434	1.7156
	59454	1.7158
	57969	1.7196
	59640	1.7212
	51328	1.7334
	51436	1.7581
	53707	1.7586
	57608	1.7616
	57600	1.7775
	59446	1.7877
	59061	1.8091
	59264	1.8189
	59647	1.8285
	57975	1.8349
	59051	1.8404
	51431	1.863
	59270	1.8641
	59246	1.8687
	59057	1.8799
	57996	1.8869
	59082	1.8929
	59074	1.8958
	59063	1.9027
	59081	1.9268
	59059	1.9424
	56596	1.9842
	59072	1.9949
	59457	1.9961
	59855	2.0135
	59065	2.0165
	59058	2.0497
	59269	2.0591
	59238	2.062
	59449	2.0819
	59249	2.1055
	59071	2.1058
	59064	2.1293
	59951	2.134
	59441	2.2137
	57519	2.3114
	59644	2.3215
	57710	2.5122
