	56295	-1.9505
	57942	-1.75194
	57870	-1.6974
	56286	-1.683
	56584	-1.6727
	56395	-1.6514
	57868	-1.5851
	56575	-1.5828
	56296	-1.5247
	56444	-1.5129
	56752	-1.4999
	56485	-1.4965
	56651	-1.4864
	56291	-1.4825
	56462	-1.474
	56285	-1.4687
	56279	-1.4607
	56489	-1.4603
	56595	-1.4603
	56497	-1.4581
	57871	-1.4558
	56190	-1.455
	56548	-1.455
	56387	-1.4435
	58116	-1.4425
	59001	-1.3963500000000002
	56199	-1.3891
	56673	-1.3805
	56751	-1.3541
	56757	-1.3361
	56297	-1.3213
	56189	-1.3101
	57846	-1.2984
	57960	-1.2909599999999999
	57834	-1.2869
	57851	-1.2801
	56571	-1.2796
	56181	-1.2721
	57936	-1.265
	56478	-1.253
	56592	-1.2413
	56272	-1.2314
	56147	-1.2289
	56384	-1.2122
	57955	-1.2117600000000002
	56645	-1.1928
	56357	-1.1877
	56197	-1.178
	56473	-1.1763
	57093	-1.17537456
	56378	-1.1669
	56586	-1.1632
	57957	-1.16307
	56649	-1.1518
	56381	-1.1484
	56742	-1.1388
	54900	-1.12676544
	56487	-1.1177
	57738	-1.1146
	57739	-1.113
	59012	-1.11096
	56298	-1.1107
	56641	-1.1033
	56543	-1.1021
	56280	-1.1005
	57304	-1.0841
	57776	-1.0832
	56290	-1.0791
	56391	-1.077
	56688	-1.0709
	56582	-1.0614
	56793	-1.0552
	56144	-1.0463
	59017	-1.04148
	57835	-1.0374
	56585	-1.0371
	56781	-1.0368
	56748	-1.0255
	56646	-1.0193
	59449	-1.0175400000000001
	57769	-1.0168
	57623	-1.0151
	56281	-1.009
	56976	-1.0061
	56594	-1.0049
	56841	-1.0047
	57905	-0.9959
	59647	-0.99135
	56838	-0.981
	57525	-0.9768
	56666	-0.9758
	56788	-0.9685
	56196	-0.9651
	57778	-0.963
	56842	-0.9614
	58409	-0.9607
	56652	-0.9574
	56578	-0.9572
	56756	-0.9556
	59640	-0.9522
	58006	-0.94682112
	57906	-0.9466
	56187	-0.9457
	56394	-0.9444
	57737	-0.9425
	57932	-0.9303
	56783	-0.9275
	56474	-0.9184
	56790	-0.9168
	57902	-0.9103
	59644	-0.9102600000000001
	57867	-0.9059
	56287	-0.9026
	57735	-0.9008
	56836	-0.8996
	54499	-0.8992608699999999
	56390	-0.8957
	54904	-0.894222
	56480	-0.8883
	56761	-0.885
	56675	-0.8825
	56844	-0.8756
	56782	-0.8733
	54429	-0.8696663800000001
	56846	-0.8694
	57853	-0.8693
	57866	-0.8689
	56479	-0.8672
	56755	-0.8605
	54424	-0.86044028
	54419	-0.85462074
	56684	-0.8541
	54398	-0.85071739
	57909	-0.8454
	57837	-0.8439
	56251	-0.8406
	56674	-0.8397
	54513	-0.8374459999999999
	54399	-0.8364524200000001
	59658	-0.83421
	56373	-0.8303
	54903	-0.8257512000000001
	57865	-0.825
	56263	-0.8245
	59653	-0.82305
	56840	-0.8217
	58706	-0.8201700000000001
	57860	-0.817
	54511	-0.81019352
	57907	-0.8101
	58013	-0.8048
	53897	-0.80217391
	56886	-0.8016
	56569	-0.8006
	56172	-0.7998
	53894	-0.79670922
	54505	-0.79493497
	58008	-0.7948044
	53998	-0.7937476800000001
	56284	-0.7912
	53773	-0.78904446
	54809	-0.78904446
	56188	-0.7875
	56739	-0.7843
	59750	-0.7824599999999999
	54514	-0.78095388
	57926	-0.7783
	53892	-0.7775473199999999
	59456	-0.77589
	56883	-0.7745
	59448	-0.77337
	54433	-0.77257942
	57767	-0.7708
	59451	-0.77013
	54512	-0.7688180099999999
	56198	-0.7681
	56475	-0.7674
	59659	-0.76122
	53980	-0.75923706
	57208	-0.7533
	56785	-0.7518
	56664	-0.7513
	56835	-0.7511
	57707	-0.7439
	56854	-0.7415
	56849	-0.74
	56872	-0.7388
	54596	-0.7377331500000001
	59654	-0.73728
	56792	-0.7357
	58001	-0.73275984
	59004	-0.72972
	53996	-0.72467467
	56982	-0.7243
	56643	-0.7241
	53883	-0.72290042
	59007	-0.7202
	57824	-0.7172
	54319	-0.71672603
	54908	-0.71594536
	53895	-0.71239686
	53899	-0.71161619
	57956	-0.7077600000000001
	54502	-0.70267397
	57954	-0.70155
	57768	-0.6997
	56371	-0.6989
	56580	-0.6954
	54594	-0.69358981
	53988	-0.6895098000000001
	56856	-0.6864
	57129	-0.6834411
	57840	-0.6822
	58011	-0.68187976
	56786	-0.6812
	56764	-0.6811
	56386	-0.6796
	54520	-0.67811835
	57728	-0.6764
	56870	-0.6757
	54936	-0.67215687
	59650	-0.6713100000000001
	54820	-0.66541472
	54510	-0.66442114
	56876	-0.6644
	56873	-0.6643
	57126	-0.66420823
	56273	-0.6642
	54902	-0.66362016
	54515	-0.66271786
	54909	-0.66165331
	53896	-0.65973712
	54901	-0.6593178000000001
	59015	-0.65763
	57320	-0.6573
	57842	-0.6569
	59021	-0.65115
	54906	-0.64980132
	54420	-0.6483109499999999
	54640	-0.6483109499999999
	57233	-0.64788513
	57745	-0.6474
	56879	-0.6469
	53698	-0.64667864
	58002	-0.64454954
	57875	-0.6441
	53878	-0.6436979
	53983	-0.6436934400000001
	54431	-0.64192365
	57908	-0.6393
	57405	-0.6382
	57204	-0.6376
	56891	-0.6366
	59457	-0.63423
	57971	-0.6333
	57844	-0.6293
	53886	-0.62929099
	59655	-0.6272099999999999
	59453	-0.6258600000000001
	56889	-0.6258
	54905	-0.62396824
	56774	-0.6238
	58017	-0.62376672
	58003	-0.6202778
	56183	-0.6202
	53997	-0.6196908
	56745	-0.6178
	56383	-0.6138
	54914	-0.61332274
	54318	-0.61147752
	56697	-0.6113
	56880	-0.6092
	56839	-0.6048
	57832	-0.6036
	54430	-0.60359985
	54436	-0.6033869399999999
	57882	-0.6018
	56778	-0.6004
	56881	-0.5977
	56775	-0.5932
	56670	-0.5926
	53688	-0.59139301
	54917	-0.59004458
	58015	-0.5892
	53993	-0.58821564
	56882	-0.5865
	56746	-0.5845
	56851	-0.5832
	58012	-0.5814
	53984	-0.58051668
	53898	-0.58021476
	54804	-0.57968296
	54506	-0.5790442299999999
	57859	-0.57879
	57119	-0.57670222
	56276	-0.5761
	53781	-0.57528282
	56966	-0.5748
	59025	-0.5740200000000001
	53891	-0.57400536
	54521	-0.57350857
	57307	-0.5712
	54416	-0.57095365
	58020	-0.56939231
	54706	-0.56882455
	57076	-0.56549616
	53693	-0.56236628
	54912	-0.56236628
	56948	-0.5618
	57128	-0.56030815
	56654	-0.5589
	54803	-0.55746935
	59265	-0.55683
	56382	-0.5566
	54916	-0.55519831
	56843	-0.5543
	53782	-0.55413376
	53893	-0.55370794
	57308	-0.5526
	56289	-0.552
	56288	-0.5485
	56763	-0.5475
	56871	-0.5464
	57839	-0.5453
	57091	-0.53983296
	58007	-0.5391536400000001
	59848	-0.5377
	53995	-0.5376440400000001
	54304	-0.53681708
	58016	-0.533
	53991	-0.5294922000000001
	56094	-0.52901038
	54432	-0.5283716500000001
	53768	-0.52815874
	57407	-0.5279
	54421	-0.52716516
	57800	-0.5248
	54915	-0.5212036800000001
	53777	-0.51538414
	56973	-0.5151
	57317	-0.5149
	54848	-0.5077903500000001
	59854	-0.5076
	56168	-0.5072
	53966	-0.50715162
	56376	-0.5068
	56863	-0.5047
	56665	-0.5042
	54907	-0.50395797
	59462	-0.5032800000000001
	53783	-0.5031772999999999
	59023	-0.50238
	57408	-0.5011
	56567	-0.4997
	59945	-0.4995
	54921	-0.49877716
	56152	-0.4974
	57511	-0.4954
	56184	-0.488
	54938	-0.48437025
	56951	-0.4834
	57857	-0.4831
	54919	-0.48309279
	56491	-0.4822
	59452	-0.48186
	56669	-0.4816
	54425	-0.47769907
	57206	-0.4738
	59033	-0.47250000000000003
	54525	-0.47159565
	54918	-0.47131177
	53680	-0.46655678
	54801	-0.46584707999999997
	56164	-0.4629
	54311	-0.46272440000000004
	54412	-0.46251148999999997
	53691	-0.46087918
	53679	-0.45796940999999997
	52323	-0.45768553
	54923	-0.45683389
	57881	-0.4565
	57923	-0.4556
	54507	-0.45342733
	53981	-0.45271763000000004
	59417	-0.45072
	58005	-0.44993627999999997
	53685	-0.44725294
	56096	-0.44704003000000003
	56441	-0.447
	59940	-0.4468
	54920	-0.44292377
	54935	-0.4421431
	54821	-0.44107855
	56885	-0.4399
	56975	-0.4396
	53879	-0.43902042
	54927	-0.4364655
	54910	-0.43632356
	56984	-0.4321
	56598	-0.4309
	56898	-0.4301
	56186	-0.4296
	54717	-0.42872976999999995
	54434	-0.4286588
	54929	-0.42816201
	53694	-0.42695552000000003
	54716	-0.42475545000000003
	56565	-0.4247
	54835	-0.42255538000000004
	56970	-0.4214
	56396	-0.4188
	53992	-0.41831016000000004
	59278	-0.41823
	53772	-0.41666486999999996
	58004	-0.41385684
	54811	-0.41212279
	54833	-0.41205182
	54401	-0.41134212
	53696	-0.41098726999999996
	56767	-0.41
	53986	-0.40985640000000007
	53866	-0.40900011000000003
	54715	-0.40857429
	57083	-0.40789392
	54713	-0.40758071
	57096	-0.40706364
	58021	-0.40687101000000003
	58207	-0.40464828
	52643	-0.40048371
	54718	-0.40041274000000004
	57507	-0.3979
	54824	-0.39771588
	56766	-0.3976
	59469	-0.39393
	54810	-0.39352865
	54707	-0.39324477
	53769	-0.38941239
	53987	-0.38804268000000003
	59471	-0.38709
	54532	-0.38699941
	59429	-0.38682
	57605	-0.3839
	53687	-0.38281218
	53994	-0.38260812000000005
	59441	-0.38196
	54724	-0.38047017
	53874	-0.37933465
	54932	-0.37713458
	54606	-0.37685070000000004
	56483	-0.3747
	54817	-0.37302216
	53959	-0.37280541
	56962	-0.372
	53491	-0.37103116
	57401	-0.3706
	54308	-0.36989563999999997
	54423	-0.36876011999999997
	53989	-0.36849336000000005
	56867	-0.365
	56498	-0.3649
	54614	-0.36435997999999997
	59446	-0.36243000000000003
	53889	-0.362304
	54805	-0.36187603
	54522	-0.36180506
	54945	-0.36180506
	54404	-0.36109536000000003
	56869	-0.3563
	53499	-0.35364351
	54802	-0.35123053
	59941	-0.3506
	56178	-0.3475
	57876	-0.3444
	54808	-0.34370771
	57825	-0.3427
	54632	-0.34257219
	56691	-0.342
	58026	-0.3413
	56247	-0.3379
	53681	-0.33739138
	57948	-0.33543
	56146	-0.3338
	53862	-0.33334609
	57962	-0.3329
	56768	-0.33
	53880	-0.32979759
	56878	-0.3293
	56875	-0.3273
	53865	-0.3271717
	58040	-0.3259
	53770	-0.32546842
	53884	-0.32518454
	53857	-0.32404902
	57090	-0.32214864000000004
	57958	-0.32183999999999996
	53723	-0.3214941
	53852	-0.31986179
	59856	-0.3189
	57060	-0.31822948
	54940	-0.31780366
	57941	-0.31707
	58143	-0.3167
	53498	-0.3165262
	56095	-0.31567456
	54943	-0.31531971
	57744	-0.3149
	56772	-0.3145
	56180	-0.3135
	54428	-0.31333255
	57402	-0.3127
	59838	-0.3113
	53673	-0.31091957
	54406	-0.31091957
	57072	-0.31052472
	54704	-0.30829368
	53774	-0.30772592
	53890	-0.30758398
	57809	-0.3063
	53798	-0.30460324
	56946	-0.303
	59664	-0.30114
	57729	-0.2998
	54710	-0.29779012
	54925	-0.29771915
	54711	-0.29615781
	56380	-0.2961
	57079	-0.29603256
	56192	-0.29360289
	57216	-0.2936
	59211	-0.29358
	54618	-0.29253834
	56257	-0.2924
	54826	-0.29182864000000003
	56493	-0.2914
	56777	-0.2912
	53486	-0.29076409000000003
	53856	-0.28998342
	57766	-0.2893
	54913	-0.28700268
	54812	-0.28593813
	53974	-0.28357836
	57964	-0.28107000000000004
	53869	-0.28089926
	54827	-0.28075732
	59431	-0.28062000000000004
	59851	-0.2795
	57127	-0.2782024
	58140	-0.2767
	53692	-0.27635718000000004
	57098	-0.2747472
	54725	-0.27422808000000004
	54800	-0.27422808000000004
	59845	-0.2722
	57841	-0.2717
	59754	-0.27036
	56193	-0.2699
	59249	-0.26937
	54608	-0.26911824
	57910	-0.2689
	59847	-0.2681
	54911	-0.26713108
	54621	-0.2640084
	53753	-0.26251803
	53872	-0.26202124
	57900	-0.2606
	54712	-0.25875662
	52895	-0.25854371
	54501	-0.25655655
	54700	-0.25499521
	54922	-0.25492424
	54830	-0.25385969
	57011	-0.25307902
	56985	-0.2529
	54410	-0.25187253
	54408	-0.25180156
	53799	-0.2512338
	53788	-0.24867888
	53795	-0.24860791
	57248	-0.24775627
	53985	-0.24689508000000002
	59470	-0.24552
	59266	-0.24380999999999997
	53682	-0.24087218
	57947	-0.24021000000000003
	53760	-0.23980763
	56490	-0.2383
	57056	-0.23768652
	53767	-0.23711077
	53759	-0.23597525000000003
	59425	-0.23571000000000003
	53979	-0.23564855999999998
	54714	-0.23420100000000002
	57111	-0.23398808999999998
	54719	-0.23320742
	53677	-0.23299451
	53950	-0.22958795
	57081	-0.22787412
	54607	-0.22703303000000002
	57807	-0.2269
	56195	-0.2262
	53392	-0.22305871000000002
	54857	-0.22227803999999998
	54807	-0.21702626
	53982	-0.21617472
	53666	-0.21305194000000002
	56950	-0.213
	53579	-0.21248418
	53771	-0.21227126999999998
	53695	-0.21085186999999997
	59426	-0.20700000000000002
	58113	-0.2069
	57537	-0.2048
	57922	-0.2033
	54609	-0.20254838
	53775	-0.20205159
	58049	-0.2002
	59209	-0.20007
	57438	-0.1994
	57517	-0.1992
	53787	-0.19878697
	53789	-0.19687078
	53868	-0.19601914
	56389	-0.1952
	54701	-0.19495459
	59849	-0.1943
	57315	-0.1938
	53864	-0.19204482
	57113	-0.18934795999999998
	57927	-0.18747000000000003
	59954	-0.1849
	53674	-0.18267678
	53972	-0.18198228000000002
	59843	-0.1813
	57134	-0.18104446999999999
	59673	-0.18054
	53764	-0.18047671
	54806	-0.17863148999999998
	53778	-0.17848955
	56862	-0.1775
	59635	-0.17586
	53490	-0.17423135
	54939	-0.17323777
	54405	-0.17146352
	54708	-0.17139255
	53699	-0.16968927
	59842	-0.1688
	57821	-0.1678
	54709	-0.16748919999999998
	58024	-0.16685047
	56978	-0.1648
	54814	-0.16472137
	57191	-0.16371612000000002
	54449	-0.16074705
	53487	-0.16003735
	52546	-0.1596825
	59435	-0.15867
	57413	-0.158
	54617	-0.15783728
	53885	-0.15762436999999999
	52515	-0.15556624
	54727	-0.15357908
	53664	-0.15301132
	59656	-0.15075000000000002
	56991	-0.15
	53954	-0.14917894
	53573	-0.14875312000000002
	53697	-0.1483273
	52652	-0.14825633
	53794	-0.14626917
	54631	-0.14605626
	56671	-0.1451
	53750	-0.14463686
	53861	-0.14399813
	53863	-0.14314649
	57080	-0.14054376000000002
	57085	-0.1369962
	57002	-0.13675919
	59264	-0.13391999999999998
	54729	-0.13370748000000002
	53585	-0.13299778
	53875	-0.13292681
	57137	-0.13235905
	52661	-0.12994607
	56961	-0.1299
	59475	-0.12915
	54818	-0.12802988
	53806	-0.12590078
	57913	-0.1253
	53582	-0.12398458999999999
	53488	-0.12370071
	54597	-0.12249422
	53599	-0.12221034
	58045	-0.1208
	54822	-0.11979736
	53689	-0.11766826
	59224	-0.11753999999999999
	56593	-0.117
	56964	-0.115
	58038	-0.1147
	53580	-0.11369394000000001
	54849	-0.11362296999999999
	53492	-0.11170678
	57306	-0.1111
	56081	-0.1100035
	53978	-0.10778544000000001
	53776	-0.10496463
	56994	-0.1036
	53665	-0.10035158
	54737	-0.09893218
	57043	-0.09673211
	57052	-0.09616435000000001
	54836	-0.09332555000000001
	56267	-0.0922
	56992	-0.0922
	54519	-0.09077063
	56989	-0.0904
	54523	-0.09006093000000001
	53873	-0.08977705
	53588	-0.08913832
	53676	-0.08849959
	53882	-0.08849959
	59041	-0.08838
	56944	-0.0879
	53594	-0.08566079
	57099	-0.08393376
	54734	-0.08083483
	53791	-0.07977028
	59022	-0.07956
	59488	-0.07794
	53790	-0.07742827000000001
	53962	-0.07693148
	59632	-0.07488
	59476	-0.07461000000000001
	53660	-0.07253134
	53576	-0.07111194
	58111	-0.069819
	57949	-0.06921
	57086	-0.06913968000000001
	54819	-0.06905381
	53888	-0.06763440999999999
	53757	-0.06586016
	58032	-0.06401494
	53877	-0.05947286
	54815	-0.05947286
	54301	-0.05876316
	53832	-0.057556670000000004
	57439	-0.0566
	57758	-0.0552
	57520	-0.0551
	58834	-0.05355
	57445	-0.0519
	53748	-0.05003385
	57051	-0.04959036
	57232	-0.04911124
	54602	-0.04882736
	54437	-0.04875639
	57763	-0.0483
	56393	-0.0478
	54705	-0.04534983
	52988	-0.04208521
	53780	-0.040807750000000004
	54627	-0.04002708
	59027	-0.03987
	57211	-0.039672229999999996
	54816	-0.03917544
	54624	-0.03796895
	54825	-0.03711731
	57903	-0.0358
	54844	-0.03569791
	53662	-0.03243329
	54831	-0.031155830000000002
	59948	-0.0303
	54702	-0.02817509
	53786	-0.025549199999999998
	53617	-0.023774950000000003
	58707	-0.02367
	53841	-0.018948990000000002
	57912	-0.0187
	54703	-0.01681989
	58804	-0.016649999999999998
	53738	-0.01625213
	57872	-0.016
	53967	-0.013342360000000001
	53871	-0.010645499999999999
	56949	-0.0097
	54731	-0.009297070000000001
	58034	-0.0022000699999999997
	54644	-0.00120649
	50136	0.0
	50246	0.0
	50247	0.0
	50349	0.0
	50425	0.0
	50431	0.0
	50434	0.0
	50442	0.0
	50445	0.0
	50468	0.0
	50524	0.0
	50525	0.0
	50526	0.0
	50527	0.0
	50548	0.0
	50557	0.0
	50564	0.0
	50566	0.0
	50603	0.0
	50632	0.0
	50639	0.0
	50646	0.0
	50647	0.0
	50655	0.0
	50656	0.0
	50658	0.0
	50659	0.0
	50673	0.0
	50674	0.0
	50727	0.0
	50739	0.0
	50741	0.0
	50742	0.0
	50749	0.0
	50750	0.0
	50755	0.0
	50756	0.0
	50758	0.0
	50767	0.0
	50772	0.0
	50774	0.0
	50775	0.0
	50776	0.0
	50778	0.0
	50779	0.0
	50787	0.0
	50788	0.0
	50833	0.0
	50834	0.0
	50838	0.0
	50842	0.0
	50844	0.0
	50851	0.0
	50852	0.0
	50853	0.0
	50854	0.0
	50858	0.0
	50859	0.0
	50861	0.0
	50862	0.0
	50867	0.0
	50871	0.0
	50873	0.0
	50878	0.0
	50879	0.0
	50880	0.0
	50884	0.0
	50888	0.0
	50892	0.0
	50928	0.0
	50934	0.0
	50936	0.0
	50937	0.0
	50939	0.0
	50940	0.0
	50945	0.0
	50946	0.0
	50948	0.0
	50950	0.0
	50953	0.0
	50954	0.0
	50955	0.0
	50956	0.0
	50958	0.0
	50960	0.0
	50962	0.0
	50963	0.0
	50964	0.0
	50965	0.0
	50968	0.0
	50973	0.0
	50978	0.0
	50979	0.0
	50983	0.0
	50985	0.0
	50987	0.0
	51053	0.0
	51058	0.0
	51059	0.0
	51060	0.0
	51068	0.0
	51076	0.0
	51087	0.0
	51133	0.0
	51137	0.0
	51145	0.0
	51156	0.0
	51232	0.0
	51238	0.0
	51241	0.0
	51243	0.0
	51328	0.0
	51329	0.0
	51330	0.0
	51334	0.0
	51346	0.0
	51352	0.0
	51353	0.0
	51356	0.0
	51357	0.0
	51358	0.0
	51359	0.0
	51365	0.0
	51367	0.0
	51369	0.0
	51377	0.0
	51378	0.0
	51379	0.0
	51430	0.0
	51431	0.0
	51433	0.0
	51434	0.0
	51435	0.0
	51436	0.0
	51438	0.0
	51463	0.0
	51465	0.0
	51467	0.0
	51468	0.0
	51469	0.0
	51470	0.0
	51477	0.0
	51482	0.0
	51495	0.0
	51526	0.0
	51542	0.0
	51559	0.0
	51567	0.0
	51568	0.0
	51571	0.0
	51572	0.0
	51573	0.0
	51627	0.0
	51628	0.0
	51629	0.0
	51633	0.0
	51636	0.0
	51639	0.0
	51642	0.0
	51644	0.0
	51655	0.0
	51656	0.0
	51704	0.0
	51705	0.0
	51707	0.0
	51708	0.0
	51709	0.0
	51711	0.0
	51716	0.0
	51717	0.0
	51720	0.0
	51722	0.0
	51730	0.0
	51765	0.0
	51802	0.0
	51804	0.0
	51810	0.0
	51811	0.0
	51814	0.0
	51815	0.0
	51818	0.0
	51826	0.0
	51827	0.0
	51828	0.0
	51829	0.0
	51839	0.0
	51855	0.0
	51886	0.0
	51931	0.0
	52101	0.0
	52112	0.0
	52203	0.0
	52267	0.0
	52378	0.0
	52576	0.0
	52602	0.0
	52607	0.0
	52633	0.0
	52645	0.0
	52657	0.0
	52707	0.0
	52737	0.0
	52745	0.0
	52754	0.0
	52765	0.0
	52818	0.0
	52825	0.0
	52833	0.0
	52836	0.0
	52842	0.0
	52853	0.0
	52855	0.0
	52862	0.0
	52863	0.0
	52866	0.0
	52868	0.0
	52869	0.0
	52874	0.0
	52875	0.0
	52876	0.0
	52943	0.0
	52955	0.0
	52957	0.0
	52963	0.0
	52968	0.0
	52972	0.0
	52974	0.0
	53068	0.0
	53083	0.0
	53149	0.0
	53195	0.0
	53231	0.0
	53272	0.0
	53276	0.0
	53289	0.0
	53324	0.0
	53336	0.0
	53343	0.0
	53348	0.0
	53352	0.0
	53357	0.0
	53362	0.0
	53367	0.0
	53368	0.0
	53378	0.0
	53384	0.0
	53385	0.0
	53391	0.0
	53419	0.0
	53420	0.0
	53433	0.0
	53446	0.0
	53455	0.0
	53457	0.0
	53463	0.0
	53464	0.0
	53466	0.0
	53467	0.0
	53469	0.0
	53472	0.0
	53475	0.0
	53480	0.0
	53481	0.0
	53483	0.0
	53484	0.0
	53502	0.0
	53505	0.0
	53512	0.0
	53513	0.0
	53522	0.0
	53529	0.0
	53533	0.0
	53543	0.0
	53545	0.0
	53547	0.0
	53553	0.0
	53562	0.0
	53602	0.0
	53644	0.0
	53730	0.0
	53732	0.0
	54012	0.0
	54026	0.0
	54027	0.0
	54031	0.0
	54039	0.0
	54041	0.0
	54047	0.0
	54049	0.0
	54063	0.0
	54064	0.0
	54065	0.0
	54069	0.0
	54072	0.0
	54076	0.0
	54080	0.0
	54092	0.0
	54093	0.0
	54094	0.0
	54096	0.0
	54098	0.0
	54099	0.0
	54102	0.0
	54113	0.0
	54115	0.0
	54117	0.0
	54122	0.0
	54132	0.0
	54134	0.0
	54135	0.0
	54142	0.0
	54154	0.0
	54156	0.0
	54157	0.0
	54161	0.0
	54164	0.0
	54165	0.0
	54169	0.0
	54171	0.0
	54172	0.0
	54181	0.0
	54186	0.0
	54187	0.0
	54192	0.0
	54195	0.0
	54205	0.0
	54208	0.0
	54213	0.0
	54214	0.0
	54218	0.0
	54225	0.0
	54226	0.0
	54231	0.0
	54234	0.0
	54236	0.0
	54237	0.0
	54243	0.0
	54244	0.0
	54248	0.0
	54249	0.0
	54252	0.0
	54254	0.0
	54259	0.0
	54260	0.0
	54261	0.0
	54263	0.0
	54266	0.0
	54267	0.0
	54273	0.0
	54274	0.0
	54276	0.0
	54284	0.0
	54285	0.0
	54286	0.0
	54287	0.0
	54290	0.0
	54291	0.0
	54292	0.0
	54293	0.0
	54305	0.0
	54313	0.0
	54316	0.0
	54320	0.0
	54321	0.0
	54323	0.0
	54324	0.0
	54325	0.0
	54326	0.0
	54327	0.0
	54328	0.0
	54331	0.0
	54332	0.0
	54333	0.0
	54334	0.0
	54335	0.0
	54336	0.0
	54337	0.0
	54338	0.0
	54339	0.0
	54342	0.0
	54346	0.0
	54347	0.0
	54349	0.0
	54351	0.0
	54353	0.0
	54362	0.0
	54363	0.0
	54371	0.0
	54374	0.0
	54377	0.0
	54386	0.0
	54452	0.0
	54453	0.0
	54454	0.0
	54455	0.0
	54470	0.0
	54471	0.0
	54472	0.0
	54474	0.0
	54475	0.0
	54476	0.0
	54483	0.0
	54486	0.0
	54493	0.0
	54494	0.0
	54497	0.0
	54563	0.0
	54568	0.0
	54569	0.0
	54575	0.0
	54579	0.0
	54584	0.0
	54590	0.0
	54660	0.0
	54662	0.0
	55228	0.0
	55248	0.0
	55279	0.0
	55294	0.0
	55437	0.0
	55493	0.0
	55572	0.0
	55589	0.0
	55591	0.0
	55593	0.0
	55598	0.0
	55655	0.0
	55664	0.0
	55680	0.0
	55681	0.0
	55690	0.0
	55696	0.0
	55773	0.0
	56004	0.0
	56016	0.0
	56021	0.0
	56029	0.0
	56033	0.0
	56034	0.0
	56043	0.0
	56045	0.0
	56046	0.0
	56065	0.0
	56067	0.0
	56106	0.0
	56109	0.0
	56116	0.0
	56128	0.0
	56151	0.0
	56202	0.0
	56223	0.0
	56227	0.0
	56228	0.0
	56307	0.0
	56312	0.0
	56317	0.0
	56331	0.0
	56342	0.0
	56434	0.0
	53678	0.00340656
	57612	0.0035
	54755	0.006032450000000001
	54823	0.00716797
	58022	0.00730991
	53853	0.01071647
	56494	0.0128
	54604	0.014406909999999998
	52896	0.01504564
	54829	0.01745862
	57777	0.02
	54439	0.0205813
	54723	0.02100712
	52980	0.02178779
	57245	0.022000699999999998
	52784	0.022142639999999998
	59215	0.02223
	53964	0.023633010000000003
	57318	0.0251
	52656	0.02526532
	59205	0.028
	57071	0.0313242
	54626	0.03236232
	53792	0.03328493
	57513	0.0346
	54533	0.03775604
	57921	0.0392
	53725	0.04009805
	57087	0.04015536
	59855	0.0422
	59663	0.04221
	52986	0.04393043
	57731	0.0448
	53850	0.04534983
	54534	0.04605953
	57536	0.047
	53957	0.04712408
	56987	0.0491
	59427	0.05103
	54620	0.052659740000000003
	54726	0.053156529999999994
	53797	0.05365332
	59031	0.05409
	52557	0.055498540000000006
	54834	0.055569509999999996
	52884	0.05705988
	59280	0.05706
	57094	0.057968639999999995
	56996	0.0581
	57734	0.0581
	53565	0.058550250000000005
	57042	0.06195681
	53517	0.06216972
	54541	0.06351815
	57431	0.064
	57425	0.068
	54633	0.06997642
	53973	0.07125388
	59279	0.07245
	54846	0.07281522
	53751	0.07324104
	59256	0.07335
	58025	0.07501529
	56492	0.0758
	53854	0.07749924
	53658	0.08069289
	58725	0.08433
	53931	0.08601564
	53397	0.08764795
	52447	0.09077063
	56952	0.0919
	58036	0.0927
	57965	0.0936
	58027	0.0961
	57217	0.0963
	59057	0.09747
	59238	0.09881999999999999
	57105	0.09893218
	57512	0.0993
	57798	0.09936
	53651	0.10262262
	58030	0.10922283
	53584	0.10936476999999999
	53763	0.11113901999999999
	59288	0.11141999999999999
	53478	0.11241648000000001
	57110	0.11702952999999999
	53817	0.11894572
	56954	0.122
	57625	0.1223
	58821	0.12357000000000001
	54531	0.12462332000000001
	53567	0.12590078
	53958	0.12618466
	53784	0.12689435999999998
	59631	0.12798
	54722	0.12802988
	53756	0.12973316
	53564	0.13221711
	53821	0.13228808
	53785	0.13278487
	59473	0.13329000000000002
	59481	0.13428
	59237	0.135
	58101	0.13827936000000002
	57743	0.1395
	57415	0.1397
	59487	0.14093999999999998
	54610	0.14307552
	57519	0.1444
	54828	0.14499171
	57522	0.1475
	59130	0.14841
	57414	0.1486
	53903	0.15286938
	52982	0.15301132
	53663	0.15322423000000002
	53860	0.1554243
	57144	0.15634691
	57814	0.1569
	54738	0.15698564
	58150	0.1609
	53848	0.16131481
	57761	0.163
	57708	0.1639
	57818	0.1654
	53949	0.16976024
	53578	0.16983121
	59269	0.17127
	52787	0.17337971
	52985	0.17408941
	58836	0.17415
	57883	0.17739
	57213	0.17898634
	53859	0.17905731000000003
	59218	0.18072000000000002
	59213	0.18081
	53619	0.18104446999999999
	57082	0.1822842
	57309	0.1834
	53593	0.18579945999999997
	52679	0.18615431
	57502	0.1865
	57544	0.1878
	53669	0.18870923
	54728	0.19147705999999998
	59454	0.19233
	53975	0.19339325000000002
	52533	0.19360616
	58146	0.1959
	57606	0.1999
	58745	0.20034
	53707	0.20141286
	54603	0.20716143
	58041	0.2072
	57053	0.20751628
	53754	0.20907762
	52446	0.20936149999999998
	59284	0.20997000000000002
	54616	0.21319388
	59478	0.21411
	59324	0.21509999999999999
	54628	0.21603268
	57061	0.21688432
	59951	0.217
	57874	0.2171
	54853	0.21794887
	57741	0.2183
	59276	0.22194000000000003
	57773	0.2229
	57089	0.22311888
	56082	0.22383938
	58822	0.22527000000000003
	56278	0.2253
	57012	0.22774273
	59321	0.22788
	59034	0.22797000000000003
	57808	0.2337
	57106	0.23377518000000003
	57329	0.234
	59485	0.23418
	58044	0.2346
	53574	0.23746562000000002
	52993	0.23810435000000002
	53881	0.23923987
	53596	0.24555619999999997
	53659	0.24690462999999999
	53575	0.24938858
	57324	0.2502
	53930	0.25137574
	57774	0.2527
	57095	0.254745
	54852	0.25577588
	57969	0.2558
	57417	0.2563
	53970	0.2597502
	57124	0.26216318
	52674	0.262589
	57238	0.26386646
	53615	0.26422131
	57799	0.26586
	59229	0.26738999999999996
	56194	0.2697
	59758	0.2705
	58047	0.2706
	57510	0.2751
	57426	0.2757
	59501	0.27576
	57806	0.2779
	53611	0.27834433999999997
	59419	0.27891
	52998	0.28359612
	52885	0.28480261
	59477	0.28548
	53727	0.28643492
	53735	0.28693171
	58806	0.28719
	57411	0.2923
	58048	0.2925
	53976	0.29473841
	59320	0.2952
	59480	0.29610000000000003
	59317	0.29628
	56038	0.2967
	52797	0.29693848
	58035	0.297
	57506	0.2982
	53704	0.29984825
	52889	0.30318384000000004
	58131	0.3082
	53961	0.30857756000000003
	57314	0.3094
	59293	0.3096
	59492	0.31023
	57889	0.3112
	57988	0.31464000000000003
	57976	0.3153
	58130	0.3155
	53927	0.31709396
	53963	0.31766172
	53618	0.31773269
	53646	0.32106828000000004
	59310	0.32121
	59294	0.32301
	59315	0.32607
	52681	0.32632005999999997
	54528	0.3285911
	57720	0.3341
	57007	0.33590101
	54530	0.33689459
	54730	0.34015921
	57891	0.34047000000000005
	59287	0.34082999999999997
	57540	0.3419
	59255	0.34362
	59313	0.34398
	57899	0.34695000000000004
	53810	0.34711427
	53914	0.34711427
	57355	0.3522
	57348	0.353
	53956	0.3562694
	54615	0.35648230999999997
	57055	0.36542453
	53519	0.36812139000000005
	53612	0.37003758
	59227	0.37124999999999997
	54851	0.37273444
	53965	0.37330220000000003
	57887	0.3737
	52436	0.37415384
	56071	0.37528936
	59268	0.37529999999999997
	58820	0.37665
	59312	0.37674
	57409	0.3772
	59306	0.37926
	59271	0.3816
	53610	0.38267024
	53614	0.38366382
	53910	0.38487031
	53518	0.38543807
	57066	0.38857104000000003
	58100	0.3902316
	53705	0.39246410000000004
	54855	0.39253507000000004
	59072	0.3933
	57242	0.39572872
	57326	0.3986
	57762	0.3986
	57845	0.4005
	57914	0.4013
	58132	0.4028
	59322	0.40509
	54611	0.40729683
	57508	0.4075
	54841	0.41041951000000004
	53968	0.41148406
	59316	0.41157
	53796	0.41403898
	59285	0.41823
	52983	0.41964561000000006
	57558	0.4241
	59421	0.42462
	52996	0.42667163999999996
	57789	0.42741
	57732	0.4309
	57195	0.4332552
	57345	0.4347
	57915	0.435
	54842	0.43547192
	58141	0.4355
	57805	0.4356
	56080	0.43561386
	56969	0.436
	57895	0.43758
	54517	0.43795586999999997
	59319	0.43848000000000004
	57736	0.4407
	59242	0.44298000000000004
	57033	0.44483996000000003
	59228	0.44559
	53955	0.44618839000000005
	59065	0.44748
	53399	0.44860137
	58823	0.44919
	57339	0.4504
	54863	0.45051756000000004
	59099	0.45486
	59254	0.45558
	57001	0.45576933999999997
	57273	0.45657852
	56499	0.4609
	57040	0.46123403
	59289	0.46125
	54837	0.46350507
	57420	0.4641
	56959	0.4644
	52995	0.46456961999999996
	57231	0.47152468
	57343	0.47698937
	53690	0.47876362
	54518	0.47933138
	59097	0.48348
	57313	0.4838
	58748	0.48906
	59241	0.4913100000000001
	59304	0.49365
	59270	0.49383
	56185	0.4958
	54527	0.49657709
	57140	0.49714485
	58814	0.49788000000000004
	59493	0.50373
	53908	0.51368086
	59038	0.51723
	57006	0.51935846
	57328	0.5198
	59757	0.5238
	58737	0.52479
	57516	0.527
	53740	0.53781066
	58719	0.53973
	59318	0.54162
	59044	0.5441400000000001
	53917	0.54831422
	59303	0.55206
	59246	0.5560200000000001
	57505	0.5567
	57545	0.5583
	52978	0.55846293
	54503	0.56534702
	57816	0.5686
	56958	0.5695
	57247	0.5698891
	59055	0.57735
	59058	0.5821200000000001
	57038	0.58379922
	57047	0.58819936
	57811	0.5895
	58102	0.5903
	57781	0.5938
	56995	0.594
	58837	0.59463
	57514	0.596
	57155	0.59607703
	59297	0.60309
	57911	0.6062
	57541	0.6066
	58736	0.6075900000000001
	58718	0.6121800000000001
	59047	0.61245
	59500	0.61425
	57027	0.61573572
	58928	0.61785
	57518	0.6223
	57303	0.6258
	57647	0.6275
	57786	0.62964
	59064	0.63216
	53944	0.63454277
	57014	0.64199462
	59096	0.64332
	57044	0.64398178
	57437	0.6452
	57603	0.6453
	58705	0.64728
	59088	0.64728
	58126	0.648
	54535	0.6527820599999999
	57813	0.6534
	57543	0.6535
	54843	0.65441437
	57760	0.6558
	58905	0.6590699999999999
	57298	0.65984616
	57718	0.6627
	56496	0.6637
	53590	0.66967292
	56079	0.6708
	57432	0.6712
	57886	0.6721
	57829	0.6733
	59626	0.6739200000000001
	59087	0.67428
	57035	0.67684089
	58828	0.67707
	59045	0.6822900000000001
	57896	0.684
	57655	0.6854
	53938	0.69224138
	57070	0.70015248
	57359	0.7037
	59116	0.70677
	57793	0.7077600000000001
	57966	0.7087
	59090	0.71046
	57049	0.71069358
	59109	0.7119000000000001
	57063	0.71207832
	57973	0.7151
	57822	0.7159
	57176	0.71653164
	57828	0.7178
	58818	0.71928
	57994	0.71991
	54613	0.7218358699999999
	58750	0.72189
	57742	0.7222
	58929	0.72909
	59290	0.7308000000000001
	59125	0.73107
	57016	0.7318426399999999
	57008	0.7329781599999999
	58844	0.73377
	58921	0.7338600000000001
	58824	0.7463700000000001
	56182	0.7481
	57972	0.751
	59075	0.7515
	59502	0.7515
	57416	0.753
	59052	0.75753
	58754	0.75771
	58839	0.7607700000000001
	59298	0.7628400000000001
	57827	0.763
	58734	0.76851
	58658	0.76959
	57634	0.7711
	58927	0.77319
	57992	0.77589
	52418	0.77591501
	59122	0.77895
	57991	0.78228
	59063	0.7848
	59124	0.78615
	54438	0.78854767
	59235	0.79344
	57021	0.79585758
	57259	0.7988
	59127	0.7999200000000001
	52984	0.8001157799999999
	59051	0.8017200000000001
	56385	0.8062
	58917	0.80865
	57192	0.81269316
	59126	0.81504
	59314	0.81747
	58301	0.8188825200000001
	54605	0.81892283
	57523	0.8242
	59094	0.83565
	58657	0.8369099999999999
	59071	0.8397000000000001
	57554	0.8423
	57717	0.8592
	57894	0.8596800000000001
	58843	0.86004
	57020	0.8693825000000001
	58735	0.8703
	53577	0.87158257
	53953	0.872931
	53845	0.87463428
	57985	0.8803
	58934	0.88056
	59230	0.88218
	59037	0.8824500000000001
	57102	0.8835765000000001
	59133	0.88641
	58647	0.8865
	58517	0.88668
	57803	0.8881
	53937	0.8899638
	59117	0.89451
	58826	0.89514
	57772	0.8953
	56399	0.8962
	57989	0.8964
	54601	0.89791244
	58847	0.89901
	57608	0.9032
	57714	0.9036
	58704	0.90801
	57034	0.91033219
	59074	0.91071
	58918	0.92691
	57333	0.928
	57447	0.9281
	58731	0.9315
	59102	0.93492
	59137	0.93492
	58145	0.936
	58926	0.93744
	57509	0.9381
	57604	0.9386
	57990	0.94338
	57187	0.94470768
	53941	0.9535529199999999
	59134	0.9593100000000001
	57754	0.9666
	58665	0.9680399999999999
	57637	0.9704
	54732	0.98172801
	57460	0.9828
	58933	0.98595
	58129	0.9873
	58845	0.9873
	58125	0.9931
	59059	0.99936
	57257	1.0036
	57041	1.00401259
	53829	1.00458035
	57643	1.0054
	58846	1.0156500000000002
	57193	1.01603628
	58154	1.0202
	57048	1.02033569
	58659	1.02231
	59114	1.02258
	58936	1.0245600000000001
	57698	1.02501
	59046	1.02825
	57771	1.0326
	58205	1.0346798400000001
	57796	1.03572
	57075	1.0420014000000002
	58128	1.0441
	57993	1.04553
	58714	1.0475999999999999
	58819	1.04895
	58265	1.0522
	54861	1.05922725
	57713	1.0623
	57032	1.0624209
	54645	1.06504679
	53942	1.07001469
	58911	1.07226
	59107	1.0752300000000001
	57153	1.07533744
	57780	1.0757
	57779	1.0783
	57752	1.0785
	58730	1.08027
	59092	1.08225
	57249	1.0823
	58848	1.08468
	57054	1.08569906
	59113	1.0885500000000001
	57636	1.1006
	57649	1.1013
	54623	1.1021641
	54744	1.1037254399999998
	57792	1.10376
	58938	1.10511
	54832	1.1091191599999999
	59131	1.1110499999999999
	57180	1.11242424
	59053	1.11465
	59106	1.11951
	57699	1.12365
	57462	1.1261
	57194	1.13053944
	53948	1.13090695
	58940	1.13265
	58935	1.1465100000000001
	58744	1.14714
	58214	1.1477
	57614	1.1478
	54612	1.1499978800000001
	57197	1.15190028
	57169	1.15491948
	57564	1.1556
	58667	1.16649
	58942	1.16667
	58559	1.17036
	57395	1.1719
	57028	1.17902461
	59093	1.17909
	57722	1.1837
	57723	1.1893
	57995	1.2007800000000002
	57978	1.2016
	57074	1.20549108
	57186	1.2073026
	58907	1.2081600000000001
	57162	1.2129636
	58813	1.21509
	57361	1.2235
	58114	1.2246
	58715	1.22877
	56173	1.2328
	57003	1.23544576
	58135	1.2376
	58656	1.2376800000000001
	54540	1.23871038
	58701	1.2389400000000002
	56074	1.2407685099999999
	54749	1.24580738
	58932	1.26099
	59082	1.26288
	57045	1.2684468100000001
	57696	1.27296
	57065	1.2745552800000002
	56091	1.27525993
	58107	1.2821
	57188	1.2835374
	57996	1.28502
	57132	1.2857634900000001
	58710	1.29033
	54622	1.29740257
	58752	1.2985200000000001
	56092	1.29938973
	58946	1.3023900000000002
	57175	1.3024074
	59081	1.30248
	58139	1.3057
	58931	1.3059
	57004	1.30762225
	57037	1.31564186
	53906	1.3213904300000001
	57688	1.3217
	57025	1.32465505
	58608	1.3274100000000002
	53935	1.33771353
	53924	1.33806838
	58660	1.34001
	53934	1.3427524
	57177	1.34626128
	58506	1.3491900000000001
	57189	1.34943144
	57719	1.3523
	57642	1.355
	57182	1.35539436
	58510	1.36134
	57198	1.3635462
	58609	1.3643100000000001
	58530	1.3675
	54619	1.3746889
	54636	1.37653412
	58912	1.37934
	59091	1.3824
	57679	1.385
	53916	1.3888119300000001
	53925	1.39165073
	57635	1.3917
	58906	1.39428
	57573	1.3978
	53926	1.40286399
	54736	1.40371563
	53928	1.405206
	58240	1.4107
	57046	1.41180621
	58127	1.4126
	53929	1.4132965800000001
	59061	1.4147100000000001
	54539	1.4218839499999998
	57646	1.4228
	58742	1.42281
	58527	1.4235300000000002
	58724	1.4270399999999999
	57181	1.4274022800000001
	58507	1.4325299999999999
	57661	1.4341
	58633	1.43496
	57466	1.4359
	58619	1.43892
	58212	1.4432
	58760	1.4445000000000001
	58941	1.4472
	57974	1.449
	57975	1.4532
	53923	1.45389142
	58713	1.45728
	58607	1.45944
	57678	1.4628
	58605	1.4656500000000001
	58230	1.4662
	57349	1.4682
	58631	1.46844
	58148	1.4713
	58644	1.47195
	57299	1.485069
	57024	1.4866795600000002
	58202	1.4875
	57710	1.4946
	57196	1.4975232
	57029	1.49753797
	53915	1.5005896799999998
	53947	1.50094453
	58712	1.50264
	58537	1.50606
	58602	1.5121799999999999
	53945	1.5131513699999999
	57084	1.5148836
	58923	1.51731
	58615	1.51857
	57657	1.5279
	57254	1.52990029
	57598	1.53135
	57687	1.5357
	58623	1.5359399999999999
	58509	1.53756
	58624	1.5429599999999999
	57574	1.544
	58614	1.54773
	58693	1.5484499999999999
	57292	1.5598696800000003
	57662	1.5695
	58108	1.5718
	58223	1.5728
	57609	1.5748
	57694	1.5756299999999999
	58514	1.57833
	57057	1.58014705
	57039	1.58099869
	58612	1.58229
	58234	1.5863
	57658	1.589
	58625	1.58949
	57368	1.5924
	57143	1.59689597
	58601	1.59885
	54759	1.6032122999999998
	57030	1.6108060899999999
	57740	1.6122
	58903	1.61226
	58264	1.6132
	58747	1.61622
	57682	1.6225
	56093	1.62372263
	58437	1.6242
	58330	1.6249
	57451	1.6284
	54776	1.6308906
	57078	1.63089636
	54751	1.63103254
	58423	1.6323
	58746	1.63629
	58568	1.6379100000000002
	58637	1.63998
	57026	1.64103931
	57633	1.6446
	58109	1.6448
	57022	1.6452975099999998
	58618	1.64835
	54753	1.6487750399999999
	57023	1.65132996
	58620	1.65204
	58634	1.65465
	58508	1.65528
	57031	1.6574333799999998
	58616	1.66797
	57067	1.6712026800000002
	57586	1.6715
	58104	1.67837328
	58600	1.6793099999999999
	56374	1.6797
	58622	1.6815600000000002
	58338	1.6881
	54871	1.6905763699999998
	58626	1.6907400000000001
	57396	1.69195968
	58210	1.6925
	58635	1.6959600000000001
	58627	1.69632
	57183	1.69656396
	58414	1.7016
	58643	1.71585
	58547	1.71612
	58629	1.71621
	58549	1.71711
	57293	1.7226800400000002
	58158	1.724
	58555	1.72413
	58548	1.72422
	57295	1.7244160800000001
	57981	1.725
	58546	1.72503
	58646	1.72539
	57385	1.7259
	58749	1.72818
	58632	1.73268
	58567	1.73475
	58944	1.73997
	58254	1.7405
	58415	1.7457
	57669	1.7463
	58523	1.748
	57154	1.74877177
	58519	1.75653
	58652	1.75923
	57390	1.76162772
	57281	1.76593008
	58418	1.7736
	58642	1.7739
	58654	1.7829000000000002
	58220	1.7847
	58543	1.7856
	58417	1.7918
	57184	1.7949144000000001
	58512	1.8012599999999999
	58534	1.8088
	58544	1.80891
	57296	1.81536948
	58531	1.8195
	58503	1.8216899999999998
	57178	1.82186076
	57173	1.8311448000000001
	58259	1.8338
	58404	1.8357
	58664	1.83636
	57294	1.8367303199999998
	58250	1.8388
	57566	1.8473
	58432	1.852
	57489	1.8587
	54752	1.8616850400000002
	57663	1.8623
	57595	1.8695
	58502	1.8696599999999999
	54766	1.87282733
	58306	1.8762
	58317	1.8781
	58557	1.881
	58421	1.8834
	58520	1.8835
	57666	1.8844
	57475	1.8928
	57185	1.89635952
	58558	1.9002600000000003
	58565	1.90287
	58255	1.9061
	58251	1.9087
	58529	1.9105199999999998
	57589	1.9195
	58562	1.9197900000000003
	58556	1.9311300000000002
	57465	1.9342
	57485	1.9381
	58542	1.93833
	57671	1.9387
	57297	1.93998696
	58208	1.9447421999999999
	58323	1.9465
	57290	1.95523392
	58268	1.9598
	58451	1.9606500000000002
	58428	1.964
	57498	1.9754
	58501	1.9793
	57674	1.9823
	58435	1.9841
	57673	1.9863
	57562	1.9924
	58569	1.9955699999999998
	58464	1.9981800000000003
	58666	2.01024
	58426	2.0137
	58416	2.016
	57464	2.0176
	58429	2.0178
	58427	2.0187
	58316	2.0217
	57077	2.02346784
	57494	2.0285
	58407	2.0344
	58408	2.0375
	58243	2.04
	57640	2.0446
	58122	2.0467
	58550	2.04939
	57581	2.0599
	57476	2.0604
	57577	2.0605
	58147	2.0611
	57285	2.0714731200000003
	57565	2.0735
	58401	2.0763
	58751	2.07846
	57493	2.0805
	57179	2.08075716
	54765	2.08105331
	58420	2.0896
	58334	2.0988
	58458	2.1042
	58477	2.10537
	57583	2.1075
	58215	2.1114
	58246	2.1136
	58360	2.117
	57584	2.1174
	58449	2.1230100000000003
	57571	2.1238
	57274	2.12997012
	57261	2.130423
	57156	2.13510276
	57582	2.1367
	57358	2.1386
	58442	2.1414
	58446	2.14353
	58402	2.1485
	58606	2.1502800000000004
	58455	2.15685
	58311	2.1574
	58456	2.1576600000000004
	58484	2.15856
	58269	2.1588
	57496	2.1642
	58419	2.1642
	57461	2.1644
	57590	2.1725
	58468	2.17638
	57486	2.177
	58443	2.17782
	58241	2.1808
	58203	2.1828
	57491	2.1855
	57271	2.18688204
	58452	2.1875400000000003
	58570	2.1888900000000002
	58436	2.1904
	58433	2.1928
	58331	2.1993
	58221	2.2003
	57398	2.2024
	58453	2.20374
	57483	2.2062
	57469	2.2121
	58472	2.2131000000000003
	58448	2.2185
	57399	2.2234
	54764	2.23193553
	58247	2.2348
	58460	2.2368
	57680	2.2397
	58342	2.2406
	57481	2.2409
	57499	2.243
	58424	2.2495
	58438	2.2502
	57575	2.2566
	57387	2.2568
	58329	2.2585
	58118	2.2594
	58563	2.27277
	58367	2.2757
	58462	2.2788
	57585	2.2843
	58358	2.2872
	58457	2.28726
	58461	2.2908
	58366	2.2925
	57482	2.3018
	58361	2.3079
	58257	2.31
	57477	2.3129
	58339	2.3163
	58138	2.3172
	57492	2.32
	58343	2.3238
	57378	2.3258
	58467	2.32785
	58321	2.3307
	58441	2.3316
	58431	2.3322
	58353	2.3326
	58454	2.3381100000000004
	54774	2.34037769
	57388	2.3412
	58463	2.3412
	58245	2.3434
	58244	2.3489
	58249	2.349
	54778	2.34967476
	57600	2.3526
	58369	2.3573
	58359	2.3604
	58337	2.3614
	58236	2.3651
	58450	2.36943
	58340	2.3696
	58362	2.3742
	58356	2.3766
	58222	2.3828
	58345	2.3924
	58354	2.3945
	58235	2.4001
	58242	2.4103
	58459	2.41047
	57389	2.4183
	58238	2.4238
	58351	2.4252
	58341	2.4292
	58365	2.4315
	58346	2.4324
	58377	2.4429
	58225	2.4679
	58117	2.4754
	58335	2.476
	58352	2.4809
	58327	2.49
	58224	2.4963
	58319	2.5003
	58237	2.5095
	54777	2.52234477
	58314	2.5299
	57260	2.5951
	57381	2.5952
	58320	2.6059
	58326	2.6322
	57251	2.6347
	58500	2.6584
	58344	2.6762
	57265	2.6792
	57363	2.6835
	56171	2.6899
	57362	2.7373
	58336	2.7678
	57370	2.7986
	57268	2.8326
	57256	2.8678
	57253	2.9738
	57279	2.9776
	57278	3.1148
	57377	3.1951
