50136     2
50246     2
50349     3
50353     2
50425     3
50431     5
50434     4
50442     1
50445     3
50468     2
50514     2
50524     2
50525     2
50526     2
50527     3
50548     1
50557     2
50564     1
50566     0
50603     1
50618     2
50632     3
50639     1
50646     2
50647     2
50655     1
50656     2
50658     3
50673    -1
50674     0
50727     0
50741     2
50742     2
50745     2
50749     2
50750     1
50755     2
50756     1
50758     2
50772     0
50774     0
50775     2
50776     1
50778     3
50779     1
50788     1
50832     1
50833     1
50834     1
50838     1
50842    30
50844     2
50851    30
50852     3
50853     1
50854     2
50858     3
50861    -3
50862     1
50867     1
50871     2
50873     2
50877     1
50878     2
50879     1
50880     1
50884     1
50888     1
50892     2
50913     1
50915     1
50928     0
50934     0
50936     2
50937     1
50939    -2
50940     1
50946     1
50948     1
50949     1
50950     2
50953     1
50954     3
50958     2
50960     0
50962     1
50963     1
50964     0
50965     0
50968     1
50978     2
50979     1
50983     2
50985     2
51053     0
51059  -999
51060  -999
51068     0
51076     0
51087     0
51133     1
51137    -2
51145     1
51156     0
51186     0
51232     0
51238  -999
51241     0
51243     1
51288     0
51328   -19
51329   -12
51330     0
51334     1
51346     0
51352     0
51353     0
51356    -2
51357     0
51358  -999
51359     1
51365     0
51367     0
51369    -9
51377    -8
51378     0
51379     0
51430    -1
51431    -7
51433  -999
51434    -7
51435   -14
51436   -10
51437    -7
51438    -9
51463    -7
51465     1
51467    -1
51468    -2
51469  -999
51470  -999
51477     0
51482    -1
51495     0
51526     0
51542    -8
51559     0
51567     0
51568     0
51571     0
51572     0
51573     0
51581     0
51627     0
51628     0
51629     0
51633     0
51636     0
51639  -999
51642     0
51644     0
51655  -999
51656     0
51701    -9
51704  -999
51705     0
51707     0
51708     0
51709     0
51711    -5
51716     0
51717     1
51720     0
51722     1
51730     0
51765     0
51777     1
51802     0
51804     0
51810  -999
51811     1
51814     1
51815     1
51818     1
51826     0
51827     0
51828     0
51829     0
51839     0
51855     0
51886     0
51931     0
52101    -2
52112  -999
52203     0
52267     0
52313     0
52323     0
52378     0
52418     0
52424     0
52436     0
52446     0
52447     0
52495     0
52515     0
52533     0
52546     0
52557     1
52575     0
52576     0
52602     0
52607     0
52633     2
52643     1
52645     2
52652     1
52656     0
52657     1
52661     0
52674    -8
52679     0
52681     0
52707     0
52713     0
52737     0
52745     1
52754    -7
52765   -14
52784   -14
52787    -8
52797     0
52818     0
52825     0
52833     0
52836    -8
52842     0
52853    -1
52855    -5
52856    -4
52862    -3
52863     0
52866    -1
52868    -2
52869    -3
52874    -4
52876     1
52884  -999
52885     0
52889     1
52895    -1
52896     0
52908     0
52943    -6
52955     0
52957     1
52963     0
52968     2
52972     0
52978     1
52980     1
52982     1
52983     1
52984     1
52985     1
52986     2
52988     2
52993     2
52995     1
52996     2
52998     2
53068     0
53083    -1
53149     0
53192    -3
53195     0
53231     0
53272     0
53276     0
53289     1
53324     0
53336   -17
53337     0
53343    -8
53348   -13
53352     0
53357     0
53362     1
53367     1
53368     1
53378     0
53384     0
53385     0
53391     2
53392     1
53397     3
53399     1
53419     0
53420     0
53433    -2
53446    -5
53455     0
53457     1
53463     2
53464     0
53467     3
53469     2
53472     2
53475     2
53478     2
53480     1
53481     2
53483     2
53484     2
53486     1
53487     2
53488     2
53491     2
53492     2
53498     3
53499     1
53502     0
53512     0
53513     0
53517     0
53518     0
53519     0
53522     1
53529    -5
53533     1
53543     1
53545     1
53547     1
53553     2
53562     3
53564     0
53565     1
53567     2
53573     2
53574     2
53575     2
53576     1
53577     1
53579     1
53580     2
53582     1
53584     2
53585     2
53588     1
53590     2
53593     1
53596     1
53599     0
53602     1
53610     0
53611     0
53614     0
53615     0
53617     0
53618     0
53619    -7
53644    -5
53646     2
53651  -999
53658     1
53659     1
53660     3
53662     1
53663     2
53664     2
53665     1
53666     2
53669     1
53673     1
53674     1
53676     1
53677     1
53678     1
53679     2
53680     1
53681     1
53682     0
53685     2
53688     1
53689     1
53690     0
53691     1
53692     1
53693     1
53694     1
53695     1
53696     1
53697     0
53698     1
53699     0
53704     0
53705     0
53707     1
53723     1
53725     1
53727     1
53730     0
53732     1
53735  -999
53738     3
53740     1
53748     3
53750     2
53751     2
53753     3
53754     3
53756     2
53757     4
53759     4
53760     3
53763     1
53764     3
53767     3
53768     2
53769     1
53770     1
53771     1
53772     1
53773     1
53774     1
53776     1
53777     1
53778     2
53780     2
53781     2
53782     1
53783     2
53784     1
53785     1
53786     3
53787     3
53788     2
53789     0
53790     1
53791     1
53792     1
53794     1
53795     1
53796     0
53797     1
53798     2
53799     1
53806     2
53810     1
53817     3
53821     3
53829     3
53832     4
53841     4
53845     6
53848     3
53850     5
53852     4
53853     3
53854  -999
53856     3
53857     4
53860     4
53861     3
53862     3
53863     2
53864     3
53865     3
53866     2
53868     2
53869     3
53871     3
53872     4
53873     4
53874     2
53875     4
53878     3
53879     4
53880     4
53881     1
53882     3
53883     1
53885     3
53886     2
53888     4
53889     0
53890     1
53891     1
53892     1
53893     1
53894     0
53895     2
53896     2
53897     0
53898     1
53899     1
53903     3
53906     3
53908     3
53914     3
53915     2
53916     3
53917     3
53923     2
53924     3
53925     2
53926     2
53927     3
53928     2
53929     2
53930     4
53931     4
53934     2
53935     3
53937     3
53938     1
53941     2
53942     3
53945     2
53947     2
53948  -999
53949     1
53950    -4
53953     3
53954     1
53955  -999
53956     1
53957     1
53958     0
53959    -1
53961     2
53962     3
53963     2
53964     2
53965     3
53966     3
53967     2
53970     2
53972     0
53973     3
53974     0
53975     3
53976     0
53978    -6
53979    -7
53980     1
53981     1
53982    -4
53983     0
53984     2
53985     1
53986     1
53987    -4
53988     1
53989     0
53991     1
53992    -3
53993     1
53994     0
53995     1
53996     1
53997     0
53998     0
54012     1
54024     2
54026     3
54027     1
54031    -2
54039    -2
54041   -10
54047     0
54049     0
54063     2
54065     3
54069     2
54072     2
54076     1
54080     2
54092     3
54093     1
54094     3
54096     2
54098     2
54099     2
54102     0
54113    -7
54115    -3
54117     0
54122     0
54132     0
54134    -2
54135     0
54142     0
54154     0
54156     1
54157    -2
54161     1
54164     1
54169     2
54171     1
54172     1
54181     2
54186     1
54187     1
54195     2
54204     1
54205     0
54208     1
54213   -11
54214     0
54218     0
54223    -5
54225     0
54226     1
54231     0
54234     1
54236     1
54237     2
54244    -4
54245     1
54249     1
54252     1
54254     1
54259     1
54261     1
54263     2
54266     1
54267     2
54273     2
54274     2
54276     3
54284     3
54285     2
54290     1
54291     2
54292     1
54293     2
54301     1
54304     1
54305     2
54308    -1
54311    -7
54313     1
54316     0
54318    -3
54319    -7
54320    -4
54321     0
54323     0
54324    -4
54325     1
54326    -5
54327     0
54328     0
54331     2
54332     1
54333     1
54334  -999
54335     1
54336     0
54337     1
54338     0
54339     0
54342     1
54346     1
54347     1
54349  -999
54351     1
54362     2
54363     3
54365     4
54371     3
54374     3
54377     4
54386     1
54398     0
54399     0
54401     1
54404     1
54405     2
54408     2
54410     0
54412     0
54416     1
54419     1
54420     0
54421    -2
54423     0
54424     0
54425     1
54428     0
54429     0
54430     0
54431    -1
54432    -6
54433     0
54434    -1
54436     1
54437    -7
54438     1
54439     1
54449     1
54453     0
54454     0
54455    -7
54471     1
54474    22
54475     1
54476     2
54483     2
54486     3
54493     4
54494     3
54497     4
54499    -2
54501     1
54502     0
54503     1
54505    -1
54506     1
54507     1
54510     1
54511     1
54512     1
54513     0
54514     0
54515     1
54517   -11
54518    -4
54519    -1
54520     2
54521     1
54522    -7
54523  -999
54525  -999
54527    -9
54528  -999
54530   -12
54531     0
54532     1
54533     0
54534     1
54535   -14
54539   -10
54540    -7
54541     1
54563     3
54568     2
54569     2
54579     3
54584     4
54590     4
54594     0
54596     0
54597     1
54601     0
54602     1
54603     0
54604     1
54605     1
54606     1
54607     0
54608     1
54609     1
54610     1
54611     2
54612     0
54613     1
54614     1
54615     1
54616     1
54617     2
54618     1
54619     0
54620     1
54621     1
54622    -3
54623   -12
54624     1
54626     0
54627     1
54628     0
54631     1
54632     1
54633     2
54636     1
54640     1
54644     2
54660  -999
54662     4
54700     2
54701     1
54702     1
54703     1
54704     1
54705     2
54706     1
54707    22
54708     1
54709     2
54710     1
54711     0
54712     2
54713     1
54714     2
54715     2
54716     1
54717     1
54718     3
54719     1
54722     2
54723     2
54724     2
54725     3
54726     1
54727  -999
54728     2
54729     3
54730     2
54731     3
54734     3
54736     2
54737     3
54738     3
54744  -999
54749     4
54751     4
54752     3
54753     4
54755     4
54759     3
54764     3
54765     2
54766     2
54774     1
54776     1
54777     1
54778    -2
54800     1
54801     2
54802     2
54803     2
54804     2
54805     2
54806     4
54807     0
54808     1
54809     2
54810     3
54811     2
54814     3
54815     2
54816     2
54817     2
54818     2
54819     2
54820     2
54821     1
54822     2
54823     2
54824     2
54825     3
54826     3
54827     2
54828     2
54829     3
54830     2
54831     2
54832     2
54833     3
54834     4
54835     2
54836     2
54837     1
54841     1
54842  -999
54843     1
54844    -3
54846     1
54848    -1
54849    -4
54851     2
54852     2
54853    -3
54855     0
54857     0
54861     0
54863     1
54871     1
54900     1
54901     2
54902     1
54903     1
54904     1
54905     1
54906     1
54907     3
54908    -1
54909     1
54910     1
54911     1
54912    -1
54913     1
54914     0
54915     1
54916     1
54917     1
54918    17
54919    10
54920     2
54921     2
54922     1
54923     2
54925     2
54927     2
54929     0
54932     1
54935     2
54936  -999
54938     1
54939     1
54940     2
54943     0
54945     0
55228     0
55248     0
55279     1
55294     2
55299     2
55437     1
55472     2
55493     1
55572     2
55578     2
55585     1
55591     2
55598     0
55655    -2
55664     0
55680     1
55681     1
55690    -1
55696     1
55773     0
56004     0
56016     2
56018     2
56021     2
56029     2
56033     1
56034     2
56038     2
56043     1
56045     1
56046     2
56065     0
56067     3
56071     1
56074     2
56079     3
56080     1
56081     2
56082     1
56084     2
56091     2
56092     2
56093     3
56094     1
56095     2
56096     2
56097     1
56106     3
56116     1
56125     0
56137     1
56144     2
56146     1
56147     1
56151     2
56152     1
56158     1
56164     4
56167     0
56168     0
56171     3
56172     1
56173     3
56178   -22
56180     2
56181     3
56182     1
56183     2
56184    -6
56185     0
56186     5
56187  -999
56188     4
56189     4
56190     4
56192     2
56193     4
56194     4
56195     3
56196     2
56197     4
56198     4
56199     2
56202     2
56223    -4
56227    -7
56247    -6
56251     0
56257     1
56263   -12
56267    -5
56272     4
56273     2
56276     2
56278     2
56279     2
56280     4
56281     2
56284     3
56285     3
56287     2
56289     2
56290     4
56291     3
56295     1
56296     3
56297     1
56298     2
56307     1
56312     1
56317     1
56331     1
56357    -3
56371     0
56373     2
56374    -2
56376   -15
56378     0
56380     2
56381     1
56382     3
56383     2
56384     2
56385     1
56386     1
56387    -9
56389     0
56390     1
56393     1
56394     3
56395     1
56396     2
56399     0
56434     1
56441     2
56443     1
56444     1
56459     3
56462     1
56473    -5
56474     2
56475     1
56478     1
56479     1
56480     1
56483     2
56485     2
56487     2
56489     2
56490     1
56492     1
56493     0
56496    -7
56497     2
56499     1
56533  -999
56543     0
56548     1
56565     2
56567     2
56569     0
56571    -6
56575     0
56578    -3
56582     2
56584     1
56585     0
56586     0
56592     1
56593    -4
56594     2
56595    -8
56596    -6
56598   -12
56641    -3
56645     2
56646     2
56649     1
56651     3
56652     3
56654     2
56664     2
56665    -7
56669    -5
56670     0
56671     0
56673    -9
56675     1
56684   -15
56688   -15
56691    -7
56693  -999
56697   -11
56739     2
56742    -2
56745     2
56746     1
56748     0
56751    -5
56752    -5
56755    -7
56756    -4
56757     0
56761    -1
56763   -11
56764    -6
56766   -12
56767   -17
56768   -10
56772    -8
56774    -5
56775    -3
56777   -19
56778    -2
56781    -3
56782    -9
56783    -5
56785    -2
56786   -22
56788    -9
56790    -7
56792  -999
56793    -4
56835     2
56836     3
56838     1
56839     3
56840     1
56841     3
56842   -12
56843     0
56844     3
56846    -4
56849    -2
56851     1
56854    -7
56856   -22
56862   -16
56863   -13
56867    -3
56869    -3
56870   -18
56871   -15
56872    -6
56873   -10
56875   -18
56876   -15
56878    -1
56879     0
56880     1
56881     0
56882    -7
56883   -11
56885   -15
56886    -8
56889   -13
56891     1
56898    -2
56944     3
56946     2
56948     1
56949     1
56950     1
56951     1
56952     1
56954     2
56958     1
56959     1
56961     2
56962     2
56964     2
56966    -5
56969     1
56970    -6
56973    -4
56975     0
56976    -3
56977     3
56978     3
56982   -10
56984     1
56985     0
56986     2
56987     2
56989     6
56992     1
56994     1
56995     1
56996     1
57001     3
57002     2
57003  -999
57004     2
57006     3
57007     2
57008     2
57011     4
57012     3
57014  -999
57016     1
57020    -1
57021     2
57022     1
57023     1
57024     1
57025  -999
57026     0
57027     0
57028  -999
57029     0
57030  -999
57031     0
57032     0
57033    -3
57034     0
57035     0
57036     1
57037     1
57038     0
57039     0
57040     0
57042    -1
57043     0
57044     1
57045     0
57046     1
57047     0
57048  -999
57049  -999
57051   -10
57053     0
57054     1
57055     1
57056     0
57057     2
57060    -3
57061    -5
57063    -4
57065    -9
57066    -7
57067     0
57070    -2
57071    -6
57072     0
57074    -8
57075    -3
57076    -6
57077   -15
57078    -9
57079    -4
57080     0
57081   -10
57082     0
57083   -15
57085     0
57086   -12
57087    -6
57089    -2
57090   -10
57091   -10
57093    -1
57094   -11
57095   -10
57096   -14
57098    -3
57099    -9
57102     2
57105     2
57106     2
57110     2
57111     3
57113     2
57119     2
57124  -999
57126     1
57127     1
57128     1
57129     0
57132     1
57134     2
57137     1
57140     2
57143     1
57144    -6
57153    -3
57154  -999
57155     2
57156     0
57162     0
57169    -9
57173    -7
57175    -7
57176   -10
57177     0
57178     1
57179    -4
57180    -4
57181    -7
57182    -7
57183     1
57184    -4
57185     0
57186    -2
57187    -7
57188    -8
57189     0
57191    -4
57192   -11
57193   -12
57194    -3
57195    -5
57196     1
57198   -15
57206     3
57208     4
57211  -999
57213     2
57216     2
57217     1
57231     1
57232     0
57233     1
57237     2
57238  -999
57242     1
57245     0
57247     0
57248    -5
57249     0
57251     0
57253     2
57254     1
57257     0
57259    -9
57260    -6
57261   -12
57265     0
57268    -7
57271    -1
57273   -10
57274    -7
57279    -9
57281    -3
57290    -3
57292     0
57293    -7
57294    -3
57295    -2
57296    -4
57297     0
57298    -1
57299    -9
57303     3
57304     1
57306     3
57307     3
57308     2
57309     2
57313     1
57314     1
57315     0
57317     1
57318     1
57320     2
57324     2
57326     2
57328     2
57329     2
57333     1
57339    -7
57343  -999
57345     0
57348   -16
57349   -12
57355     0
57361    -7
57362   -11
57363     0
57368     0
57370     0
57377    -1
57378     0
57385    -7
57387   -13
57388   -13
57389    -8
57390    -6
57396    -1
57398     1
57399     2
57401     3
57402     1
57405     1
57407     3
57408     1
57409     1
57411     1
57413     3
57414     1
57415     1
57416     1
57417     1
57420     2
57425     1
57426     0
57431    -2
57432     6
57438   -15
57447     0
57458   -14
57460    -1
57461    -1
57464    -5
57465   -15
57466    -3
57469     0
57475     1
57476    -4
57477     1
57481    -1
57483    -3
57485     1
57486     0
57489     1
57491     1
57492     1
57494     1
57496     1
57498     0
57499    -9
57505    -9
57506     0
57507     0
57509   -21
57510    -5
57511     0
57513   -11
57514     0
57516    -8
57518    -7
57519   -18
57522   -20
57525   -23
57537   -25
57540     0
57541    -8
57543    -6
57544   -13
57545   -11
57554    -4
57558   -19
57562     0
57564    -7
57565     0
57566     0
57571     0
57574    -8
57575    -3
57577     0
57582    -9
57583    -2
57584   -12
57585   -15
57586   -17
57589   -13
57590   -11
57598   -12
57603   -10
57605   -13
57606   -39
57608    -7
57609   -12
57614  -999
57623   -25
57625  -999
57633    -8
57634   -17
57635   -10
57636   -25
57637   -12
57640   -13
57643   -20
57646   -20
57647  -999
57649   -20
57655   -19
57657   -34
57658   -25
57661   -15
57662    -9
57663   -16
57666   -18
57669   -22
57671   -21
57674   -26
57678    -6
57680   -15
57682   -15
57687   -16
57688    -4
57694    -6
57698     0
57699     1
57707   -18
57708   -24
57710  -999
57713   -26
57714   -35
57717   -33
57718  -999
57719   -22
57720   -27
57722  -999
57723   -15
57728   -32
57729  -999
57731   -26
57732   -24
57734   -28
57735   -19
57736   -23
57737   -34
57738   -33
57739   -21
57740   -22
57741  -999
57742   -26
57743   -32
57744   -31
57745   -32
57754   -18
57760   -24
57762   -20
57763   -13
57766   -22
57767   -24
57768   -13
57769   -24
57771   -14
57772    -3
57773    -3
57774   -15
57776   -21
57777   -16
57778   -20
57780    -3
57781   -19
57786   -15
57792     0
57793     0
57796    -1
57798    -4
57799    -9
57800   -19
57803   -30
57805  -999
57806   -11
57807   -18
57808   -16
57809   -18
57811   -27
57813   -22
57814   -22
57816   -20
57818   -24
57821   -21
57822   -27
57824   -25
57825   -17
57827  -999
57828   -10
57829     0
57832   -32
57834   -29
57835   -32
57837    -9
57839  -999
57840  -999
57842   -17
57844    -8
57845   -19
57846   -23
57851   -13
57853   -22
57859   -10
57860   -29
57865   -18
57866   -14
57867   -22
57868   -17
57870   -18
57871   -26
57872   -26
57874   -12
57875   -19
57876   -17
57881   -18
57882   -11
57883    -3
57886   -17
57887   -25
57891    -9
57894    -3
57895   -12
57896   -15
57899     0
57900   -22
57902   -23
57903   -23
57905   -25
57906   -29
57907  -999
57908   -13
57909   -20
57910  -999
57912  -999
57913   -27
57914   -17
57915   -18
57916   -13
57921    -8
57922   -16
57923   -17
57926  -999
57927   -10
57932   -23
57936   -21
57941   -22
57942    -9
57947    -3
57948     0
57949    -5
57954    -5
57955   -10
57956    -4
57957   -12
57960    -8
57962   -13
57964    -9
57965   -19
57966    -9
57969    -9
57971   -11
57972   -29
57973   -26
57975    -7
57976    -3
57978    -7
57981   -21
57985   -13
57988   -11
57989   -14
57990   -13
57991    -6
57992    -5
57993    -5
57994    -4
57995     0
57996    -2
58001   -10
58002     0
58003     1
58004   -10
58005    -6
58006     0
58007   -13
58008   -13
58011     0
58012     1
58013     2
58015     1
58016    -5
58017     0
58020     3
58021     3
58022     2
58024     2
58025     1
58026  -999
58027    -8
58030     1
58032     2
58034  -999
58035    -1
58036     0
58038  -999
58040     2
58041     2
58044     1
58047  -999
58048    -3
58049     1
58100     0
58101     0
58102    -1
58104    -3
58107     1
58108    -7
58109     0
58114    -8
58117     0
58118  -999
58122    -1
58125   -13
58126    -8
58127    -8
58128   -13
58129   -13
58130  -999
58131    -6
58132    -6
58135  -999
58138    -5
58139     1
58140    -3
58141    -5
58143  -999
58145   -10
58146    -1
58147     0
58148     0
58150    -7
58154     1
58158  -999
58202    -1
58203     0
58205   -10
58207   -12
58208    -9
58210    -2
58212    -4
58214    -7
58215    -4
58220    -9
58221    -8
58222    -5
58223    -3
58224    -5
58230     1
58234     0
58235    -1
58236     1
58237     0
58238     0
58240     0
58241    -2
58242     1
58243    -3
58244    -4
58245     0
58247   -11
58249    -6
58250    -8
58251    -5
58254    -4
58255  -999
58257   -11
58259   -11
58264   -11
58265   -17
58268    -8
58269   -12
58301     0
58306     1
58311     1
58314     0
58316    -4
58317     2
58319    -2
58320     0
58321     1
58323     1
58326    -3
58327    -2
58329    -7
58330     0
58331     1
58334   -12
58335     0
58337    -6
58338    -9
58339     0
58340     0
58341    -5
58342    -4
58343    -8
58344     0
58345     0
58346     0
58352    -4
58353   -13
58354  -999
58356  -999
58358   -15
58360   -11
58361   -10
58362    -5
58365    -4
58366     0
58367   -10
58369   -16
58401     2
58402     1
58404     0
58407    -7
58408   -12
58409   -13
58415     1
58416     1
58417    -9
58418    -8
58420     0
58421     1
58424     0
58426    -4
58427     0
58428     0
58431    -3
58432    -2
58433     0
58435   -12
58436   -11
58437     1
58438    -3
58441    -6
58442    -2
58443    -7
58446   -12
58448  -999
58449    -5
58450  -999
58451    -5
58452   -12
58453    -6
58454   -20
58455   -12
58456     0
58457   -14
58458   -14
58459    -5
58460    -9
58461    -6
58462   -11
58463   -12
58464   -12
58467    -8
58468   -12
58472   -18
58477   -16
58501   -16
58502   -10
58503    -7
58506    -6
58508    -3
58509    -7
58510     0
58514     0
58517     0
58519    -6
58523    -8
58527    -4
58529   -15
58530    -4
58531    -2
58534   -11
58537   -20
58542    -5
58543   -12
58544   -11
58546   -14
58547    -9
58548   -22
58549   -13
58550    -9
58553  -999
58556   -20
58557  -999
58558   -10
58559   -20
58562   -10
58563   -16
58565   -14
58567   -15
58569   -10
58570   -15
58601     0
58602    -5
58605     1
58606     1
58608    -1
58609     0
58612     0
58614     2
58615    -7
58616    -1
58618     0
58620    -2
58624     1
58625     1
58626     1
58629     1
58631    -7
58632    -8
58633   -11
58634    -2
58635    -2
58642   -14
58643   -14
58644    -9
58646   -14
58647     0
58652  -999
58654    -8
58656   -11
58657    -1
58658     0
58659    -5
58660   -14
58664    -8
58665   -12
58666    -3
58667   -15
58693     1
58701    -3
58704     0
58706     0
58707     1
58710    -1
58712    -5
58713    -2
58714    -7
58715    -4
58719    -7
58724     0
58725    -6
58730    -6
58731     0
58735     0
58736    -4
58737   -10
58742  -999
58745     0
58746     0
58747     0
58748    -3
58749     1
58750   -11
58751    -4
58752   -13
58754     1
58760   -13
58804     1
58813   -12
58814   -13
58819    -9
58820    -2
58821    -2
58822    -5
58823    -1
58824     0
58826    -3
58828     0
58834   -11
58836    -1
58839    -2
58844     0
58845     0
58846    -1
58847    -6
58848    -2
58903     0
58905    -5
58906     0
58907     1
58911    -6
58912    -6
58917     2
58918     0
58921     0
58923     1
58926     1
58928     1
58929     1
58931     3
58932    -8
58933     1
58934     0
58935     0
58941     0
58942     1
58944    -3
58946     0
59001   -15
59004    -5
59007   -14
59012    -5
59015     0
59017   -15
59021    -9
59022     0
59023    -6
59025    -8
59027   -14
59031    -9
59033    -1
59034    -3
59037     1
59038    -2
59041   -14
59044   -13
59045   -16
59046    -8
59047   -13
59051   -10
59052   -12
59053   -15
59055    -7
59057     0
59058    -6
59059     0
59061    -5
59063   -14
59064    -5
59065   -14
59071    -6
59072   -11
59074   -12
59075    -6
59081    -6
59082   -12
59087    -1
59088  -999
59090    -9
59091    -7
59093     0
59094     0
59096     0
59097  -999
59099     1
59102     0
59106     2
59107  -999
59109     1
59114     2
59116  -999
59117     1
59122     2
59124     2
59125     2
59126     1
59127     3
59130     2
59131     1
59133     1
59134     3
59137     2
59205    -1
59209    -2
59211    -8
59213    -2
59215   -13
59218     1
59224    -7
59227    -7
59228     0
59229    -9
59230     0
59235     0
59237    -6
59238     0
59241   -13
59242    -3
59246    -5
59249     0
59254     0
59255     1
59256     1
59264     1
59265     0
59266    -4
59268     1
59269     0
59270    -2
59271    -6
59276     1
59278    -5
59279    -6
59280  -999
59284     1
59285     0
59287     1
59288     2
59289  -999
59290    -4
59293     0
59294     0
59297     1
59298     1
59303    -1
59304  -999
59306  -999
59310     2
59312     2
59313     0
59314     1
59315     1
59316     0
59318    -1
59319     0
59320    -6
59321     0
59322     1
59324     0
59417    -6
59419     0
59421     2
59425    -5
59426     0
59427    -4
59429     0
59431     1
59435     2
59441     1
59446     2
59448     1
59449     0
59451    -5
59452     0
59453    -7
59454     0
59456     1
59457     1
59462    -5
59469     3
59470     1
59471     1
59473     0
59475     1
59476     2
59477     2
59478     0
59480    16
59481     1
59485  -999
59487     1
59488  -999
59492     2
59493     0
59500     2
59501     0
59502     0
59626    26
59632     3
59640     2
59644     1
59647     1
59650     3
59653     2
59654     1
59655     3
59656    -2
59658     2
59659     4
59663     1
59664     1
59673     1
59750     2
59754     2
59757     2
59758     1
59838    -5
59842    -2
59843     3
59845     1
59847     0
59848     1
59849     1
59851     1
59854     1
59855     2
59856     1
59940     3
59941     3
59945     4
59948     4
59951     2
59954     4
