	52869	-1.9049
	56171	-1.8047
	56835	-1.6574
	56844	-1.5251
	56849	-1.5019
	56838	-1.466
	55279	-1.4338
	57014	-1.3712
	56841	-1.3684
	56543	-1.3404
	56164	-1.3387
	56840	-1.3196
	56757	-1.3164
	55299	-1.3073
	52863	-1.2878
	56223	-1.2807
	59941	-1.2607
	56109	-1.2542
	57006	-1.2258
	56378	-1.2047
	56106	-1.1782
	56376	-1.1711
	56487	-1.1565
	56263	-1.1534
	56761	-1.1507
	59945	-1.1474
	56756	-1.1456
	52856	-1.1342
	52868	-1.1322
	52998	-1.132
	57011	-1.0992
	56092	-1.0956
	55773	-1.0937
	56752	-1.0865
	59501	-1.0859
	56016	-1.0814
	59940	-1.0177
	56843	-1.0163
	56178	-1.0079
	56144	-0.9935
	53970	-0.9761
	56182	-0.9739
	52982	-0.9651
	55655	-0.961
	56669	-0.9599
	56151	-0.958
	57001	-0.9578
	57129	-0.9359
	56029	-0.9343
	57004	-0.9334
	57106	-0.9256
	56764	-0.9152
	55585	-0.9149
	56839	-0.9131
	56854	-0.9102
	56675	-0.9063
	56693	-0.8954
	56081	-0.8924
	56474	-0.8911
	56043	-0.8829
	54455	-0.8829
	56371	-0.8826
	56095	-0.8795
	57708	-0.876
	56748	-0.8527
	56298	-0.8483
	56688	-0.8462
	56533	-0.845
	56836	-0.8397
	55589	-0.8336
	56595	-0.8189
	56091	-0.8177
	56021	-0.8138
	52862	-0.8102
	56548	-0.8078
	57012	-0.8065
	56093	-0.8048
	55578	-0.8031
	56434	-0.8029
	56331	-0.7999
	56228	-0.7978
	54470	-0.7976
	56082	-0.7888
	57245	-0.7853
	56267	-0.7844
	57126	-0.7797
	56856	-0.7753
	56851	-0.7731
	56459	-0.7709
	56767	-0.7703
	57605	-0.7703
	59315	-0.7697
	52995	-0.7692
	56774	-0.7643
	57248	-0.7545
	57217	-0.747
	56462	-0.7442
	52908	-0.7359
	56485	-0.733
	56094	-0.732
	56746	-0.7289
	55591	-0.7242
	56034	-0.7162
	57800	-0.7153
	56582	-0.7137
	56125	-0.7127
	59848	-0.7072
	56273	-0.7039
	56168	-0.6998
	56846	-0.6996
	57425	-0.6983
	56444	-0.6949
	57242	-0.6908
	56247	-0.687
	55664	-0.6724
	56257	-0.6653
	56671	-0.6644
	57271	-0.6597
	57251	-0.6516
	56766	-0.6513
	56842	-0.6489
	59306	-0.6416
	57315	-0.6403
	57306	-0.6352
	57318	-0.6253
	52657	-0.6134
	57111	-0.6092
	57002	-0.6048
	56307	-0.6046
	56641	-0.6046
	57803	-0.6021
	56755	-0.5988
	59314	-0.5979
	56745	-0.5863
	56948	-0.585
	56775	-0.5795
	56018	-0.579
	56183	-0.577
	57232	-0.5763
	56173	-0.574
	57127	-0.5714
	59316	-0.571
	57231	-0.5705
	55437	-0.5642
	56152	-0.5608
	56646	-0.5588
	57309	-0.551
	57361	-0.5496
	56742	-0.5439
	56478	-0.5408
	59502	-0.5394
	52447	-0.5322
	55493	-0.5305
	56137	-0.5301
	56193	-0.5221
	56475	-0.5205
	56751	-0.5198
	51708	-0.5126
	56067	-0.5113
	59318	-0.5057
	52993	-0.5057
	56763	-0.505
	57522	-0.5047
	56777	-0.5028
	57523	-0.4982
	57119	-0.4961
	56071	-0.4955
	59954	-0.4917
	56691	-0.4897
	51711	-0.4866
	56192	-0.4816
	56097	-0.4805
	59845	-0.477
	56670	-0.4746
	59500	-0.4744
	57517	-0.4718
	52986	-0.4682
	56443	-0.4644
	57707	-0.4638
	57233	-0.4626
	56594	-0.4624
	54098	-0.4614
	52853	-0.4597
	52875	-0.4596
	52972	-0.4549
	56185	-0.4532
	59854	-0.4468
	57113	-0.4347
	55248	-0.4334
	55690	-0.4299
	57247	-0.4286
	57216	-0.4264
	56387	-0.4259
	56567	-0.4244
	57313	-0.4225
	59324	-0.4214
	56116	-0.4144
	52984	-0.4121
	56674	-0.4067
	57175	-0.4052
	51468	-0.3947
	57007	-0.3939
	52765	-0.3922
	57320	-0.3856
	56781	-0.3833
	57303	-0.381
	57805	-0.3784
	53852	-0.3763
	51633	-0.3745
	50353	-0.3733
	56580	-0.3725
	59317	-0.3647
	52985	-0.359
	52963	-0.3581
	57438	-0.3539
	57614	-0.3519
	56673	-0.3495
	56944	-0.3482
	51467	-0.348
	56084	-0.3453
	51636	-0.341
	57324	-0.3407
	56492	-0.3355
	56074	-0.33
	56575	-0.3293
	57257	-0.3235
	56357	-0.3187
	57634	-0.3178
	56181	-0.3156
	56128	-0.3153
	56147	-0.3151
	56489	-0.3146
	59321	-0.3105
	56584	-0.31
	57416	-0.3085
	57304	-0.3083
	57513	-0.3077
	54540	-0.3054
	56278	-0.3045
	56652	-0.3024
	51705	-0.3013
	56251	-0.3
	56295	-0.299
	53753	-0.2959
	52866	-0.2946
	56096	-0.2945
	56184	-0.2927
	57105	-0.2919
	57608	-0.2896
	57110	-0.2895
	50603	-0.2883
	57016	-0.2873
	51704	-0.2868
	59488	-0.2809
	57102	-0.2806
	50431	-0.279
	56180	-0.2775
	56158	-0.2761
	57124	-0.2746
	52674	-0.2654
	57308	-0.2651
	52446	-0.2627
	57128	-0.2594
	57348	-0.2591
	56079	-0.2547
	51709	-0.2517
	52707	-0.2512
	56167	-0.2499
	54454	-0.2488
	56004	-0.2479
	57144	-0.2449
	56645	-0.2431
	59849	-0.2416
	56651	-0.2404
	51802	-0.2401
	55294	-0.2399
	52988	-0.2387
	56684	-0.2364
	51639	-0.236
	57213	-0.2336
	56665	-0.232
	57326	-0.2309
	50618	-0.2304
	52737	-0.2287
	53914	-0.2235
	57328	-0.2211
	57714	-0.2198
	50425	-0.2189
	51716	-0.2153
	59319	-0.2125
	56045	-0.2048
	57211	-0.2045
	56190	-0.203
	51644	-0.2009
	56863	-0.1969
	57437	-0.1947
	52633	-0.1945
	57511	-0.1937
	57520	-0.193
	52836	-0.191
	57259	-0.1888
	56146	-0.1866
	56585	-0.1857
	57317	-0.1847
	56666	-0.1821
	57401	-0.18
	57261	-0.1788
	50963	-0.1775
	57512	-0.1745
	59851	-0.1744
	59304	-0.1692
	57514	-0.1656
	52876	-0.1613
	56785	-0.1612
	57204	-0.1603
	56396	-0.1586
	56592	-0.1585
	53917	-0.1584
	57314	-0.1528
	57077	-0.1517
	57254	-0.1508
	52323	-0.1501
	56596	-0.1493
	57156	-0.1481
	56399	-0.1479
	57363	-0.1468
	57194	-0.1455
	53756	-0.1452
	59310	-0.1429
	51629	-0.1428
	59493	-0.1414
	59313	-0.1401
	52884	-0.1348
	56586	-0.1276
	52980	-0.1241
	52996	-0.1213
	52643	-0.1132
	57407	-0.1128
	56643	-0.1126
	57710	-0.1115
	56772	-0.1088
	51628	-0.1068
	56394	-0.1049
	57045	-0.1048
	56496	-0.104
	59492	-0.0996
	55696	-0.0956
	51707	-0.0918
	50468	-0.0887
	59948	-0.0879
	50564	-0.085
	57020	-0.0825
	57260	-0.0784
	56385	-0.0722
	51765	-0.0704
	59298	-0.0649
	56389	-0.0633
	56390	-0.0588
	52418	-0.0557
	50968	-0.0546
	56862	-0.0533
	55228	-0.0512
	54094	-0.0505
	56227	-0.0504
	52874	-0.0502
	52313	-0.0489
	56649	-0.048
	52645	-0.0448
	51814	-0.0401
	57060	-0.0374
	56654	-0.0361
	53908	-0.0349
	57008	-0.0343
	51542	-0.033
	50524	-0.0328
	59320	-0.0327
	57206	-0.0306
	56395	-0.0261
	53848	-0.026
	59838	-0.0202
	56312	-0.0199
	51627	-0.0149
	51717	-0.0146
	50442	-0.0122
	56172	-0.0122
	51701	-0.0104
	53937	-0.0083
	54135	-0.0062
	57028	-0.0029
	55593	-0.0011
	57509	1.0E-4
	59312	0.0039
	53944	0.0057
	56187	0.0059
	53866	0.0086
	53906	0.0206
	57307	0.0235
	57238	0.0276
	57541	0.0337
	57502	0.0356
	50776	0.0362
	50527	0.0374
	50349	0.0376
	56778	0.0378
	53770	0.0409
	50987	0.0427
	59303	0.0459
	57408	0.0459
	51777	0.0472
	57046	0.0504
	54338	0.0509
	57385	0.0513
	53856	0.0535
	51811	0.0591
	56768	0.0609
	53947	0.0634
	51855	0.0668
	56272	0.0708
	57021	0.0714
	50526	0.0715
	57329	0.0729
	57208	0.0776
	52557	0.0794
	56782	0.0795
	57140	0.0802
	56873	0.0807
	57253	0.0819
	56285	0.0824
	57197	0.0898
	51827	0.0899
	52533	0.0907
	52546	0.0911
	51815	0.0939
	54453	0.0949
	52784	0.0967
	51826	0.0975
	57153	0.1013
	52652	0.1024
	52825	0.1055
	57507	0.1085
	56196	0.1094
	56498	0.1098
	57345	0.1112
	50247	0.1149
	56959	0.1156
	57038	0.1161
	56569	0.1176
	57273	0.1187
	56279	0.119
	56571	0.1192
	52943	0.1212
	50756	0.1213
	50445	0.1234
	52957	0.1244
	56880	0.1304
	56480	0.1312
	56739	0.132
	50136	0.133
	52656	0.1364
	58116	0.1436
	56374	0.1448
	57414	0.1459
	59647	0.1465
	51818	0.1466
	57187	0.1477
	57506	0.1507
	56976	0.152
	56872	0.1521
	52679	0.1549
	51572	0.1586
	59847	0.1595
	56381	0.1603
	53810	0.1625
	50246	0.1646
	51828	0.1683
	57505	0.1696
	52889	0.1702
	57048	0.1713
	56598	0.1726
	56977	0.1746
	51559	0.175
	57279	0.1751
	51810	0.1758
	57176	0.1787
	57432	0.1787
	57402	0.1806
	57023	0.1813
	56578	0.1831
	57413	0.1844
	53967	0.1859
	59297	0.1917
	56287	0.192
	50557	0.1931
	57274	0.2006
	59842	0.2015
	56483	0.2037
	52885	0.2058
	57025	0.2066
	57510	0.2073
	57415	0.2074
	53676	0.2075
	51829	0.2076
	57040	0.2093
	52424	0.2103
	59487	0.2105
	50758	0.2119
	52661	0.2139
	53707	0.2175
	52203	0.2199
	57137	0.2201
	50965	0.2204
	50655	0.2255
	57155	0.2269
	56951	0.2289
	53865	0.2313
	56199	0.2314
	57362	0.234
	53767	0.2346
	57237	0.2386
	53705	0.2399
	56881	0.2437
	57022	0.2443
	54337	0.2449
	51839	0.245
	57409	0.245
	53806	0.2471
	51720	0.248
	53959	0.249
	57612	0.2508
	52515	0.2512
	50750	0.2542
	56871	0.2561
	54331	0.2561
	56046	0.2568
	50673	0.2586
	56969	0.2591
	56966	0.2593
	52833	0.2643
	57169	0.2655
	57516	0.2666
	57178	0.2699
	57292	0.2708
	57080	0.273
	53392	0.2734
	57265	0.2751
	51931	0.2761
	53941	0.2802
	54236	0.2809
	56286	0.2815
	52896	0.2827
	57154	0.2837
	57623	0.2879
	56783	0.292
	54156	0.2922
	50434	0.2936
	50658	0.296
	56946	0.2969
	59109	0.2972
	51573	0.2981
	59322	0.2983
	54449	0.2983
	56493	0.299
	57055	0.2998
	50852	0.3
	56297	0.3008
	56189	0.3018
	57268	0.3066
	54852	0.3074
	50525	0.3086
	57525	0.3096
	50871	0.3108
	57249	0.3117
	56195	0.3131
	54846	0.3146
	51567	0.3149
	52267	0.3159
	50632	0.32
	59656	0.3219
	57132	0.3233
	53949	0.3241
	57033	0.3246
	50745	0.3247
	57281	0.3281
	57411	0.3283
	52754	0.33
	54541	0.3364
	57188	0.3375
	56391	0.3377
	57333	0.3384
	57606	0.3416
	54539	0.358
	56186	0.3583
	56281	0.359
	57037	0.3606
	57405	0.3614
	54336	0.362
	59485	0.3644
	52112	0.3661
	53778	0.368
	57143	0.3682
	51477	0.3686
	56280	0.3689
	53953	0.3713
	59478	0.3734
	52895	0.3765
	57003	0.3771
	53948	0.3776
	57439	0.3793
	53681	0.3812
	57189	0.382
	50775	0.3826
	51526	0.3839
	58928	0.3847
	53788	0.3847
	53954	0.3882
	54237	0.3889
	54855	0.3898
	53915	0.3898
	57426	0.3905
	50767	0.3909
	53864	0.3915
	51656	0.393
	57256	0.3946
	51495	0.3977
	57717	0.3991
	55472	0.3993
	54776	0.4038
	57029	0.4043
	57061	0.4075
	54849	0.4083
	50741	0.4113
	56383	0.4122
	50934	0.4137
	56949	0.414
	57359	0.416
	52978	0.4192
	57134	0.422
	52576	0.4243
	56882	0.4277
	57179	0.4291
	54142	0.4346
	54323	0.4349
	57196	0.4386
	54324	0.4398
	54853	0.4405
	53857	0.4415
	57057	0.4457
	50928	0.4484
	53928	0.4519
	50656	0.4533
	53420	0.4553
	57039	0.4567
	50639	0.4568
	57900	0.4605
	50979	0.4607
	57807	0.463
	57052	0.4635
	57043	0.4646
	57082	0.4658
	50646	0.4659
	57041	0.4681
	57075	0.4688
	54438	0.4738
	57518	0.4743
	57395	0.4753
	56386	0.4767
	50834	0.4773
	57603	0.481
	50647	0.4832
	50964	0.4866
	59843	0.4868
	50739	0.4878
	50514	0.4885
	56964	0.4887
	56898	0.4888
	53945	0.4911
	52787	0.493
	54093	0.4934
	51804	0.4956
	57720	0.4957
	56197	0.5017
	56870	0.502
	53659	0.5028
	52681	0.5043
	53859	0.5053
	53950	0.5064
	55680	0.5078
	57625	0.5083
	50548	0.5133
	53903	0.5136
	53942	0.5154
	57049	0.5211
	59664	0.5212
	57537	0.5245
	50978	0.5269
	57198	0.5302
	51581	0.5358
	54334	0.5358
	57713	0.5391
	54857	0.5396
	57508	0.5423
	54452	0.545
	54871	0.547
	53738	0.5499
	57027	0.55
	53927	0.5551
	58104	0.5615
	53083	0.5619
	59475	0.5627
	56593	0.5652
	59130	0.5672
	56954	0.5696
	57042	0.5696
	56792	0.5702
	54335	0.5704
	50844	0.5713
	58938	0.5717
	53929	0.5721
	50937	0.5722
	56867	0.5734
	53926	0.5772
	50832	0.5787
	56296	0.5804
	57540	0.5886
	59107	0.5891
	59289	0.5909
	57293	0.5913
	53881	0.5915
	53957	0.592
	50867	0.5935
	57814	0.5937
	57195	0.5954
	56499	0.5972
	59481	0.5987
	51568	0.599
	54226	0.6027
	53704	0.6035
	51642	0.6067
	53854	0.6088
	58929	0.6155
	50833	0.6179
	58127	0.6199
	59470	0.6202
	50838	0.6208
	50755	0.621
	51571	0.621
	50851	0.6253
	57044	0.6284
	57294	0.6314
	57604	0.6324
	57343	0.633
	50858	0.6335
	58666	0.6392
	58934	0.6397
	54333	0.6427
	52495	0.6441
	50854	0.651
	58667	0.6513
	57431	0.6518
	56194	0.6528
	59137	0.6539
	59640	0.6539
	57182	0.6563
	57035	0.6603
	57054	0.6648
	53961	0.6674
	53938	0.6679
	50873	0.6681
	57034	0.6687
	53502	0.6691
	53772	0.6776
	50878	0.6806
	57339	0.6812
	50940	0.6844
	53763	0.6845
	56961	0.6858
	57067	0.6895
	56793	0.6909
	53777	0.6915
	53821	0.6939
	54134	0.6945
	53617	0.7018
	53760	0.7035
	54534	0.7054
	57056	0.7085
	59480	0.7104
	50659	0.7113
	53677	0.7122
	52797	0.714
	57031	0.7153
	53769	0.7159
	54531	0.7159
	59116	0.7188
	53324	0.7188
	56284	0.719
	59477	0.7227
	54439	0.7227
	56664	0.7313
	59124	0.7317
	59113	0.7322
	59856	0.7349
	58102	0.7351
	53916	0.7368
	54437	0.737
	53759	0.74
	57177	0.7407
	53868	0.7438
	59125	0.7488
	59951	0.7519
	53861	0.7543
	59134	0.7609
	57030	0.7613
	53956	0.7637
	57458	0.7643
	59855	0.7658
	57297	0.7708
	57285	0.7729
	59476	0.7752
	52607	0.7772
	54231	0.7787
	50936	0.7788
	54115	0.7804
	54031	0.7813
	57811	0.7815
	53878	0.7883
	53602	0.7903
	59294	0.7935
	57047	0.7943
	53337	0.795
	54778	0.7957
	57417	0.7971
	53565	0.7985
	52974	0.7992
	57723	0.8041
	57808	0.8041
	59278	0.8051
	54092	0.8054
	57543	0.8058
	54436	0.8085
	57295	0.8087
	57290	0.8095
	58113	0.8102
	53829	0.8103
	58656	0.8175
	53880	0.8176
	59131	0.8185
	53533	0.8199
	52575	0.8217
	56790	0.8219
	59106	0.8225
	57813	0.8249
	59285	0.826
	57098	0.8269
	58007	0.8323
	54532	0.833
	58760	0.8363
	54660	0.8367
	53757	0.8371
	57298	0.8374
	57183	0.8388
	53817	0.8394
	53505	0.8398
	53764	0.8403
	53775	0.8413
	53874	0.8413
	57078	0.8478
	57609	0.8514
	58944	0.8529
	57809	0.8535
	53966	0.8593
	57903	0.8652
	58129	0.8668
	57600	0.8688
	53774	0.8713
	53231	0.8734
	53958	0.8739
	58205	0.8759
	57051	0.8785
	53884	0.8835
	54039	0.8882
	53776	0.8886
	54223	0.8888
	57278	0.8891
	56188	0.8906
	53666	0.8937
	58301	0.8975
	58935	0.898
	57370	0.9009
	54512	0.9068
	53955	0.9084
	57066	0.9109
	58665	0.913
	57806	0.9138
	53488	0.9163
	59284	0.9174
	56198	0.9197
	53875	0.9255
	56975	0.928
	56869	0.929
	56875	0.9326
	57184	0.9329
	53446	0.9353
	57065	0.9365
	59757	0.9407
	57032	0.9416
	59096	0.9471
	59127	0.9481
	50788	0.9491
	59673	0.9508
	57636	0.9525
	50939	0.9562
	54244	0.9567
	53964	0.957
	56962	0.9595
	56989	0.9606
	59133	0.9607
	56382	0.9624
	57072	0.9653
	54047	0.9658
	57192	0.9664
	53513	0.9694
	59425	0.9702
	53934	0.9721
	57026	0.9789
	53660	0.98
	50787	0.9811
	54777	0.9906
	54327	0.9962
	58936	0.9966
	57186	0.9975
	56080	1.0006
	53850	1.001
	57081	1.0049
	57911	1.0078
	59429	1.0084
	58223	1.0109
	59122	1.0211
	54248	1.0247
	58107	1.0252
	57299	1.0276
	59093	1.0286
	53962	1.0316
	59758	1.0319
	53963	1.0355
	57420	1.0361
	59293	1.0372
	53996	1.0381
	59287	1.0396
	58210	1.0423
	58207	1.0428
	53584	1.0442
	56952	1.0445
	59117	1.0449
	53590	1.0462
	51330	1.0478
	56973	1.0501
	58111	1.0505
	54511	1.0596
	53697	1.0607
	53517	1.0629
	54774	1.0672
	57914	1.0677
	53985	1.0693
	57381	1.0704
	58221	1.0713
	59654	1.0745
	54619	1.0775
	53612	1.0793
	57191	1.0796
	59626	1.0818
	53862	1.0818
	56970	1.0827
	58212	1.087
	53879	1.0873
	57519	1.0874
	53619	1.0898
	53885	1.0903
	58202	1.0903
	57907	1.0909
	50772	1.0931
	54568	1.0954
	57447	1.1008
	56384	1.1009
	59473	1.1017
	59097	1.1024
	53771	1.1034
	54518	1.1077
	56276	1.1081
	54225	1.1086
	54622	1.1094
	59750	1.1099
	54533	1.1101
	50727	1.1154
	51186	1.1182
	56958	1.1185
	58926	1.1226
	54213	1.1264
	56065	1.1265
	59099	1.1266
	59114	1.127
	57024	1.1297
	51232	1.1366
	57545	1.1409
	54612	1.1417
	54434	1.1501
	53882	1.1558
	58917	1.1562
	57396	1.1575
	58342	1.1636
	57085	1.1673
	54261	1.1713
	58108	1.1755
	58257	1.1809
	53727	1.1835
	59471	1.1852
	58101	1.1862
	57734	1.187
	51655	1.1906
	53664	1.1943
	54522	1.1944
	53735	1.1949
	54662	1.1952
	53580	1.1964
	59290	1.1982
	59427	1.1987
	53841	1.2023
	57445	1.204
	54164	1.2104
	57162	1.2124
	59658	1.2141
	59659	1.2185
	54842	1.2205
	52818	1.2211
	53336	1.2223
	58664	1.2229
	56978	1.2261
	53618	1.227
	53923	1.2273
	57193	1.2275
	57349	1.2357
	51087	1.2412
	53348	1.2421
	54234	1.2429
	53419	1.2431
	50915	1.2443
	57462	1.2493
	57185	1.2531
	50774	1.2549
	57915	1.2559
	59462	1.2593
	59653	1.2622
	54260	1.2637
	57053	1.2663
	54517	1.2666
	58843	1.2737
	58751	1.2739
	59663	1.2841
	54519	1.2856
	54523	1.2887
	54803	1.2894
	54751	1.2898
	57355	1.2926
	53899	1.2939
	57087	1.2946
	54252	1.2962
	57536	1.2978
	54528	1.2982
	54575	1.2999
	54707	1.3001
	53579	1.3024
	57718	1.3044
	56380	1.3052
	58836	1.3068
	50778	1.3071
	53984	1.3079
	53930	1.3087
	53768	1.3153
	58001	1.3157
	53975	1.3158
	56889	1.3198
	54579	1.3239
	53614	1.3272
	54530	1.3274
	57076	1.3279
	58341	1.3318
	54943	1.3326
	54521	1.3346
	59435	1.3359
	56950	1.3436
	54132	1.3451
	54218	1.3461
	57637	1.3464
	57390	1.3478
	57296	1.3493
	58752	1.3558
	56878	1.3573
	59280	1.3586
	53888	1.3614
	56697	1.3616
	57902	1.365
	58016	1.3667
	54069	1.3675
	53853	1.3693
	53754	1.3767
	57388	1.3791
	53968	1.3798
	54249	1.3809
	53685	1.3834
	54506	1.3836
	56202	1.3873
	53673	1.3895
	58222	1.3916
	51053	1.3917
	58249	1.3994
	58659	1.4011
	50956	1.4043
	58360	1.4078
	54165	1.4129
	56885	1.4144
	54851	1.4249
	53529	1.4269
	53564	1.4278
	53725	1.4305
	57824	1.4354
	58225	1.4355
	58255	1.4409
	53433	1.4412
	57181	1.4415
	57633	1.4424
	59102	1.4445
	58208	1.445
	50954	1.4455
	58323	1.4486
	58923	1.4497
	57722	1.4509
	59092	1.4521
	54342	1.4525
	53780	1.4579
	54617	1.4583
	56891	1.4585
	57910	1.4606
	56984	1.4653
	58927	1.4659
	58214	1.4677
	51241	1.4684
	54804	1.4712
	50888	1.4713
	57464	1.4728
	53567	1.476
	58918	1.4766
	53988	1.4766
	53787	1.4771
	59644	1.4802
	54332	1.4815
	53518	1.4846
	56879	1.4853
	57816	1.4877
	57378	1.4882
	53466	1.4898
	54527	1.4911
	56876	1.4945
	54861	1.4973
	54274	1.498
	53730	1.4984
	58946	1.4996
	58203	1.4998
	58138	1.501
	57180	1.5016
	54049	1.5088
	57719	1.5094
	54339	1.5135
	59655	1.5166
	53464	1.5185
	58311	1.5196
	58942	1.5198
	54171	1.5305
	54259	1.5305
	59270	1.5308
	58754	1.5318
	53611	1.5318
	53973	1.532
	57913	1.5327
	57731	1.5344
	58118	1.5345
	53610	1.5359
	58269	1.536
	58402	1.5425
	53791	1.5463
	51137	1.5467
	54605	1.5506
	53986	1.554
	59754	1.5544
	53512	1.5549
	57663	1.5565
	53689	1.5587
	54502	1.5602
	53699	1.5617
	58008	1.5635
	58353	1.5645
	53740	1.5674
	59087	1.5688
	54113	1.5735
	57544	1.5742
	58242	1.5771
	58844	1.5805
	53615	1.581
	54510	1.5812
	54349	1.5822
	59126	1.5861
	58241	1.5869
	54313	1.5873
	53696	1.5901
	58237	1.5937
	57451	1.5972
	54844	1.5995
	53732	1.6004
	51243	1.601
	54351	1.6055
	54181	1.6068
	53651	1.613
	54636	1.6148
	57728	1.6152
	53519	1.6165
	57482	1.6171
	53994	1.6178
	54475	1.6211
	53751	1.6216
	57566	1.623
	56985	1.6238
	53782	1.6239
	58005	1.6249
	58100	1.6338
	58941	1.6345
	53578	1.6355
	58306	1.6399
	56982	1.6445
	57099	1.648
	57460	1.649
	58658	1.651
	54808	1.6535
	59469	1.6555
	57094	1.6575
	58114	1.6578
	50955	1.6602
	51060	1.6603
	54154	1.6604
	57089	1.662
	54267	1.6623
	54432	1.6629
	51156	1.6677
	59635	1.6703
	58940	1.6719
	53543	1.6719
	58147	1.6726
	58351	1.6813
	54535	1.6825
	59426	1.6843
	57389	1.6865
	58365	1.69
	59288	1.6917
	51378	1.6928
	54472	1.6943
	54026	1.6949
	58907	1.695
	54601	1.6962
	54613	1.6985
	54169	1.7018
	54621	1.7038
	54805	1.7038
	56883	1.704
	54520	1.7066
	57095	1.7067
	51469	1.7077
	58125	1.7081
	53981	1.7085
	53723	1.7093
	53877	1.7179
	59279	1.72
	53910	1.7212
	58246	1.7232
	59276	1.7253
	57646	1.7326
	58354	1.7351
	54493	1.7366
	58343	1.7384
	58247	1.739
	58828	1.7406
	53149	1.7409
	53997	1.7426
	54431	1.7433
	57642	1.7498
	54186	1.7511
	58109	1.7516
	53599	1.752
	57398	1.7524
	58265	1.7531
	53897	1.7536
	53750	1.754
	58321	1.7549
	53773	1.7552
	54273	1.758
	54494	1.7594
	58240	1.7604
	54807	1.7607
	57912	1.7616
	50884	1.7624
	57084	1.7631
	57574	1.7634
	51059	1.7637
	58845	1.7638
	54501	1.7663
	53886	1.7664
	54594	1.767
	58352	1.7677
	54064	1.7685
	51058	1.7689
	54611	1.769
	54607	1.771
	54471	1.7711
	54325	1.7718
	53695	1.772
	57558	1.7759
	54243	1.7765
	57661	1.7796
	54157	1.7798
	51470	1.7825
	54623	1.7846
	52968	1.7849
	54254	1.7867
	54806	1.7891
	50973	1.7916
	58931	1.7932
	54172	1.7938
	54320	1.7939
	54597	1.7941
	57483	1.7982
	54347	1.799
	50948	1.7991
	53892	1.7994
	54362	1.8028
	54826	1.8038
	58316	1.8048
	54525	1.8074
	58837	1.8079
	57173	1.8081
	54843	1.8091
	58128	1.8091
	54841	1.8099
	54483	1.8101
	54584	1.811
	53658	1.8121
	58340	1.8127
	54515	1.8135
	51358	1.8139
	58472	1.8141
	58026	1.8144
	57655	1.8159
	54701	1.8173
	59417	1.8182
	53646	1.8187
	59269	1.8192
	50949	1.8198
	57662	1.8213
	53195	1.8246
	57640	1.8247
	54187	1.8249
	58314	1.8258
	57577	1.8259
	58220	1.8288
	50879	1.8302
	54076	1.8322
	57821	1.8368
	58038	1.8379
	58130	1.8388
	58131	1.8388
	57387	1.8409
	50880	1.8411
	57585	1.8422
	57818	1.8422
	57657	1.8447
	56996	1.8448
	51145	1.8453
	54363	1.8458
	58826	1.8462
	58245	1.8501
	54486	1.8524
	54063	1.8602
	58320	1.8603
	54065	1.8628
	50960	1.8659
	54828	1.8688
	54903	1.8698
	58362	1.87
	58344	1.8703
	54821	1.872
	58238	1.873
	58848	1.8751
	59094	1.8754
	58035	1.876
	57908	1.8766
	53545	1.878
	57581	1.8785
	57486	1.8791
	58224	1.8803
	54041	1.8875
	58215	1.8879
	58331	1.8887
	54365	1.8891
	53691	1.8901
	54615	1.8926
	58500	1.8957
	57090	1.9003
	54835	1.9041
	53995	1.9084
	54195	1.9102
	57499	1.9119
	57635	1.9122
	53894	1.9157
	58117	1.9165
	53860	1.9172
	57368	1.9182
	54291	1.9182
	54569	1.9184
	51352	1.9192
	53593	1.9212
	58036	1.9215
	54503	1.9222
	57582	1.9326
	58015	1.9327
	53576	1.9343
	58244	1.941
	58846	1.9412
	53893	1.9436
	57995	1.9453
	53992	1.9459
	51334	1.9485
	58122	1.949
	50862	1.9494
	54276	1.9525
	59456	1.9539
	58404	1.9562
	54161	1.9568
	54645	1.9608
	54836	1.9615
	57091	1.9616
	53989	1.9619
	58932	1.962
	58507	1.9621
	58847	1.9648
	57575	1.9648
	53895	1.9692
	58921	1.9718
	57564	1.974
	54610	1.9749
	57590	1.9753
	51133	1.9756
	53998	1.9777
	53898	1.9779
	57461	1.9787
	53680	1.9789
	57647	1.979
	52955	1.9791
	58236	1.9837
	57584	1.9851
	54820	1.9855
	59004	1.9858
	51482	1.9867
	51465	1.9894
	57671	1.994
	59090	1.9993
	51076	2.0011
	54837	2.0013
	58657	2.0017
	57583	2.0035
	54293	2.0079
	57093	2.0104
	57586	2.0108
	50985	2.0121
	58141	2.0127
	57573	2.0132
	54072	2.0147
	59448	2.0192
	54027	2.0221
	58407	2.0223
	51438	2.0231
	51379	2.0266
	58146	2.0276
	53993	2.0307
	57571	2.0309
	54932	2.0311
	54816	2.0321
	58025	2.0327
	54192	2.0334
	56886	2.0338
	54346	2.0338
	56995	2.0362
	57905	2.0374
	53594	2.0383
	57071	2.041
	58749	2.0427
	58912	2.047
	54801	2.0478
	53991	2.0485
	57399	2.0495
	51068	2.05
	57377	2.0504
	54810	2.0531
	53896	2.0541
	59271	2.0546
	54814	2.056
	57481	2.0568
	58013	2.0569
	51357	2.0579
	54614	2.058
	57740	2.0592
	57643	2.0595
	57669	2.0596
	57070	2.064
	59091	2.0641
	54292	2.065
	54476	2.0657
	58336	2.0673
	54815	2.0678
	54911	2.0681
	58329	2.0705
	58834	2.0706
	54749	2.0725
	50953	2.0742
	54319	2.075
	59228	2.0753
	58230	2.0777
	54800	2.0781
	53890	2.0784
	57086	2.0848
	54290	2.0856
	54316	2.0857
	53582	2.0865
	50861	2.0873
	58048	2.0873
	50946	2.0893
	54823	2.0898
	58006	2.0901
	54900	2.0917
	54919	2.0919
	58501	2.0923
	50958	2.0942
	58047	2.0962
	58401	2.0971
	54909	2.0974
	53467	2.0984
	54377	2.0986
	54917	2.0991
	58234	2.1028
	54631	2.1033
	57083	2.1064
	54918	2.1074
	59268	2.1109
	54935	2.1128
	58004	2.1128
	53698	2.113
	57493	2.1139
	58748	2.1159
	53976	2.1161
	58250	2.1166
	58327	2.1187
	58824	2.1211
	57729	2.1242
	57063	2.1247
	54590	2.125
	58330	2.1294
	57358	2.1295
	57465	2.1296
	53784	2.1298
	54812	2.1312
	57489	2.1332
	52101	2.134
	50983	2.1354
	58002	2.1366
	54922	2.1384
	54766	2.1393
	58235	2.1395
	58021	2.1398
	54752	2.1414
	58339	2.1422
	57498	2.1427
	58367	2.1429
	54606	2.1449
	54708	2.1474
	58933	2.1474
	54321	2.1478
	53789	2.1484
	54832	2.149
	58345	2.15
	58135	2.1539
	58027	2.1559
	59229	2.1561
	58034	2.1598
	50945	2.1601
	58436	2.1604
	57492	2.1612
	57496	2.1615
	58356	2.1641
	51346	2.1646
	57469	2.1647
	54474	2.1656
	54910	2.1659
	58334	2.1681
	59650	2.169
	57595	2.1728
	54632	2.1734
	58429	2.1743
	57674	2.177
	57096	2.1781
	54628	2.1801
	58030	2.1823
	54596	2.1828
	54604	2.1836
	58423	2.1865
	57680	2.1871
	57649	2.1896
	59227	2.1917
	53662	2.1924
	57589	2.1924
	57658	2.1926
	54433	2.1958
	54811	2.1965
	53786	2.1973
	54507	2.1997
	57741	2.2012
	54080	2.203
	54624	2.2101
	53781	2.2117
	59449	2.2129
	53692	2.2142
	58377	2.2154
	59457	2.2166
	57079	2.2193
	54715	2.2206
	53891	2.2238
	57743	2.225
	54817	2.2278
	54563	2.2347
	54901	2.2348
	54929	2.2348
	54923	2.2394
	54916	2.2395
	54818	2.241
	54906	2.241
	53983	2.2436
	53343	2.2473
	54718	2.2476
	50779	2.2495
	58012	2.2561
	53487	2.2567
	57485	2.2574
	57565	2.2582
	58148	2.2589
	58317	2.2606
	53687	2.2635
	58132	2.2641
	54618	2.2647
	59001	2.2663
	54905	2.269
	54714	2.2725
	56992	2.2729
	57666	2.2731
	54914	2.2745
	58032	2.2753
	58319	2.2754
	58442	2.2757
	54915	2.2774
	58045	2.2788
	54640	2.2795
	54921	2.2796
	57494	2.2812
	54497	2.2829
	58461	2.285
	58366	2.2856
	54371	2.2871
	54927	2.2881
	58462	2.2893
	54706	2.2897
	58408	2.2902
	58416	2.2915
	54700	2.2924
	57477	2.2991
	57752	2.3006
	57562	2.3007
	58431	2.3026
	58126	2.3062
	53588	2.3114
	53798	2.3124
	58254	2.3184
	53562	2.3206
	53352	2.3207
	54920	2.3213
	53982	2.3221
	54705	2.3232
	53799	2.3244
	54717	2.3251
	54609	2.3259
	58750	2.3262
	54703	2.3278
	57466	2.3286
	59441	2.3297
	54825	2.3314
	51435	2.3351
	58337	2.3392
	57732	2.34
	53289	2.3404
	54912	2.3408
	54730	2.3423
	59421	2.3423
	57475	2.3436
	54945	2.3442
	58243	2.3452
	57832	2.346
	58414	2.3466
	58432	2.347
	58441	2.3476
	50950	2.3478
	56994	2.3484
	54738	2.3492
	54286	2.3504
	54729	2.3512
	57074	2.3514
	54731	2.3545
	53783	2.3549
	53693	2.359
	53378	2.3591
	53368	2.3603
	58409	2.3613
	54644	2.3636
	54824	2.3657
	58338	2.3657
	54734	2.3659
	58140	2.3769
	58003	2.3773
	59249	2.3795
	50853	2.3795
	58570	2.3797
	58326	2.3798
	54602	2.383
	59088	2.3843
	58450	2.3865
	57737	2.3878
	54907	2.3891
	57476	2.3898
	54416	2.3901
	58011	2.391
	58417	2.3912
	58017	2.3914
	58264	2.3918
	59265	2.3919
	57736	2.393
	50892	2.4066
	54940	2.4117
	59017	2.412
	57906	2.4134
	59256	2.4148
	54737	2.4159
	58477	2.4164
	54830	2.4168
	58415	2.417
	54214	2.4176
	59264	2.4202
	58421	2.4217
	58022	2.4227
	54374	2.4229
	58044	2.4229
	58158	2.4261
	54764	2.4266
	53484	2.4283
	51436	2.4285
	53682	2.4289
	59205	2.4296
	57738	2.4297
	53665	2.4328
	54633	2.4387
	58419	2.4394
	50859	2.4482
	54829	2.4501
	54834	2.4513
	54616	2.4563
	58420	2.4587
	53883	2.4613
	54704	2.4663
	54627	2.4665
	53397	2.4677
	53790	2.4677
	57673	2.4682
	58041	2.4683
	54285	2.4701
	51463	2.4703
	58251	2.4707
	58446	2.4715
	57491	2.4778
	54716	2.4783
	59431	2.4792
	54712	2.4804
	54398	2.483
	57682	2.483
	53399	2.484
	58503	2.4864
	51359	2.4868
	54833	2.4949
	58569	2.4962
	54713	2.508
	54938	2.5093
	58510	2.51
	58335	2.5102
	51437	2.512
	57678	2.5129
	58346	2.5145
	53362	2.5148
	58020	2.5154
	58359	2.5161
	59209	2.5164
	58358	2.5165
	59419	2.5188
	59454	2.5201
	59631	2.5215
	54709	2.5242
	54608	2.5243
	54736	2.529
	59266	2.5292
	56986	2.5295
	58906	2.5296
	58454	2.5297
	54711	2.5314
	54301	2.5357
	57822	2.5379
	53978	2.5434
	59452	2.5435
	54925	2.5482
	54318	2.5521
	54822	2.5541
	57827	2.5542
	58139	2.5578
	54710	2.5615
	59237	2.5629
	54702	2.5633
	58259	2.5691
	58150	2.57
	58627	2.5704
	58534	2.576
	58024	2.5795
	58433	2.5853
	51369	2.5855
	57744	2.5856
	57989	2.5879
	58453	2.5909
	58154	2.5971
	54386	2.6011
	58049	2.6014
	58143	2.6015
	59446	2.6048
	57922	2.6108
	51377	2.6133
	54719	2.6138
	57742	2.6141
	51356	2.6148
	57828	2.6151
	54284	2.6156
	57745	2.6175
	57739	2.6178
	54603	2.6197
	58520	2.6199
	56987	2.6225
	53797	2.6234
	58509	2.6238
	56991	2.6285
	54722	2.6319
	58424	2.632
	53463	2.6372
	59082	2.639
	58448	2.6394
	57554	2.6458
	58567	2.6517
	58484	2.652
	58426	2.6523
	59211	2.653
	57735	2.6565
	58821	2.6566
	57923	2.6573
	51433	2.6638
	58819	2.6743
	57598	2.6771
	58905	2.681
	59075	2.6818
	53483	2.6871
	57835	2.6884
	58746	2.6898
	58502	2.6968
	59081	2.697
	53690	2.6977
	53979	2.6977
	57829	2.699
	59213	2.7011
	59007	2.7024
	57916	2.703
	54732	2.7034
	54620	2.704
	51353	2.7069
	53796	2.7108
	53785	2.7109
	58612	2.7121
	57996	2.7145
	58268	2.7149
	58747	2.7151
	54626	2.7179
	53596	2.7185
	58602	2.7206
	57698	2.7223
	58040	2.723
	58145	2.724
	54096	2.7264
	58443	2.7273
	54514	2.7275
	54505	2.7309
	58626	2.7312
	53384	2.7336
	58451	2.7343
	58428	2.7348
	58903	2.7364
	58361	2.7364
	58460	2.7376
	59215	2.7386
	54102	2.7397
	57909	2.7398
	57825	2.7417
	58427	2.7422
	53577	2.7428
	59015	2.7439
	58605	2.7446
	59246	2.7487
	57688	2.7489
	57921	2.7492
	58652	2.7532
	54205	2.7571
	58435	2.7581
	51367	2.761
	58369	2.7616
	57694	2.762
	54304	2.7631
	54765	2.7694
	57834	2.7703
	58625	2.7706
	57789	2.7713
	58600	2.7753
	58646	2.7782
	54939	2.7807
	53472	2.7808
	58456	2.7909
	58615	2.8021
	57699	2.805
	58744	2.81
	54399	2.811
	57687	2.8122
	58623	2.814
	58463	2.8141
	54406	2.8232
	58459	2.8259
	57894	2.8295
	58601	2.8309
	58911	2.8349
	57796	2.8372
	57776	2.8374
	58437	2.8394
	57754	2.8417
	57696	2.8418
	58568	2.8479
	58629	2.8494
	54513	2.8505
	58736	2.8515
	58616	2.8525
	57886	2.8569
	58710	2.8578
	58438	2.8587
	57988	2.8602
	57679	2.8637
	58464	2.865
	58457	2.8672
	54308	2.8675
	58818	2.8695
	58823	2.8728
	58742	2.8808
	54410	2.8819
	53367	2.8884
	53391	2.8913
	57779	2.892
	57993	2.8948
	58449	2.8959
	58619	2.8996
	51365	2.9029
	58531	2.9043
	54012	2.9092
	57798	2.9106
	58618	2.9112
	57773	2.9135
	58519	2.9145
	53478	2.9156
	58624	2.9173
	57761	2.9176
	57927	2.9179
	59021	2.9214
	57994	2.9265
	59218	2.9376
	57842	2.9383
	58547	2.9386
	57793	2.9428
	57792	2.9451
	53480	2.9455
	58557	2.9473
	58647	2.9554
	58634	2.9561
	53663	2.9575
	59254	2.9591
	58418	2.9601
	57837	2.9642
	58635	2.9648
	57896	2.9679
	53492	2.9768
	58548	2.9775
	58452	2.9787
	51288	2.987
	58455	2.99
	58712	2.9904
	58517	2.9951
	58559	2.9985
	58701	3.0011
	58607	3.0087
	58530	3.0097
	58622	3.0199
	58563	3.0227
	58468	3.025
	57891	3.0253
	58608	3.0291
	57887	3.0336
	57844	3.0364
	57760	3.0382
	58542	3.0408
	58556	3.0418
	58508	3.0459
	57882	3.0495
	58737	3.0497
	57991	3.0525
	58523	3.0555
	57875	3.0572
	57840	3.0628
	57772	3.0658
	57771	3.0683
	58458	3.0714
	57872	3.0733
	57786	3.0736
	57992	3.0809
	58707	3.0811
	54117	3.0813
	58654	3.09
	58822	3.0924
	58546	3.0934
	57926	3.0946
	53475	3.0994
	57974	3.1069
	58467	3.1082
	58550	3.1102
	59012	3.1141
	57839	3.1152
	58565	3.1166
	58609	3.1178
	58527	3.1179
	57799	3.1217
	58814	3.1247
	51238	3.1294
	54208	3.1322
	58555	3.1352
	57883	3.1389
	58714	3.1395
	58558	3.1423
	58735	3.1433
	57990	3.1434
	58544	3.1446
	57876	3.1447
	59072	3.1454
	57889	3.1473
	58537	3.1475
	57868	3.1555
	57881	3.1615
	53499	3.1664
	58529	3.1719
	58745	3.1748
	57860	3.1751
	57774	3.1757
	54404	3.1803
	58549	3.1816
	57871	3.1861
	58804	3.1876
	59451	3.1883
	57973	3.1924
	57985	3.1941
	58543	3.198
	57763	3.1981
	58606	3.2013
	58730	3.2038
	57762	3.2039
	59022	3.2068
	51328	3.2069
	57781	3.2085
	58562	3.2137
	54499	3.2147
	59632	3.2152
	57780	3.2196
	58631	3.2229
	59224	3.2318
	53481	3.2319
	57768	3.2331
	57932	3.2359
	57971	3.239
	57841	3.2401
	58620	3.2531
	58633	3.257
	58820	3.2633
	59238	3.267
	57766	3.2673
	58614	3.2677
	57769	3.2692
	51329	3.2693
	54311	3.2801
	57874	3.2833
	57777	3.287
	57899	3.2905
	57981	3.3031
	58731	3.3112
	51434	3.314
	58806	3.3184
	57941	3.3301
	54408	3.3326
	59074	3.3356
	57870	3.341
	57976	3.3485
	58813	3.3497
	53490	3.3542
	57778	3.359
	58644	3.3645
	59037	3.3742
	57972	3.3777
	57975	3.3795
	53486	3.3878
	59071	3.3902
	51431	3.3969
	57851	3.3988
	59027	3.3993
	57846	3.4037
	57758	3.4046
	59230	3.4055
	59255	3.4131
	58706	3.4301
	53491	3.4363
	57895	3.4377
	58725	3.4383
	59453	3.4479
	58719	3.4521
	59065	3.4578
	59241	3.4578
	58715	3.464
	54401	3.4673
	59025	3.4732
	57867	3.4732
	57966	3.4751
	59235	3.4872
	57767	3.4993
	57859	3.5018
	57845	3.5071
	57942	3.5326
	57853	3.5327
	57960	3.5536
	59034	3.5553
	59033	3.5626
	57965	3.5644
	58704	3.5789
	57958	3.5806
	59044	3.5904
	57978	3.6043
	57866	3.6049
	59051	3.6085
	59046	3.6098
	59045	3.62
	59047	3.6225
	53498	3.6231
	59057	3.6374
	59052	3.6422
	59064	3.6443
	57969	3.6558
	59063	3.662
	59242	3.6634
	57936	3.671
	59059	3.6749
	57948	3.727
	57962	3.727
	57857	3.7437
	59038	3.7496
	59055	3.7771
	59053	3.7792
	59023	3.8071
	57955	3.8193
	57964	3.8251
	57947	3.8297
	59058	3.8611
	57865	3.8616
	59061	3.8983
	57956	3.8987
	57954	3.9006
	57957	3.9346
	59041	3.9463
	57949	4.0277
	59031	4.0547
