	59122	-3.2784
	57776	-3.2094
	59124	-3.13212
	54455	-2.98467486
	59137	-2.87052
	59046	-2.76852
	57781	-2.76408
	57772	-2.7342
	59065	-2.6868
	59134	-2.66892
	59126	-2.60736
	59052	-2.5738799999999995
	59063	-2.5715999999999997
	59310	-2.54304
	59319	-2.53152
	57740	-2.51808
	58938	-2.50968
	59127	-2.4617999999999998
	57954	-2.4492
	57761	-2.4473999999999996
	57688	-2.4393599999999998
	59064	-2.40576
	59130	-2.3975999999999997
	57762	-2.35992
	59074	-2.35452
	54454	-2.3270806600000005
	50858	-2.30960778
	58719	-2.30664
	57687	-2.30604
	57771	-2.2989599999999997
	57976	-2.25792
	57958	-2.2424399999999998
	57760	-2.21388
	59451	-2.21352
	59264	-2.2014
	59316	-2.20104
	59313	-2.19888
	59266	-2.1955199999999997
	59856	-2.16432
	58614	-2.16324
	54540	-2.15808
	57780	-2.15676
	59131	-2.1537599999999997
	59312	-2.1528
	58944	-2.148
	50973	-2.13617764
	59320	-2.13516
	54420	-2.1228
	57796	-2.11752
	57777	-2.11524
	59125	-2.11356
	50779	-2.11114892
	59116	-2.09544
	54076	-2.06380686
	59041	-2.05872
	59324	-2.05728
	58942	-2.0431199999999996
	59321	-2.03532
	54311	-2.0298
	57698	-2.02704
	50950	-2.01717316
	59315	-2.0137199999999997
	54452	-2.0117424
	58918	-2.0058
	57743	-2.00148
	57949	-1.98816
	56228	-1.9823454600000001
	57661	-1.9791599999999998
	56021	-1.9658170600000002
	57773	-1.9638
	58701	-1.9594799999999999
	58946	-1.94556
	59241	-1.9454399999999998
	54449	-1.94424
	57973	-1.9430399999999999
	57774	-1.94184
	54326	-1.9414967000000003
	58848	-1.9331999999999998
	54436	-1.9284
	59053	-1.9118399999999998
	50979	-1.90690512
	50946	-1.89698808
	58927	-1.8912
	57669	-1.88916
	58030	-1.88268
	57769	-1.87956
	59107	-1.8711599999999997
	50953	-1.86936204
	59072	-1.8579599999999998
	59061	-1.8479999999999999
	54321	-1.8435069000000002
	57778	-1.8418799999999997
	54939	-1.8391199999999999
	54063	-1.8386664400000001
	57786	-1.8350399999999998
	59044	-1.8349199999999999
	57792	-1.83084
	59254	-1.8272399999999998
	54325	-1.8244992400000002
	57793	-1.81872
	52787	-1.8138
	57947	-1.8075599999999998
	59045	-1.8067199999999999
	58843	-1.78956
	54472	-1.7796364400000002
	58941	-1.76904
	54423	-1.76784
	58020	-1.76148
	57956	-1.7573999999999999
	58725	-1.73748
	57682	-1.7351999999999999
	54320	-1.72910676
	56312	-1.72910676
	54218	-1.72320376
	54438	-1.71432
	59133	-1.70976
	59265	-1.7018399999999998
	58356	-1.7001820600000002
	54412	-1.6899600000000001
	50964	-1.68837606
	59626	-1.6863599999999999
	57388	-1.6853065
	54471	-1.6851884400000001
	57957	-1.67472
	59647	-1.6638
	54047	-1.66015972
	59318	-1.6588800000000001
	57144	-1.6572
	57655	-1.65672
	54225	-1.6543747800000002
	54541	-1.64868
	57671	-1.64748
	57678	-1.64712
	59109	-1.64712
	52643	-1.6446
	54430	-1.6392
	54434	-1.6356
	59047	-1.6317599999999999
	59256	-1.63044
	59033	-1.62876
	54324	-1.61942902
	57491	-1.6187206600000001
	57851	-1.61316
	58836	-1.6128
	57969	-1.6099199999999998
	54328	-1.60703272
	58433	-1.60301868
	57964	-1.6003199999999997
	57657	-1.5809999999999997
	59322	-1.5744
	54470	-1.5653575400000002
	57966	-1.5651599999999999
	59655	-1.5562799999999999
	57866	-1.5513599999999999
	56004	-1.54764854
	54453	-1.5467040600000002
	57865	-1.5403200000000001
	57955	-1.53636
	59417	-1.5234
	53195	-1.5203766800000003
	57948	-1.51896
	57055	-1.51488
	50963	-1.511168
	59114	-1.5106799999999998
	54337	-1.5067997800000001
	57057	-1.50552
	59303	-1.50324
	57040	-1.49472
	56227	-1.49086168
	57053	-1.49028
	59113	-1.4890799999999997
	57872	-1.48776
	59057	-1.4874
	57649	-1.48692
	58013	-1.48377808
	57766	-1.4823600000000001
	54064	-1.4821252400000002
	58718	-1.4811599999999998
	59452	-1.48008
	59454	-1.4796
	52323	-1.4736
	54334	-1.47327074
	56016	-1.4729165600000003
	57328	-1.4726804400000002
	59037	-1.4676
	59051	-1.46544
	54092	-1.4580410000000001
	57389	-1.4580410000000001
	52784	-1.4523599999999999
	57752	-1.44852
	54318	-1.4474399999999998
	59235	-1.44732
	58022	-1.44672
	50956	-1.44351962
	51495	-1.44056812
	59317	-1.43556
	50880	-1.43407482
	50879	-1.4331303400000002
	50434	-1.42309524
	54333	-1.4227410600000001
	58917	-1.4205599999999998
	54308	-1.4178
	57942	-1.4144400000000001
	50962	-1.41365044
	58025	-1.41108
	57941	-1.41096
	54339	-1.4108170000000002
	50349	-1.4060946
	54319	-1.40256
	52656	-1.40088
	58928	-1.40088
	50442	-1.3968859200000001
	59071	-1.3961999999999999
	57048	-1.39404
	54335	-1.39298994
	57870	-1.3868399999999999
	50445	-1.38555216
	54134	-1.3843715600000002
	58012	-1.3842535000000002
	54154	-1.3807117
	50775	-1.3782324400000001
	58429	-1.3781143800000002
	57662	-1.3724399999999999
	50859	-1.37197526
	58354	-1.3700863000000003
	50468	-1.3686695800000002
	56989	-1.3624124
	59106	-1.3619999999999999
	54338	-1.3612318
	59631	-1.35828
	57054	-1.35432
	58021	-1.3532399999999998
	57995	-1.3510799999999998
	58608	-1.3494
	56317	-1.3493077400000002
	54313	-1.3411616
	59238	-1.3356
	57960	-1.32744
	54432	-1.32348
	51804	-1.3227442400000002
	57143	-1.3219199999999998
	59249	-1.32168
	58607	-1.31676
	54539	-1.31556
	54316	-1.3104660000000001
	59945	-1.3086
	57768	-1.30812
	54049	-1.30527136
	56223	-1.30231986
	58027	-1.30208374
	54437	-1.29348
	57763	-1.28916
	54231	-1.28874296
	57348	-1.2877984800000002
	50978	-1.28165936
	52853	-1.28083294
	57789	-1.2768
	58359	-1.2754021800000002
	59314	-1.2753599999999998
	58612	-1.26984
	58847	-1.2672
	57666	-1.26696
	53352	-1.26607544
	54404	-1.2642
	54213	-1.26182528
	56147	-1.25356108
	54439	-1.25328
	58618	-1.2469199999999998
	58940	-1.24644
	58040	-1.24447046
	57674	-1.23972
	58704	-1.2393599999999998
	58431	-1.23821328
	57859	-1.2340799999999998
	51433	-1.22806012
	50987	-1.22404608
	59453	-1.22364
	57213	-1.2222
	50431	-1.22203906
	58619	-1.21392
	54249	-1.2130665000000003
	54336	-1.2070454400000001
	54301	-1.19928
	58342	-1.19760064
	58024	-1.19268
	50884	-1.19205182
	54172	-1.1915795800000002
	54522	-1.19136
	57066	-1.19052
	54243	-1.1824889600000001
	54483	-1.16950236
	57326	-1.1664328000000002
	52885	-1.161
	54596	-1.1594399999999998
	54938	-1.15836
	54142	-1.15616158
	50758	-1.14777932
	53502	-1.1470709600000002
	57779	-1.1441999999999999
	58361	-1.144
	50968	-1.1369178
	53948	-1.13628
	52874	-1.13432048
	57387	-1.1330218200000002
	58806	-1.1327999999999998
	51241	-1.1294800200000001
	51058	-1.1258201600000002
	51329	-1.1251118
	54475	-1.12369508
	57377	-1.11779208
	54531	-1.1166
	58813	-1.11492
	59948	-1.11048
	50985	-1.10929176
	58637	-1.1081999999999999
	55228	-1.1077569800000002
	59659	-1.10508
	50603	-1.10126368
	57679	-1.10052
	54304	-1.09812
	58442	-1.0911105200000002
	57183	-1.0896
	59635	-1.08828
	57663	-1.08408
	59075	-1.0824
	59058	-1.08132
	59306	-1.0734
	54907	-1.07184
	50425	-1.0708042000000002
	59117	-1.07028
	51542	-1.0695055400000002
	58523	-1.0678527
	57798	-1.06608
	57971	-1.06572
	53392	-1.06536
	58710	-1.0644
	59255	-1.06392
	52876	-1.0631303
	50983	-1.0623038800000002
	54161	-1.05888014
	58936	-1.05876
	54433	-1.05852
	54425	-1.05708
	53957	-1.05216
	54408	-1.0489199999999999
	58365	-1.0472
	57481	-1.0469560800000002
	59644	-1.0446
	57558	-1.04412
	54398	-1.0428
	58609	-1.0418399999999999
	58358	-1.04176144
	57741	-1.0412892
	53602	-1.038928
	50787	-1.0355042600000002
	59270	-1.03476
	54533	-1.03332
	57195	-1.03008
	57119	-1.0298399999999999
	57355	-1.0292470800000002
	54102	-1.0283026000000002
	53499	-1.02684
	57329	-1.0266497600000002
	53955	-1.02576
	53491	-1.02288
	57589	-1.02228154
	58507	-1.0218
	57871	-1.01616
	54113	-1.01602436
	58844	-1.01484
	58041	-1.0135451000000002
	58016	-1.01307286
	57378	-1.01153808
	50965	-1.0035100000000001
	54117	-1.00244746
	51330	-0.9999682000000001
	54115	-0.9999682000000001
	54122	-0.9999682000000001
	54080	-0.99985014
	57127	-0.9981599999999999
	50525	-0.9950096800000001
	59664	-0.9947999999999999
	57731	-0.9918220600000001
	56444	-0.9905234
	59446	-0.9875999999999999
	54226	-0.9853287600000001
	57359	-0.9813147200000001
	50958	-0.9806063600000001
	58821	-0.9798
	53149	-0.9761200800000001
	57089	-0.97476
	57193	-0.97368
	58606	-0.9669599999999999
	57051	-0.966
	58450	-0.9652799999999999
	59851	-0.9646799999999999
	53399	-0.9645599999999999
	58666	-0.95688
	50776	-0.9552234600000001
	57132	-0.95508
	54929	-0.95244
	57095	-0.95148
	58047	-0.9474315000000001
	57673	-0.94668
	56434	-0.9457786600000001
	54204	-0.9430632800000001
	58569	-0.9425999999999999
	58443	-0.94224
	54214	-0.9405840200000001
	58044	-0.9356255
	53324	-0.9329101200000001
	51435	-0.9278335400000002
	51886	-0.9278335400000002
	57461	-0.9265348800000002
	54429	-0.9255599999999999
	57565	-0.9228
	57390	-0.92184
	57598	-0.9204
	50871	-0.9179165
	54421	-0.9166799999999999
	58623	-0.9160799999999999
	58713	-0.9134399999999999
	54342	-0.9126038000000001
	54027	-0.9113051400000001
	57033	-0.90912
	54410	-0.90708
	50878	-0.9067008000000001
	58026	-0.9057563200000001
	53385	-0.90469378
	57043	-0.89796
	57153	-0.8942399999999999
	54405	-0.8922
	54511	-0.89016
	50136	-0.8898182200000001
	54171	-0.8867486600000001
	59427	-0.88596
	58706	-0.8847599999999999
	54494	-0.8829707400000001
	57974	-0.88296
	58760	-0.87852
	57965	-0.87732
	54428	-0.87696
	58458	-0.87684
	58472	-0.8749199999999999
	50778	-0.8743523600000002
	57038	-0.87432
	57643	-0.87312
	58509	-0.8718
	58712	-0.8687999999999999
	57052	-0.8682
	53343	-0.86797712
	54332	-0.8667965200000001
	58568	-0.86652
	52963	-0.8649075600000001
	54135	-0.861838
	54431	-0.8598
	57431	-0.85853232
	54248	-0.8582962000000001
	57868	-0.85788
	50527	-0.85723366
	57875	-0.85512
	57696	-0.8449199999999999
	58834	-0.8434799999999999
	54323	-0.8423581000000001
	53517	-0.83314942
	58484	-0.8301599999999999
	54065	-0.83007986
	57041	-0.8267999999999999
	53419	-0.82594776
	50842	-0.82500328
	54662	-0.8228782
	57075	-0.82116
	59426	-0.8208000000000001
	54917	-0.8182799999999999
	58567	-0.8160000000000001
	50514	-0.8140237
	58345	-0.8135514600000001
	58338	-0.8129611600000001
	58036	-0.8104819000000001
	57124	-0.8088000000000001
	59653	-0.80724
	53881	-0.80623174
	54594	-0.8052
	57736	-0.8023357600000001
	58015	-0.7974953
	53518	-0.7973772400000001
	57029	-0.79704
	56190	-0.7951341000000001
	53336	-0.79501604
	57249	-0.79407156
	58625	-0.79392
	58419	-0.7930090200000001
	54523	-0.79272
	54254	-0.79182842
	57034	-0.79176
	54510	-0.79104
	58102	-0.7908839400000002
	58724	-0.7868399999999999
	53289	-0.7854531800000001
	53727	-0.7839184000000001
	57061	-0.7833600000000001
	58113	-0.7833281000000001
	58624	-0.7816799999999999
	58034	-0.7806
	54012	-0.7791960000000001
	57339	-0.7789598800000002
	51328	-0.7778973400000001
	53378	-0.7748277800000001
	57742	-0.7731749400000001
	54507	-0.77148
	57044	-0.77064
	54636	-0.77028
	52418	-0.7651199999999999
	58647	-0.7644
	57099	-0.76032
	54476	-0.75983416
	53696	-0.75876
	50960	-0.75806326
	59854	-0.75384
	57046	-0.75372
	50524	-0.7529866800000001
	54401	-0.7502399999999999
	58845	-0.74928
	51334	-0.74743786
	54945	-0.7462799999999999
	52674	-0.7455599999999999
	58448	-0.7452
	58436	-0.7435418800000001
	56128	-0.7429515800000001
	57385	-0.7409445600000001
	59242	-0.7370399999999999
	59031	-0.7342799999999999
	58820	-0.73272
	58846	-0.73056
	50888	-0.7284302
	58461	-0.7277
	58132	-0.72748572
	50854	-0.72595094
	52436	-0.7254
	54293	-0.7242981000000001
	53384	-0.72406198
	57469	-0.72040212
	50247	-0.7192215200000001
	58477	-0.71844
	53513	-0.71107538
	52972	-0.7100128400000001
	58011	-0.70884
	51855	-0.70859612
	54186	-0.70847806
	57140	-0.708
	52875	-0.70375566
	57492	-0.70375566
	58002	-0.7031999999999999
	54528	-0.70188
	56144	-0.70033192
	57853	-0.69984
	58048	-0.6984429600000001
	57694	-0.69648
	57978	-0.69552
	59246	-0.6949199999999999
	53391	-0.69442892
	57483	-0.6933663800000001
	50749	-0.6924219
	57554	-0.6911999999999999
	54331	-0.6900607000000001
	50853	-0.6853383000000001
	52863	-0.68427576
	58459	-0.6842400000000001
	57420	-0.6839215800000001
	57398	-0.6828590400000001
	57482	-0.6815603800000001
	53958	-0.68148
	50632	-0.68014366
	57735	-0.6773102200000001
	53963	-0.67704
	54165	-0.6764838
	58045	-0.6743587200000001
	50954	-0.6741226
	51839	-0.6730600600000001
	50834	-0.66904602
	57962	-0.6684
	52855	-0.66810154
	56996	-0.66574034
	53961	-0.66348
	53950	-0.6632399999999999
	58017	-0.66012
	58822	-0.65988
	54568	-0.65688584
	57637	-0.65334404
	58556	-0.6524399999999999
	58562	-0.65088
	54532	-0.64932
	53367	-0.6480313400000001
	54514	-0.648
	58462	-0.647
	59954	-0.6465599999999999
	54569	-0.64366312
	50955	-0.6428367
	57186	-0.6426
	52895	-0.64188
	54501	-0.64056
	58734	-0.6403199999999999
	54597	-0.6392399999999999
	57231	-0.63708
	53348	-0.6362253400000001
	59027	-0.636
	51156	-0.63563504
	58457	-0.6354
	52765	-0.6345725
	53362	-0.6325654800000001
	59855	-0.62988
	54660	-0.6293778600000001
	58463	-0.6293
	57039	-0.62892
	50745	-0.6272527800000001
	58839	-0.6256799999999999
	50788	-0.6245374000000001
	51777	-0.6245374000000001
	50566	-0.62253038
	57285	-0.62208
	56875	-0.62123172
	58032	-0.618
	54505	-0.61776
	53962	-0.61692
	53420	-0.6160370800000001
	57476	-0.6160370800000001
	57032	-0.61596
	54346	-0.61556484
	53573	-0.61452
	58038	-0.61178692
	52679	-0.61068
	57297	-0.60996
	57298	-0.60936
	51145	-0.6064742200000001
	52546	-0.6023999999999999
	54497	-0.6010434600000001
	54132	-0.59986286
	51636	-0.5979739
	53949	-0.5963999999999999
	57042	-0.59448
	53832	-0.59436
	53705	-0.59372374
	57499	-0.5920709
	57415	-0.5912444800000001
	57254	-0.58992
	58438	-0.5891194000000001
	53861	-0.58728
	57699	-0.5868
	54416	-0.58488
	58932	-0.5843999999999999
	57134	-0.58356
	58116	-0.58156356
	57137	-0.58056
	50767	-0.58014684
	51469	-0.58002878
	53964	-0.5787599999999999
	57192	-0.57648
	59456	-0.57492
	59656	-0.57444
	50852	-0.5731813
	58508	-0.5723999999999999
	57067	-0.57144
	55655	-0.57093816
	57874	-0.56964
	57857	-0.56568
	56950	-0.56361844
	54512	-0.56172
	58616	-0.56124
	59229	-0.55524
	56096	-0.5530799999999999
	54518	-0.55104
	58570	-0.55092
	58730	-0.5502
	58126	-0.5450830200000001
	57181	-0.5448
	58100	-0.54252
	56641	-0.54095092
	53707	-0.53882584
	57485	-0.53847166
	54291	-0.53811748
	59038	-0.53268
	50867	-0.53138806
	50948	-0.5305616400000001
	53397	-0.52752
	54353	-0.52454058
	53772	-0.5244
	57989	-0.5244
	58460	-0.5241
	57037	-0.52164
	54234	-0.52111684
	57975	-0.5204399999999999
	53660	-0.51816
	52515	-0.5177999999999999
	53941	-0.51744
	54502	-0.51528
	53829	-0.51288
	55294	-0.5121442800000001
	58693	-0.50988
	58527	-0.50976
	54927	-0.50916
	54069	-0.5088386
	59632	-0.50868
	53480	-0.5064774000000001
	54590	-0.50635934
	53966	-0.5061599999999999
	53947	-0.50568
	51059	-0.5023453
	58715	-0.50208
	59034	-0.50208
	58529	-0.50184
	54098	-0.50010216
	57713	-0.49892156
	58555	-0.49727999999999994
	51238	-0.49715066
	57021	-0.4962
	54399	-0.49607999999999997
	56898	-0.495852
	53481	-0.49337274000000003
	58929	-0.49224
	53954	-0.49199999999999994
	54534	-0.49199999999999994
	51377	-0.49195602000000005
	56948	-0.49136572000000006
	54535	-0.48732
	57188	-0.48624
	57722	-0.48534466000000004
	53483	-0.4852266
	58620	-0.4842
	58122	-0.4816848
	53588	-0.47856
	58329	-0.47802494
	51722	-0.47660822
	58334	-0.47660822
	53433	-0.47625404
	53810	-0.47625404
	58804	-0.46931999999999996
	58441	-0.46869820000000006
	57296	-0.46715999999999996
	53231	-0.4651564000000001
	52866	-0.46492028
	50851	-0.46480222000000004
	58631	-0.46428
	58004	-0.46284
	51243	-0.46149654000000007
	57758	-0.4608
	50564	-0.46007982000000003
	50727	-0.45819086000000003
	56151	-0.4579547400000001
	54236	-0.4568922
	54605	-0.45624
	51656	-0.45228786000000004
	58514	-0.45203999999999994
	54406	-0.44676
	57889	-0.44628
	57475	-0.44189858000000004
	57313	-0.4401276800000001
	51465	-0.44000962
	58006	-0.43956
	54579	-0.43705812
	58237	-0.43670394000000007
	57098	-0.43644
	51369	-0.43469692000000004
	54039	-0.43434274000000006
	57128	-0.43428
	58751	-0.43332
	53276	-0.4332802
	58752	-0.43296
	58656	-0.43248
	57832	-0.430919
	58125	-0.43044676
	53908	-0.42779999999999996
	59441	-0.42696
	51639	-0.4246618200000001
	50844	-0.42454376
	57056	-0.42132000000000003
	54519	-0.41964
	54424	-0.41868
	56969	-0.41710598000000004
	57182	-0.41519999999999996
	56959	-0.4149809
	53575	-0.41496
	50557	-0.41403642000000007
	51655	-0.41332806000000005
	58451	-0.41172000000000003
	54774	-0.4098
	52533	-0.40943999999999997
	57016	-0.40704
	54515	-0.40643999999999997
	52602	-0.40352908000000004
	57732	-0.4019943000000001
	57860	-0.40104
	59055	-0.40068
	58343	-0.40034146000000004
	58553	-0.39984
	58265	-0.39939698
	57867	-0.39840000000000003
	54486	-0.39833444
	57070	-0.3966
	58629	-0.39624
	54849	-0.39492
	57399	-0.39325786
	56034	-0.39254950000000005
	58369	-0.3924
	57198	-0.39143999999999995
	58565	-0.38915999999999995
	57086	-0.38868
	58135	-0.3884174
	54493	-0.38759098000000003
	57049	-0.38483999999999996
	57304	-0.38452142
	56164	-0.38381306000000004
	56247	-0.3831047
	57155	-0.38268
	54914	-0.3822
	59457	-0.38172
	57985	-0.38148
	58665	-0.38123999999999997
	53486	-0.381
	57658	-0.3804
	54072	-0.37909066
	58367	-0.3778
	57460	-0.37767394000000004
	54603	-0.37583999999999995
	53956	-0.37572
	52657	-0.3754308
	54921	-0.37464
	54623	-0.37283999999999995
	53987	-0.37032
	57881	-0.37032
	57063	-0.36876000000000003
	59425	-0.36863999999999997
	53959	-0.36564
	57065	-0.36432
	54506	-0.36347999999999997
	56357	-0.3614997200000001
	52446	-0.35796
	59493	-0.35291999999999996
	54195	-0.35252716
	54026	-0.35217298
	51826	-0.34898536
	53610	-0.3476867
	50755	-0.3470964
	54925	-0.34619999999999995
	52862	-0.34567968000000004
	54610	-0.34415999999999997
	58007	-0.34368
	58818	-0.34308
	52869	-0.34166564
	54861	-0.3414
	54093	-0.3406031
	54828	-0.33984
	53617	-0.33564458
	57096	-0.33408
	54777	-0.33324
	58238	-0.3323389
	50246	-0.3305680000000001
	54096	-0.33033188
	57035	-0.32867999999999997
	52797	-0.32832
	54844	-0.327
	50658	-0.32608172
	57090	-0.32604
	54349	-0.32572754
	52447	-0.3246
	58714	-0.32352
	57003	-0.32292
	59462	-0.32280000000000003
	58530	-0.32135932
	59449	-0.3168
	53875	-0.3162
	54622	-0.31548000000000004
	57027	-0.31548000000000004
	54842	-0.31355999999999995
	58731	-0.31151999999999996
	53924	-0.30912
	51352	-0.30577540000000003
	53864	-0.30456
	58520	-0.30424062
	54575	-0.30223360000000005
	54157	-0.29928210000000005
	57113	-0.29868
	57206	-0.2981015
	59227	-0.29675999999999997
	56095	-0.2964
	57458	-0.29349716000000003
	54525	-0.29232
	58301	-0.28596
	53498	-0.28476
	51431	-0.28417042000000003
	58464	-0.28152
	53986	-0.2808
	51482	-0.28062862
	50873	-0.27909384000000004
	57381	-0.27649652
	57720	-0.27637846000000005
	53704	-0.27578816
	57432	-0.27437144
	57129	-0.27348
	58432	-0.27271860000000003
	54205	-0.27165606000000003
	53974	-0.2712
	53611	-0.27059352000000003
	51467	-0.26964904
	57739	-0.26917680000000005
	52607	-0.26728784
	53593	-0.26711999999999997
	53874	-0.26639999999999997
	55773	-0.26528082000000003
	57126	-0.2646
	52101	-0.26445440000000003
	57233	-0.26328
	59448	-0.26268
	52868	-0.26232932000000003
	53484	-0.26232932000000003
	53967	-0.26123999999999997
	53740	-0.26088
	57217	-0.26079454
	51365	-0.25784304
	57345	-0.25548184
	58823	-0.255
	57031	-0.25439999999999996
	54611	-0.25404
	50940	-0.25194004000000003
	58049	-0.25123168
	53614	-0.25087750000000003
	53937	-0.24899999999999997
	58101	-0.24863999999999997
	51526	-0.24721764000000002
	57493	-0.24603704
	57173	-0.24431999999999998
	58337	-0.24237718000000003
	54351	-0.23871732
	59269	-0.23651999999999998
	58660	-0.23447999999999997
	53868	-0.23424
	54563	-0.23269626000000002
	51346	-0.23222402000000003
	57216	-0.23080730000000002
	54503	-0.2304
	53859	-0.23015999999999998
	59099	-0.22871999999999998
	54347	-0.22466818000000002
	52707	-0.22242504000000002
	54041	-0.21864712000000003
	54237	-0.21841100000000002
	53585	-0.21792
	51642	-0.21534144000000002
	54916	-0.21372
	57093	-0.21312
	58346	-0.21215382000000002
	56067	-0.21179964
	57180	-0.21144
	57026	-0.20856
	53806	-0.2083759
	54601	-0.20784
	51931	-0.20778560000000001
	58664	-0.20664
	57584	-0.20556
	57882	-0.20543999999999998
	52652	-0.20520000000000002
	51559	-0.20353544
	58542	-0.201
	57045	-0.20087999999999998
	57891	-0.19932
	57211	-0.198
	58748	-0.198
	57318	-0.19786856000000003
	53662	-0.19644
	53877	-0.1956
	50862	-0.19291004
	57189	-0.19187999999999997
	58510	-0.19068000000000002
	51353	-0.19054884
	52557	-0.19008
	58335	-0.18783346
	54778	-0.18696
	58605	-0.18552
	59640	-0.18312
	57194	-0.183
	53068	-0.18287494
	57425	-0.18157628
	58326	-0.17933314000000003
	53841	-0.17928
	57023	-0.17928
	58519	-0.17832
	56267	-0.17720806000000003
	57094	-0.17604
	54857	-0.17579999999999998
	56966	-0.17508298
	58140	-0.17366626000000002
	58534	-0.17272178000000002
	53512	-0.16906192
	51137	-0.16858968000000002
	51470	-0.16858968000000002
	58143	-0.16540206000000002
	53738	-0.16236
	54915	-0.16188
	53938	-0.16116
	54362	-0.16079772
	59059	-0.15996
	57988	-0.15875999999999998
	53083	-0.15820040000000002
	53681	-0.15768
	59093	-0.15672
	57767	-0.15504
	53953	-0.15456
	59290	-0.15407999999999997
	58111	-0.15264
	52681	-0.1518
	58323	-0.15099874000000002
	58736	-0.15095999999999998
	53469	-0.15064456
	57540	-0.14781112000000002
	56192	-0.14772
	58104	-0.14736
	54776	-0.14651999999999998
	58108	-0.14580410000000002
	57573	-0.14533186
	53821	-0.14484
	56029	-0.14379708000000002
	53872	-0.14292
	58003	-0.13908
	56033	-0.13907468
	57196	-0.13871999999999998
	57232	-0.13848
	54766	-0.13692
	53505	-0.13659542
	53615	-0.13659542
	54764	-0.13608
	53446	-0.13600512
	57426	-0.13458840000000002
	56116	-0.13435228000000002
	57846	-0.13416
	57437	-0.13317168000000001
	58749	-0.13235999999999998
	58635	-0.13164
	51573	-0.12998406
	57972	-0.12972
	58005	-0.12852
	54474	-0.12018508000000001
	58340	-0.11912254000000001
	54943	-0.11843999999999999
	57718	-0.11699746
	59421	-0.11543999999999999
	50756	-0.11475432
	57024	-0.11352
	58935	-0.11244
	55664	-0.11227506000000001
	52896	-0.11064
	56976	-0.10460116000000001
	59304	-0.10368000000000001
	56994	-0.10247608000000001
	57571	-0.10247608000000001
	57259	-0.10117742
	56331	-0.10105936
	59268	-0.1008
	58316	-0.10046906
	52818	-0.10011488
	57091	-0.09996
	57734	-0.09987876
	59419	-0.09948
	57996	-0.09935999999999999
	59431	-0.09876
	57047	-0.09792000000000001
	57466	-0.09539248
	58130	-0.09527442
	53455	-0.09515636000000001
	57324	-0.09515636000000001
	58341	-0.09397576
	53357	-0.09373964
	57541	-0.09314934000000001
	53923	-0.09264
	57030	-0.08927999999999998
	57754	-0.08904
	51463	-0.0867741
	58109	-0.0867741
	53857	-0.08628000000000001
	59081	-0.08556
	59940	-0.08519999999999998
	58001	-0.0798
	57184	-0.07944
	57162	-0.07872
	54909	-0.078
	58626	-0.07536
	53663	-0.07512
	58907	-0.075
	57562	-0.07356
	57242	-0.07224
	54607	-0.07079999999999999
	57247	-0.06948
	56180	-0.06871092000000001
	53968	-0.06804
	58559	-0.06756
	54520	-0.06624
	58467	-0.066
	53472	-0.06564136
	51087	-0.0637524
	54852	-0.06215999999999999
	58500	-0.06115508
	53567	-0.061079999999999995
	53788	-0.06084
	57744	-0.06011999999999999
	53852	-0.05567999999999999
	57197	-0.05088
	59293	-0.05064
	54499	-0.04992
	59429	-0.049679999999999995
	54612	-0.04944
	53565	-0.048479999999999995
	54187	-0.047814300000000004
	58035	-0.047578180000000005
	57477	-0.04686982
	53853	-0.04596
	53970	-0.045599999999999995
	57274	-0.04463999999999999
	57085	-0.04404
	58468	-0.04332
	57349	-0.0430919
	54292	-0.04273772000000001
	54517	-0.042359999999999995
	53856	-0.04104
	52633	-0.040848760000000005
	58408	-0.040848760000000005
	57028	-0.03972
	56342	-0.03943204
	54619	-0.039
	56106	-0.03872368
	53533	-0.03825144
	58114	-0.03825144
	53994	-0.03648
	56307	-0.03447352
	54613	-0.03396
	54935	-0.032639999999999995
	53850	-0.03204
	59289	-0.02916
	51430	-0.028216340000000003
	57438	-0.026799620000000003
	58547	-0.026279999999999998
	53466	-0.02526484
	52576	-0.024202300000000003
	58331	-0.020660500000000005
	54094	-0.020188260000000003
	58150	-0.01924378
	51572	-0.018889600000000003
	59297	-0.0174
	53272	-0.015229740000000002
	54755	-0.013199999999999998
	52995	-0.01272
	57395	-0.01263242
	53945	-0.00912
	59007	-0.00625718
	54851	-0.00588
	58146	0.00129866
	53854	0.0014399999999999999
	57723	0.0017709000000000002
	54853	0.0024
	58550	0.00312
	53619	0.00342374
	54521	0.0034799999999999996
	58543	0.00396
	52378	0.004722400000000001
	53564	0.0072
	54527	0.00852
	55589	0.012160180000000001
	58600	0.01332
	50655	0.014403320000000002
	59205	0.015465860000000001
	54765	0.01764
	59941	0.01908
	58563	0.02112
	57079	0.02148
	53682	0.022199999999999998
	51133	0.023021700000000003
	59001	0.02316
	54208	0.02349394
	56781	0.02349394
	57606	0.02373006
	58145	0.024320360000000003
	53578	0.024359999999999996
	54530	0.026399999999999996
	54936	0.02676
	58456	0.02724
	58633	0.0276
	54031	0.028334400000000003
	53519	0.02916082
	59488	0.03012
	58745	0.03216
	59213	0.03276
	51434	0.033056800000000004
	54863	0.03396
	50833	0.03411934
	50742	0.035418
	56792	0.042147420000000005
	59435	0.04272
	53929	0.043680000000000004
	53944	0.043680000000000004
	53464	0.04380026000000001
	50774	0.04391832
	56761	0.04403638
	56094	0.04536
	58336	0.047224
	57251	0.04970326
	51378	0.04982132
	50526	0.050411620000000004
	59951	0.05352
	57177	0.05412
	53612	0.054897900000000006
	52661	0.05652
	53972	0.05796
	53644	0.05832164
	57077	0.059879999999999996
	57294	0.06036
	57564	0.060719999999999996
	57608	0.06091896000000001
	54604	0.06215999999999999
	58735	0.06432
	57299	0.06816
	58615	0.0684
	58008	0.07416
	56251	0.07756542
	58339	0.07910020000000001
	57191	0.07932
	56889	0.08146140000000002
	56548	0.08157946
	56045	0.08193364000000002
	58344	0.08205170000000002
	50656	0.08240588
	53763	0.08388
	58414	0.08394066
	51829	0.08712828000000002
	58512	0.08868
	59102	0.08879999999999999
	59094	0.09108
	54871	0.09227999999999999
	57060	0.09324
	57413	0.09492024
	58269	0.09527442
	53690	0.096
	54259	0.09610084
	58705	0.09708
	57257	0.09858010000000002
	59500	0.09960000000000001
	58906	0.10008
	57745	0.10031999999999999
	57845	0.10031999999999999
	57496	0.10082324000000001
	53777	0.108
	59092	0.11027999999999999
	53599	0.11052
	53965	0.11064
	58828	0.11208
	53529	0.11392790000000001
	57605	0.11510850000000002
	53577	0.11699999999999999
	57256	0.11912254000000001
	58531	0.12006702000000001
	57208	0.12313658000000001
	52203	0.12349076
	56199	0.12419912000000001
	57396	0.129
	53934	0.13008
	57566	0.13319999999999999
	59469	0.13404
	54252	0.13541482000000002
	54751	0.13632
	54327	0.13742184000000002
	57574	0.138
	58517	0.13932
	53931	0.14316
	53596	0.14328
	58667	0.14664
	57370	0.14781112000000002
	53584	0.14844
	54244	0.14946396
	58754	0.15072
	53925	0.15288000000000002
	54940	0.15348
	53863	0.15407999999999997
	52112	0.1558392
	53478	0.15827999999999998
	59849	0.15936
	53879	0.1638
	57509	0.16469370000000003
	54855	0.16523999999999997
	51367	0.16670072
	55696	0.16776326000000003
	56793	0.17024252
	57072	0.17172
	51644	0.17343014
	55437	0.17685388
	54615	0.177
	53562	0.17709
	57417	0.17709
	59487	0.17832
	59211	0.18023999999999998
	57020	0.18155999999999997
	53866	0.18204
	54286	0.18488196
	54419	0.18708
	58627	0.189
	54918	0.1908
	58131	0.19125720000000002
	53732	0.19243780000000002
	56497	0.19243780000000002
	52884	0.19296
	59658	0.19427999999999998
	53774	0.19487999999999997
	57486	0.19491706
	51802	0.19928528
	53695	0.20016
	56992	0.20259096000000001
	50934	0.20400768000000002
	53730	0.20566052
	54164	0.20896620000000002
	51438	0.20943844000000003
	58141	0.2095565
	50673	0.21274412
	54260	0.21510532000000002
	52985	0.21588
	53873	0.21768
	56196	0.21852906
	57245	0.219
	57494	0.21935548000000002
	55680	0.22230698000000002
	53579	0.22235999999999997
	53492	0.22284
	54602	0.22319999999999998
	53735	0.22368000000000002
	54911	0.22368000000000002
	52982	0.22499999999999998
	53750	0.22512
	54825	0.2274
	53768	0.22824
	53475	0.2284461
	58601	0.22956
	53757	0.23027999999999998
	58352	0.23364074
	53618	0.23387686000000002
	58128	0.23541164
	53930	0.23867999999999998
	53676	0.2388
	57680	0.24
	53651	0.2406
	53576	0.24167999999999998
	54906	0.24251999999999999
	58449	0.24251999999999999
	58362	0.2447
	53988	0.24731999999999998
	57022	0.24828
	57363	0.24863436000000003
	53778	0.24983999999999998
	53848	0.25079999999999997
	56046	0.25111362000000004
	58548	0.25164
	53368	0.25276646
	58415	0.25312064
	56946	0.25571796
	53487	0.25644
	54620	0.25812
	51711	0.26185708
	59209	0.26316
	57238	0.2652
	56478	0.26539888
	57981	0.26676
	54922	0.26687999999999995
	56756	0.26870456000000004
	50659	0.26894068000000004
	54749	0.2706
	56091	0.27108
	57185	0.2712
	59091	0.27204
	58320	0.27425338000000005
	53594	0.2772
	54752	0.2772
	58453	0.27792
	54837	0.27803999999999995
	53984	0.27912
	58455	0.27936
	57087	0.27971999999999997
	50937	0.2798022
	57489	0.28062862
	58634	0.28368
	57543	0.28535102
	57544	0.28656
	58435	0.28783028
	50939	0.28889282000000005
	57111	0.29196
	53522	0.29314298
	58747	0.29316
	54832	0.29352
	56684	0.29373328000000004
	57358	0.29396940000000005
	58454	0.29472
	52988	0.29868
	56197	0.29963628000000003
	58744	0.30119999999999997
	57887	0.30132
	52833	0.30199748000000004
	54305	0.30235166
	58557	0.30288
	57292	0.30348
	54913	0.306
	54910	0.3066
	52889	0.31032
	53898	0.3126
	54912	0.31272
	56198	0.31297706000000003
	58423	0.31663692000000004
	53751	0.31715999999999994
	58321	0.31805363999999997
	53488	0.32208000000000003
	58407	0.3252553
	57253	0.32572754
	50548	0.32797068
	53553	0.3282068000000001
	50750	0.32903322
	51730	0.32950546000000003
	53942	0.3312
	56991	0.33139442
	56152	0.3323389
	54513	0.33396
	53935	0.33684
	52984	0.33732
	58421	0.3376516
	52974	0.33788772000000006
	58251	0.33895026000000006
	53862	0.33936
	57907	0.33989474000000003
	53666	0.34164
	50936	0.34414490000000003
	56790	0.34721446
	56879	0.34745058
	58446	0.34884
	54169	0.3518188
	58426	0.3529994
	57102	0.35388
	57439	0.35406194
	53754	0.35651999999999995
	58814	0.35688
	56263	0.35760374000000006
	59848	0.35808
	54727	0.35819999999999996
	58737	0.35844000000000004
	51356	0.3589024
	58824	0.35916
	54377	0.35961076000000003
	53574	0.36011999999999994
	53692	0.36036
	58452	0.36168
	56973	0.36645824000000005
	59237	0.36719999999999997
	51477	0.36740272
	57841	0.36791999999999997
	56752	0.36917362
	57595	0.37318766000000003
	57273	0.37379999999999997
	56671	0.37389602
	53985	0.37416
	59096	0.37416
	57317	0.37425020000000003
	57835	0.37460438000000007
	53580	0.37523999999999996
	53926	0.37572
	56691	0.37578498000000005
	57840	0.37956290000000004
	57110	0.37992
	57465	0.38156992
	53770	0.38208000000000003
	51468	0.38263246
	58428	0.38428530000000005
	53759	0.38664
	51567	0.38806322000000004
	57281	0.38868
	58546	0.38904
	52267	0.38959800000000006
	57717	0.39042442000000005
	53463	0.39290368000000003
	53658	0.39324
	53673	0.39408000000000004
	53723	0.39408428
	58558	0.39683999999999997
	58117	0.39880668
	54614	0.39887999999999996
	56183	0.40352908000000004
	58837	0.40524
	58707	0.40547999999999995
	53787	0.40596
	57932	0.40860566000000004
	54273	0.4090779
	53725	0.41244
	57105	0.41339999999999993
	56788	0.41415448000000005
	54827	0.41424
	53457	0.41474478000000004
	54645	0.41928
	53664	0.42024
	51765	0.4214742
	53490	0.42432000000000003
	53545	0.425016
	52983	0.42564
	57078	0.42564
	53646	0.42732000000000003
	50861	0.42867586
	56984	0.42938422000000004
	56586	0.4299745200000001
	53914	0.43021064000000003
	56257	0.4332802
	58154	0.43339826000000004
	59012	0.43884
	53865	0.43907999999999997
	53880	0.4392
	51359	0.44059992000000003
	53983	0.44196
	56146	0.44437784
	52993	0.4446
	51720	0.44791964000000006
	58537	0.45011999999999996
	58230	0.45240592
	53869	0.45324
	56878	0.45547548
	58912	0.45576
	51232	0.45630190000000004
	55572	0.4568922
	58424	0.45712832000000003
	59492	0.45852
	57936	0.45996176000000005
	57414	0.46137848000000004
	57279	0.46208684000000005
	54267	0.4627952000000001
	57361	0.46314938
	53871	0.46368
	54728	0.46403999999999995
	57994	0.4662
	52745	0.46680924
	51828	0.46739954
	57737	0.4681079000000001
	54824	0.46848
	58437	0.46869820000000006
	55279	0.46964268000000003
	59758	0.46992
	57708	0.47082328
	50646	0.47224000000000005
	57290	0.47484
	57362	0.47495538000000004
	57106	0.4758
	58544	0.4788
	53906	0.47988
	53582	0.48275999999999997
	53771	0.4842
	53845	0.48503999999999997
	53928	0.48660000000000003
	54826	0.48695999999999995
	56673	0.4869975
	57401	0.4878239200000001
	52998	0.48827999999999994
	54621	0.48888
	53817	0.49219214000000006
	53782	0.49392
	57635	0.49549782000000003
	54908	0.49679999999999996
	56273	0.49833126
	53991	0.49907999999999997
	57646	0.5001599999999999
	51379	0.50328978
	57261	0.50796
	54626	0.51252
	56881	0.5128526400000001
	57271	0.51384
	57333	0.51391518
	57462	0.5141513000000001
	50928	0.51438742
	51627	0.51438742
	56171	0.5171028000000001
	58602	0.51768
	53910	0.51863758
	53769	0.52128
	59501	0.52236
	57082	0.5232
	53674	0.52488
	56496	0.5271379
	52842	0.52879074
	55493	0.52997134
	56172	0.53256866
	58659	0.53292
	51076	0.53374926
	59004	0.5346
	57411	0.537173
	57308	0.5374091200000001
	55598	0.53929808
	59502	0.5431199999999999
	51436	0.54319406
	54732	0.54852
	56949	0.54945124
	53688	0.55152
	57575	0.5532
	54290	0.554882
	54099	0.55511812
	56876	0.5566529
	59230	0.5568
	56498	0.5590141000000001
	51358	0.5596044
	53678	0.5604
	52754	0.56125724
	57647	0.56125724
	57633	0.5613753
	56664	0.56184754
	56594	0.56231978
	53791	0.56424
	59021	0.56712
	56286	0.5692853200000001
	52645	0.56987562
	56395	0.56987562
	54624	0.57036
	54848	0.5706
	53760	0.57156
	56985	0.5755425000000001
	57839	0.5761328
	53979	0.57636
	53776	0.5770799999999999
	55681	0.5771953400000001
	58658	0.5787599999999999
	57707	0.5807371400000001
	53693	0.58284
	56951	0.58475118
	56962	0.58687626
	54616	0.588
	58264	0.5884110400000001
	54617	0.5903999999999999
	54156	0.59195284
	53998	0.59196
	58139	0.59301538
	57927	0.59448
	56666	0.5963210600000001
	57083	0.59712
	59088	0.59736
	57268	0.60234212
	53547	0.6052936200000001
	51568	0.6074187
	59663	0.60744
	54904	0.60828
	56665	0.61060632
	51357	0.6115508000000001
	51716	0.61202304
	58826	0.6149999999999999
	53698	0.61596
	53878	0.61596
	58257	0.6160370800000001
	57581	0.6183982800000001
	54285	0.6200511200000001
	51633	0.6208775400000001
	53978	0.62268
	51053	0.6233568
	57714	0.62371098
	56772	0.6286695
	56393	0.63114876
	57738	0.6328016000000001
	54923	0.63552
	56441	0.6363434000000001
	57728	0.63799624
	57590	0.6388226600000001
	58107	0.6438992400000001
	57154	0.6444
	57922	0.6447256600000001
	58330	0.6456701400000001
	56785	0.6469688000000001
	54753	0.6474
	57886	0.64752
	56038	0.65133702
	52986	0.65184
	57343	0.6525599999999999
	51060	0.65263568
	56582	0.66149018
	58657	0.66336
	53680	0.66396
	57295	0.6643199999999999
	58118	0.66444168
	53699	0.6676799999999999
	57080	0.67008
	56842	0.6742406600000002
	57303	0.6747129000000001
	50945	0.67624768
	53885	0.67704
	57084	0.67728
	53888	0.68052
	56109	0.6806159
	54919	0.68196
	57402	0.6823868
	59271	0.6883199999999999
	53884	0.68916
	56543	0.6894704
	57320	0.6926580200000001
	54846	0.6958799999999999
	54606	0.69672
	57445	0.6971443
	56585	0.69749848
	58327	0.69797072
	57729	0.6985610200000001
	53590	0.70284
	58926	0.70404
	53917	0.70848
	57001	0.711
	57025	0.71148
	57004	0.7130399999999999
	54920	0.71376
	57169	0.7142399999999999
	56783	0.714263
	55248	0.7152074800000001
	57822	0.7160339000000001
	57842	0.7166399999999999
	54700	0.71844
	54823	0.71844
	56975	0.7192215200000001
	57176	0.7212
	50647	0.72595094
	56886	0.72630512
	56092	0.7283999999999999
	59294	0.7283999999999999
	57604	0.73114558
	56487	0.7336248400000001
	59754	0.74052
	53467	0.7410626200000001
	50639	0.7421251600000001
	58427	0.7425974000000001
	54609	0.7434000000000001
	56565	0.7438960600000001
	57586	0.7460211400000001
	53903	0.7469656200000001
	58418	0.74755592
	57306	0.7485004000000001
	57895	0.7529999999999999
	53659	0.75396
	57498	0.7554659400000001
	50772	0.75947998
	56598	0.7607786400000001
	54836	0.76128
	53773	0.76176
	54905	0.76548
	53543	0.76573716
	59838	0.76872
	58404	0.7709318000000001
	57175	0.7729199999999999
	58351	0.7730568800000002
	53980	0.77508
	51629	0.77600838
	56290	0.7777792800000001
	57719	0.77931406
	50739	0.7809669
	58247	0.7823836200000001
	57523	0.78321004
	53689	0.7836
	57416	0.7873421400000001
	58268	0.7920645400000002
	52978	0.7954800000000001
	58246	0.79784948
	56396	0.7985578400000001
	59090	0.80172
	54702	0.80328
	54722	0.80388
	53694	0.80508
	53796	0.80916
	53780	0.8094
	56757	0.8102457800000001
	51707	0.81414176
	57992	0.81456
	53989	0.81468
	50741	0.81544042
	58366	0.8216
	53897	0.8226
	57265	0.8273644800000001
	53783	0.82824
	56652	0.8291353800000001
	56278	0.8307882200000001
	59280	0.831
	57506	0.83480226
	57640	0.84
	56688	0.8410594400000001
	54831	0.84384
	58353	0.8453096
	53756	0.8470799999999999
	59845	0.84936
	54618	0.84984
	52980	0.85032
	57309	0.8503861800000001
	59298	0.85056
	56195	0.8508584200000001
	53691	0.85116
	56185	0.85345574
	56291	0.8535738
	51827	0.8594768
	57156	0.86124
	54835	0.86232
	57074	0.86376
	54703	0.8641199999999999
	56891	0.8663242800000001
	52737	0.8672687600000001
	56178	0.8673868200000001
	58147	0.86809518
	57525	0.87045638
	57179	0.87108
	57926	0.87140086
	54716	0.87396
	58148	0.87647744
	53679	0.87888
	54723	0.87984
	58202	0.8815540200000002
	59224	0.88248
	59023	0.8827200000000001
	59082	0.88308
	53748	0.88392
	53889	0.88572
	56584	0.88580418
	51810	0.8862764200000001
	58643	0.88644
	58934	0.89028
	57507	0.8913530000000001
	56844	0.8924155400000001
	56578	0.89879078
	58377	0.8999713800000001
	57076	0.90072
	57315	0.903159
	57248	0.9040799999999999
	53996	0.9046799999999999
	57520	0.90599244
	57900	0.90622856
	56742	0.91283992
	58241	0.9135482800000001
	53795	0.9148799999999999
	58632	0.91656
	54834	0.91836
	54719	0.91908
	53784	0.9228
	58249	0.9244098000000001
	51068	0.9253542800000001
	53687	0.9259199999999999
	57464	0.9291322000000001
	56982	0.9301947400000001
	59022	0.9332399999999998
	58245	0.9339726600000001
	57081	0.9373199999999999
	56854	0.9375144600000002
	53916	0.9384589400000002
	58243	0.9391673
	54701	0.93936
	53992	0.94416
	54805	0.94572
	56869	0.9499107600000001
	56745	0.9516816600000001
	56954	0.95604988
	54803	0.96144
	52836	0.9638418400000001
	56567	0.9658488600000001
	57260	0.96785588
	56851	0.9689184200000001
	58127	0.97269634
	58203	0.9743491800000001
	57902	0.9754117200000001
	57809	0.9846204000000001
	53775	0.9847199999999999
	57447	0.9873357800000001
	59470	0.9885599999999999
	58622	0.98964
	50892	0.9901692200000001
	53786	0.99036
	58905	0.99516
	53669	0.9958799999999999
	54266	0.9991417800000001
	57991	1.0016399999999999
	56674	1.0028016400000002
	58819	1.00728
	57071	1.0082399999999998
	53764	1.00944
	53665	1.0129199999999998
	58129	1.01803138
	57623	1.01838556
	51571	1.01956616
	53886	1.02336
	54644	1.02864
	56961	1.0316082800000002
	56173	1.0323166400000001
	59097	1.03272
	57625	1.03349724
	57909	1.0349139600000001
	56995	1.03703904
	53892	1.0408799999999998
	52943	1.04624772
	54713	1.04664
	56297	1.0530952
	56669	1.0572273
	54759	1.05744
	52825	1.0637206000000001
	58933	1.06608
	53895	1.0669199999999999
	57204	1.0676165800000001
	54386	1.0689152400000002
	54725	1.07196
	54363	1.0725751000000001
	58207	1.074
	54633	1.07604
	53677	1.07832
	57006	1.07988
	57899	1.0848
	57634	1.08508946
	58501	1.0879229000000001
	57636	1.0895757400000001
	51814	1.09004798
	56374	1.09004798
	50674	1.0911105200000002
	59025	1.09416
	54631	1.09668
	57002	1.1081999999999999
	53993	1.1148
	58158	1.1186185000000002
	54843	1.1264399999999999
	56194	1.1278271800000002
	54710	1.12896
	58416	1.1316051
	56786	1.13349406
	58654	1.14408
	56746	1.1455361800000001
	51704	1.14600842
	53860	1.14624
	58317	1.14624454
	58244	1.1467167800000002
	56381	1.1481335000000001
	54932	1.14852
	56276	1.1510850000000001
	57609	1.1546268000000002
	56281	1.15592546
	56755	1.15675188
	56952	1.15675188
	54608	1.15692
	54584	1.1569880000000001
	57545	1.1605298000000002
	53915	1.16292
	53685	1.1641199999999998
	57512	1.16454384
	57825	1.16914818
	58240	1.16985654
	56168	1.1706829600000002
	58503	1.17288
	56043	1.1752873000000001
	57906	1.17812074
	58210	1.18071806
	54711	1.18224
	57519	1.18378762
	56649	1.18390568
	53790	1.18788
	57834	1.18874614
	58319	1.1893364400000002
	56643	1.1919337600000002
	56475	1.1942949600000001
	57908	1.19748258
	54632	1.2001199999999999
	53981	1.20216
	57821	1.20220498
	56841	1.21235814
	53982	1.21644
	57502	1.2175527800000001
	56483	1.2181430800000002
	56296	1.22593504
	53927	1.23756
	57505	1.23868552
	58259	1.2418731400000003
	53697	1.24416
	51717	1.2468316600000002
	56675	1.25049152
	57583	1.2519082400000001
	54816	1.2528
	57642	1.25556
	53794	1.25736
	56777	1.25769318
	55591	1.2586376600000002
	56378	1.2602905
	56474	1.2639503600000002
	54714	1.2682799999999999
	50838	1.2685547000000001
	51628	1.2685547000000001
	57910	1.2707978400000002
	56202	1.2731590400000001
	58409	1.27363128
	53797	1.2805199999999999
	56065	1.28378444
	56867	1.28649982
	57510	1.28768042
	58923	1.28808
	56399	1.2893332600000003
	53882	1.2905999999999997
	53798	1.2907199999999999
	54829	1.29156
	56839	1.2918125200000001
	53896	1.2926399999999998
	58644	1.2952799999999998
	56489	1.2999586600000002
	53890	1.3005600000000002
	53753	1.30068
	56871	1.3009031400000002
	54192	1.30432688
	56751	1.3145981
	56873	1.3163690000000001
	58360	1.3169593
	57408	1.3187302
	54627	1.32636
	53973	1.32708
	53789	1.32852
	58911	1.32852
	56838	1.3294736600000003
	56863	1.33159874
	57905	1.33313352
	54802	1.3342800000000001
	53975	1.33548
	53799	1.33584
	58250	1.3358489
	56188	1.3412796600000003
	51709	1.3444672800000002
	58903	1.34508
	56646	1.35013416
	59757	1.35048
	59673	1.35156
	57307	1.35674552
	54276	1.3585164200000002
	59285	1.35924
	56071	1.36212
	58401	1.3621762800000001
	51815	1.3641833
	59650	1.3686
	56764	1.3689057
	57612	1.37386422
	51705	1.3777602000000002
	54263	1.38626052
	57314	1.38744112
	59481	1.38888
	52968	1.3915732200000002
	54706	1.3951200000000001
	57368	1.39535114
	58502	1.3974
	54704	1.3994399999999998
	56970	1.4012541400000003
	59228	1.4022000000000001
	56491	1.4102267
	56081	1.41024
	56768	1.41589358
	54261	1.4176644800000002
	56371	1.42120628
	57508	1.42179658
	57600	1.4247480800000003
	56592	1.42640092
	54724	1.42956
	57536	1.4318316800000002
	58921	1.4330399999999999
	59276	1.4330399999999999
	57876	1.43688
	54374	1.43879722
	56394	1.4389152800000002
	56849	1.4465891800000001
	56944	1.4509574000000003
	57710	1.4562701000000002
	53792	1.45896
	54819	1.46292
	54718	1.46376
	57990	1.4685599999999999
	53899	1.4697600000000002
	53785	1.47072
	54708	1.473
	56870	1.4744513399999999
	58417	1.4794098600000003
	58642	1.4808
	54181	1.48082658
	57405	1.4812988200000001
	56298	1.4842503200000001
	57829	1.48791018
	54820	1.4917200000000002
	57008	1.49796
	57012	1.50012
	57522	1.5012509600000001
	57799	1.503
	54902	1.50396
	57921	1.50739008
	58311	1.5129389000000002
	53995	1.5130799999999998
	59842	1.51896
	58931	1.51932
	56279	1.5199044400000001
	58208	1.52088
	54738	1.52388
	56485	1.52616162
	58242	1.52663386
	54736	1.53048
	57603	1.53112014
	59015	1.53312
	56193	1.53371746
	56080	1.53684
	56782	1.5400927000000002
	53883	1.5419999999999998
	55593	1.54339838
	58646	1.54608
	54901	1.5590399999999998
	53781	1.5618
	53976	1.5624
	54715	1.56768
	57803	1.5724411400000002
	57514	1.57303144
	53894	1.5853199999999998
	54371	1.5890876000000003
	56645	1.59227522
	54818	1.5926399999999998
	57511	1.59817822
	56074	1.6008
	54821	1.60152
	54810	1.60356
	57903	1.60537988
	51811	1.60715078
	58254	1.6078591400000002
	54800	1.608
	57516	1.6110467600000002
	54804	1.61136
	57844	1.6154149800000002
	58750	1.6196399999999997
	59287	1.6202400000000001
	56670	1.6249778400000001
	59478	1.62672
	54709	1.6283999999999998
	54900	1.6422
	58652	1.64556
	57517	1.64729118
	56187	1.6501246200000002
	59215	1.6583999999999999
	57011	1.6588800000000001
	57807	1.66429182
	56499	1.66629884
	56775	1.67161154
	56288	1.6740908
	56373	1.67432692
	59847	1.6751999999999998
	57811	1.6788132
	53997	1.6822799999999998
	58138	1.68849412
	54284	1.68979278
	56836	1.6922720400000002
	56186	1.6966402600000001
	56840	1.69994594
	54812	1.7004
	56774	1.7010084800000003
	59475	1.70196
	56964	1.70844626
	54707	1.71816
	53891	1.71996
	58549	1.72716
	54705	1.7288400000000002
	56880	1.73158602
	52996	1.73748
	59279	1.7451599999999998
	54712	1.75128
	54726	1.7514
	56479	1.7583856400000002
	56885	1.7616913200000002
	54841	1.764
	59288	1.7665199999999999
	59477	1.7665199999999999
	57993	1.76724
	56473	1.7704277600000002
	59750	1.77492
	57577	1.77636
	57513	1.77786554
	57409	1.77821972
	58506	1.77924
	54801	1.7829599999999999
	56079	1.7845949600000002
	57585	1.79076
	56872	1.794512
	57007	1.81452
	58314	1.81847818
	57911	1.8197768400000003
	57828	1.82178386
	58225	1.8246173000000003
	56766	1.82863134
	57187	1.833
	52955	1.8333537400000002
	57883	1.8347999999999998
	54830	1.83588
	58205	1.8465599999999998
	59476	1.84692
	59087	1.85076
	56739	1.85283364
	59480	1.8611999999999997
	54822	1.86564
	56389	1.86936204
	59284	1.8850799999999999
	54640	1.88604
	54731	1.89084
	59278	1.89324
	58255	1.8978145
	57178	1.8979199999999998
	54806	1.90092
	54815	1.90812
	58235	1.91823888
	56571	1.9198917200000003
	59843	1.9243199999999998
	56883	1.9259127800000002
	59654	1.93032
	58236	1.9385452
	54729	1.9385999999999999
	56284	1.94019804
	54628	1.94088
	57614	1.9438579000000002
	53893	1.9529999999999998
	51818	1.9586154000000002
	56862	1.9697130400000002
	58306	1.97136588
	54817	1.9729199999999998
	56835	1.9752618600000003
	58212	1.98081068
	54809	1.98348
	56295	1.995214
	54808	2.0105999999999997
	54811	2.01624
	58234	2.01988854
	58224	2.0205969
	56778	2.0217775000000002
	56958	2.02720826
	58402	2.0362988800000004
	56480	2.0462159200000003
	57827	2.0472784600000002
	54737	2.049
	52957	2.0507022000000004
	53767	2.0518799999999997
	56763	2.05743162
	56748	2.0609734200000003
	57923	2.06970986
	56595	2.0779740600000003
	56189	2.0868285600000003
	56390	2.09155096
	56380	2.10996832
	59485	2.1108
	57518	2.12992046
	58420	2.1357054
	56493	2.1381846600000003
	56287	2.1496364800000003
	57278	2.1506990200000002
	56767	2.1569562
	56654	2.16002576
	54717	2.1663599999999996
	58222	2.1674635400000004
	59473	2.17584
	54814	2.1768
	57896	2.1774
	58221	2.1799779000000004
	57837	2.201819
	54833	2.20416
	56492	2.2059511
	56391	2.2136250000000004
	58214	2.21409724
	56376	2.21917382
	56462	2.2460915000000004
	57537	2.2519945000000003
	51708	2.2632102
	59471	2.27184
	54734	2.27412
	57913	2.2893014600000003
	56289	2.29237102
	56280	2.29496834
	54807	2.29764
	56987	2.3027603
	57808	2.32188602
	57894	2.34108
	57800	2.3491578800000004
	59218	2.35596
	56181	2.35895686
	56093	2.3756399999999998
	57824	2.3818605
	57912	2.39437486
	58742	2.4006000000000003
	57293	2.41452
	57818	2.4163340200000003
	56651	2.4315637600000004
	57014	2.4347999999999996
	56846	2.4427794600000006
	56272	2.49177436
	56285	2.4987399
	57582	2.4990940800000003
	56843	2.5034623
	58223	2.50393454
	56082	2.5494
	58215	2.56142976
	54903	2.5772399999999998
	54730	2.6296799999999996
	56184	2.63002262
	56387	2.6320296400000003
	56382	2.6378145800000006
	58220	2.6610724
	56978	2.6634336
	57806	2.7113659600000006
	56593	2.7160883600000005
	57805	2.7189218
	57407	2.72388032
	56383	2.7291930200000003
	56575	2.7616595200000003
	56882	2.7804310600000006
	56856	2.8457182400000005
	57816	2.8676774
	54274	2.8927061200000006
	56490	2.9150194600000003
	57813	2.98644576
	56494	3.0648376
	59017	3.07932
	56569	3.08455362
	57914	3.1115893600000004
	57915	3.2660118400000004
	58746	3.2784
	56386	3.35018862
	56384	3.3593973000000004
	57814	3.4101631000000006
	56580	3.53920268
	54744	3.56448
	56697	4.13941972
	56385	4.40163098
	56182	4.691586340000001
