	56745	-2.1413
	58918	-2.0945
	59102	-1.9465
	59131	-1.9076
	57993	-1.8597
	59092	-1.8419
	59106	-1.8305
	54342	-1.772
	56838	-1.7227
	53083	-1.7031
	57972	-1.6923
	54347	-1.6775
	58917	-1.6774
	56543	-1.6747
	59312	-1.6678
	54249	-1.6551
	54386	-1.6148
	54751	-1.5856
	58618	-1.5827
	56654	-1.5735
	57682	-1.5703
	56752	-1.5581
	54729	-1.549
	59099	-1.5473
	56742	-1.5431
	59453	-1.5336
	59094	-1.5207
	56854	-1.5174
	54608	-1.5146
	59117	-1.497
	58714	-1.4854
	57304	-1.4803
	58911	-1.473
	56190	-1.4663
	58942	-1.46
	57846	-1.4523
	59107	-1.4517
	59134	-1.4505
	57887	-1.4404
	59096	-1.4292
	54712	-1.4279
	57991	-1.4161
	59093	-1.4125
	54700	-1.3999
	57111	-1.3992
	54165	-1.392
	54064	-1.385
	54621	-1.3842
	59297	-1.3774
	59116	-1.373
	53689	-1.372
	57544	-1.3685
	54605	-1.3652
	57536	-1.3615
	54829	-1.3557
	54821	-1.3556
	58615	-1.3528
	54049	-1.3524
	59255	-1.3498
	59320	-1.348
	57981	-1.3433
	54065	-1.331
	57941	-1.3297
	54234	-1.328
	57876	-1.3272
	54609	-1.3267
	54613	-1.3216
	56851	-1.3186
	59452	-1.3183
	58934	-1.3157
	57696	-1.3137
	59137	-1.3135
	59451	-1.311
	54337	-1.306
	54614	-1.2977
	58932	-1.2966
	58507	-1.2919
	56645	-1.2901
	54471	-1.2886
	56646	-1.2865
	58701	-1.2855
	54575	-1.2846
	54714	-1.2822
	54486	-1.2814
	54833	-1.2745
	59321	-1.2696
	57859	-1.268
	53691	-1.2661
	57377	-1.2603
	57545	-1.2576
	57992	-1.2539
	56842	-1.2529
	58907	-1.2512
	54339	-1.2504
	54332	-1.2466
	57964	-1.2428
	57694	-1.2398
	54231	-1.2373
	57966	-1.237
	56746	-1.2366
	53699	-1.2349
	57851	-1.2332
	58502	-1.2332
	58506	-1.2322
	54727	-1.2302
	54617	-1.2154
	56199	-1.2119
	54618	-1.2115
	57857	-1.2102
	57698	-1.21
	54766	-1.2044
	54834	-1.2043
	57860	-1.1962
	54505	-1.1933
	54346	-1.1881
	59241	-1.1863
	59475	-1.1848
	54483	-1.1836
	54493	-1.1792
	57699	-1.179
	59485	-1.1754
	58710	-1.173
	54494	-1.1696
	57973	-1.1656
	57960	-1.1567
	54596	-1.1558
	54470	-1.1548
	57867	-1.1531
	54703	-1.1514
	59294	-1.1479
	57974	-1.1479
	56195	-1.1477
	56835	-1.1456
	58429	-1.1455
	54620	-1.1448
	54708	-1.1434
	57633	-1.1416
	54606	-1.1408
	54824	-1.1403
	59133	-1.1394
	56194	-1.1385
	54513	-1.1303
	58906	-1.1254
	57110	-1.1233
	59113	-1.1199
	59254	-1.1192
	56748	-1.1188
	57976	-1.1183
	54069	-1.1133
	58938	-1.1127
	54377	-1.1108
	59091	-1.1106
	58705	-1.1068
	58707	-1.1047
	57663	-1.0981
	57866	-1.0941
	54363	-1.0934
	59127	-1.0921
	54328	-1.0911
	56946	-1.0906
	59303	-1.0905
	57995	-1.0886
	59075	-1.0876
	57994	-1.0841
	58806	-1.0826
	57889	-1.0826
	59130	-1.0798
	57962	-1.0758
	54374	-1.0752
	59256	-1.0751
	59306	-1.0744
	56959	-1.0726
	54248	-1.0701
	56567	-1.0668
	58616	-1.065
	54932	-1.0634
	54701	-1.063
	57102	-1.0627
	58946	-1.0602
	56193	-1.0592
	54476	-1.0588
	57990	-1.0565
	56652	-1.0549
	57671	-1.0546
	57799	-1.0537
	54063	-1.0526
	54765	-1.0519
	54590	-1.0492
	59304	-1.0482
	57540	-1.048
	57208	-1.0437
	57978	-1.0411
	54711	-1.041
	54831	-1.0391
	54284	-1.0253
	56843	-1.0183
	58941	-1.0158
	58804	-1.0151
	54616	-1.0141
	57777	-1.0121
	58814	-1.0092
	58704	-1.0083
	54338	-1.0083
	56192	-1.0056
	58329	-1.0055
	59109	-1.0037
	57955	-1.0011
	54737	-1.001
	54734	-0.996
	54161	-0.9953
	54713	-0.9947
	58612	-0.9945
	58512	-0.994
	58706	-0.9938
	54351	-0.9924
	54707	-0.991
	59082	-0.9892
	57113	-0.9878
	58519	-0.9878
	57583	-0.9854
	54825	-0.9845
	56444	-0.9844
	54454	-0.9834
	54236	-0.9803
	54535	-0.9803
	54830	-0.9775
	57773	-0.9738
	50954	-0.9733
	58619	-0.9728
	54822	-0.9675
	54528	-0.9647
	59090	-0.9624
	57662	-0.9623
	54776	-0.9615
	54579	-0.9605
	54072	-0.9599
	57853	-0.9593
	58715	-0.9592
	54365	-0.9589
	57868	-0.9486
	56950	-0.9477
	54539	-0.946
	59053	-0.9435
	57680	-0.9418
	54334	-0.9415
	54336	-0.9414
	59114	-0.941
	54286	-0.9402
	54254	-0.9401
	56641	-0.9396
	54259	-0.9387
	56297	-0.9367
	57581	-0.9352
	56286	-0.9308
	58510	-0.9303
	54349	-0.9293
	58503	-0.9283
	54710	-0.9257
	57368	-0.9254
	56739	-0.9234
	58839	-0.9216
	54604	-0.9209
	57674	-0.9176
	58517	-0.9151
	54331	-0.9149
	59081	-0.9142
	58936	-0.9118
	54568	-0.91
	54594	-0.9092
	59293	-0.9068
	56251	-0.9065
	59318	-0.9039
	54333	-0.9033
	57661	-0.9031
	56665	-0.8967
	58625	-0.8946
	56844	-0.8935
	57766	-0.89
	56391	-0.8896
	54452	-0.8878
	50965	-0.8853
	58514	-0.8843
	56158	-0.8837
	57673	-0.8824
	53698	-0.8772
	56196	-0.8765
	58421	-0.8761
	59088	-0.8759
	54832	-0.8724
	59122	-0.8708
	50953	-0.8694
	58821	-0.8683
	57948	-0.8683
	54718	-0.8673
	54719	-0.8671
	58813	-0.8656
	57793	-0.8622
	51477	-0.861
	59045	-0.8605
	57865	-0.8601
	54861	-0.86
	56178	-0.859
	57688	-0.858
	54353	-0.8578
	54835	-0.8546
	59454	-0.854
	54181	-0.8515
	59269	-0.8512
	54626	-0.8485
	59059	-0.8473
	57781	-0.8469
	58929	-0.8461
	52784	-0.8396
	57493	-0.8387
	54715	-0.8376
	52267	-0.8355
	56172	-0.8319
	57687	-0.8281
	57989	-0.8276
	59055	-0.8267
	54636	-0.8266
	57564	-0.8254
	54704	-0.8253
	54430	-0.8252
	56763	-0.8235
	56839	-0.8234
	59313	-0.8231
	57458	-0.8218
	54774	-0.8213
	59290	-0.8206
	54730	-0.8187
	58712	-0.8161
	53068	-0.8147
	56846	-0.8147
	56944	-0.8131
	57466	-0.8123
	57874	-0.8119
	54425	-0.811
	54778	-0.81
	56867	-0.8093
	59284	-0.8089
	56764	-0.8077
	54523	-0.8074
	54455	-0.807
	54325	-0.8069
	54142	-0.8055
	58334	-0.8047
	58626	-0.804
	50934	-0.8026
	59324	-0.8011
	57598	-0.8007
	52875	-0.8005
	54135	-0.8
	56761	-0.7996
	57574	-0.7993
	58558	-0.7986
	58341	-0.7984
	56289	-0.7978
	54837	-0.7965
	53784	-0.7937
	54437	-0.7933
	59074	-0.7917
	57586	-0.7916
	53680	-0.7902
	57971	-0.7883
	58431	-0.7883
	57640	-0.7873
	59319	-0.7852
	54261	-0.7849
	56180	-0.7848
	58614	-0.782
	58818	-0.7807
	57985	-0.7752
	55696	-0.7735
	58509	-0.773
	54871	-0.7723
	58940	-0.7706
	54732	-0.7704
	57634	-0.7689
	51542	-0.7673
	59125	-0.7672
	53391	-0.7647
	55228	-0.7616
	58693	-0.7602
	54371	-0.7559
	54514	-0.7554
	55655	-0.7516
	57378	-0.7482
	59493	-0.7476
	54475	-0.7465
	57891	-0.7463
	53694	-0.7443
	54244	-0.7436
	53695	-0.7432
	53796	-0.7425
	58330	-0.7419
	59314	-0.7418
	50778	-0.7408
	56649	-0.7407
	57475	-0.7376
	54225	-0.7374
	57307	-0.734
	54266	-0.7313
	53272	-0.7303
	59477	-0.7295
	50928	-0.7289
	58338	-0.7283
	56389	-0.7271
	59280	-0.7269
	57554	-0.7269
	56840	-0.7258
	56836	-0.7257
	56856	-0.7253
	54855	-0.7251
	58443	-0.7245
	53693	-0.7244
	54362	-0.7241
	57988	-0.7238
	53692	-0.7208
	57767	-0.7203
	57758	-0.7195
	56751	-0.7189
	59279	-0.7161
	58436	-0.7156
	54520	-0.7149
	56434	-0.7142
	59268	-0.7135
	54285	-0.7128
	59285	-0.7119
	55472	-0.7119
	58427	-0.7117
	51435	-0.7114
	59052	-0.711
	56441	-0.7088
	54080	-0.7078
	54929	-0.7073
	58637	-0.7061
	54936	-0.7058
	54644	-0.7033
	54449	-0.7007
	55437	-0.7006
	50353	-0.6989
	54205	-0.6969
	54811	-0.6967
	51495	-0.6955
	56976	-0.695
	54749	-0.6937
	53276	-0.6923
	54777	-0.6911
	57476	-0.6898
	58623	-0.6892
	50964	-0.6891
	54438	-0.6883
	50877	-0.6874
	54744	-0.6867
	54601	-0.6863
	57776	-0.6854
	57768	-0.6851
	56223	-0.6846
	57204	-0.6841
	57713	-0.6825
	56390	-0.6817
	53792	-0.6766
	50956	-0.6761
	54157	-0.6753
	53795	-0.6747
	57786	-0.6746
	58713	-0.6733
	56298	-0.6703
	58358	-0.67
	57584	-0.6683
	57792	-0.6663
	59061	-0.6658
	53891	-0.664
	56533	-0.664
	56186	-0.6638
	54660	-0.6627
	54607	-0.6621
	58848	-0.6613
	58608	-0.6598
	54812	-0.6594
	58903	-0.6591
	54863	-0.6588
	50937	-0.6584
	54848	-0.6575
	59051	-0.6562
	59264	-0.6548
	58337	-0.6543
	52863	-0.6536
	58921	-0.6519
	54662	-0.6511
	54738	-0.65
	59072	-0.6498
	58605	-0.6486
	54623	-0.648
	57882	-0.6454
	56263	-0.6431
	54530	-0.6426
	58719	-0.6424
	57780	-0.642
	58607	-0.6418
	59270	-0.641
	57577	-0.6397
	58620	-0.6374
	52515	-0.6366
	57798	-0.6346
	58301	-0.634
	58847	-0.6333
	58419	-0.6318
	56767	-0.6317
	54803	-0.6316
	57655	-0.6304
	53797	-0.6293
	57954	-0.6289
	56228	-0.628
	50968	-0.6274
	58021	-0.6272
	54943	-0.6269
	58555	-0.6245
	54755	-0.6241
	56317	-0.6238
	54436	-0.6227
	59653	-0.6223
	54474	-0.6192
	57965	-0.6179
	54134	-0.6171
	54716	-0.6161
	57772	-0.615
	59654	-0.6145
	57779	-0.6139
	53785	-0.6131
	57657	-0.6087
	54753	-0.6079
	59265	-0.607
	59659	-0.6068
	58724	-0.6066
	59087	-0.6059
	59316	-0.6042
	54702	-0.6033
	53289	-0.6032
	58335	-0.6018
	54076	-0.6011
	52842	-0.6008
	54624	-0.591
	54633	-0.5905
	54800	-0.5902
	58927	-0.5897
	57778	-0.5891
	51730	-0.5886
	54569	-0.5883
	58905	-0.5881
	58627	-0.5856
	54164	-0.5853
	54243	-0.5852
	58409	-0.5838
	58609	-0.5832
	57871	-0.582
	57469	-0.58
	57771	-0.5788
	58819	-0.5773
	57460	-0.5771
	57387	-0.5736
	54419	-0.5732
	51886	-0.5723
	54940	-0.5722
	58944	-0.5711
	58912	-0.5703
	56756	-0.5686
	56666	-0.5673
	58442	-0.5658
	58501	-0.5647
	56188	-0.5646
	57106	-0.5617
	59500	-0.5612
	51377	-0.561
	50960	-0.5608
	54499	-0.5601
	54024	-0.5593
	59034	-0.5582
	54764	-0.5575
	56548	-0.5569
	54726	-0.5558
	54615	-0.5554
	58820	-0.5551
	50246	-0.5541
	56675	-0.5517
	59065	-0.5503
	54172	-0.5457
	57462	-0.5456
	57385	-0.545
	56869	-0.5441
	56849	-0.5439
	59126	-0.5431
	54717	-0.5421
	54759	-0.5412
	57774	-0.5401
	54945	-0.5391
	57477	-0.5391
	59656	-0.5376
	54154	-0.5376
	58327	-0.5376
	59266	-0.5354
	54842	-0.5354
	58326	-0.535
	54731	-0.5345
	56443	-0.533
	58500	-0.5328
	52378	-0.5327
	54187	-0.5323
	57886	-0.5322
	56952	-0.5318
	50955	-0.531
	53697	-0.5307
	51288	-0.5298
	57679	-0.5285
	57573	-0.5277
	52982	-0.525
	59242	-0.5228
	59315	-0.5225
	54935	-0.5223
	58426	-0.5212
	57796	-0.521
	59047	-0.5193
	58823	-0.5191
	54752	-0.518
	54939	-0.5175
	54709	-0.5173
	54186	-0.516
	51186	-0.5154
	56664	-0.5145
	58220	-0.5125
	58508	-0.5118
	54472	-0.5115
	50945	-0.5081
	57206	-0.508
	54705	-0.5045
	54171	-0.5042
	58632	-0.5029
	58935	-0.5024
	57666	-0.5019
	59488	-0.5015
	54208	-0.4993
	57895	-0.4943
	54853	-0.4939
	53790	-0.4931
	58448	-0.4921
	57464	-0.4902
	57396	-0.4882
	54156	-0.486
	59664	-0.4856
	57496	-0.4853
	58359	-0.4841
	58424	-0.4834
	58547	-0.4829
	57636	-0.4816
	57582	-0.4811
	59492	-0.479
	57844	-0.4789
	54724	-0.4764
	54619	-0.4758
	50767	-0.4756
	59097	-0.4743
	54841	-0.4733
	56977	-0.4713
	54507	-0.4704
	56381	-0.4696
	53585	-0.4692
	54323	-0.4686
	57105	-0.4686
	57643	-0.4675
	58602	-0.4665
	58456	-0.466
	58416	-0.4628
	55664	-0.4622
	59502	-0.4617
	57872	-0.4601
	54274	-0.4581
	52972	-0.4579
	54421	-0.4579
	59449	-0.4569
	57896	-0.4569
	58321	-0.4562
	54521	-0.4556
	50776	-0.4538
	52874	-0.4514
	56841	-0.4504
	54843	-0.4491
	57575	-0.4491
	57669	-0.449
	56383	-0.4484
	57485	-0.4484
	53895	-0.4477
	50566	-0.4474
	53794	-0.4455
	57875	-0.4435
	57498	-0.4433
	54525	-0.442
	54823	-0.4415
	57975	-0.4413
	50958	-0.4404
	57883	-0.4375
	58250	-0.4374
	57562	-0.4368
	57398	-0.4366
	54502	-0.4363
	58735	-0.4357
	56755	-0.4309
	57718	-0.4308
	56295	-0.4298
	58420	-0.4278
	59322	-0.4272
	56184	-0.427
	54204	-0.4257
	58822	-0.4255
	54632	-0.4249
	54517	-0.4233
	54511	-0.423
	59033	-0.4227
	58346	-0.4216
	56948	-0.4208
	50468	-0.4194
	56331	-0.4189
	54836	-0.4183
	58034	-0.418
	50247	-0.4154
	50775	-0.4143
	57541	-0.414
	56674	-0.4131
	54432	-0.4119
	58544	-0.4102
	57169	-0.4098
	58622	-0.4097
	54169	-0.4091
	59288	-0.4086
	52643	-0.4078
	59501	-0.4071
	54213	-0.4069
	56278	-0.4065
	58314	-0.4058
	57942	-0.4057
	54096	-0.4048
	57486	-0.4042
	58624	-0.4038
	58441	-0.4021
	54098	-0.401
	50349	-0.4004
	58049	-0.4002
	54117	-0.3993
	59462	-0.3966
	58215	-0.3958
	59317	-0.3954
	56198	-0.3946
	53781	-0.393
	54563	-0.3918
	56291	-0.3915
	54611	-0.3905
	58642	-0.3872
	57390	-0.3867
	54736	-0.3864
	57537	-0.3853
	59246	-0.3849
	58725	-0.3844
	56643	-0.3827
	57678	-0.3817
	58846	-0.3799
	54399	-0.3794
	54518	-0.3779
	54506	-0.3772
	54603	-0.3756
	58020	-0.3752
	58045	-0.3746
	57996	-0.3738
	55773	-0.3734
	54327	-0.3732
	54610	-0.3732
	56951	-0.3712
	54510	-0.3708
	58247	-0.3693
	56582	-0.3663
	54852	-0.3657
	50603	-0.3655
	58022	-0.365
	59948	-0.3611
	52974	-0.3586
	51559	-0.3584
	57720	-0.356
	50963	-0.3557
	56584	-0.3551
	59276	-0.3538
	59063	-0.3532
	58317	-0.3509
	57837	-0.35
	56565	-0.3496
	54321	-0.3485
	59071	-0.348
	53750	-0.3478
	50832	-0.3472
	53483	-0.3461
	50524	-0.3452
	58044	-0.3447
	50779	-0.3413
	53782	-0.3408
	54640	-0.3394
	51777	-0.3385
	52557	-0.3382
	53584	-0.3374
	52313	-0.3366
	55680	-0.3356
	54335	-0.3353
	54263	-0.3344
	58433	-0.3336
	56065	-0.3332
	58356	-0.3329
	52602	-0.3321
	57543	-0.3316
	53883	-0.3299
	54531	-0.3244
	57842	-0.3239
	57635	-0.3238
	54420	-0.3237
	54519	-0.3221
	59046	-0.3212
	58418	-0.3202
	52203	-0.3178
	54433	-0.3172
	54541	-0.3161
	57395	-0.3144
	56496	-0.3138
	57461	-0.3135
	59838	-0.312
	58032	-0.3114
	59457	-0.3064
	58377	-0.3061
	52869	-0.3057
	54846	-0.305
	54612	-0.3033
	56247	-0.3005
	58428	-0.3005
	58208	-0.3001
	50787	-0.2992
	53519	-0.2985
	59287	-0.2982
	58527	-0.2949
	50838	-0.2948
	56096	-0.2944
	58246	-0.2934
	59469	-0.2922
	54597	-0.2918
	52978	-0.2916
	57717	-0.2908
	54026	-0.2907
	54237	-0.2898
	58339	-0.2885
	53518	-0.2876
	59044	-0.2862
	58354	-0.2848
	50673	-0.2832
	54820	-0.283
	54512	-0.2807
	53378	-0.2806
	59310	-0.2804
	58455	-0.2794
	58836	-0.2779
	50833	-0.2773
	58734	-0.2756
	58306	-0.2729
	57744	-0.2722
	56386	-0.2714
	59038	-0.271
	53384	-0.2704
	54923	-0.2677
	58824	-0.2669
	56128	-0.2668
	57761	-0.2663
	58928	-0.2646
	53596	-0.2636
	50979	-0.2632
	52862	-0.2631
	57388	-0.2621
	58556	-0.2607
	56137	-0.2604
	56489	-0.2598
	54424	-0.2587
	57845	-0.2571
	50950	-0.257
	57957	-0.2562
	59849	-0.2549
	54631	-0.2503
	58415	-0.2501
	58345	-0.2498
	54226	-0.2495
	53791	-0.2471
	53740	-0.2468
	58343	-0.2459
	58323	-0.2458
	56989	-0.2427
	56669	-0.2425
	51356	-0.2416
	58024	-0.24
	51378	-0.2398
	52980	-0.2373
	54398	-0.2372
	54260	-0.2368
	56885	-0.236
	59456	-0.2339
	51572	-0.2339
	54245	-0.2329
	54814	-0.2299
	50527	-0.2296
	57558	-0.2278
	52424	-0.227
	56949	-0.2267
	50618	-0.2255
	59124	-0.2252
	57841	-0.2249
	50525	-0.2247
	51711	-0.2243
	50851	-0.2233
	53696	-0.2211
	50774	-0.2209
	55598	-0.2208
	54503	-0.2206
	57956	-0.2183
	58730	-0.2164
	57763	-0.2145
	56168	-0.2126
	50879	-0.2112
	54252	-0.2109
	53602	-0.2101
	54047	-0.2101
	58432	-0.2099
	53688	-0.2091
	52418	-0.2085
	50985	-0.2079
	57381	-0.2069
	54431	-0.2065
	56342	-0.2063
	59037	-0.2051
	58240	-0.205
	50854	-0.2044
	54094	-0.2044
	53614	-0.2042
	56954	-0.2029
	54628	-0.2024
	57769	-0.2022
	59473	-0.202
	50858	-0.2009
	51655	-0.1995
	56670	-0.1995
	59481	-0.1981
	56276	-0.198
	58244	-0.1977
	56870	-0.1973
	58320	-0.1965
	59041	-0.1959
	51567	-0.1955
	56596	-0.194
	50674	-0.1937
	53664	-0.1914
	50788	-0.1905
	54132	-0.188
	54267	-0.188
	54844	-0.1872
	56197	-0.1864
	56043	-0.1861
	56387	-0.185
	58534	-0.1843
	58629	-0.1813
	56459	-0.1784
	58458	-0.1777
	50978	-0.1766
	57407	-0.1766
	54416	-0.1765
	54527	-0.176
	58606	-0.1754
	50136	-0.1747
	54027	-0.1728
	54627	-0.1726
	56969	-0.1701
	54584	-0.1693
	50962	-0.1686
	54810	-0.167
	57465	-0.1668
	57489	-0.1667
	54851	-0.1656
	59298	-0.1653
	57881	-0.1646
	58546	-0.1611
	54922	-0.1599
	57752	-0.1586
	56183	-0.1575
	58025	-0.1575
	56777	-0.1572
	54927	-0.1564
	51526	-0.1561
	53464	-0.1549
	59480	-0.1548
	58407	-0.1548
	55279	-0.153
	54920	-0.1509
	51467	-0.147
	52323	-0.1446
	54218	-0.1441
	58041	-0.1434
	58150	-0.1432
	57899	-0.1416
	58311	-0.1415
	56964	-0.1394
	59650	-0.1393
	51365	-0.1385
	51243	-0.1351
	56497	-0.1334
	52876	-0.13
	56684	-0.13
	51438	-0.1298
	58214	-0.1281
	52707	-0.1279
	56267	-0.1276
	51058	-0.1275
	59237	-0.1266
	51330	-0.1265
	58633	-0.1264
	57958	-0.1263
	58557	-0.1262
	54501	-0.124
	53195	-0.1217
	54602	-0.1217
	54728	-0.1212
	54102	-0.1209
	54827	-0.1204
	56578	-0.1197
	54039	-0.119
	57623	-0.1183
	56373	-0.1176
	54434	-0.1168
	58438	-0.1157
	54301	-0.1152
	54428	-0.1145
	56775	-0.113
	58265	-0.1121
	53763	-0.1093
	54857	-0.107
	58013	-0.1055
	58245	-0.1047
	54122	-0.1044
	57737	-0.1041
	50861	-0.1024
	52988	-0.0992
	53685	-0.0991
	57525	-0.0972
	53529	-0.0966
	53579	-0.0947
	59945	-0.0945
	52713	-0.0933
	59655	-0.0913
	54406	-0.0901
	57439	-0.0899
	50564	-0.0888
	53491	-0.087
	54725	-0.087
	58249	-0.0849
	54938	-0.0848
	54412	-0.0844
	59471	-0.0838
	54706	-0.0836
	57729	-0.0828
	57731	-0.0822
	50842	-0.0809
	53502	-0.079
	53481	-0.0769
	59064	-0.0746
	58464	-0.074
	58342	-0.0735
	59626	-0.0728
	54497	-0.0722
	52963	-0.0717
	58826	-0.0716
	57642	-0.0713
	54115	-0.0692
	56312	-0.0687
	56287	-0.0672
	57822	-0.067
	57658	-0.0668
	51855	-0.0661
	54849	-0.0659
	52546	-0.0641
	56146	-0.0628
	51709	-0.0622
	57566	-0.062
	53646	-0.0618
	56673	-0.0615
	59663	-0.0613
	59476	-0.0603
	51359	-0.0602
	57825	-0.0579
	56651	-0.0555
	56774	-0.0541
	53611	-0.0535
	57969	-0.053
	53567	-0.0514
	53678	-0.0498
	51573	-0.0465
	54195	-0.0452
	57494	-0.0448
	57760	-0.0431
	57947	-0.0427
	58365	-0.04
	56116	-0.039
	58745	-0.0385
	58146	-0.0373
	58548	-0.0373
	58241	-0.0369
	58450	-0.0366
	50844	-0.0349
	57722	-0.0345
	51642	-0.0336
	59470	-0.0333
	53798	-0.0332
	57625	-0.0314
	57835	-0.0314
	50948	-0.0311
	58047	-0.0305
	56021	-0.0304
	54801	-0.03
	58143	-0.0282
	58238	-0.0281
	53480	-0.0266
	58435	-0.0255
	53533	-0.0252
	53676	-0.0251
	54915	-0.024
	50859	-0.0225
	58600	-0.022
	54439	-0.0217
	51701	-0.0211
	54290	-0.02
	56785	-0.018
	57265	-0.0165
	57894	-0.0156
	52825	-0.015
	58844	-0.0138
	53472	-0.0138
	51705	-0.0134
	54828	-0.0125
	50749	-0.0121
	58549	-0.0108
	56982	-0.0078
	53666	-0.0074
	51656	-0.0073
	50758	-0.0061
	57399	-0.0051
	50514	-0.0038
	51581	-0.0024
	53677	-5.0E-4
	55690	-2.0E-4
	56167	0.0
	57175	4.0E-4
	50936	0.0013
	54031	0.0016
	53467	0.0025
	58048	0.0044
	57499	0.0062
	51470	0.0074
	54305	0.0077
	54515	0.0081
	59640	0.0083
	58352	0.0106
	54816	0.0122
	56290	0.0122
	58718	0.014
	50425	0.0141
	58351	0.0144
	54925	0.0146
	50871	0.0147
	52656	0.0193
	57811	0.0193
	56185	0.0199
	58644	0.0201
	52447	0.0208
	58631	0.0219
	57745	0.022
	56125	0.0225
	54910	0.0249
	56357	0.0256
	53772	0.0264
	51828	0.0267
	58154	0.0292
	50557	0.0309
	56592	0.0325
	58254	0.033
	50939	0.0333
	59271	0.034
	52533	0.0348
	56257	0.0369
	57585	0.0387
	50442	0.0389
	51053	0.0401
	53576	0.0402
	57491	0.0433
	54276	0.046
	50772	0.0464
	52885	0.0471
	53673	0.0474
	52787	0.0494
	52575	0.0502
	58319	0.0507
	50445	0.0527
	56781	0.0535
	56766	0.0537
	50431	0.0539
	56688	0.0562
	53665	0.0569
	53751	0.0571
	58316	0.059
	53484	0.0602
	57447	0.0607
	53799	0.0611
	54041	0.0613
	54291	0.0627
	53582	0.0629
	57589	0.0632
	51708	0.0633
	56380	0.0667
	57565	0.0671
	53392	0.0676
	58931	0.0696
	59017	0.0696
	51469	0.0697
	51720	0.0702
	50987	0.0715
	56671	0.0727
	57358	0.0729
	51436	0.0732
	53730	0.0734
	52436	0.0738
	53617	0.0744
	58423	0.0746
	56227	0.0747
	50739	0.0752
	54113	0.0752
	58251	0.0753
	51829	0.0757
	57906	0.0766
	52737	0.0767
	54918	0.0782
	54313	0.0788
	52818	0.0789
	58454	0.0798
	57242	0.0801
	58026	0.0807
	57176	0.0816
	58225	0.0818
	58259	0.0822
	58520	0.0825
	54622	0.0853
	54429	0.0854
	57732	0.0867
	52985	0.0881
	58452	0.0881
	57481	0.0885
	56378	0.0913
	58736	0.0954
	53463	0.0957
	53753	0.0965
	51826	0.0994
	59435	0.102
	58643	0.1023
	54921	0.1023
	53469	0.1029
	58529	0.1054
	56384	0.1065
	53599	0.1071
	59230	0.1075
	50745	0.1079
	51433	0.1082
	54540	0.1085
	54326	0.1097
	59855	0.1098
	51571	0.11
	51076	0.1102
	51818	0.1104
	53618	0.1107
	57612	0.1155
	59448	0.1161
	51156	0.1167
	58845	0.1172
	54916	0.1181
	59224	0.1205
	51639	0.1217
	57789	0.1217
	50880	0.1237
	53756	0.1244
	53336	0.1253
	50756	0.1264
	58207	0.131
	58567	0.1311
	57087	0.1312
	57178	0.1315
	58205	0.1321
	50526	0.1335
	54308	0.1335
	52855	0.136
	55589	0.1372
	51087	0.1378
	56281	0.1383
	58731	0.1386
	50852	0.1387
	59954	0.1389
	53892	0.1433
	51367	0.1435
	58224	0.1449
	57834	0.145
	54532	0.1453
	53659	0.1468
	58242	0.1468
	56863	0.1488
	51369	0.1492
	58401	0.1506
	51722	0.151
	57124	0.1536
	58008	0.1536
	57646	0.1543
	58030	0.1546
	53996	0.1548
	51716	0.1589
	55294	0.1594
	53776	0.16
	58036	0.1602
	56181	0.1616
	53343	0.1632
	54319	0.1664
	53789	0.1666
	58257	0.1672
	51358	0.1674
	50548	0.1677
	53732	0.1689
	50946	0.1692
	56978	0.1692
	51827	0.1695
	52797	0.1699
	51704	0.1703
	57571	0.1722
	55572	0.1726
	57723	0.1735
	50949	0.1746
	53681	0.1746
	53615	0.176
	52833	0.1765
	54522	0.1768
	56580	0.1769
	54907	0.1777
	56097	0.1798
	51379	0.1807
	57271	0.1807
	57590	0.1828
	58446	0.183
	54292	0.1838
	58362	0.1839
	56882	0.1846
	56492	0.1887
	58336	0.1895
	52745	0.1899
	57509	0.1919
	54534	0.1922
	54645	0.1927
	52984	0.195
	56046	0.1959
	57742	0.1961
	54914	0.1978
	59211	0.1983
	58647	0.1986
	55578	0.1988
	52112	0.1993
	53553	0.2007
	50639	0.2018
	54092	0.2045
	57870	0.2069
	53774	0.2078
	58451	0.21
	56288	0.2109
	59004	0.211
	58353	0.2115
	57719	0.2123
	53788	0.2156
	53513	0.2163
	57306	0.2172
	57483	0.2179
	56272	0.2186
	57714	0.2189
	51463	0.2191
	56273	0.2199
	56782	0.22
	56307	0.2202
	51145	0.221
	51765	0.2215
	53486	0.2219
	56144	0.2221
	50834	0.2244
	57317	0.2246
	53499	0.226
	53669	0.2273
	54817	0.2279
	57389	0.2281
	58402	0.229
	52983	0.2298
	53498	0.2302
	56478	0.2308
	53565	0.231
	50741	0.2328
	58264	0.2334
	53663	0.236
	57370	0.2386
	53777	0.2388
	59289	0.2405
	58012	0.2414
	58268	0.2422
	58331	0.2426
	59478	0.2434
	57129	0.2435
	53575	0.2446
	57707	0.2448
	59058	0.2455
	54324	0.2461
	56985	0.2467
	57008	0.2489
	53735	0.249
	58408	0.2491
	54815	0.2493
	57492	0.2493
	55585	0.2496
	52868	0.2543
	56082	0.2544
	50888	0.257
	54192	0.2583
	51241	0.2584
	50973	0.2588
	53644	0.2588
	56071	0.2589
	58523	0.26
	58461	0.2618
	50647	0.2632
	51353	0.2653
	53517	0.2677
	54911	0.2679
	53397	0.272
	59229	0.2724
	57519	0.2725
	58255	0.2727
	51568	0.2735
	58530	0.2748
	58550	0.2764
	58340	0.2772
	56187	0.2775
	56284	0.2786
	54273	0.2791
	56382	0.2792
	56092	0.2796
	56595	0.2837
	51352	0.2838
	59235	0.2847
	53399	0.2851
	53419	0.2856
	52986	0.2865
	54223	0.2888
	58140	0.2906
	53446	0.2915
	56279	0.2916
	53705	0.2917
	53475	0.2918
	50983	0.293
	54818	0.294
	54320	0.2953
	57274	0.2962
	53660	0.2978
	50434	0.2985
	51931	0.2985
	50913	0.3027
	53357	0.3034
	54807	0.3034
	53420	0.3036
	52836	0.306
	53890	0.3064
	56585	0.3065
	53367	0.3081
	58457	0.309
	52652	0.3107
	58449	0.3111
	54316	0.3114
	53899	0.3138
	59446	0.3154
	53610	0.316
	53457	0.3172
	59854	0.3178
	51068	0.3179
	53433	0.3206
	55493	0.3217
	58006	0.3229
	56394	0.3239
	53488	0.3252
	53658	0.3254
	53917	0.3254
	57211	0.3257
	50656	0.3262
	59951	0.3264
	52681	0.3265
	54405	0.3267
	54912	0.3285
	58360	0.3287
	57739	0.3297
	57839	0.33
	53578	0.3303
	57740	0.3316
	57647	0.3319
	58926	0.3336
	57025	0.3354
	58437	0.3376
	57012	0.3388
	51814	0.3396
	57298	0.3423
	53764	0.343
	53149	0.3448
	57363	0.3482
	53564	0.3493
	57119	0.3501
	52674	0.3512
	57741	0.3513
	52853	0.3515
	53897	0.3519
	57126	0.3543
	51707	0.3551
	53786	0.3558
	58417	0.3568
	56783	0.3575
	53886	0.3592
	52866	0.3626
	56961	0.3638
	53543	0.3639
	58212	0.3644
	53231	0.3652
	56474	0.3654
	58601	0.3664
	51717	0.3672
	54802	0.3675
	59025	0.3693
	54904	0.3697
	58828	0.3712
	58923	0.3738
	50853	0.375
	54293	0.375
	53738	0.3753
	53490	0.3762
	57047	0.3768
	58007	0.3769
	53674	0.377
	58459	0.3775
	54722	0.38
	53505	0.3802
	56393	0.3805
	57482	0.3824
	57438	0.3834
	53573	0.3842
	54905	0.3852
	57949	0.3887
	56494	0.3894
	56151	0.3895
	59658	0.3946
	53651	0.3952
	56862	0.3963
	57926	0.397
	51629	0.398
	54401	0.3983
	57011	0.4042
	51810	0.4072
	58367	0.4096
	54819	0.4124
	53574	0.413
	57028	0.413
	54919	0.4137
	56768	0.4144
	58361	0.4146
	58404	0.4168
	50884	0.417
	57016	0.4178
	56296	0.4182
	59941	0.419
	58269	0.421
	51137	0.4211
	50632	0.4241
	53619	0.4246
	53466	0.4248
	51346	0.425
	57411	0.4278
	54214	0.4291
	53337	0.4296
	58366	0.4305
	58344	0.4354
	50742	0.4359
	53324	0.4401
	53780	0.4403
	50873	0.4415
	53492	0.443
	58015	0.443
	50867	0.4483
	55593	0.4514
	56788	0.4526
	56189	0.4534
	53759	0.4538
	56374	0.4541
	59278	0.4555
	50646	0.4561
	57309	0.4585
	52679	0.4588
	57137	0.4589
	58752	0.4593
	58243	0.4596
	51839	0.4598
	53884	0.4611
	58568	0.4614
	57606	0.4637
	59754	0.4643
	53769	0.4649
	53385	0.4666
	53863	0.4669
	57595	0.4688
	50659	0.4699
	58462	0.4704
	57128	0.4736
	50750	0.4755
	57840	0.4787
	57156	0.4823
	54900	0.4825
	57248	0.4833
	59647	0.4847
	57245	0.4848
	51357	0.4852
	56778	0.4854
	51060	0.4893
	54453	0.49
	57002	0.4911
	54913	0.4915
	57349	0.4927
	58635	0.4938
	53893	0.4938
	53455	0.4947
	57743	0.4967
	54903	0.4979
	53522	0.4982
	57299	0.5001
	53832	0.5028
	56395	0.5037
	57523	0.5042
	56571	0.5043
	56081	0.5056
	53783	0.5058
	54917	0.506
	56970	0.508
	58737	0.5089
	51627	0.5097
	52607	0.5109
	56786	0.5118
	57303	0.5123
	53908	0.5127
	58460	0.5138
	59758	0.5143
	57192	0.5155
	58035	0.5162
	52998	0.5164
	53687	0.5186
	57734	0.5189
	53787	0.5209
	56586	0.5209
	54423	0.5214
	58027	0.5229
	58760	0.5241
	56973	0.5249
	53841	0.5262
	54804	0.5273
	50727	0.5276
	54805	0.5281
	53352	0.532
	59940	0.5329
	51059	0.533
	53768	0.5334
	55591	0.5348
	53704	0.5349
	57409	0.5352
	57261	0.5355
	58234	0.5359
	53662	0.5362
	51334	0.5392
	53894	0.5392
	53767	0.5397
	58001	0.5402
	52856	0.5408
	57728	0.5411
	52576	0.5425
	57268	0.5429
	58634	0.5468
	55299	0.5475
	57006	0.5479
	57179	0.548
	51804	0.5493
	57736	0.5502
	53545	0.5507
	53778	0.5518
	54404	0.552
	51628	0.5531
	57808	0.5533
	54410	0.5541
	56487	0.5579
	57098	0.5595
	57932	0.56
	59487	0.5639
	58665	0.5644
	57082	0.565
	58147	0.565
	53748	0.5681
	57308	0.569
	56772	0.5708
	53754	0.5723
	57405	0.5739
	57735	0.5746
	51802	0.5753
	57193	0.5773
	50655	0.5783
	53771	0.579
	54099	0.5792
	51482	0.5806
	59022	0.5812
	53682	0.5812
	53992	0.5828
	57004	0.5836
	53773	0.584
	58559	0.5855
	56080	0.5857
	56202	0.5863
	58017	0.5884
	59750	0.5886
	58754	0.5889
	57437	0.593
	57355	0.5935
	53878	0.5936
	59249	0.5948
	59427	0.5949
	58453	0.5955
	54533	0.5978
	51811	0.6026
	58145	0.6033
	53757	0.6036
	53760	0.6044
	56975	0.6052
	56067	0.6067
	58565	0.6077
	58011	0.6079
	56034	0.6092
	53512	0.6106
	59673	0.6112
	58463	0.6116
	57708	0.6153
	52633	0.6175
	50658	0.6187
	53980	0.6191
	53580	0.6202
	57361	0.6202
	57608	0.6211
	54287	0.6212
	58748	0.6236
	50878	0.6301
	56485	0.6308
	57445	0.6327
	52968	0.6342
	58531	0.6365
	59213	0.6378
	56018	0.6384
	58543	0.6397
	59425	0.6402
	53926	0.6417
	58004	0.6419
	52446	0.6426
	53848	0.6439
	51815	0.6462
	58111	0.6478
	58667	0.648
	50940	0.6484
	52645	0.6485
	53562	0.649
	53985	0.6492
	54093	0.6503
	51465	0.6517
	57003	0.6584
	58654	0.6591
	58562	0.6614
	53192	0.6622
	54901	0.6627
	56493	0.6632
	57936	0.6684
	59421	0.6692
	53872	0.6835
	53577	0.6842
	56147	0.6847
	51636	0.6878
	56399	0.6886
	57260	0.6892
	56280	0.6896
	56094	0.6909
	58742	0.691
	57738	0.6919
	58132	0.6919
	51238	0.6923
	56575	0.6929
	57362	0.6933
	57915	0.6964
	57297	0.7001
	58369	0.7025
	53938	0.7043
	58834	0.7044
	57253	0.705
	56871	0.7073
	53880	0.7084
	54808	0.7096
	57259	0.712
	53348	0.7126
	57021	0.7134
	57014	0.7143
	57649	0.7154
	58210	0.7175
	58660	0.7183
	51133	0.7193
	58016	0.7202
	52495	0.7267
	58040	0.728
	57609	0.7294
	58148	0.7302
	57637	0.7312
	52957	0.7315
	56479	0.7317
	57089	0.7319
	50755	0.7321
	59012	0.7324
	58236	0.7337
	53547	0.7361
	51644	0.7389
	57911	0.7407
	56016	0.7411
	56045	0.7414
	53829	0.7461
	57806	0.7478
	57184	0.7482
	57180	0.7523
	56376	0.7532
	54723	0.7536
	57043	0.7547
	57090	0.7552
	58005	0.7553
	57095	0.7556
	57517	0.7558
	57762	0.7579
	57251	0.7606
	57249	0.7611
	57094	0.7615
	58038	0.7691
	59842	0.7705
	56106	0.7706
	54809	0.7736
	53995	0.7743
	58652	0.775
	58101	0.7773
	56109	0.7789
	57127	0.7823
	58158	0.7843
	56966	0.7856
	56164	0.7886
	56491	0.7896
	53974	0.7898
	57603	0.7929
	53930	0.7934
	58933	0.8053
	53723	0.8068
	57023	0.808
	56091	0.8087
	58750	0.8088
	54902	0.8106
	57154	0.8114
	57273	0.8121
	52993	0.8132
	54826	0.8137
	57183	0.8139
	56171	0.8168
	57256	0.8187
	56697	0.8189
	53949	0.8201
	59441	0.8209
	56898	0.8218
	53944	0.8246
	53854	0.8267
	54908	0.8269
	53888	0.8284
	57923	0.8292
	58141	0.8302
	58414	0.8303
	53941	0.8317
	57001	0.8333
	57921	0.8334
	53852	0.8336
	58542	0.8352
	53950	0.8354
	53478	0.8359
	57296	0.8378
	53869	0.8413
	53368	0.8464
	57040	0.8467
	57232	0.8513
	56029	0.8516
	52661	0.8517
	57020	0.8518
	53948	0.8543
	56490	0.855
	57067	0.8576
	57045	0.8606
	58537	0.8653
	57213	0.8663
	56886	0.8691
	58749	0.8703
	59057	0.8726
	54012	0.875
	56962	0.8755
	57076	0.8762
	57049	0.8767
	59027	0.878
	57803	0.8794
	57086	0.8795
	57614	0.8798
	58658	0.8804
	58656	0.8808
	53966	0.8818
	56875	0.8868
	57039	0.8893
	53937	0.8895
	53487	0.895
	57075	0.8956
	57085	0.8986
	56079	0.8993
	58646	0.9007
	52889	0.9009
	57522	0.9016
	57922	0.9031
	57233	0.9046
	57187	0.9053
	53612	0.9068
	59757	0.9099
	54408	0.911
	53588	0.9121
	56285	0.9137
	54909	0.914
	57314	0.9145
	57055	0.9147
	53770	0.915
	56182	0.915
	56876	0.9155
	56074	0.9159
	56483	0.9229
	57182	0.9276
	53889	0.9297
	53935	0.9297
	53998	0.9333
	53590	0.9334
	53925	0.9356
	57134	0.9365
	53914	0.9372
	54318	0.9382
	53806	0.939
	57026	0.9512
	57754	0.9521
	53707	0.953
	58237	0.9563
	57024	0.9591
	53850	0.9599
	56958	0.9636
	57091	0.9675
	50915	0.968
	57093	0.9681
	52943	0.9726
	53993	0.9759
	53866	0.9773
	57046	0.9802
	58202	0.9802
	57605	0.9839
	53997	0.9859
	57080	0.9914
	54311	0.9916
	56594	0.9926
	57318	0.9931
	53953	0.9943
	53864	0.9952
	53727	0.9956
	57044	0.9962
	57518	1.0002
	56872	1.0018
	59218	1.0056
	53679	1.0079
	52101	1.008
	53775	1.0085
	51633	1.0115
	56093	1.0139
	57195	1.0148
	53994	1.0161
	53853	1.0186
	57186	1.021
	53989	1.0242
	57829	1.0294
	53982	1.0301
	58837	1.0305
	53928	1.0308
	57099	1.0368
	52908	1.0391
	53934	1.04
	53874	1.0437
	50862	1.0443
	51437	1.0489
	53986	1.0499
	57408	1.0538
	52955	1.0539
	57007	1.0544
	53594	1.055
	57816	1.0567
	57061	1.0622
	56879	1.0644
	57173	1.0696
	57191	1.0698
	58129	1.0704
	53862	1.0784
	53967	1.079
	57079	1.0815
	58003	1.0817
	57348	1.0837
	57027	1.0859
	57051	1.0887
	53945	1.0896
	54806	1.0923
	57432	1.093
	56873	1.0967
	57181	1.097
	53947	1.0979
	56498	1.0981
	53979	1.0989
	53865	1.1016
	57278	1.1032
	57402	1.111
	57905	1.1112
	53885	1.1144
	56593	1.1164
	56891	1.1166
	56881	1.1174
	53906	1.1229
	58139	1.1274
	53988	1.1298
	53916	1.1301
	58221	1.1382
	57520	1.1406
	57401	1.1411
	56033	1.1436
	52884	1.1447
	53984	1.1452
	58843	1.1471
	53976	1.1491
	58467	1.1507
	53690	1.1514
	53927	1.1565
	57604	1.1567
	57034	1.1578
	53859	1.1618
	50892	1.1636
	53856	1.165
	56462	1.1663
	53958	1.1666
	53845	1.1683
	59856	1.1687
	52765	1.1701
	57030	1.1717
	59851	1.1722
	53593	1.1769
	59845	1.1796
	57077	1.188
	58116	1.1889
	54304	1.1893
	57144	1.1917
	57096	1.1923
	51329	1.1926
	57805	1.2011
	53987	1.2048
	53879	1.2077
	53931	1.2109
	53923	1.2132
	57083	1.216
	57132	1.2162
	53881	1.2164
	57912	1.2172
	57033	1.2206
	58657	1.2216
	59419	1.2238
	53896	1.226
	53959	1.2271
	52657	1.2292
	53857	1.2306
	58222	1.2337
	57155	1.2348
	53983	1.2358
	57048	1.2434
	56499	1.2442
	59847	1.2446
	58666	1.2454
	57074	1.2465
	53871	1.2477
	51328	1.2481
	57032	1.2491
	53868	1.2502
	57927	1.2562
	58102	1.2642
	51434	1.2646
	52895	1.2706
	57279	1.2745
	57247	1.276
	56084	1.2762
	59238	1.2765
	58131	1.278
	57029	1.2814
	56992	1.2885
	53942	1.2896
	53962	1.2898
	53882	1.2903
	57913	1.2947
	57041	1.2982
	57217	1.3071
	53898	1.3073
	53956	1.3177
	57053	1.3182
	57140	1.3185
	57143	1.3232
	56152	1.3267
	57514	1.3279
	57054	1.332
	57254	1.3342
	58113	1.336
	51468	1.3366
	52996	1.338
	58223	1.3453
	58659	1.3458
	57162	1.3469
	57914	1.3472
	53975	1.3555
	57824	1.3563
	53821	1.3567
	59228	1.3581
	53810	1.3645
	59632	1.3668
	57821	1.3676
	53981	1.3691
	59023	1.3709
	51430	1.3847
	54906	1.386
	59205	1.3893
	56004	1.3896
	56095	1.3912
	58126	1.3912
	53954	1.3934
	57281	1.3934
	51232	1.3939
	57313	1.3958
	58230	1.3975
	56569	1.3996
	57042	1.4047
	57516	1.4078
	58472	1.4081
	58563	1.4126
	56480	1.413
	53875	1.4153
	56038	1.4166
	56385	1.4269
	53929	1.4316
	53978	1.4351
	57060	1.436
	53725	1.4362
	56598	1.4384
	57081	1.4409
	59843	1.4465
	53924	1.4467
	57066	1.4523
	52995	1.4556
	57909	1.4625
	57818	1.4641
	57072	1.4655
	56173	1.4666
	58002	1.4692
	57177	1.4717
	53860	1.4733
	58747	1.4783
	53903	1.4794
	57231	1.4809
	56371	1.4922
	57320	1.4987
	59417	1.5038
	53873	1.5073
	57022	1.508
	57153	1.5081
	57031	1.5095
	57910	1.512
	59848	1.5125
	57196	1.5158
	57710	1.5196
	59031	1.5245
	57057	1.5273
	57505	1.5278
	57417	1.5293
	53817	1.5295
	57035	1.5307
	58138	1.5327
	56883	1.5358
	57800	1.5452
	59644	1.5517
	56987	1.5616
	57078	1.562
	58135	1.5626
	58746	1.5652
	57038	1.5655
	57198	1.5688
	53861	1.5761
	53877	1.5825
	58664	1.5872
	57339	1.5948
	57037	1.5968
	56396	1.6026
	56473	1.6136
	59001	1.6214
	57828	1.6249
	52754	1.6504
	59429	1.6527
	57807	1.6554
	58744	1.6568
	53963	1.66
	57326	1.6692
	53991	1.6734
	58468	1.6807
	57359	1.6811
	57813	1.682
	59021	1.6938
	58751	1.6958
	57084	1.6958
	57814	1.6982
	53968	1.7006
	57345	1.7026
	53972	1.7102
	58127	1.711
	58100	1.7269
	51431	1.7293
	57431	1.7328
	52896	1.7417
	58104	1.7439
	58569	1.7446
	57188	1.7468
	53957	1.7546
	57908	1.7582
	58235	1.7735
	53961	1.7773
	57071	1.7819
	53915	1.7843
	57185	1.7852
	57600	1.7867
	58477	1.8076
	57238	1.8124
	56889	1.8146
	57292	1.8221
	57916	1.8237
	57506	1.8304
	57197	1.835
	56880	1.8504
	57809	1.8588
	53910	1.8658
	57257	1.8777
	58570	1.8917
	56693	1.8923
	57900	1.8984
	57063	1.9176
	53965	1.9187
	57324	1.9203
	56984	1.9216
	56994	1.9256
	57070	1.9272
	59431	1.9403
	57293	1.9429
	59015	1.9495
	53964	1.9836
	58484	2.0224
	57510	2.0381
	57065	2.0405
	57237	2.05
	57507	2.051
	58114	2.0553
	56691	2.0555
	57194	2.0587
	53973	2.0621
	59215	2.0804
	56792	2.0824
	57832	2.0839
	53955	2.1032
	57508	2.1035
	53970	2.1044
	57329	2.1105
	57902	2.1109
	57290	2.1173
	57502	2.1294
	59426	2.1392
	59635	2.1443
	56991	2.1581
	59007	2.1748
	58122	2.1938
	57189	2.1981
	57513	2.2014
	58109	2.2279
	57295	2.2336
	56790	2.2393
	59631	2.2493
	58125	2.2886
	56996	2.2923
	57343	2.2954
	57216	2.2959
	58203	2.3151
	59209	2.3342
	57315	2.3527
	57328	2.3599
	57425	2.3638
	57827	2.3649
	58130	2.3661
	56475	2.3814
	57511	2.3952
	57903	2.4346
	58108	2.4443
	56986	2.4445
	58128	2.5291
	57907	2.5643
	58107	2.5671
	57294	2.5781
	57426	2.6131
	57414	2.6284
	56793	2.6442
	57285	2.6988
	57333	2.7476
	56995	2.8107
	57413	2.846
	57420	2.9686
	59227	2.974
	56878	2.9922
	58117	3.0178
	57416	3.1328
	58118	3.1587
	57512	3.3039
	57415	3.5609
