50136     2
50246    -4
50349     0
50353    -9
50425     2
50431     1
50434     1
50442     1
50445     2
50468     2
50514    -4
50524     1
50525     1
50526     1
50527     1
50548     0
50557     1
50564     0
50566     0
50603    -2
50618     1
50632     1
50639     0
50646     1
50647    -3
50655     0
50656     0
50658     1
50673     0
50674     0
50727     1
50741    -3
50742    -7
50745    -6
50749    -5
50750    -1
50755     1
50756    -4
50758     1
50772     0
50774     0
50775     1
50776     1
50778    -1
50779    -2
50788    -2
50832     1
50833     0
50834     2
50838     2
50842    -6
50844     0
50851     0
50852     0
50853     0
50854     0
50858     2
50861    -3
50862     0
50867     0
50871     0
50873    -2
50877     1
50878     0
50879     0
50880     0
50884     0
50888     0
50892     0
50913     0
50915   -12
50928     0
50934    -2
50936     1
50937    -4
50939     0
50940     1
50946     0
50948     0
50949     1
50950     1
50953     1
50954     1
50958     1
50960     0
50962    -2
50963     0
50964     1
50965    -1
50968     1
50978     0
50979    -5
50983    -4
50985     0
51053     0
51059  -999
51060  -999
51068     1
51076     0
51087     0
51133     1
51137    -3
51145    -1
51156     0
51186     0
51232     0
51238  -999
51241   -12
51243     0
51288     0
51328     0
51329     0
51330     1
51334     0
51346     0
51352     0
51353     0
51356     0
51357     0
51358  -999
51359     0
51365     0
51367     0
51369     0
51377     0
51378     0
51379     0
51430     0
51431    -2
51433  -999
51434     0
51435    -5
51436     1
51437     1
51438    -1
51463     1
51465     2
51467     1
51468     3
51469  -999
51470  -999
51477     0
51482     0
51495     0
51526     1
51542   -13
51559     1
51567     0
51568     0
51571     1
51572     0
51573     0
51581     0
51627     1
51628     0
51629     0
51633     0
51636     0
51639  -999
51642     0
51644     0
51655  -999
51656     0
51701     2
51704  -999
51705     0
51707     0
51708     0
51709     0
51711     1
51716     1
51717     0
51720     0
51722     1
51730     0
51765     0
51777     0
51802     0
51804     0
51810  -999
51811     0
51814     0
51815     0
51818     0
51826     0
51827     0
51828     0
51829     1
51839     1
51855     0
51886     1
51931     0
52101    -5
52112  -999
52203     0
52267     0
52313     0
52323     0
52378     0
52418     0
52424     0
52436     0
52446     0
52447     0
52495     0
52515     0
52533     0
52546     0
52557     0
52575     0
52576     0
52602     0
52607     0
52633     0
52643   -10
52645     0
52652     0
52656   -17
52657     0
52661   -23
52674   -20
52679     0
52681     0
52707     0
52713     0
52737     1
52745    -3
52754   -10
52765   -12
52784   -27
52787    -4
52797     0
52818     0
52825     1
52833     0
52836    -3
52842    -5
52853     0
52855     1
52856    -3
52862     0
52863     1
52866     1
52868     0
52869     1
52874    -1
52876    -9
52884  -999
52885    -1
52889     0
52895   -12
52896     0
52908     4
52943     1
52955     1
52957     0
52963     1
52968     2
52972    -6
52978     1
52980    -6
52982     0
52983     0
52984     0
52985     1
52986     1
52988     1
52993     0
52995     1
52996     2
52998     1
53068     0
53083   -19
53149     0
53192   -13
53195     0
53231     0
53272     0
53276   -24
53289   -22
53324     0
53336    -4
53337     0
53343     0
53348    -4
53352   -21
53357   -11
53362   -24
53367   -15
53368   -17
53378   -18
53384    -8
53385   -16
53391   -17
53392   -20
53397   -26
53399   -27
53419     0
53420     0
53433    -5
53446    -9
53455   -12
53457    -8
53463   -16
53464   -15
53467   -15
53469   -16
53472   -18
53475   -12
53478   -23
53480   -19
53481   -22
53483   -31
53484   -27
53486   -17
53487   -15
53488   -24
53491   -27
53492   -24
53498   -30
53499   -29
53502     0
53512     0
53513     0
53517     0
53518     0
53519     0
53522     0
53529    -3
53533    -7
53543   -17
53545   -11
53547    -6
53553   -22
53562   -25
53564   -23
53565   -21
53567    -9
53573   -29
53574   -14
53575   -24
53576   -24
53577   -23
53579   -23
53580   -27
53582   -30
53584   -33
53585   -28
53588   -21
53590   -22
53593   -22
53596   -24
53599   -25
53602   -10
53610     0
53611     0
53614     0
53615     0
53617     0
53618     0
53619     0
53644    -9
53646   -10
53651  -999
53658    -4
53659    -4
53660   -12
53662   -18
53663   -14
53664   -17
53665   -12
53666   -17
53669   -12
53673   -15
53674   -10
53676    -9
53677    -3
53678    -1
53679    -5
53680   -13
53681   -17
53682   -20
53685    -9
53688   -18
53689   -13
53690   -16
53691   -17
53692   -23
53693   -13
53694   -16
53695   -20
53696   -17
53697   -12
53698   -12
53699   -14
53704     0
53705    -2
53707    -9
53723   -13
53725    -9
53727    -8
53730   -11
53732   -15
53735  -999
53738   -19
53740   -18
53748   -13
53750    -9
53751   -14
53753   -36
53754   -13
53756   -18
53757   -22
53759   -10
53760    -2
53763    -4
53764    -7
53767    -5
53768    -9
53769   -11
53770    -7
53771    -6
53772    -7
53773   -14
53774    -6
53776    -8
53777   -12
53778    -7
53780    -1
53781   -11
53782    -6
53783    -4
53784   -14
53785   -14
53786    -6
53787    -9
53788     0
53789   -10
53790   -12
53791   -17
53792   -12
53794   -16
53795   -13
53796   -10
53797   -13
53798   -16
53799   -14
53806    -8
53810    -6
53817     0
53821    -4
53829    -4
53832   -14
53841   -21
53845   -10
53848   -12
53850   -19
53852    -6
53853    -1
53854  -999
53856    -7
53857   -10
53860    -5
53861    -2
53862    -7
53863    -9
53864     0
53865    -3
53866    -1
53868     0
53869    -2
53871   -12
53872    -7
53873     9
53874    -1
53875    -9
53878   -10
53879    -7
53880    -5
53881    -3
53882    -1
53883    -7
53885    -4
53886    -9
53888    -3
53889   -21
53890   -17
53891   -10
53892   -13
53893   -14
53894   -16
53895   -13
53896   -16
53897   -11
53898   -14
53899   -14
53903     1
53906     1
53908     2
53914     1
53915     1
53916     2
53917     1
53923    -5
53924    -6
53925    -2
53926    -5
53927     0
53928    -2
53929    -5
53930    -5
53931   -11
53934    -1
53935     0
53937    -4
53938    -6
53941    -8
53942   -11
53945   -10
53947   -11
53948  -999
53949   -16
53950   -10
53953     0
53954    -4
53955  -999
53956    -4
53957    -7
53958     6
53959    -4
53961     0
53962    -3
53963     0
53964    -5
53965    -4
53966     0
53967    -7
53970    -2
53972   -13
53973   -15
53974   -18
53975   -13
53976   -13
53978    -7
53979   -10
53980   -16
53981   -11
53982   -11
53983   -12
53984   -11
53985   -15
53986   -13
53987   -11
53988   -15
53989   -12
53991   -18
53992   -11
53993   -13
53994    -9
53995    -7
53996   -15
53997   -11
53998    -9
54012   -11
54024     1
54026    -2
54027    -2
54031     0
54039     1
54041     1
54047     0
54049     1
54063     1
54065     0
54069     1
54072     1
54076     1
54080     1
54092     1
54093    -1
54094     2
54096     1
54098     0
54099     1
54102   -10
54113    -2
54115    -2
54117    -2
54122    -1
54132    -3
54134     0
54135     0
54142     0
54154     0
54156     0
54157     0
54161     1
54164     0
54169     1
54171     1
54172     1
54181     1
54186    -6
54187     0
54195     0
54204   -13
54205   -14
54208   -13
54213     1
54214    -2
54218    -3
54223    -4
54225     0
54226    -3
54231     0
54234     0
54236    -5
54237    -4
54244     0
54245    -6
54249    -1
54252    -1
54254     0
54259    -4
54261    -3
54263     0
54266    -6
54267    -9
54273     1
54274    -4
54276     1
54284     1
54285     1
54290     1
54291     1
54292     1
54293     0
54301   -22
54304   -17
54305   -20
54308   -10
54311   -16
54313    -7
54316   -13
54318   -12
54319    -9
54320   -18
54321   -20
54323    -9
54324    -7
54325   -20
54326   -17
54327   -21
54328   -15
54331   -13
54332   -10
54333    -4
54334  -999
54335   -12
54336   -16
54337   -20
54338   -19
54339    -5
54342    -7
54346    -2
54347    -8
54349  -999
54351    -6
54362     0
54363     0
54365    -1
54371     0
54374     1
54377     0
54386     1
54398   -27
54399   -23
54401   -24
54404   -20
54405   -25
54408   -24
54410   -15
54412   -20
54416   -28
54419   -25
54420   -27
54421   -23
54423   -19
54424   -26
54425   -26
54428   -30
54429   -32
54430   -17
54431   -25
54432   -14
54433   -23
54434   -31
54436   -18
54437   -23
54438   -24
54439   -28
54449   -19
54453   -17
54454   -18
54455   -27
54471   -15
54474   -14
54475   -19
54476   -12
54483     0
54486    -8
54493    -1
54494    -9
54497     0
54499   -22
54501   -24
54502   -26
54503   -26
54505   -23
54506   -25
54507   -23
54510   -25
54511   -28
54512   -22
54513   -28
54514   -21
54515   -29
54517   -28
54518   -24
54519   -24
54520   -16
54521   -29
54522   -23
54523  -999
54525  -999
54527   -27
54528  -999
54530   -25
54531   -24
54532   -18
54533   -16
54534   -19
54535   -18
54539   -18
54540   -17
54541   -23
54563    -7
54568    -8
54569    -8
54579    -4
54584    -7
54590    -2
54594   -26
54596   -24
54597   -22
54601   -21
54602   -21
54603   -17
54604    -8
54605   -23
54606   -10
54607   -21
54608   -13
54609   -11
54610   -21
54611   -25
54612   -22
54613   -23
54614   -23
54615   -18
54616   -20
54617   -16
54618   -15
54619   -19
54620   -17
54621   -17
54622   -25
54623   -22
54624   -17
54626   -19
54627   -15
54628   -10
54631   -13
54632   -20
54633   -14
54636   -26
54640   -10
54644   -18
54660  -999
54662    -4
54700   -26
54701   -11
54702   -13
54703   -13
54704   -19
54705   -14
54706   -17
54707   -13
54708   -15
54709   -13
54710   -16
54711   -10
54712   -15
54713   -13
54714    -7
54715    -8
54716    -8
54717   -10
54718    -7
54719   -13
54722    -6
54723    -7
54724    -5
54725    -5
54726    -6
54727  -999
54728    -8
54729    -1
54730    -3
54731    -3
54734     0
54736     0
54737     0
54738     0
54744  -999
54749     0
54751    -5
54752     0
54753     0
54755     1
54759     0
54764     0
54765    -2
54766    -4
54774    -4
54776    -8
54777    -3
54778    -4
54800   -22
54801   -19
54802   -14
54803   -15
54804   -18
54805   -16
54806    -9
54807   -12
54808   -13
54809   -22
54810   -12
54811   -11
54814    -9
54815   -14
54816    -8
54817   -15
54818   -11
54819     0
54820   -10
54821   -10
54822    -3
54823    -8
54824    -4
54825    -7
54826     0
54827    -4
54828   -10
54829    -4
54830    -4
54831    -3
54832    -4
54833    -3
54834    -6
54835     0
54836     0
54837     0
54841     1
54842  -999
54843     0
54844    -1
54846    -2
54848    -1
54849     0
54851     0
54852     0
54853     0
54855     1
54857    -2
54861     0
54863    -3
54871    -6
54900   -11
54901   -16
54902   -14
54903   -13
54904   -12
54905    -9
54906   -12
54907    -8
54908   -13
54909   -10
54910    -9
54911    -6
54912    -5
54913    -8
54914    -8
54915   -13
54916   -10
54917    -5
54918    -8
54919   -12
54920    -9
54921   -10
54922    -6
54923    -2
54925    -6
54927   -10
54929     0
54932     0
54935     0
54936  -999
54938    -1
54939    -1
54940    -3
54943    -3
54945    -2
55228     0
55248     0
55279     0
55294     1
55299     1
55437     0
55472     0
55493     0
55572   -11
55578    -2
55585     0
55591     1
55598    -3
55655    -8
55664   -16
55680    -5
55681    -2
55690     1
55696     0
55773   -17
56004     3
56016     2
56018     1
56021     2
56029     0
56033     2
56034     3
56038     0
56043     2
56045   -12
56046     2
56065     1
56067     2
56071     2
56074     1
56079     3
56080     2
56081     2
56082     3
56084     2
56091     2
56092     1
56093     3
56094     1
56095     2
56096    25
56097     1
56106     0
56116     1
56125     1
56137     1
56144     1
56146    -1
56147     0
56151     0
56152    -2
56158     0
56164     0
56167     1
56168     0
56171     2
56172    -1
56173     1
56178     0
56180    -5
56181     0
56182     2
56183    -2
56184    -3
56185     1
56186     1
56187  -999
56188     0
56189    -2
56190     0
56192     1
56193     2
56194     1
56195     0
56196     0
56197     0
56198     0
56199     1
56202     0
56223     1
56227     2
56247     1
56251     1
56257     1
56263     0
56267     0
56272    -3
56273     1
56276    -3
56278     2
56279     1
56280     1
56281    -1
56284     1
56285    -1
56287     1
56289    -5
56290    -7
56291     1
56295     0
56296    -2
56297     0
56298     1
56307     1
56312     1
56317     1
56331     0
56357     1
56371     1
56373     0
56374     1
56376    -9
56378    -2
56380     2
56381     0
56382    -3
56383    -5
56384     1
56385     2
56386    -5
56387    -9
56389    -3
56390     1
56393     0
56394    -1
56395     1
56396    -1
56399    -6
56434     0
56441    -1
56443     0
56444     0
56459     1
56462     2
56473     0
56474     1
56475     0
56478     1
56479     2
56480    -1
56483    -1
56485     1
56487     0
56489     1
56490     1
56492    -5
56493     1
56496     1
56497     1
56499     1
56533  -999
56543     0
56548     0
56565     1
56567    -2
56569     0
56571     1
56575     1
56578     0
56582     1
56584     0
56585     2
56586     1
56592     1
56593    -4
56594     1
56595     1
56596     0
56598     1
56641     0
56645     1
56646    -6
56649   -11
56651     1
56652     1
56654    -2
56664    -1
56665    -1
56669    -2
56670     1
56671     1
56673     0
56675     0
56684     0
56688    -4
56691     2
56693  -999
56697    -1
56739     2
56742   -13
56745    -8
56746    -5
56748    -9
56751    -6
56752    -3
56755   -11
56756    -7
56757    -5
56761     0
56763    -2
56764    -9
56766    -1
56767    -3
56768     0
56772     1
56774     0
56775     0
56777    -1
56778     1
56781     1
56782     0
56783     1
56785     2
56786     0
56788     1
56790     0
56792  -999
56793     0
56835    -4
56836     1
56838   -10
56839    -3
56840     1
56841     2
56842     0
56843    -7
56844    -6
56846    -7
56849     0
56851   -13
56854    -6
56856   -16
56862     0
56863    -4
56867   -18
56869     0
56870     0
56871     1
56872     1
56873     2
56875     0
56876     1
56878     1
56879     1
56880     1
56881     2
56882     2
56883     1
56885     0
56886     1
56889     1
56891     1
56898     1
56944    -5
56946    -5
56948    -9
56949   -13
56950   -17
56951    -3
56952   -11
56954   -18
56958     0
56959    -7
56961     0
56962     0
56964    -4
56966     1
56969     0
56970     0
56973     0
56975     1
56976    -1
56977     1
56978     0
56982     0
56984     0
56985     1
56986     1
56987     3
56989     1
56992     1
56994     2
56995    -1
56996    -7
57001     1
57002     0
57003  -999
57004     1
57006     1
57007     2
57008     2
57011     0
57012     0
57014  -999
57016     0
57020    -1
57021     0
57022    -6
57023   -11
57024    -5
57025  -999
57026    -9
57027    -4
57028  -999
57029   -13
57030  -999
57031    -6
57032    -5
57033    -9
57034    -7
57035   -10
57036   -12
57037   -10
57038   -13
57039   -15
57040   -13
57042    -6
57043   -16
57044    -9
57045   -14
57046   -15
57047   -15
57048  -999
57049  -999
57051   -12
57053    -4
57054   -17
57055   -20
57056   -14
57057    -8
57060    -9
57061    -6
57063    -3
57065    -4
57066     0
57067     0
57070    -5
57071   -12
57072    -9
57074    -8
57075   -13
57076    -9
57077   -11
57078   -15
57079   -12
57080   -11
57081   -14
57082   -13
57083   -13
57085   -14
57086   -12
57087    -7
57089   -13
57090   -11
57091   -12
57093   -12
57094   -16
57095   -14
57096   -14
57098   -16
57099    -4
57102     1
57105     2
57106     0
57110     1
57111     1
57113     1
57119     0
57124  -999
57126    -3
57127     1
57128    -5
57129     0
57132   -11
57134    -1
57137    -6
57140    -8
57143    -6
57144     0
57153    -4
57154  -999
57155    -2
57156     0
57162    -8
57169    -9
57173   -13
57175   -15
57176    -9
57177   -11
57178   -15
57179   -13
57180   -17
57181   -15
57182   -13
57183   -13
57184   -14
57185   -13
57186   -13
57187   -13
57188   -15
57189   -14
57191   -14
57192    -8
57193   -13
57194   -12
57195    -9
57196    -6
57198    -6
57206     2
57208     1
57211  -999
57213     1
57216     0
57217     1
57231    -2
57232    -2
57233     0
57237    -4
57238  -999
57242    -3
57245     0
57247    -8
57248     1
57249     0
57251    -4
57253    -5
57254   -10
57257    -7
57259    -5
57260    -2
57261    -4
57265    -2
57268     0
57271   -10
57273   -16
57274   -12
57279    -7
57281   -10
57290   -11
57292   -13
57293   -10
57294   -11
57295   -15
57296   -13
57297   -11
57298   -15
57299   -11
57303     1
57304     1
57306     0
57307     1
57308     1
57309     2
57313     1
57314     1
57315     1
57317     1
57318     0
57320     1
57324     0
57326    -3
57328     1
57329     0
57333    -2
57339    -9
57343  -999
57345     0
57348   -13
57349    -5
57355    -2
57361    -5
57362     0
57363     0
57368     2
57370     0
57377     2
57378     2
57385    -5
57387     0
57388    -3
57389     0
57390    -9
57396    -8
57398    -3
57399     1
57401     2
57402     3
57405     2
57407     1
57408     1
57409     0
57411     1
57413     0
57414     1
57415     2
57416     1
57417     2
57420     0
57425     1
57426     1
57431     0
57432    -1
57438    -4
57447     0
57458    -1
57460     4
57461     3
57464     3
57465     2
57466     2
57469     2
57475     2
57476     2
57477     1
57481     1
57483     1
57485     1
57486     1
57489     0
57491     0
57492     1
57494     1
57496     1
57498     1
57499    -6
57505     1
57506     0
57507     0
57509     1
57510     2
57511     2
57513     0
57514     1
57516     0
57518     0
57519     1
57522     0
57525     1
57537     0
57540     1
57541     0
57543     0
57544     0
57545     1
57554    -7
57558     0
57562     0
57564    -7
57565     0
57566     1
57571     0
57574    -3
57575     0
57577     0
57582     1
57583     0
57584     0
57585    -3
57586     2
57589     1
57590     1
57598     1
57603     1
57605    -8
57606    -4
57608    -5
57609     0
57614  -999
57623     1
57625  -999
57633     2
57634     0
57635     2
57636     0
57637     0
57640     1
57643     1
57646     1
57647  -999
57649     0
57655     1
57657     1
57658     2
57661    -5
57662   -10
57663    -4
57666     1
57669     0
57671     0
57674     0
57678     2
57680     0
57682     3
57687     3
57688     2
57694     1
57698     0
57699    -9
57707     1
57708     1
57710  -999
57713     0
57714     0
57717     0
57718  -999
57719     1
57720    -2
57722  -999
57723    -6
57728     1
57729  -999
57731    -2
57732    -6
57734     1
57735     2
57736     1
57737     1
57738     2
57739     2
57740     1
57741  -999
57742     1
57743     1
57744     1
57745     2
57754     2
57760     2
57762     2
57763     2
57766     1
57767     2
57768     1
57769     1
57771     2
57772     2
57773     2
57774     1
57776     2
57777     2
57778     3
57780     0
57781     2
57786     1
57792     0
57793     0
57796   -11
57798     0
57799     0
57800     0
57803   -11
57805  -999
57806   -16
57807    -2
57808   -13
57809    -1
57811     0
57813     0
57814   -10
57816     1
57818     1
57821     0
57822     1
57824     0
57825     2
57827  -999
57828     2
57829     4
57832     2
57834     2
57835     2
57837     4
57839  -999
57840  -999
57842     3
57844     3
57845     2
57846     3
57851     1
57853     2
57859     3
57860     1
57865     3
57866     3
57867     3
57868     1
57870     2
57871     0
57872     1
57874     2
57875     1
57876     1
57881     1
57882     1
57883     4
57886     2
57887     1
57891     2
57894     3
57895     0
57896     1
57899     0
57900     1
57902     1
57903   -10
57905     0
57906     1
57907  -999
57908     1
57909     1
57910  -999
57912  -999
57913     2
57914     0
57915     0
57916     1
57921    -8
57922     0
57923     0
57926  -999
57927    -5
57932     1
57936     2
57941     1
57942     3
57947     2
57948     3
57949     3
57954     3
57955     4
57956     3
57957     3
57960     4
57962     3
57964     3
57965     4
57966     2
57969     2
57971     2
57972     1
57973     2
57975     4
57976     2
57978     4
57981     2
57985     3
57988     2
57989     1
57990     3
57991     3
57992     2
57993     2
57994     3
57995     3
57996     1
58001     0
58002    -7
58003    -3
58004    -9
58005     0
58006     0
58007     0
58008    -6
58011    -8
58012   -10
58013    -9
58015    -6
58016    -8
58017    -2
58020    -7
58021    -7
58022    -8
58024    -8
58025    -1
58026  -999
58027    -6
58030    -2
58032     0
58034  -999
58035    -5
58036    -4
58038  -999
58040     0
58041    -4
58044     0
58047  -999
58048    -6
58049    -9
58100    -1
58101     0
58102    -6
58104    -4
58107   -15
58108   -13
58109   -10
58114   -10
58117    -6
58118  -999
58122   -12
58125    -5
58126   -13
58127    -7
58128   -10
58129   -15
58130  -999
58131    -8
58132    -7
58135  -999
58138   -14
58139    -8
58140    -9
58141    -8
58143  -999
58145   -11
58146   -10
58147    -9
58148   -12
58150    -6
58154   -11
58158  -999
58202   -12
58203   -13
58205   -10
58207    -2
58208   -11
58210   -16
58212   -14
58214   -12
58215   -10
58220    -8
58221   -11
58222   -13
58223   -12
58224   -13
58230    -7
58234   -12
58235   -10
58236   -12
58237    -6
58238    -5
58240   -13
58241   -10
58242    -2
58243    -2
58244    -1
58245    -4
58247    -6
58249    -7
58250    -8
58251   -10
58254    -8
58255  -999
58257    -5
58259   -12
58264   -12
58265   -14
58268   -11
58269   -10
58301   -10
58306    -4
58311    -2
58314     0
58316    -6
58317     2
58319     2
58320    -8
58321    -7
58323    -8
58326    -4
58327     0
58329     1
58330    -8
58331    -6
58334     1
58335     1
58337     1
58338     0
58339     1
58340     0
58341    -5
58342     0
58343    -6
58344     0
58345     1
58346     1
58352    -6
58353    -2
58354  -999
58356  -999
58358     1
58360   -14
58361    -1
58362     0
58365    -6
58366    -4
58367    -3
58369    -4
58401     2
58402     1
58404     0
58407    -3
58408    -1
58409     1
58415     1
58416     1
58417     1
58418     2
58420     1
58421     1
58424     2
58426     1
58427     0
58428     1
58431    -2
58432     0
58433    -2
58435     1
58436    -8
58437     3
58438     2
58441     0
58442     0
58443     0
58446    -8
58448  -999
58449     1
58450  -999
58451     0
58452     0
58453     1
58454     0
58455     1
58456     1
58457     1
58458     1
58459     0
58460     1
58461    -3
58462    -1
58463    -4
58464     1
58467     1
58468     1
58472    -3
58477     2
58501     0
58502     2
58503     1
58506     3
58508     2
58509     1
58510     3
58514     3
58517     4
58519     2
58523     1
58527     2
58529     2
58530     1
58531     2
58534     1
58537     2
58542    -1
58543     2
58544     2
58546     2
58547     1
58548     1
58549     1
58550     1
58553  -999
58556     1
58557  -999
58558     0
58559     1
58562     1
58563     1
58565     0
58567     0
58569     1
58570     3
58601     1
58602     1
58605     0
58606     1
58608     0
58609     1
58612     0
58614     1
58615     1
58616     1
58618     2
58620     1
58624     3
58625     2
58626     2
58629     2
58631     0
58632     0
58633     1
58634     1
58635     1
58642     1
58643     1
58644     0
58646     1
58647     2
58652  -999
58654     0
58656     1
58657     0
58658     1
58659     2
58660     0
58664     1
58665     1
58666     2
58667     1
58693     2
58701     1
58704     1
58706     1
58707     0
58710     2
58712     2
58713     2
58714     2
58715     1
58719     1
58724     2
58725     1
58730     2
58731     1
58735     1
58736     2
58737     1
58742  -999
58745     2
58746     2
58747     2
58748     2
58749     2
58750     1
58751     1
58752     2
58754     1
58760     1
58804     1
58813     0
58814     1
58819     1
58820     0
58821     0
58822     0
58823     1
58824     1
58826     0
58828     1
58834    -2
58836     1
58839     1
58844     2
58845     1
58846     2
58847     2
58848     1
58903     2
58905     1
58906     2
58907     2
58911     1
58912     2
58917     3
58918    30
58921     1
58923     1
58926     2
58928    21
58929     1
58931     2
58932     1
58933     3
58934     2
58935     2
58941     2
58942     3
58944     2
58946     2
59001     1
59004     1
59007     1
59012     1
59015    -5
59017    -7
59021     0
59022     1
59023     3
59025     0
59027    -9
59031     1
59033     1
59034     0
59037     0
59038    -2
59041     1
59044     0
59045     1
59046     1
59047     1
59051     2
59052     1
59053     1
59055     1
59057     2
59058     1
59059     2
59061     3
59063     2
59064     2
59065     0
59071     2
59072     2
59074     1
59075     2
59081     2
59082     3
59087     1
59088  -999
59090     0
59091     2
59093     2
59094     3
59096     3
59097  -999
59099     4
59102     2
59106     4
59107  -999
59109     3
59114     3
59116  -999
59117     2
59122    17
59124     2
59125     2
59126     2
59127     1
59130     1
59131     1
59133     2
59134     2
59137     2
59205     1
59209    -2
59211    -6
59213    -8
59215     1
59218     1
59224    -7
59227    -6
59228    -5
59229     0
59230    -7
59235     1
59237    -8
59238    -4
59241     1
59242     2
59246     2
59249     2
59254     2
59255     2
59256     2
59264     1
59265     1
59266     2
59268     2
59269     2
59270     0
59271     0
59276     1
59278     0
59279     1
59280  -999
59284     0
59285     1
59287     2
59288     2
59289  -999
59290     3
59293     3
59294     2
59297    26
59298    22
59303     2
59304  -999
59306  -999
59310     2
59312     3
59313     4
59314     4
59315     3
59316     3
59318    30
59319     3
59320     2
59321    27
59322     2
59324     3
59417     0
59419     1
59421     0
59425     1
59426     1
59427     2
59429     2
59431     1
59435     0
59441     1
59446     2
59448     2
59449     2
59451     3
59452     3
59453     1
59454     2
59456     4
59457     3
59462     1
59469     4
59470     1
59471     1
59473     2
59475     4
59476     2
59477    24
59478    22
59480     2
59481    23
59485  -999
59487    26
59488  -999
59492    22
59493     2
59500    28
59501    29
59502    27
59626     2
59632     2
59640    -2
59644     0
59647     0
59650     1
59653     1
59654     0
59655     2
59656     1
59658     1
59659     2
59663     1
59664     1
59673     2
59750     1
59754     1
59757     1
59758     1
59838     0
59842     1
59843     1
59845     2
59847    -6
59848     2
59849     0
59851     0
59854     1
59855     0
59856     1
59940     0
59941    -2
59945   -13
59948     1
59951    -6
59954    -8
