50136     1
50246    -3
50349   -15
50353     1
50425   -10
50431    -4
50434    -5
50442    -8
50445   -10
50468     1
50514    -8
50524   -10
50525    -5
50526     0
50527    -7
50548    -2
50557     1
50564     1
50566     1
50603    -9
50618    -2
50632    -2
50639     1
50646     1
50647     1
50655     1
50656     1
50658     1
50673     2
50674     1
50727     1
50741    -2
50742     1
50745     1
50749     1
50750     1
50755     1
50756     1
50758     0
50772     1
50774     1
50775     0
50776     1
50778     1
50779     2
50788     1
50832     1
50833     1
50834     1
50838     1
50842     1
50844     0
50851     0
50852     0
50853     1
50854     1
50858     0
50861     1
50862     1
50867     1
50871     2
50873     2
50877     2
50878     1
50879     1
50880     1
50884     2
50888     1
50892     1
50913     1
50915     0
50928     0
50934     1
50936     0
50937     1
50939     0
50940     0
50946     0
50948     2
50949     0
50950     0
50953     1
50954     0
50958     1
50960     1
50962     1
50963     1
50964     1
50965     0
50968     0
50978     1
50979     1
50983     1
50985     1
51053     0
51059  -999
51060  -999
51068     0
51076     0
51087     0
51133    -5
51137    -7
51145    -7
51156     0
51186     0
51232     0
51238  -999
51241    -9
51243     0
51288     0
51328    -4
51329    -7
51330    -6
51334     0
51346     0
51352     0
51353     0
51356    -9
51357     0
51358  -999
51359     0
51365     0
51367     0
51369     0
51377     0
51378     0
51379     0
51430    -9
51431   -10
51433  -999
51434    -6
51435    -4
51436    -3
51437     0
51438     0
51463     0
51465     1
51467    -2
51468     1
51469  -999
51470  -999
51477     0
51482     0
51495     0
51526     0
51542     0
51559     0
51567     0
51568     0
51571     0
51572     0
51573     0
51581     0
51627     0
51628     0
51629     0
51633     0
51636     0
51639  -999
51642     0
51644     0
51655  -999
51656     0
51701     1
51704  -999
51705     1
51707     0
51708     0
51709     0
51711    -4
51716     0
51717     0
51720     0
51722     0
51730     0
51765     0
51777     0
51802     0
51804     0
51810  -999
51811     0
51814     0
51815     0
51818     0
51826     0
51827     0
51828     0
51829     0
51839     0
51855     0
51886     0
51931     0
52101     1
52112  -999
52203     0
52267     0
52313     0
52323     0
52378     0
52418     0
52424     0
52436     0
52446     0
52447     0
52495     0
52515     0
52533     0
52546     0
52557     0
52575     0
52576     0
52602     0
52607     0
52633    -6
52643    -1
52645     0
52652     0
52656    -4
52657    -1
52661    -2
52674    -4
52679     0
52681     0
52707     0
52713     0
52737     0
52745    -5
52754    -3
52765     1
52784     0
52787     1
52797     0
52818     0
52825     0
52833     0
52836    -2
52842    -6
52853     1
52855     0
52856    -5
52862     1
52863     1
52866     0
52868     0
52869     1
52874     0
52876     1
52884  -999
52885     1
52889    -5
52895    -2
52896     0
52908     0
52943     0
52955     1
52957     1
52963     0
52968     0
52972     0
52978     0
52980     0
52982     1
52983    -3
52984     1
52985     1
52986     1
52988     1
52993    -5
52995     0
52996    -1
52998     0
53068     0
53083     0
53149     0
53192     0
53195     0
53231     0
53272     0
53276     0
53289     0
53324     0
53336     1
53337     1
53343     0
53348     1
53352    -1
53357     0
53362    -2
53367     0
53368     0
53378     0
53384     0
53385     0
53391    -2
53392     0
53397    -9
53399    -4
53419     0
53420     0
53433     0
53446     0
53455     0
53457     0
53463     0
53464     1
53467     0
53469     0
53472    -1
53475     0
53478     0
53480     0
53481    -3
53483    -1
53484    -1
53486    -2
53487    -2
53488    -2
53491    -5
53492    -4
53498    -1
53499    -1
53502     0
53512     0
53513     0
53517     0
53518     0
53519     0
53522     0
53529     0
53533     1
53543     1
53545   -11
53547     0
53553     0
53562    -1
53564     0
53565     0
53567     0
53573    -3
53574    -3
53575    -1
53576    -2
53577     1
53579    -3
53580    -3
53582    -5
53584     0
53585    -3
53588    -2
53590    -5
53593    -4
53596    -8
53599    -5
53602    -3
53610     1
53611     0
53614     0
53615     0
53617     0
53618     0
53619     0
53644     1
53646     0
53651  -999
53658     1
53659     1
53660     0
53662    -3
53663     0
53664    -1
53665    -5
53666    -5
53669    -2
53673    -4
53674    -4
53676    -7
53677    -3
53678    -4
53679     0
53680    -6
53681    -1
53682    -8
53685    -3
53688    -8
53689     0
53690    -9
53691     0
53692    -6
53693    -4
53694    -8
53695    -8
53696    -5
53697     0
53698     0
53699     0
53704     0
53705    -4
53707    -4
53723    -1
53725    -1
53727    -6
53730     0
53732     1
53735  -999
53738     0
53740     1
53748     1
53750     0
53751     0
53753     0
53754     0
53756    -1
53757    -1
53759     0
53760     1
53763    -2
53764     0
53767     0
53768     0
53769     0
53770     0
53771    -2
53772     0
53773    -4
53774     0
53776     1
53777     0
53778     0
53780     1
53781    -3
53782    -4
53783    -4
53784     0
53785     0
53786    -3
53787     0
53788    -2
53789     0
53790     0
53791    -1
53792    -4
53794    -2
53795    -2
53796     1
53797    -5
53798   -10
53799    -9
53806    -1
53810    -4
53817     0
53821     0
53829    -1
53832    -1
53841     0
53845     0
53848     0
53850     0
53852     0
53853    -2
53854  -999
53856     0
53857    -7
53860     0
53861    -5
53862     0
53863    -4
53864    -1
53865    -5
53866    -5
53868    -3
53869    -5
53871    -6
53872    -6
53873    -8
53874    -2
53875    -5
53878   -10
53879    -4
53880    -7
53881     0
53882   -12
53883    -7
53885    -9
53886   -12
53888    -7
53889    -7
53890    -7
53891    -9
53892    -6
53893    -6
53894    -7
53895    -4
53896    -5
53897    -4
53898    -5
53899    -7
53903    -4
53906     0
53908    -3
53914    -3
53915    -1
53916     0
53917     0
53923    -3
53924    -1
53925    -3
53926     0
53927     0
53928     0
53929    -2
53930     0
53931     0
53934    -1
53935     0
53937    -1
53938     0
53941    -4
53942    -4
53945    -3
53947    -4
53948  -999
53949    -4
53950    -5
53953     0
53954    -7
53955  -999
53956   -10
53957    -5
53958   -11
53959   -11
53961    -4
53962    -5
53963    -8
53964    -9
53965    -9
53966    -7
53967   -10
53970    -8
53972    -6
53973   -13
53974    -7
53975    -9
53976   -10
53978    -4
53979   -10
53980    -6
53981    -5
53982    -9
53983    -6
53984    -7
53985    -6
53986    -9
53987    -9
53988    -2
53989    -7
53991    -6
53992    -4
53993    -8
53994    -5
53995    -4
53996    -6
53997     0
53998   -10
54012     0
54024    -3
54026     1
54027    -1
54031     1
54039     1
54041     1
54047     1
54049     1
54063     1
54065     1
54069     0
54072     1
54076    -1
54080     1
54092     1
54093     1
54094     1
54096     2
54098     2
54099     1
54102     0
54113    -6
54115    -8
54117    -8
54122     0
54132     1
54134     1
54135     0
54142     1
54154    -2
54156     0
54157    -2
54161     0
54164     1
54169    -4
54171    -2
54172    -1
54181     0
54186     2
54187     1
54195     2
54204    -3
54205    -1
54208    -6
54213    -7
54214   -13
54218    -9
54223     1
54225     0
54226     1
54231     1
54234     0
54236     0
54237     0
54244     0
54245     0
54249    -4
54252    -5
54254    -6
54259    -4
54261     0
54263    -2
54266    -4
54267     0
54273    -2
54274     0
54276    -2
54284     0
54285     0
54290     1
54291     1
54292     1
54293     1
54301    -4
54304     0
54305     0
54308    -9
54311    -8
54313    -8
54316   -11
54318   -10
54319     0
54320    -4
54321     0
54323     0
54324     0
54325    -2
54326     0
54327     0
54328     0
54331     0
54332     1
54333     0
54334  -999
54335     0
54336     0
54337    -2
54338     0
54339    -3
54342     0
54346     0
54347    -4
54349  -999
54351    -4
54362     0
54363     0
54365     1
54371    -5
54374     0
54377     0
54386     0
54398    -9
54399    -9
54401    -2
54404    -2
54405    -5
54408    -2
54410    -2
54412    -7
54416    -6
54419     0
54420   -10
54421    -3
54423    -6
54424   -11
54425    -1
54428     0
54429     1
54430    -3
54431     0
54432     1
54433    -1
54434     0
54436     1
54437     1
54438     1
54439     1
54449     1
54453     0
54454     0
54455     0
54471     0
54474     0
54475     0
54476     1
54483     0
54486     0
54493     1
54494     1
54497     2
54499    -1
54501    -2
54502    -3
54503    -1
54505    -8
54506    -6
54507    -1
54510     0
54511    -6
54512    -2
54513    -7
54514    -5
54515    -4
54517     0
54518     1
54519     0
54520    -2
54521     0
54522     1
54523  -999
54525  -999
54527     0
54528  -999
54530     0
54531     1
54532     1
54533     0
54534     1
54535     1
54539     1
54540     1
54541     1
54563    -9
54568   -10
54569   -10
54579    -4
54584     0
54590     1
54594    -1
54596    -6
54597    -7
54601    -3
54602    -1
54603     0
54604     0
54605     0
54606     1
54607    -7
54608     0
54609     0
54610    -1
54611    -7
54612    -1
54613     1
54614     1
54615     0
54616     1
54617     0
54618     0
54619     1
54620     0
54621     0
54622     1
54623     1
54624     0
54626     0
54627     0
54628     0
54631   -10
54632   -10
54633     0
54636     1
54640    -9
54644     1
54660  -999
54662    -6
54700     0
54701     0
54702     0
54703     1
54704     0
54705     0
54706     0
54707     0
54708     0
54709     0
54710     1
54711     1
54712     0
54713     1
54714     1
54715     0
54716     1
54717     1
54718     0
54719     1
54722     0
54723     1
54724     0
54725     0
54726     1
54727  -999
54728     1
54729    -6
54730     0
54731     0
54734     0
54736   -10
54737   -14
54738    -6
54744  -999
54749    -2
54751    -4
54752    -5
54753    -2
54755    -3
54759    -6
54764    -6
54765    -7
54766    -5
54774    -8
54776   -12
54777   -11
54778   -13
54800    -8
54801    -4
54802     1
54803     0
54804    -8
54805     0
54806   -14
54807    -6
54808    -6
54809    -3
54810     0
54811     0
54814    -8
54815   -10
54816    -9
54817   -10
54818    -2
54819   -11
54820    -5
54821     0
54822    -8
54823   -10
54824    -5
54825    -7
54826   -10
54827   -11
54828    -6
54829    -8
54830   -11
54831    -4
54832    -8
54833    -9
54834    -9
54835    -8
54836    -3
54837    -8
54841   -13
54842  -999
54843   -11
54844   -10
54846    -4
54848    -6
54849    -9
54851    -6
54852   -10
54853    -9
54855   -11
54857    -9
54861   -12
54863   -19
54871   -16
54900    -6
54901    -9
54902    -5
54903   -12
54904   -16
54905   -12
54906    -6
54907    -7
54908   -16
54909   -10
54910   -12
54911   -10
54912    -5
54913    -7
54914   -12
54915   -15
54916   -12
54917    -9
54918   -13
54919    -8
54920    -4
54921    -4
54922    -9
54923    -4
54925    -8
54927    -4
54929    -5
54932     0
54935    -3
54936  -999
54938   -10
54939    -6
54940    -5
54943    -9
54945     0
55228     0
55248     0
55279    -1
55294    -4
55299     0
55437     0
55472     0
55493   -10
55572  -999
55578    -6
55585    -5
55591   -11
55598    -1
55655    -4
55664    -3
55680     0
55681    -8
55690     0
55696    -6
55773     0
56004    -3
56016    -1
56018    -1
56021     0
56029     1
56033     1
56034     0
56038     2
56043     0
56045     0
56046     0
56065     1
56067     1
56071     1
56074     0
56079     0
56080     1
56081     0
56082     0
56084     0
56091     0
56092    -1
56093     0
56094    -1
56095     1
56096    -8
56097    -2
56106     1
56116     1
56125     1
56137     1
56144     2
56146     3
56147     1
56151     1
56152     1
56158     2
56164     1
56167     2
56168     2
56171     0
56172     3
56173     1
56178     1
56180     0
56181     0
56182     1
56183     0
56184     1
56185     1
56186     1
56187  -999
56188     1
56189    -2
56190     1
56192    -7
56193    -2
56194     1
56195     1
56196    -2
56197    -2
56198     0
56199     0
56202    -7
56223    -3
56227     2
56247    -9
56251     1
56257     1
56263     1
56267     1
56272    -1
56273     1
56276     0
56278     0
56279     1
56280     1
56281     1
56284     1
56285     0
56287     1
56289     0
56290    -1
56291     0
56295     0
56296     0
56297     0
56298     1
56307    -2
56312     1
56317     1
56331    -2
56357     0
56371     0
56373     1
56374     1
56376     0
56378    -2
56380     1
56381     1
56382     0
56383     1
56384     1
56385     2
56386     1
56387     0
56389     1
56390    -1
56393     1
56394     0
56395     0
56396     1
56399     1
56434     2
56441    -2
56443     0
56444     1
56459     0
56462     1
56473     1
56474     1
56475     0
56478     2
56479     2
56480     1
56483     1
56485     2
56487     1
56489     2
56490     2
56492     3
56493     3
56496     2
56497     2
56499     3
56533  -999
56543     0
56548    -6
56565     0
56567     0
56569     2
56571     3
56575     3
56578     3
56582     2
56584     2
56585     1
56586     1
56592     2
56593     3
56594     2
56595     1
56596     2
56598     1
56641     2
56645    -5
56646    -2
56649    -3
56651     0
56652     0
56654   -10
56664     1
56665     1
56669     1
56670     1
56671     1
56673     2
56675     2
56684     1
56688     0
56691     2
56693  -999
56697     0
56739     1
56742    -9
56745     0
56746     0
56748     0
56751     1
56752    -5
56755    -4
56756     1
56757     0
56761     0
56763     0
56764     0
56766     1
56767     0
56768     0
56772     1
56774     1
56775     1
56777     1
56778     0
56781     1
56782     2
56783     1
56785     1
56786     0
56788     1
56790     0
56792  -999
56793     0
56835    -5
56836    -1
56838    -2
56839     0
56840     0
56841     1
56842    -5
56843     0
56844    -4
56846     1
56849     0
56851    -8
56854    -4
56856   -11
56862     1
56863     0
56867     1
56869     1
56870    -1
56871     1
56872     2
56873     0
56875     0
56876     0
56878     1
56879     1
56880     1
56881     2
56882     0
56883     1
56885     0
56886    -1
56889     1
56891     1
56898     0
56944     0
56946    -6
56948   -11
56949    -9
56950    -6
56951    -8
56952     1
56954     1
56958     1
56959     1
56961     1
56962    -2
56964     0
56966    -5
56969     0
56970    -5
56973    -7
56975    -4
56976    -9
56977     0
56978    -2
56982     0
56984    -3
56985    -2
56986    -3
56987     2
56989     1
56992    -4
56994     1
56995     0
56996     1
57001    -5
57002    -3
57003  -999
57004    -5
57006    -5
57007     0
57008    -1
57011     0
57012     0
57014  -999
57016     0
57020    -2
57021     0
57022     0
57023    -1
57024    -2
57025  -999
57026    -4
57027    -2
57028  -999
57029    -4
57030  -999
57031    -1
57032    -4
57033    -4
57034    -5
57035    -4
57036    -4
57037    -1
57038    -6
57039    -2
57040    -3
57042    -2
57043    -5
57044    -4
57045    -8
57046    -2
57047    -3
57048  -999
57049  -999
57051    -4
57053    -6
57054    -3
57055    -5
57056    -4
57057    -4
57060    -3
57061    -4
57063    -5
57065    -9
57066    -5
57067    -8
57070    -5
57071    -7
57072    -7
57074    -9
57075   -17
57076    -8
57077   -10
57078   -11
57079    -8
57080    -8
57081    -8
57082    -5
57083     0
57085    -5
57086    -8
57087   -11
57089   -12
57090    -8
57091   -11
57093   -13
57094   -13
57095   -10
57096   -16
57098   -12
57099    -9
57102     0
57105     0
57106     0
57110     1
57111     0
57113     0
57119    -2
57124  -999
57126    -5
57127    -2
57128    -6
57129    -5
57132    -2
57134     0
57137    -6
57140    -4
57143    -1
57144    -9
57153    -5
57154  -999
57155    -5
57156    -8
57162    -5
57169    -7
57173    -8
57175    -5
57176    -8
57177   -14
57178    -8
57179    -3
57180   -12
57181   -11
57182   -12
57183   -13
57184    -9
57185   -12
57186   -13
57187    -7
57188   -13
57189    -7
57191   -18
57192   -11
57193   -12
57194   -11
57195    -9
57196    -5
57198    -8
57206     0
57208     1
57211  -999
57213    -4
57216    -1
57217    -1
57231    -1
57232    -6
57233    -3
57237    -3
57238  -999
57242    -3
57245     0
57247    -4
57248     0
57249     0
57251    -5
57253     0
57254    -2
57257    -6
57259    -5
57260   -10
57261    -5
57265   -14
57268   -10
57271    -9
57273    -9
57274    -4
57279    -7
57281    -5
57290    -9
57292    -7
57293    -3
57294    -7
57295    -1
57296    -4
57297    -8
57298    -9
57299   -13
57303     0
57304     0
57306     1
57307     1
57308     1
57309     1
57313    -3
57314     1
57315     1
57317     0
57318     0
57320    -6
57324     0
57326     0
57328     0
57329     0
57333    -2
57339    -3
57343  -999
57345    -7
57348    -7
57349    -3
57355     0
57361    -6
57362    -5
57363   -16
57368    -5
57370   -15
57377    -6
57378   -10
57385   -20
57387   -18
57388   -20
57389   -20
57390   -16
57396   -15
57398   -14
57399   -14
57401     2
57402     3
57405     1
57407     2
57408     1
57409     1
57411     1
57413    -1
57414     1
57415     1
57416     1
57417     1
57420     0
57425     1
57426     1
57431     0
57432     0
57438     1
57447     1
57458     1
57460     0
57461    -5
57464     0
57465    -4
57466    -4
57469    -7
57475   -10
57476    -9
57477    -8
57481   -18
57483   -13
57485    -5
57486   -11
57489    -8
57491   -10
57492   -11
57494    -6
57496    -5
57498    -8
57499    -2
57505     1
57506     2
57507     2
57509     1
57510     1
57511     1
57513     2
57514     2
57516     2
57518     1
57519     1
57522     1
57525     1
57537     0
57540     1
57541     1
57543     2
57544     1
57545     1
57554     1
57558     1
57562     0
57564     0
57565    -1
57566     0
57571    -4
57574    -3
57575    -2
57577    -3
57582    -5
57583    -8
57584    -4
57585    -2
57586    -1
57589     0
57590    -2
57598     0
57603     2
57605     1
57606     0
57608     2
57609     1
57614  -999
57623     0
57625  -999
57633     1
57634    -2
57635     0
57636     0
57637     0
57640     1
57643     1
57646     0
57647  -999
57649     0
57655     0
57657     1
57658     1
57661     0
57662     0
57663    -2
57666     0
57669     0
57671     0
57674     0
57678     0
57680     0
57682    -2
57687     0
57688     1
57694    -1
57698     1
57699     1
57707     1
57708     1
57710  -999
57713    -2
57714     1
57717     0
57718  -999
57719     1
57720     1
57722  -999
57723     0
57728     1
57729  -999
57731     0
57732     0
57734     1
57735     1
57736     1
57737     1
57738     1
57739     1
57740     0
57741  -999
57742     2
57743     1
57744     1
57745     1
57754     1
57760     1
57762     0
57763     0
57766     0
57767     1
57768     0
57769     0
57771     0
57772     0
57773     1
57774     0
57776     1
57777     1
57778     0
57780     1
57781     1
57786     1
57792     1
57793     1
57796     1
57798     0
57799     0
57800     1
57803     1
57805  -999
57806     1
57807     1
57808     1
57809     2
57811     1
57813     1
57814     1
57816     2
57818     0
57821     1
57822     1
57824     1
57825     1
57827  -999
57828     1
57829     0
57832     1
57834     1
57835     1
57837     0
57839  -999
57840  -999
57842     0
57844     0
57845    -1
57846    -2
57851     0
57853     1
57859     0
57860    -4
57865    -2
57866     0
57867     0
57868     0
57870     0
57871     0
57872     0
57874     0
57875     0
57876     0
57881     0
57882    -3
57883     1
57886     1
57887    -5
57891     0
57894    -1
57895     0
57896    -1
57899    -3
57900     1
57902     0
57903     1
57905    -1
57906    -2
57907  -999
57908     0
57909     0
57910  -999
57912  -999
57913     1
57914     1
57915     1
57916    -8
57921    -5
57922    -4
57923    -2
57926  -999
57927    -3
57932    -3
57936    -4
57941    -1
57942    -3
57947    -5
57948    -7
57949    -7
57954     0
57955    -1
57956     0
57957     0
57960    -7
57962    -2
57964    -4
57965    -2
57966    -7
57969    -2
57971    -2
57972    -2
57973    -8
57975    -7
57976    -8
57978   -10
57981     0
57985    -4
57988   -10
57989    -1
57990    -5
57991   -11
57992    -2
57993     0
57994     0
57995    -2
57996    -8
58001    -8
58002   -12
58003   -13
58004   -13
58005    -6
58006   -10
58007   -10
58008   -10
58011   -11
58012    -7
58013    -8
58015    -6
58016    -4
58017    -8
58020    -4
58021    -4
58022    -6
58024    -9
58025    -8
58026  -999
58027    -9
58030    -8
58032   -13
58034  -999
58035    -3
58036     0
58038  -999
58040    -7
58041    -9
58044    -4
58047  -999
58048    -7
58049    -9
58100    -9
58101   -12
58102    -6
58104    -5
58107    -6
58108    -3
58109    -6
58114     0
58117    -5
58118  -999
58122   -11
58125    -8
58126    -8
58127    -4
58128    -9
58129    -7
58130  -999
58131    -7
58132    -9
58135  -999
58138    -9
58139   -10
58140    -9
58141    -9
58143  -999
58145   -12
58146   -15
58147   -10
58148   -14
58150   -14
58154   -18
58158  -999
58202    -6
58203    -6
58205    -5
58207   -11
58208    -7
58210    -5
58212    -6
58214    -7
58215    -6
58220   -16
58221    -5
58222    -5
58223    -8
58224    -6
58230   -15
58234   -10
58235   -15
58236   -12
58237    -4
58238   -13
58240   -15
58241   -14
58242   -14
58243   -12
58244    -5
58245    -5
58247   -11
58249   -18
58250    -5
58251   -23
58254   -15
58255  -999
58257   -15
58259   -14
58264   -13
58265   -10
58268   -13
58269   -13
58301    -9
58306    -9
58311    -8
58314   -11
58316   -10
58317   -10
58319    -8
58320    -8
58321    -4
58323    -6
58326   -10
58327   -12
58329   -10
58330   -15
58331   -10
58334    -6
58335   -13
58337    -9
58338    -8
58339    -4
58340    -8
58341   -17
58342   -16
58343    -8
58344   -18
58345    -9
58346    -5
58352    -9
58353    -8
58354  -999
58356  -999
58358    -7
58360   -15
58361   -10
58362   -11
58365    -8
58366   -12
58367    -8
58369    -5
58401    -2
58402    -3
58404    -4
58407    -3
58408    -8
58409     0
58415    -4
58416    -3
58417     0
58418     0
58420    -5
58421     0
58424    -2
58426    -1
58427    -4
58428     0
58431    -1
58432    -2
58433    -7
58435    -2
58436    -1
58437     0
58438    -2
58441    -3
58442    -7
58443    -6
58446    -4
58448  -999
58449    -3
58450  -999
58451    -7
58452    -3
58453  -999
58454     0
58455    -5
58456    -6
58457    -4
58458    -2
58459    -5
58460    -5
58461   -11
58462    -9
58463    -5
58464    -4
58467    -1
58468     0
58472    -4
58477    -6
58501    -4
58502     0
58503     0
58506     0
58508     0
58509     0
58510     0
58514     0
58517     0
58519     1
58523     1
58527     0
58529     0
58530    -3
58531    -2
58534    -2
58537     1
58542     0
58543     0
58544     0
58546     0
58547  -999
58548     1
58549     0
58550    -1
58553  -999
58556     1
58557  -999
58558     0
58559     0
58562     1
58563     1
58565     0
58567     0
58569     0
58570  -999
58601     0
58602     0
58605     1
58606     0
58608     1
58609     1
58612     1
58614     1
58615     1
58616     1
58618     1
58620     1
58624     1
58625     1
58626     1
58629     1
58631     1
58632     1
58633     0
58634     1
58635     1
58642     0
58643    -5
58644    -1
58646     0
58647    -4
58652  -999
58654    -3
58656     0
58657    -1
58658     1
58659     0
58660     1
58664    -2
58665     0
58666    -1
58667     0
58693     0
58701     1
58704     1
58706     0
58707     1
58710     1
58712     1
58713     2
58714     1
58715     1
58719     1
58724     1
58725     0
58730     0
58731    -4
58735    -1
58736     0
58737    -5
58742  -999
58745     0
58746     0
58747     0
58748     1
58749     1
58750     0
58751     0
58752     0
58754     1
58760    -3
58804     0
58813     0
58814    -5
58819    -6
58820     0
58821     0
58822    -2
58823    -8
58824    -8
58826    -3
58828     0
58834    -6
58836    -9
58839    -3
58844    -2
58845     0
58846     1
58847     0
58848    -5
58903    -1
58905    -6
58906    -4
58907    -5
58911     0
58912    -2
58917    -4
58918    -5
58921    -3
58923     0
58926    -4
58928    -3
58929    -4
58931     1
58932    -6
58933     0
58934    -5
58935     0
58941    -6
58942     0
58944    -3
58946   -10
59001    -2
59004    -2
59007     2
59012     0
59015     1
59017    -1
59021     1
59022    -1
59023    -4
59025    -4
59027     1
59031    -5
59033    -1
59034    -2
59037     1
59038    -5
59041    -7
59044    -1
59045     1
59046    -1
59047     0
59051    -4
59052    -4
59053    -6
59055    -4
59057    -5
59058    -5
59059    -4
59061    -1
59063     0
59064    -8
59065   -10
59071   -12
59072   -11
59074    -1
59075   -12
59081    -3
59082    -4
59087   -17
59088  -999
59090     0
59091    -9
59093   -10
59094    -9
59096    -8
59097  -999
59099    -8
59102    -1
59106    -6
59107  -999
59109     0
59114   -10
59116  -999
59117    -5
59122   -10
59124   -14
59125    -5
59126    -9
59127   -17
59130    -5
59131    -9
59133   -11
59134   -11
59137    -9
59205     0
59209     0
59211    -4
59213    -3
59215    -5
59218    -2
59224    -2
59227    -9
59228    -3
59229    -5
59230    -5
59235    -6
59237   -15
59238    -9
59241    -2
59242   -10
59246    -5
59249   -10
59254    -3
59255    -9
59256    -6
59264   -12
59265   -10
59266   -13
59268   -15
59269    -7
59270   -11
59271   -11
59276   -20
59278    -6
59279   -16
59280  -999
59284   -12
59285    -7
59287   -10
59288    -3
59289  -999
59290    -9
59293   -13
59294   -10
59297    -6
59298   -14
59303   -11
59304  -999
59306  -999
59310    -8
59312   -12
59313   -14
59314   -11
59315     0
59316    -9
59318    -6
59319   -23
59320   -13
59321    -6
59322   -16
59324   -13
59417    -9
59419    -7
59421   -12
59425   -14
59426    -2
59427    -9
59429    -5
59431    -8
59435    -9
59441     0
59446    -7
59448    -8
59449    -8
59451    -2
59452    -1
59453    -6
59454     0
59456     0
59457    -7
59462    -8
59469    -3
59470    -4
59471    -7
59473    -6
59475     0
59476     0
59477    -4
59478    -5
59480    -2
59481    -6
59485  -999
59487    -6
59488  -999
59492   -13
59493   -13
59500   -14
59501   -14
59502   -14
59626   -14
59632   -12
59640    -5
59644     0
59647    -5
59650    -8
59653    -5
59654    -9
59655    -9
59656    -7
59658    -7
59659   -14
59663    -7
59664    -3
59673    -4
59750   -16
59754   -10
59757    -3
59758     0
59838   -12
59842   -10
59843   -10
59845    -4
59847     0
59848   -11
59849   -18
59851   -12
59854   -10
59855   -14
59856    -8
59940   -16
59941    -3
59945   -10
59948   -13
59951    -7
59954   -12
