	56952	-1.8558
	56869	-1.7795
	56567	-1.6601
	56977	-1.5966
	56948	-1.5911
	56444	-1.5548
	53897	-1.5025
	54096	-1.4892
	53698	-1.4823
	54596	-1.47
	56961	-1.4366
	54338	-1.4364
	56251	-1.4301
	53691	-1.4294
	56950	-1.4247
	54455	-1.4236
	56565	-1.4172
	53970	-1.4073
	56976	-1.3933
	54607	-1.3904
	56654	-1.3857
	56867	-1.3851
	54594	-1.3822
	53680	-1.3608
	56664	-1.3604
	53768	-1.3393
	54513	-1.3251
	56543	-1.316
	56178	-1.2933
	54226	-1.293
	54334	-1.2866
	53695	-1.2858
	53694	-1.2848
	56871	-1.2798
	56898	-1.2647
	54505	-1.2589
	56665	-1.2528
	54225	-1.2484
	53693	-1.2427
	53596	-1.2301
	56434	-1.23
	56228	-1.2163
	54336	-1.2145
	56879	-1.2119
	56578	-1.2105
	56839	-1.2104
	53753	-1.2101
	54601	-1.1994
	56982	-1.1962
	53692	-1.187
	56973	-1.1836
	56949	-1.1832
	54325	-1.1768
	53886	-1.1699
	56223	-1.1694
	56978	-1.1679
	56263	-1.1656
	54452	-1.1521
	56641	-1.1437
	54621	-1.1341
	54514	-1.127
	54337	-1.1208
	56645	-1.0989
	56946	-1.0977
	56652	-1.0945
	53894	-1.0826
	54323	-1.0813
	54511	-1.0766
	56885	-1.0766
	54611	-1.0627
	53878	-1.0618
	54623	-1.0603
	56742	-1.0581
	56876	-1.0572
	54419	-1.052
	54503	-1.0507
	53584	-1.0498
	59306	-1.0498
	56670	-1.037
	54328	-1.0258
	56875	-1.0189
	56962	-1.0067
	56267	-1.0003
	54597	-0.9847
	56745	-0.9795
	54605	-0.9742
	54218	-0.9729
	56167	-0.9686
	53688	-0.9679
	56854	-0.9581
	53669	-0.9539
	53787	-0.948
	56247	-0.946
	54321	-0.9434
	56985	-0.9425
	58714	-0.9416
	53685	-0.938
	54636	-0.9342
	55696	-0.9329
	56964	-0.9326
	56646	-0.9293
	53585	-0.924
	54326	-0.9215
	53898	-0.9206
	56951	-0.9181
	56257	-0.9129
	53763	-0.9052
	54399	-0.9043
	54454	-0.8992
	56144	-0.8975
	54604	-0.8965
	56886	-0.8959
	56856	-0.8935
	56975	-0.8929
	56575	-0.8924
	59004	-0.8859
	53889	-0.885
	54530	-0.8846
	53884	-0.8748
	56673	-0.8748
	56959	-0.8735
	56746	-0.8694
	59312	-0.8693
	56387	-0.8644
	53890	-0.8638
	53795	-0.8537
	54331	-0.8522
	59320	-0.8519
	56317	-0.8512
	54518	-0.8509
	56195	-0.8501
	54431	-0.8435
	56870	-0.8357
	59847	-0.8348
	56489	-0.8331
	56836	-0.8316
	53772	-0.8218
	53689	-0.8204
	54416	-0.8135
	53782	-0.8127
	56190	-0.8103
	54223	-0.81
	54313	-0.8092
	59941	-0.809
	53941	-0.8075
	56651	-0.8053
	54501	-0.805
	56873	-0.7994
	57883	-0.7984
	56533	-0.794
	54499	-0.7922
	56669	-0.7829
	53491	-0.7812
	59117	-0.78
	53778	-0.7791
	56838	-0.777
	54327	-0.7727
	54430	-0.7726
	52982	-0.7693
	54406	-0.7691
	53777	-0.7682
	53880	-0.7682
	59303	-0.7625
	53696	-0.7589
	56872	-0.7583
	56459	-0.7566
	59838	-0.7564
	54528	-0.7521
	56137	-0.7493
	58821	-0.748
	53699	-0.7434
	54433	-0.7426
	53863	-0.739
	56548	-0.7303
	54453	-0.7279
	53776	-0.7274
	54181	-0.726
	53770	-0.7231
	56984	-0.7228
	56970	-0.7213
	57408	-0.7189
	56881	-0.7182
	54506	-0.7164
	56312	-0.7154
	53788	-0.7153
	58823	-0.7112
	54523	-0.711
	53682	-0.71
	57304	-0.707
	50956	-0.7064
	53980	-0.7061
	56748	-0.7058
	56666	-0.7037
	53892	-0.703
	56569	-0.7023
	53996	-0.7015
	56862	-0.6984
	58725	-0.6982
	56494	-0.696
	52974	-0.695
	59475	-0.6904
	59848	-0.6903
	53786	-0.6854
	54502	-0.6818
	54602	-0.6814
	54320	-0.6802
	57906	-0.6802
	53773	-0.6788
	56643	-0.6672
	57894	-0.6657
	59502	-0.6647
	56752	-0.6638
	56883	-0.6583
	54213	-0.658
	54412	-0.6547
	59318	-0.6518
	56194	-0.6514
	56788	-0.6497
	54632	-0.6479
	59321	-0.6479
	53697	-0.6431
	53771	-0.6397
	54707	-0.6389
	56835	-0.6358
	56584	-0.6346
	53792	-0.6336
	56479	-0.6325
	56969	-0.6318
	53955	-0.6287
	56227	-0.6278
	58734	-0.6224
	51076	-0.6214
	57799	-0.6208
	59322	-0.6196
	56331	-0.6189
	56374	-0.616
	56944	-0.6156
	54398	-0.6141
	59316	-0.6103
	59293	-0.6087
	54308	-0.6073
	53499	-0.6038
	58707	-0.5987
	59304	-0.5982
	56778	-0.5963
	57307	-0.5931
	54507	-0.5921
	53732	-0.5918
	54631	-0.5918
	54386	-0.5902
	59131	-0.586
	56342	-0.5856
	56649	-0.5842
	53888	-0.5799
	56863	-0.5787
	54064	-0.5772
	58719	-0.5737
	56849	-0.573
	58813	-0.5726
	54316	-0.5642
	59501	-0.5626
	56571	-0.5622
	59481	-0.5614
	56674	-0.5581
	56199	-0.5564
	59133	-0.5557
	53885	-0.555
	54510	-0.5539
	56688	-0.5522
	59109	-0.5493
	56966	-0.547
	50954	-0.5403
	53796	-0.5342
	54332	-0.534
	58938	-0.5338
	53677	-0.5325
	57407	-0.5305
	56989	-0.5297
	59493	-0.5272
	56092	-0.5266
	58730	-0.525
	58917	-0.5245
	56202	-0.5241
	56958	-0.5239
	58706	-0.5228
	54519	-0.5221
	58820	-0.5218
	53756	-0.5207
	50353	-0.5202
	58806	-0.5195
	55681	-0.519
	58749	-0.5162
	51353	-0.5123
	58747	-0.51
	56992	-0.5092
	58932	-0.509
	53866	-0.5084
	53783	-0.5074
	54620	-0.5067
	56116	-0.5065
	59500	-0.5058
	54470	-0.5024
	56777	-0.5018
	54065	-0.4993
	56751	-0.4978
	53869	-0.4954
	53678	-0.4933
	58745	-0.493
	58705	-0.4923
	53775	-0.488
	58918	-0.4854
	53872	-0.4846
	53484	-0.4842
	59205	-0.4838
	56996	-0.4822
	59313	-0.4814
	56171	-0.4802
	54517	-0.4778
	54527	-0.4775
	59315	-0.4765
	59492	-0.4757
	53687	-0.4721
	56772	-0.4715
	53774	-0.4704
	59127	-0.4695
	56994	-0.4685
	56954	-0.4671
	57306	-0.4667
	53882	-0.4659
	51243	-0.4632
	58748	-0.4621
	56443	-0.4593
	54049	-0.4575
	58822	-0.4562
	53791	-0.4533
	59451	-0.4528
	53529	-0.4523
	50953	-0.4521
	53794	-0.4507
	54274	-0.4494
	53498	-0.4482
	54421	-0.4456
	59314	-0.4452
	56671	-0.4437
	59317	-0.4431
	54405	-0.4424
	53599	-0.4418
	59485	-0.4388
	54401	-0.4372
	56184	-0.4352
	59001	-0.4343
	57891	-0.4275
	54603	-0.4273
	54820	-0.4273
	59012	-0.4269
	56462	-0.4254
	54539	-0.4238
	53848	-0.4232
	59297	-0.4215
	54645	-0.4206
	59476	-0.4189
	59673	-0.4177
	59137	-0.4154
	56684	-0.4151
	54644	-0.4146
	54132	-0.4124
	50246	-0.4122
	56158	-0.4108
	59017	-0.4104
	53446	-0.4087
	59453	-0.4081
	53467	-0.4075
	54324	-0.4059
	53865	-0.4045
	53871	-0.4028
	58839	-0.4016
	53784	-0.4011
	56582	-0.401
	58933	-0.4002
	58848	-0.3996
	58754	-0.3989
	56767	-0.3981
	56675	-0.3961
	55680	-0.3949
	56763	-0.3943
	53567	-0.3925
	51186	-0.3924
	53975	-0.392
	59290	-0.392
	54622	-0.3918
	53464	-0.3913
	57798	-0.3913
	56196	-0.3904
	56473	-0.3901
	56151	-0.3888
	56478	-0.3877
	56147	-0.3859
	57811	-0.3815
	56188	-0.3793
	53486	-0.3778
	52972	-0.3777
	53578	-0.375
	54512	-0.3743
	56782	-0.3732
	56768	-0.3716
	54261	-0.3706
	53553	-0.3694
	54063	-0.3692
	56882	-0.3677
	57911	-0.3662
	54335	-0.3653
	57886	-0.3646
	56378	-0.3624
	53789	-0.3619
	56172	-0.3609
	57896	-0.3593
	53879	-0.3582
	53862	-0.358
	56783	-0.3543
	53950	-0.354
	58746	-0.3528
	56764	-0.3519
	53966	-0.3514
	51477	-0.3497
	57899	-0.3485
	50955	-0.3484
	56781	-0.3484
	58735	-0.3473
	55598	-0.3468
	56307	-0.3462
	56739	-0.3454
	58836	-0.3427
	56586	-0.3424
	56487	-0.3408
	57303	-0.34
	58940	-0.339
	59319	-0.3387
	56128	-0.3372
	53780	-0.335
	54521	-0.3345
	53564	-0.3334
	59097	-0.3314
	56298	-0.3311
	57729	-0.3303
	58710	-0.3303
	55664	-0.3299
	57909	-0.3298
	56878	-0.3291
	54404	-0.3233
	57409	-0.3208
	57208	-0.3197
	58704	-0.3171
	54301	-0.3165
	57882	-0.3143
	59940	-0.314
	59480	-0.3129
	58718	-0.3115
	59462	-0.3105
	59487	-0.3103
	58731	-0.3096
	59284	-0.3085
	59280	-0.3074
	53985	-0.307
	57405	-0.3058
	57734	-0.3043
	57905	-0.304
	56891	-0.3038
	58713	-0.3036
	59427	-0.3022
	58804	-0.3009
	52980	-0.2996
	53582	-0.2963
	59469	-0.2963
	56474	-0.2948
	59473	-0.2931
	59107	-0.2903
	56594	-0.2892
	53895	-0.2877
	54612	-0.287
	59324	-0.2861
	57955	-0.2848
	56186	-0.2844
	54701	-0.2838
	59653	-0.283
	54410	-0.2824
	53893	-0.2807
	53982	-0.279
	57908	-0.2736
	51542	-0.2676
	57731	-0.2666
	56492	-0.2663
	57720	-0.264
	56880	-0.2634
	53562	-0.2631
	53899	-0.2617
	58646	-0.2617
	57714	-0.2613
	57732	-0.2573
	56986	-0.2571
	59279	-0.257
	56273	-0.2564
	52203	-0.256
	53873	-0.2555
	54420	-0.2547
	53660	-0.2544
	59452	-0.2543
	56021	-0.2513
	51573	-0.248
	58847	-0.2471
	53764	-0.2469
	56585	-0.2441
	53488	-0.2433
	53769	-0.2433
	54425	-0.2429
	53466	-0.2412
	56286	-0.2412
	59007	-0.2395
	56389	-0.2385
	53565	-0.2382
	50349	-0.2379
	53651	-0.2373
	53961	-0.2372
	50928	-0.2338
	57889	-0.2322
	53679	-0.2321
	53573	-0.2313
	53767	-0.2302
	56485	-0.2279
	51572	-0.2277
	54424	-0.2274
	59294	-0.2266
	54619	-0.226
	55773	-0.2244
	53954	-0.2239
	53676	-0.2231
	59134	-0.2203
	56987	-0.218
	54535	-0.2179
	59093	-0.2169
	58647	-0.2165
	53483	-0.2149
	56792	-0.2143
	57204	-0.2141
	55572	-0.2117
	57887	-0.2106
	55593	-0.2105
	59488	-0.2102
	51468	-0.2091
	56094	-0.2082
	57723	-0.2074
	53984	-0.2068
	59285	-0.2053
	51495	-0.205
	51804	-0.2038
	57921	-0.2016
	58724	-0.2002
	53925	-0.1987
	57079	-0.1974
	58934	-0.1974
	56786	-0.196
	53962	-0.1935
	51526	-0.1923
	54640	-0.1914
	56376	-0.191
	53963	-0.1892
	57739	-0.1865
	53740	-0.1829
	53674	-0.1793
	59114	-0.1792
	58736	-0.1784
	52862	-0.177
	59209	-0.1758
	57960	-0.1755
	56390	-0.1732
	54187	-0.173
	54115	-0.1728
	59659	-0.1726
	58929	-0.1715
	59478	-0.1713
	57895	-0.171
	56844	-0.1698
	53666	-0.1697
	57821	-0.1694
	57722	-0.1675
	53868	-0.1659
	53594	-0.165
	56580	-0.1645
	54408	-0.1643
	53891	-0.1639
	59945	-0.1639
	53908	-0.1635
	59471	-0.162
	56766	-0.1609
	53857	-0.1583
	54626	-0.1563
	56840	-0.1559
	53785	-0.155
	54290	-0.1544
	58942	-0.154
	59287	-0.1533
	51053	-0.1526
	52986	-0.1523
	56152	-0.1514
	58744	-0.1503
	53580	-0.1502
	54072	-0.1501
	50425	-0.1498
	59033	-0.1495
	50776	-0.1483
	53965	-0.1483
	56480	-0.148
	54024	-0.1476
	51365	-0.147
	59213	-0.1462
	56793	-0.1459
	53988	-0.1455
	54285	-0.1441
	54205	-0.1438
	51581	-0.1434
	59256	-0.1434
	57314	-0.143
	54423	-0.1376
	53644	-0.1374
	53457	-0.1368
	58936	-0.1354
	54520	-0.1337
	53392	-0.1331
	59116	-0.1327
	57417	-0.1322
	52378	-0.1302
	52963	-0.1297
	58941	-0.129
	53490	-0.1285
	53987	-0.1274
	50861	-0.1263
	57902	-0.1252
	55585	-0.1235
	53455	-0.1226
	52112	-0.1224
	54098	-0.1217
	50618	-0.121
	56197	-0.12
	55589	-0.1185
	56181	-0.1185
	54590	-0.116
	58935	-0.1155
	53590	-0.1148
	54273	-0.1147
	59298	-0.1134
	53690	-0.1123
	56441	-0.1117
	57825	-0.1111
	51378	-0.1109
	51087	-0.1106
	57872	-0.1104
	50833	-0.1099
	58619	-0.1075
	54610	-0.1072
	57874	-0.1064
	58814	-0.1053
	56697	-0.1024
	59289	-0.101
	54613	-0.1002
	56168	-0.0998
	58751	-0.0981
	58928	-0.0978
	55228	-0.0973
	56496	-0.0971
	53958	-0.097
	57317	-0.0962
	59663	-0.0957
	57060	-0.0949
	54804	-0.0947
	50945	-0.0943
	50514	-0.0938
	53986	-0.0933
	53978	-0.0912
	52602	-0.0903
	51058	-0.09
	53481	-0.0897
	53781	-0.0878
	57102	-0.0848
	53083	-0.0827
	59288	-0.0824
	56756	-0.0821
	55578	-0.08
	50431	-0.0793
	53760	-0.0789
	59224	-0.0775
	56889	-0.074
	51156	-0.0736
	53797	-0.0735
	59454	-0.0719
	56164	-0.0718
	53673	-0.0713
	53883	-0.0709
	51886	-0.0701
	57779	-0.0689
	56497	-0.0688
	57735	-0.068
	51352	-0.0674
	53861	-0.0674
	57738	-0.0672
	53979	-0.0666
	53937	-0.0662
	59211	-0.066
	59276	-0.0636
	58921	-0.0616
	52978	-0.0591
	53874	-0.0587
	53790	-0.0569
	56043	-0.0557
	53519	-0.0549
	57401	-0.0538
	53399	-0.0521
	53463	-0.0515
	54515	-0.0502
	54122	-0.0492
	59446	-0.0489
	50949	-0.0487
	52842	-0.0473
	58616	-0.0462
	56761	-0.0459
	56475	-0.0454
	59470	-0.0453
	56065	-0.0436
	57948	-0.0429
	56384	-0.0416
	50674	-0.0415
	53959	-0.0412
	59092	-0.0394
	59419	-0.039
	54113	-0.0384
	57076	-0.038
	56183	-0.0364
	59758	-0.0361
	51467	-0.0356
	57922	-0.0354
	59435	-0.0336
	51827	-0.0324
	54047	-0.0322
	59102	-0.032
	53992	-0.0318
	56775	-0.0299
	57800	-0.0289
	56774	-0.0282
	53991	-0.0279
	58565	-0.0278
	57737	-0.0276
	52863	-0.0274
	58712	-0.0274
	58701	-0.0272
	53681	-0.0269
	53964	-0.0266
	53957	-0.025
	59113	-0.0235
	56291	-0.0227
	50527	-0.0225
	59278	-0.0204
	54540	-0.0184
	51828	-0.0175
	53974	-0.0165
	53391	-0.0161
	50838	-0.0158
	56393	-0.0158
	53973	-0.0156
	57910	-0.015
	59087	-0.0146
	59096	-0.013
	57043	-0.0115
	53469	-0.0114
	59658	-0.0096
	57071	-0.0094
	58834	-0.0093
	56193	-0.0079
	50247	-0.0062
	57907	-0.0059
	58555	-0.0027
	59265	-0.0026
	58737	-0.0013
	57808	-8.0E-4
	56790	0.0011
	58906	0.0044
	57217	0.0066
	58556	0.0076
	59254	0.0078
	56381	0.0088
	53588	0.0101
	53944	0.0145
	58944	0.0147
	54214	0.0161
	50859	0.0166
	56995	0.0167
	57713	0.0172
	54117	0.0178
	58750	0.0207
	58657	0.0209
	57962	0.021
	57835	0.0213
	53480	0.0214
	59268	0.0219
	50842	0.0223
	52984	0.0223
	59255	0.0225
	59034	0.0229
	53798	0.0236
	52825	0.0249
	57868	0.026
	58946	0.0266
	54027	0.0271
	54428	0.0282
	57308	0.0297
	57916	0.0304
	53545	0.0318
	58752	0.0319
	53272	0.0324
	53935	0.0327
	58845	0.0327
	53663	0.0329
	56851	0.0359
	54292	0.0363
	59656	0.0375
	59241	0.0387
	52657	0.0397
	50964	0.0399
	57309	0.04
	57957	0.0408
	53968	0.0417
	50524	0.0431
	56991	0.044
	52876	0.0444
	53864	0.0445
	50727	0.0451
	54438	0.0451
	56295	0.0452
	54208	0.0458
	54809	0.0471
	53948	0.0475
	52889	0.0501
	50775	0.0506
	58760	0.0514
	53518	0.0522
	56785	0.0526
	52267	0.0538
	56493	0.0548
	59849	0.0558
	53926	0.0614
	53949	0.0644
	59635	0.0645
	51839	0.065
	53665	0.0663
	59022	0.0663
	59948	0.0663
	54800	0.0665
	57313	0.0674
	57923	0.069
	55591	0.07
	59456	0.0701
	56357	0.0712
	53976	0.0715
	56755	0.0727
	54080	0.0732
	51711	0.0745
	59310	0.0781
	58652	0.0786
	56846	0.0793
	57717	0.0796
	57866	0.0842
	56399	0.085
	59091	0.085
	57315	0.0852
	58472	0.0863
	57789	0.087
	57206	0.0871
	51826	0.0875
	56595	0.089
	52323	0.0898
	52998	0.0909
	57805	0.092
	53475	0.0926
	51829	0.0929
	57915	0.0951
	56285	0.0952
	59429	0.096
	50946	0.097
	57110	0.097
	58558	0.0987
	51701	0.0988
	59264	0.1008
	52575	0.101
	54633	0.1025
	59075	0.103
	51377	0.1035
	57900	0.1051
	51288	0.1056
	54305	0.1069
	53994	0.1071
	50963	0.1074
	59477	0.1076
	53472	0.1077
	50434	0.108
	54432	0.1088
	52983	0.111
	55493	0.1111
	57411	0.1126
	51571	0.1138
	51346	0.1151
	56198	0.1177
	53617	0.1182
	56016	0.1191
	51720	0.1195
	57807	0.1201
	54805	0.1216
	59650	0.1231
	53492	0.1237
	56593	0.1243
	52874	0.1253
	53930	0.1255
	58362	0.1266
	53502	0.1272
	56289	0.1278
	56180	0.1279
	53343	0.13
	52988	0.1305
	53362	0.1309
	57954	0.1322
	51068	0.1324
	57990	0.1326
	56189	0.1337
	53543	0.1361
	56693	0.1363
	58927	0.1372
	57045	0.1373
	57505	0.1376
	59027	0.1389
	54608	0.1398
	56395	0.1402
	50965	0.1434
	59441	0.1449
	57993	0.1465
	57818	0.149
	56187	0.15
	50948	0.1528
	57508	0.1533
	58818	0.1537
	57991	0.1548
	58356	0.1559
	50832	0.1575
	54286	0.1588
	57981	0.1589
	59088	0.1589
	54609	0.1595
	57822	0.1602
	51133	0.1608
	57913	0.1608
	53579	0.1612
	50526	0.1615
	53276	0.1621
	57318	0.1627
	50778	0.1636
	52943	0.1637
	51060	0.1643
	59242	0.1644
	50445	0.1652
	59053	0.1654
	57927	0.1669
	59632	0.1682
	57956	0.1688
	53289	0.1709
	59106	0.1712
	50937	0.1719
	50767	0.1723
	50858	0.1736
	58903	0.174
	57520	0.1761
	57803	0.1772
	56192	0.1785
	50774	0.1804
	59626	0.1813
	56394	0.182
	57061	0.1828
	56146	0.1835
	50987	0.1842
	51470	0.1847
	52957	0.1867
	53934	0.188
	54617	0.1885
	50934	0.1901
	58911	0.1904
	54041	0.1908
	50136	0.1911
	53799	0.1912
	53972	0.1915
	53574	0.1925
	57744	0.1925
	58459	0.1927
	53829	0.1941
	56842	0.1944
	53348	0.1953
	57708	0.1955
	54525	0.1977
	53995	0.1982
	56033	0.1984
	51137	0.1993
	57926	0.2
	56284	0.2013
	57875	0.2015
	57052	0.2033
	50745	0.2035
	54437	0.2045
	56386	0.2055
	50646	0.2059
	59417	0.2059
	52745	0.2085
	57134	0.2101
	53989	0.2108
	54236	0.2109
	54311	0.2109
	50851	0.2125
	58623	0.2125
	50749	0.2127
	58824	0.2127
	53615	0.2132
	50950	0.2139
	59021	0.214
	52607	0.2145
	57971	0.2153
	58846	0.216
	51716	0.2162
	59237	0.2176
	53068	0.2185
	53956	0.2185
	57824	0.219
	57865	0.2206
	57047	0.2229
	54476	0.2232
	53576	0.2234
	53378	0.2237
	57994	0.2243
	56297	0.2246
	51379	0.2276
	51707	0.2285
	59045	0.229
	57324	0.23
	53433	0.2303
	56598	0.2321
	59130	0.2324
	59094	0.2336
	53357	0.2351
	55294	0.2354
	56046	0.2362
	57081	0.2371
	54333	0.2376
	51931	0.2384
	51145	0.2388
	57972	0.2422
	53593	0.2425
	57973	0.2426
	58642	0.2438
	54801	0.2448
	53877	0.2453
	53611	0.2457
	53397	0.247
	50844	0.2481
	53854	0.2486
	59425	0.2493
	57042	0.2501
	53953	0.2503
	52436	0.2516
	57988	0.2518
	50468	0.2523
	57816	0.2538
	58654	0.2538
	51855	0.255
	50787	0.2569
	57828	0.2581
	59664	0.2598
	54031	0.2616
	54092	0.2626
	51334	0.2634
	53981	0.2641
	52985	0.2664
	54319	0.2664
	52713	0.2665
	56091	0.2669
	54471	0.2681
	59266	0.2684
	54579	0.2686
	52681	0.2696
	59228	0.2704
	57105	0.2717
	59269	0.2719
	57932	0.2723
	57995	0.2739
	58907	0.2739
	59843	0.2742
	57605	0.2746
	53923	0.2758
	50755	0.276
	51642	0.2763
	59271	0.2765
	53324	0.2781
	58844	0.2789
	59037	0.2793
	57870	0.2807
	59654	0.2808
	50788	0.2812
	54705	0.2827
	53856	0.283
	51705	0.2835
	54483	0.2847
	54614	0.2848
	50442	0.286
	54486	0.2865
	57106	0.287
	52908	0.2889
	54204	0.2893
	54708	0.2895
	59631	0.2895
	57834	0.2899
	54195	0.2919
	54802	0.2919
	57510	0.2933
	53850	0.2946
	51241	0.2951
	56272	0.2959
	57080	0.2968
	58635	0.2976
	58365	0.2982
	57051	0.2983
	58625	0.299
	53967	0.3004
	54627	0.3005
	50979	0.301
	51717	0.3025
	50962	0.3033
	57072	0.3034
	50960	0.3039
	53896	0.3043
	50772	0.3045
	57964	0.3051
	56279	0.3064
	58715	0.3089
	56296	0.3105
	53735	0.3111
	53845	0.3112
	58562	0.3117
	57914	0.3126
	54753	0.3147
	50739	0.3151
	50750	0.3154
	54304	0.3172
	50548	0.3174
	50852	0.3174
	57049	0.3178
	59099	0.3191
	56290	0.3195
	52993	0.3196
	54606	0.3199
	56592	0.3208
	54900	0.3217
	56097	0.323
	52101	0.3242
	56034	0.3247
	57846	0.325
	53384	0.3258
	57129	0.3263
	57813	0.3263
	52674	0.3271
	50603	0.3274
	59842	0.3284
	59055	0.3285
	56185	0.3294
	54449	0.331
	59038	0.3315
	50985	0.3317
	52868	0.3326
	50853	0.334
	57781	0.3347
	57992	0.337
	59640	0.3374
	54730	0.3376
	57976	0.338
	53505	0.3393
	58912	0.3393
	58667	0.3395
	53832	0.3402
	56691	0.3408
	53859	0.341
	53928	0.3419
	56288	0.3423
	57687	0.3431
	53915	0.344
	59449	0.3442
	57111	0.3447
	57507	0.3447
	57942	0.3463
	57506	0.3466
	56096	0.3472
	57053	0.3489
	57004	0.3492
	50968	0.3494
	54234	0.3496
	53875	0.3497
	50834	0.3506
	50877	0.3511
	56491	0.3513
	59229	0.3575
	50936	0.3602
	52836	0.3603
	57083	0.3604
	54704	0.3605
	51810	0.361
	53487	0.3613
	57320	0.3624
	57806	0.3633
	58905	0.3637
	55437	0.3651
	50871	0.3654
	53478	0.3654
	54531	0.3672
	52968	0.3676
	54568	0.3676
	50939	0.3687
	57502	0.3689
	59023	0.3689
	52833	0.369
	51356	0.3705
	54429	0.3711
	56082	0.3714
	57966	0.3738
	57958	0.3779
	58643	0.38
	54248	0.3802
	57070	0.381
	57771	0.3815
	58460	0.3824
	59025	0.3844
	51358	0.3856
	58923	0.3864
	58557	0.388
	53646	0.3882
	59845	0.3882
	57881	0.3898
	51802	0.3901
	59122	0.3902
	50958	0.3931
	51369	0.3933
	50564	0.3935
	51709	0.3948
	58666	0.3957
	50741	0.3963
	50673	0.3973
	58568	0.3974
	59421	0.3978
	53533	0.3983
	54710	0.3987
	59230	0.4
	52515	0.4012
	58837	0.4026
	53618	0.4027
	53931	0.4037
	58819	0.4037
	58826	0.4044
	51818	0.4055
	51357	0.4066
	57614	0.4071
	52884	0.4073
	56383	0.4075
	59655	0.4085
	53757	0.409
	57414	0.4092
	57025	0.4096
	57778	0.4113
	56182	0.4117
	58742	0.4156
	56391	0.418
	53420	0.4184
	57707	0.4191
	58627	0.4192
	59215	0.4208
	53750	0.4227
	54318	0.4229
	54249	0.4233
	57974	0.424
	50655	0.4265
	59448	0.4266
	54474	0.4288
	56276	0.4299
	50557	0.4305
	58463	0.4313
	51704	0.4322
	54618	0.4339
	56396	0.436
	54493	0.4372
	57745	0.4377
	58367	0.438
	57876	0.4389
	57128	0.4397
	51708	0.44
	54749	0.4401
	57871	0.4407
	54494	0.4422
	51359	0.4431
	56280	0.4482
	54904	0.4486
	59124	0.4498
	57033	0.4502
	56373	0.4507
	59754	0.4511
	57040	0.4521
	52737	0.4524
	58828	0.4528
	57216	0.4539
	54732	0.4552
	57029	0.4552
	54186	0.4564
	58660	0.46
	57829	0.4618
	54731	0.463
	54475	0.4632
	51367	0.464
	57728	0.4656
	52446	0.4674
	57119	0.469
	53997	0.4699
	51627	0.47
	58458	0.4715
	58559	0.4717
	59015	0.4717
	59041	0.4726
	57768	0.4736
	53367	0.4762
	54706	0.4763
	57001	0.4765
	58644	0.4772
	57026	0.4778
	51815	0.4784
	52313	0.4786
	59090	0.4788
	58369	0.4798
	54903	0.4858
	58359	0.4859
	51059	0.4862
	52853	0.4863
	58926	0.4866
	54069	0.4871
	53658	0.4887
	50742	0.489
	51722	0.4895
	53662	0.4908
	57127	0.4923
	53513	0.4924
	51730	0.493
	59235	0.4943
	57989	0.4946
	59431	0.4949
	50756	0.4956
	57777	0.4975
	52447	0.5006
	57054	0.5013
	53368	0.5021
	50566	0.509
	54803	0.5091
	56382	0.5098
	55472	0.5099
	57936	0.5102
	50879	0.5126
	53602	0.5148
	57522	0.5155
	59031	0.5168
	57055	0.517
	54563	0.5191
	56045	0.5204
	57978	0.5232
	54660	0.5234
	54713	0.5265
	56278	0.5272
	59057	0.528
	58377	0.5282
	59270	0.5288
	57126	0.5289
	58461	0.5313
	58609	0.532
	57003	0.5333
	53385	0.5335
	53738	0.5338
	57867	0.534
	51644	0.5346
	59082	0.5351
	50639	0.5358
	53619	0.5376
	57063	0.539
	59246	0.5392
	54821	0.5398
	51655	0.5406
	52765	0.5406
	57793	0.5414
	56081	0.5427
	54541	0.5438
	57741	0.5457
	57348	0.5479
	53352	0.5492
	54719	0.55
	53614	0.5505
	54712	0.5508
	57024	0.5509
	58456	0.5514
	59218	0.5514
	53612	0.5535
	51330	0.554
	57769	0.5544
	59046	0.5551
	53748	0.5563
	56095	0.5569
	52818	0.5583
	56071	0.5603
	56281	0.5609
	50656	0.5619
	53195	0.5627
	57842	0.5628
	57349	0.5632
	54711	0.5642
	54744	0.5645
	59750	0.5647
	57525	0.5648
	54102	0.5664
	57678	0.5679
	50973	0.5693
	56843	0.571
	57016	0.572
	56080	0.5733
	59854	0.5733
	58659	0.5746
	57718	0.5764
	51814	0.5777
	54245	0.5786
	50525	0.5797
	55690	0.5814
	50915	0.5817
	56004	0.5826
	55299	0.5847
	58453	0.5847
	54094	0.5854
	58931	0.5867
	50862	0.588
	53522	0.5885
	59426	0.5888
	54244	0.5894
	52418	0.5936
	52633	0.5936
	54714	0.5948
	56084	0.5952
	57233	0.5971
	52787	0.5979
	59051	0.5983
	54702	0.5986
	59126	0.5988
	59757	0.599
	52424	0.5993
	50632	0.5998
	54099	0.6008
	59065	0.6016
	50940	0.6022
	58462	0.6023
	54026	0.6039
	54816	0.6057
	57014	0.6062
	56380	0.6071
	54911	0.6072
	51811	0.6097
	57832	0.6119
	53852	0.613
	51765	0.6131
	53759	0.6141
	54725	0.6149
	59074	0.6153
	59052	0.6162
	52797	0.6176
	57041	0.6191
	58467	0.6194
	50658	0.622
	50913	0.6223
	54729	0.6223
	53419	0.623
	57020	0.623
	54807	0.6239
	57814	0.6275
	52869	0.6284
	59457	0.6293
	53231	0.6296
	54624	0.6302
	57232	0.6315
	54259	0.6316
	59249	0.6318
	53942	0.6323
	54734	0.6326
	59044	0.6338
	54342	0.6352
	51465	0.6358
	58624	0.6377
	57912	0.6389
	53945	0.6401
	57511	0.6407
	50880	0.6418
	59047	0.6447
	57006	0.6452
	50647	0.6453
	58269	0.6453
	59125	0.6463
	57774	0.6464
	52856	0.647
	59954	0.6472
	57772	0.649
	53910	0.6511
	57840	0.6559
	54346	0.6563
	57513	0.6565
	58607	0.6569
	57969	0.6577
	57512	0.6602
	54726	0.6645
	54812	0.6662
	57328	0.6663
	53337	0.668
	57860	0.6681
	54533	0.6695
	54901	0.6701
	54276	0.6709
	57517	0.6738
	51469	0.6754
	56371	0.6787
	54351	0.6788
	58656	0.6828
	57090	0.6836
	57048	0.6838
	57679	0.6926
	56841	0.694
	57839	0.6997
	57514	0.6998
	57085	0.7003
	54575	0.7011
	57606	0.7023
	50873	0.7026
	57767	0.7041
	57137	0.7046
	51238	0.7065
	57031	0.7065
	57773	0.7085
	57035	0.7087
	57809	0.7115
	54522	0.7126
	58626	0.7137
	54615	0.715
	57688	0.7155
	59644	0.7158
	57046	0.717
	58548	0.7171
	58614	0.7175
	54818	0.7176
	57413	0.7199
	54825	0.7206
	54736	0.7225
	54855	0.7227
	57021	0.7266
	54374	0.7278
	54703	0.7283
	57011	0.7287
	50978	0.7305
	50854	0.731
	54824	0.7311
	59071	0.7333
	59081	0.7335
	54434	0.7337
	53983	0.7341
	58443	0.7347
	51482	0.7356
	51633	0.7357
	53821	0.7372
	54192	0.7375
	52866	0.7383
	54717	0.7406
	50884	0.7412
	54377	0.7413
	54808	0.7432
	57844	0.744
	51636	0.7456
	54237	0.7456
	58366	0.7463
	57996	0.7477
	57965	0.7481
	57941	0.7487
	53512	0.7488
	57827	0.7505
	57604	0.7509
	54439	0.7512
	54339	0.754
	52645	0.7556
	57786	0.7564
	58637	0.7564
	53998	0.7577
	50867	0.7604
	59059	0.7612
	54254	0.7642
	54817	0.7655
	54716	0.7661
	54371	0.7664
	54012	0.7677
	57903	0.7684
	52995	0.7721
	57841	0.7732
	57124	0.776
	59058	0.7773
	54823	0.7792
	57056	0.7804
	54584	0.7812
	57763	0.7813
	59063	0.7846
	57007	0.7848
	57113	0.7881
	59072	0.7921
	54169	0.7939
	58455	0.7956
	53947	0.7968
	59061	0.7968
	53924	0.7985
	53704	0.7991
	54349	0.8005
	57245	0.8012
	54363	0.8028
	50888	0.8045
	57837	0.8051
	57326	0.8084
	58464	0.8089
	54497	0.809
	57796	0.8093
	54727	0.8108
	57008	0.8143
	54822	0.817
	57238	0.819
	57091	0.8222
	52754	0.8228
	54263	0.8239
	51559	0.8249
	58449	0.8304
	54819	0.8336
	51463	0.834
	57242	0.8387
	58154	0.8395
	57975	0.8412
	57044	0.8426
	54724	0.8438
	59227	0.846
	50878	0.8474
	57625	0.8485
	58567	0.8506
	58451	0.851
	54718	0.8525
	54853	0.8525
	58509	0.8527
	57985	0.8533
	57766	0.8535
	57608	0.8558
	57213	0.8579
	50659	0.8607
	54142	0.8612
	54171	0.8612
	57947	0.862
	54709	0.8623
	57415	0.871
	54662	0.8757
	54628	0.8759
	57949	0.876
	54365	0.8766
	53841	0.8778
	57516	0.8784
	56109	0.8835
	57038	0.8841
	54902	0.8848
	53927	0.8902
	52895	0.8923
	59238	0.8946
	57231	0.8956
	57758	0.8964
	54737	0.8983
	56499	0.9045
	59647	0.9056
	54472	0.9078
	52955	0.909
	57762	0.9114
	57853	0.9125
	54827	0.9132
	54532	0.9152
	54843	0.9189
	54347	0.9195
	53993	0.922
	54918	0.9258
	58570	0.9267
	59856	0.9289
	57023	0.9328
	57402	0.9358
	58452	0.936
	54700	0.9363
	58484	0.938
	54751	0.9403
	57034	0.9404
	59064	0.9489
	58361	0.9503
	57719	0.9505
	58468	0.951
	57603	0.9513
	53929	0.9537
	53906	0.9546
	57612	0.957
	54353	0.9578
	58457	0.9597
	58265	0.9624
	53810	0.9636
	58843	0.9642
	54266	0.9647
	56093	0.9651
	57027	0.9653
	54569	0.9663
	53577	0.9676
	54806	0.9687
	58563	0.97
	54231	0.9722
	56498	0.977
	54076	0.9784
	57037	0.9803
	54715	0.9816
	57082	0.9818
	54910	0.9828
	57416	0.9855
	59851	0.9857
	52896	0.9858
	57637	0.9905
	56287	0.996
	58665	0.9971
	53853	0.9979
	57845	1.0007
	57636	1.004
	54755	1.007
	57066	1.0132
	57065	1.0204
	57698	1.0204
	54728	1.0212
	54362	1.0223
	50779	1.0237
	53610	1.0257
	54135	1.0261
	56038	1.0284
	58550	1.0304
	53149	1.0327
	56483	1.0374
	54157	1.0382
	54093	1.0387
	54810	1.0482
	57736	1.0482
	54161	1.0484
	54436	1.0514
	53336	1.0524
	58629	1.0534
	50892	1.0536
	54722	1.0553
	51232	1.0602
	53938	1.0609
	54857	1.0613
	56490	1.062
	57754	1.0623
	53659	1.0679
	56106	1.0719
	57074	1.0722
	57237	1.0758
	57012	1.0783
	54267	1.0804
	57084	1.0804
	54833	1.0843
	53917	1.085
	57362	1.0869
	58546	1.0886
	57002	1.0948
	54829	1.0968
	58250	1.0998
	57851	1.1151
	57792	1.1196
	57211	1.121
	54834	1.1212
	58664	1.1333
	54154	1.1337
	54156	1.1373
	51777	1.1385
	53705	1.1429
	54723	1.146
	54916	1.1486
	54252	1.1487
	57247	1.1497
	54912	1.1555
	54830	1.1582
	54738	1.1594
	54284	1.1616
	54134	1.1622
	54841	1.1683
	57420	1.1759
	57156	1.183
	53860	1.186
	54811	1.1888
	53575	1.1934
	57859	1.1949
	54815	1.2008
	58358	1.2049
	54908	1.2102
	53754	1.2103
	58658	1.2105
	51628	1.2179
	57032	1.2185
	54831	1.2186
	52875	1.2212
	53751	1.2229
	54164	1.2304
	54165	1.2307
	58246	1.2314
	53664	1.2321
	57699	1.2344
	54172	1.2373
	54616	1.2385
	52679	1.2441
	58601	1.2456
	58354	1.2474
	50983	1.2511
	54915	1.2565
	57776	1.2577
	58602	1.2595
	54828	1.2598
	54871	1.2609
	54835	1.2624
	56029	1.2662
	54905	1.2683
	54921	1.2688
	58208	1.2729
	55279	1.2752
	54814	1.2798
	57682	1.2805
	57451	1.2809
	58129	1.281
	52576	1.2829
	54861	1.2858
	57329	1.2901
	57437	1.2989
	54243	1.3004
	57432	1.306
	54039	1.3061
	54913	1.3076
	57368	1.3081
	57377	1.3133
	54920	1.3134
	57355	1.3221
	57390	1.3243
	52885	1.3248
	58360	1.3263
	54260	1.3273
	54836	1.3299
	54844	1.331
	57298	1.3355
	54919	1.3357
	57087	1.3367
	51629	1.3391
	53881	1.3412
	57169	1.3423
	53517	1.3451
	54914	1.3457
	57030	1.3464
	57248	1.3467
	57425	1.3498
	58251	1.3573
	58549	1.3582
	54842	1.3584
	54826	1.3585
	58600	1.3603
	58477	1.3611
	56596	1.3624
	53730	1.3652
	57439	1.3674
	54922	1.3686
	58502	1.3687
	57378	1.372
	57462	1.3744
	56385	1.3763
	54932	1.3777
	58254	1.3792
	58352	1.3813
	57370	1.394
	58448	1.3981
	58693	1.3985
	57028	1.404
	57742	1.4062
	54849	1.4064
	51568	1.4157
	58569	1.4171
	52652	1.4173
	58301	1.4217
	57132	1.4218
	58247	1.4243
	57694	1.4247
	57086	1.4275
	58547	1.4287
	54936	1.4303
	57635	1.4306
	54776	1.4309
	57609	1.4318
	58243	1.433
	52546	1.4343
	57022	1.4356
	58615	1.4381
	54837	1.4442
	54863	1.4451
	58146	1.4484
	58145	1.4516
	53817	1.4519
	58221	1.459
	57381	1.4622
	58241	1.4641
	54752	1.4649
	57519	1.4651
	57176	1.468
	53727	1.4732
	57039	1.475
	56067	1.4754
	57600	1.4774
	58212	1.481
	57093	1.4819
	52557	1.4831
	57297	1.4847
	57162	1.4852
	57181	1.4865
	57509	1.4896
	57075	1.4949
	58205	1.5024
	52533	1.5029
	57460	1.5066
	57173	1.5069
	56018	1.5072
	57154	1.5097
	57144	1.51
	57296	1.5123
	57780	1.5137
	57761	1.5144
	54917	1.516
	52495	1.5179
	53547	1.5206
	57536	1.5215
	57385	1.5218
	58341	1.5229
	58021	1.5235
	57361	1.525
	58605	1.527
	54293	1.5279
	58501	1.5336
	52784	1.536
	57396	1.5382
	53192	1.5406
	58127	1.5502
	57094	1.5526
	58608	1.553
	58264	1.5564
	57363	1.5574
	57857	1.5577
	55655	1.5609
	58612	1.5636
	52656	1.5651
	58224	1.5653
	57666	1.5654
	58519	1.567
	54929	1.568
	51437	1.5692
	58454	1.5701
	58544	1.5712
	56173	1.5731
	57673	1.5755
	56125	1.577
	57541	1.577
	57067	1.578
	57089	1.579
	53916	1.5812
	58220	1.5825
	58240	1.5849
	58418	1.5879
	58207	1.5894
	57445	1.5902
	57483	1.592
	57447	1.5935
	58419	1.5949
	58353	1.5972
	54925	1.5986
	57182	1.5986
	57261	1.6006
	57155	1.6007
	54923	1.601
	57359	1.6012
	52643	1.602
	54909	1.6066
	58514	1.6104
	58024	1.6117
	54291	1.6119
	54848	1.6137
	58517	1.6139
	58450	1.6154
	54940	1.6219
	57674	1.6228
	58222	1.6232
	58244	1.6234
	52996	1.6256
	51435	1.6269
	57140	1.6296
	57476	1.6299
	58409	1.6303
	54846	1.6309
	57184	1.6327
	58618	1.6332
	58423	1.6338
	57254	1.6348
	58632	1.6369
	57180	1.6385
	58006	1.6403
	57265	1.6409
	58158	1.641
	57077	1.6441
	58436	1.6466
	54935	1.6476
	58527	1.648
	58245	1.6484
	58346	1.6547
	57358	1.6555
	57760	1.6565
	59855	1.6566
	54534	1.6592
	54766	1.6623
	57387	1.6669
	54777	1.6679
	57481	1.6731
	54943	1.6734
	52855	1.6784
	58606	1.6788
	57251	1.6807
	58620	1.6813
	57582	1.6844
	54927	1.685
	57388	1.6855
	58249	1.6856
	58441	1.6856
	54832	1.6861
	58631	1.6887
	58020	1.6903
	57680	1.6904
	57540	1.691
	58001	1.6931
	57464	1.6951
	52661	1.6959
	57438	1.6996
	57278	1.7006
	57178	1.707
	59951	1.7113
	58542	1.7204
	57333	1.7248
	58508	1.7267
	57398	1.727
	58008	1.7275
	57590	1.7322
	58634	1.7369
	57461	1.7395
	57057	1.7409
	57395	1.741
	57098	1.7424
	57078	1.7447
	58011	1.7518
	57475	1.7543
	58210	1.7572
	58512	1.7598
	58215	1.7606
	58141	1.7612
	58005	1.7657
	58214	1.7666
	58330	1.7668
	56074	1.7669
	57183	1.769
	57389	1.7691
	54907	1.7695
	58306	1.7716
	58622	1.7738
	53914	1.7757
	58022	1.7774
	58259	1.7775
	57260	1.7812
	58500	1.7836
	54906	1.7842
	57268	1.7848
	54851	1.7861
	57465	1.7865
	58426	1.7894
	57191	1.7902
	54765	1.7905
	58351	1.7921
	58442	1.7963
	58007	1.7969
	58025	1.7996
	58150	1.7999
	58537	1.8006
	57253	1.8023
	51329	1.8024
	58004	1.8086
	57274	1.8095
	57586	1.81
	57153	1.8106
	57339	1.8108
	57345	1.8117
	58017	1.8125
	57175	1.8201
	58432	1.8205
	58438	1.8216
	58510	1.8255
	51639	1.8258
	57595	1.8277
	58003	1.8277
	54852	1.829
	58534	1.8298
	58242	1.8337
	57256	1.8338
	54939	1.8408
	57696	1.8417
	57095	1.8419
	57143	1.845
	58126	1.8468
	57299	1.8549
	58140	1.855
	54945	1.8551
	57623	1.8557
	58428	1.8599
	58342	1.8605
	58529	1.8606
	58507	1.8612
	57647	1.8634
	58543	1.8638
	58338	1.8682
	57469	1.8685
	58421	1.8709
	58257	1.871
	57598	1.8731
	58334	1.8882
	57581	1.8967
	57458	1.9
	57179	1.9053
	57096	1.9057
	57193	1.9058
	58343	1.9091
	57249	1.9105
	57496	1.9153
	58314	1.9198
	57518	1.924
	57752	1.9246
	58633	1.9264
	57099	1.932
	58503	1.9334
	58002	1.9338
	57186	1.9357
	57177	1.9363
	57669	1.937
	58531	1.9384
	58049	1.9417
	58316	1.9421
	58327	1.9421
	58268	1.9422
	57485	1.9455
	58433	1.9489
	58013	1.9508
	58143	1.9518
	58530	1.9538
	58335	1.9546
	54764	1.9579
	58523	1.9627
	57466	1.9652
	58329	1.9709
	58030	1.9712
	58417	1.9748
	54759	1.975
	58015	1.9759
	54938	1.976
	54774	1.978
	58032	1.9814
	58202	1.9844
	58415	1.9871
	57740	1.9879
	58147	1.9896
	58431	1.9924
	57426	1.9953
	58520	1.9977
	58337	2.0017
	57486	2.003
	57489	2.0047
	58034	2.0064
	58437	2.0067
	51438	2.0073
	58225	2.0079
	58429	2.0094
	53806	2.0109
	57343	2.0134
	57293	2.0178
	57498	2.0211
	58331	2.0228
	58345	2.0272
	57399	2.033
	57583	2.0357
	57573	2.0364
	58326	2.0369
	57564	2.0374
	58446	2.0388
	57477	2.0442
	58321	2.0474
	51433	2.0494
	57187	2.0576
	58148	2.0615
	51430	2.0642
	58311	2.0652
	58323	2.0695
	58408	2.0735
	51434	2.0736
	58255	2.0763
	58045	2.0788
	58427	2.0806
	57185	2.0807
	58238	2.0808
	51328	2.0821
	57743	2.0842
	57661	2.0884
	51436	2.0927
	58139	2.0937
	58320	2.0944
	58012	2.0987
	57271	2.1007
	58135	2.1047
	53725	2.106
	58125	2.1064
	57545	2.1087
	58420	2.1178
	57640	2.1195
	57431	2.1197
	57493	2.1265
	57491	2.1277
	57295	2.1296
	57710	2.1298
	57189	2.1301
	58111	2.1304
	57499	2.1312
	58048	2.1384
	57192	2.1389
	58414	2.1394
	58101	2.147
	57585	2.1474
	58132	2.1482
	58234	2.1494
	58424	2.1511
	51567	2.1593
	51656	2.1612
	58435	2.1734
	58402	2.1741
	58317	2.176
	58339	2.1774
	57657	2.1802
	54778	2.1811
	58407	2.1846
	57671	2.1848
	57543	2.1867
	57482	2.1886
	53723	2.19
	58401	2.1903
	58236	2.1997
	58223	2.2002
	57589	2.2014
	57662	2.2035
	57197	2.2102
	57292	2.213
	57188	2.2159
	57523	2.2237
	58047	2.2281
	58416	2.2305
	57259	2.2357
	58340	2.2377
	57195	2.2403
	58336	2.244
	57290	2.2479
	57655	2.2571
	57663	2.2656
	57646	2.2661
	57492	2.2709
	58404	2.2764
	57494	2.2816
	57279	2.2822
	57658	2.2883
	53903	2.2889
	57198	2.2912
	57584	2.2918
	58237	2.2995
	58230	2.3005
	57633	2.3024
	58235	2.3025
	51431	2.3026
	57281	2.3043
	57273	2.3089
	57577	2.3262
	57194	2.3338
	57537	2.3417
	58319	2.3511
	57285	2.3552
	58344	2.3684
	57565	2.3804
	57554	2.3814
	57643	2.3814
	57566	2.3828
	58116	2.3966
	57571	2.4005
	56079	2.4085
	58203	2.4168
	57196	2.4176
	57558	2.4189
	57544	2.4218
	58044	2.4254
	57294	2.4267
	58122	2.4284
	53707	2.4295
	58138	2.4327
	58100	2.4332
	57634	2.4425
	58016	2.4442
	58104	2.4442
	58038	2.4465
	58027	2.4524
	58026	2.4559
	58113	2.4698
	57562	2.4831
	58131	2.4868
	58041	2.4941
	58102	2.4993
	57257	2.5009
	57574	2.5029
	57575	2.5118
	57642	2.5137
	58128	2.5149
	58040	2.521
	58109	2.5298
	58036	2.5444
	58114	2.5493
	58117	2.6124
	58107	2.6133
	58035	2.6335
	58108	2.6596
	57649	2.7295
	58130	2.7437
	58118	2.856
