	54342	-2.0883
	54590	-2.0091
	54471	-1.9869
	54470	-1.9822
	54249	-1.9576
	56543	-1.9326
	54347	-1.9306
	54476	-1.8596
	54494	-1.8419
	54483	-1.7971
	56567	-1.7896
	56654	-1.7844
	54575	-1.7755
	54608	-1.7601
	54332	-1.7421
	54729	-1.7268
	54231	-1.6875
	54493	-1.6758
	53689	-1.6739
	54613	-1.6704
	54338	-1.6698
	54336	-1.665
	54371	-1.6578
	54069	-1.6477
	54064	-1.6445
	54339	-1.6444
	54486	-1.6395
	54065	-1.6393
	59131	-1.6378
	54363	-1.6352
	54049	-1.6317
	59312	-1.618
	54700	-1.6021
	54346	-1.5976
	53691	-1.5859
	54621	-1.5795
	54096	-1.5667
	59306	-1.5657
	54374	-1.5648
	54236	-1.5596
	56178	-1.5497
	54712	-1.5398
	54614	-1.5363
	54337	-1.5308
	54365	-1.5126
	54063	-1.5003
	59321	-1.5
	54579	-1.4871
	56263	-1.4856
	58942	-1.4852
	54701	-1.484
	59137	-1.4738
	56158	-1.4676
	54617	-1.4675
	54248	-1.4651
	54474	-1.4567
	54377	-1.4564
	56950	-1.4559
	59320	-1.4523
	54737	-1.4491
	56838	-1.4491
	54328	-1.4473
	56645	-1.4367
	54244	-1.4157
	54513	-1.4106
	56444	-1.4089
	54161	-1.4074
	56565	-1.4025
	54609	-1.4022
	54472	-1.3993
	54596	-1.3905
	54234	-1.3894
	53699	-1.3869
	54606	-1.3855
	54833	-1.383
	54616	-1.3826
	56652	-1.3809
	54331	-1.3764
	54829	-1.3721
	54620	-1.3638
	54727	-1.3544
	54834	-1.349
	59116	-1.3486
	53795	-1.3478
	54505	-1.3474
	54475	-1.3453
	54165	-1.3446
	59475	-1.3363
	54703	-1.3325
	59319	-1.3292
	54351	-1.329
	54455	-1.3287
	56854	-1.3239
	54353	-1.3238
	54284	-1.3204
	54569	-1.3203
	56665	-1.3147
	54452	-1.3126
	56646	-1.31
	54821	-1.3099
	59318	-1.3044
	54776	-1.3031
	58918	-1.3004
	54708	-1.2996
	59133	-1.2966
	54454	-1.2872
	58938	-1.2839
	56251	-1.2787
	54734	-1.2772
	54714	-1.2707
	54618	-1.2701
	54751	-1.269
	54713	-1.2685
	54334	-1.2632
	54535	-1.2622
	59314	-1.2601
	54824	-1.259
	56664	-1.2505
	54707	-1.2495
	53784	-1.2412
	58944	-1.2371
	50953	-1.2325
	50964	-1.2281
	50954	-1.2168
	54333	-1.2138
	54362	-1.2089
	54181	-1.2066
	54142	-1.2064
	53796	-1.2046
	54830	-1.2025
	54386	-1.2024
	54205	-1.2004
	54135	-1.199
	54497	-1.1958
	59134	-1.1859
	54730	-1.1837
	54225	-1.1813
	54539	-1.1804
	59106	-1.1783
	59493	-1.176
	59492	-1.1758
	54563	-1.1686
	54266	-1.1655
	54325	-1.1636
	56752	-1.1611
	54660	-1.159
	50945	-1.1561
	54633	-1.1486
	53792	-1.147
	56835	-1.1366
	58927	-1.1363
	59501	-1.1279
	58929	-1.1176
	54254	-1.1169
	53891	-1.1167
	59477	-1.1145
	50937	-1.113
	50965	-1.1101
	54425	-1.1096
	54624	-1.107
	54825	-1.1069
	53692	-1.1052
	54438	-1.1021
	54604	-1.0998
	54594	-1.0991
	54259	-1.099
	56742	-1.0977
	54715	-1.097
	58934	-1.0967
	54705	-1.094
	56533	-1.089
	53695	-1.0873
	53697	-1.0873
	54644	-1.0865
	56869	-1.0852
	59130	-1.0813
	53680	-1.0811
	54528	-1.078
	58936	-1.074
	50955	-1.0734
	59107	-1.0714
	59485	-1.0712
	54774	-1.07
	54134	-1.0666
	54530	-1.0627
	54719	-1.0625
	54777	-1.061
	54626	-1.0609
	54711	-1.0605
	54710	-1.0598
	54822	-1.0583
	54738	-1.0579
	54274	-1.055
	59125	-1.0534
	53791	-1.0503
	50934	-1.0499
	54157	-1.0492
	56223	-1.0487
	54437	-1.0474
	54430	-1.0459
	54436	-1.0451
	54323	-1.0432
	53698	-1.0423
	56651	-1.0416
	59316	-1.0374
	52982	-1.0367
	59313	-1.0301
	54718	-1.0297
	59324	-1.0287
	54607	-1.0275
	59297	-1.0267
	54420	-1.025
	58946	-1.0235
	54072	-1.0228
	53797	-1.0202
	53790	-1.0126
	53693	-1.0084
	54584	-1.0079
	59117	-1.0075
	59303	-1.0048
	59322	-1.0038
	53585	-1.0024
	54245	-1.0024
	54335	-1.002
	54601	-1.0004
	54704	-0.9986
	59315	-0.9962
	54421	-0.9925
	54514	-0.9856
	56649	-0.9856
	54766	-0.9844
	54568	-0.984
	55696	-0.9821
	59127	-0.9816
	58935	-0.9809
	54154	-0.9796
	56856	-0.9763
	54765	-0.9762
	53785	-0.9749
	54732	-0.9748
	53694	-0.9721
	54800	-0.971
	59122	-0.9699
	54237	-0.9677
	54156	-0.9657
	56228	-0.9627
	56946	-0.9626
	54432	-0.9593
	56839	-0.9585
	54709	-0.9582
	54803	-0.9576
	54520	-0.955
	54285	-0.9534
	52869	-0.9494
	54831	-0.9473
	54327	-0.9472
	56745	-0.9453
	56548	-0.945
	58917	-0.944
	59656	-0.9439
	59298	-0.9397
	54636	-0.932
	54208	-0.9286
	54744	-0.9272
	56952	-0.9246
	54811	-0.9245
	54731	-0.9239
	54286	-0.9228
	54716	-0.9208
	54523	-0.918
	54623	-0.9169
	54855	-0.9164
	54132	-0.9159
	53781	-0.9128
	59500	-0.9077
	56641	-0.9074
	59664	-0.9069
	54499	-0.9067
	56434	-0.9039
	54717	-0.9002
	53596	-0.8994
	59317	-0.8979
	54778	-0.895
	59124	-0.8948
	58932	-0.8905
	59502	-0.8887
	59659	-0.8817
	54726	-0.8797
	54632	-0.8746
	50928	-0.8727
	56948	-0.8726
	54449	-0.8707
	54263	-0.8553
	58941	-0.8545
	50960	-0.8544
	54702	-0.8542
	54610	-0.854
	54261	-0.8532
	54603	-0.8517
	54871	-0.8517
	54812	-0.8514
	59478	-0.8478
	56867	-0.8458
	53584	-0.845
	54321	-0.8432
	54226	-0.8379
	59304	-0.8343
	54521	-0.834
	54525	-0.8335
	56459	-0.8331
	53883	-0.8306
	54164	-0.8297
	54861	-0.829
	53794	-0.8256
	54419	-0.8248
	59126	-0.8242
	56441	-0.8241
	59476	-0.8232
	54507	-0.8232
	50858	-0.8228
	50956	-0.8221
	54863	-0.8207
	58928	-0.8137
	54080	-0.8113
	59481	-0.8078
	59310	-0.8056
	54047	-0.801
	56247	-0.7973
	56443	-0.7951
	54827	-0.7932
	54026	-0.7914
	59099	-0.7869
	54531	-0.7861
	53895	-0.7858
	54597	-0.7858
	56756	-0.7832
	56951	-0.7821
	59102	-0.7765
	54753	-0.7739
	54313	-0.7733
	59114	-0.7732
	54434	-0.7703
	59462	-0.7694
	59113	-0.7672
	54308	-0.765
	59650	-0.7631
	54612	-0.7554
	54169	-0.7545
	54399	-0.7522
	54640	-0.7503
	56580	-0.75
	54213	-0.747
	56670	-0.7386
	54506	-0.7348
	56317	-0.7335
	56643	-0.7318
	54820	-0.7299
	54319	-0.7292
	54243	-0.7289
	54076	-0.72
	53782	-0.7193
	53753	-0.7164
	54406	-0.7159
	54292	-0.7153
	53676	-0.7137
	54736	-0.7135
	54511	-0.7118
	56267	-0.7077
	53391	-0.707
	57110	-0.7044
	56755	-0.7028
	54260	-0.7023
	53678	-0.7019
	56331	-0.7018
	53666	-0.698
	54823	-0.6962
	54290	-0.6918
	56751	-0.6911
	54541	-0.6906
	58250	-0.6874
	51542	-0.6855
	54517	-0.68
	58714	-0.6781
	54911	-0.6756
	59469	-0.6736
	54276	-0.671
	50950	-0.6695
	53768	-0.6693
	53688	-0.6684
	53886	-0.6675
	59294	-0.666
	56137	-0.6633
	54503	-0.6555
	50963	-0.6526
	54910	-0.6524
	54932	-0.6523
	59653	-0.6461
	56342	-0.6457
	53685	-0.6455
	54724	-0.6453
	54510	-0.6449
	54502	-0.6448
	56257	-0.6395
	56387	-0.6392
	56666	-0.6358
	59473	-0.6356
	54627	-0.635
	56128	-0.6348
	50962	-0.6342
	54218	-0.6316
	54024	-0.6307
	56167	-0.6277
	59470	-0.6275
	53798	-0.6267
	53696	-0.6262
	53884	-0.6205
	59838	-0.6204
	54433	-0.62
	54424	-0.6197
	50879	-0.6187
	54252	-0.6186
	56763	-0.6183
	54518	-0.6177
	54512	-0.617
	54602	-0.6166
	54631	-0.6159
	53788	-0.6154
	59480	-0.613
	54810	-0.6119
	58247	-0.6077
	59663	-0.6065
	53665	-0.6055
	54326	-0.6041
	54519	-0.6032
	51477	-0.6
	55664	-0.5996
	54814	-0.599
	59293	-0.5975
	50949	-0.5955
	55472	-0.5935
	55773	-0.593
	54117	-0.5896
	54223	-0.588
	54912	-0.5868
	56669	-0.5834
	58848	-0.5803
	54540	-0.5794
	54501	-0.5784
	56976	-0.5774
	54412	-0.5757
	59453	-0.5738
	57025	-0.5732
	53579	-0.5714
	54171	-0.5704
	53878	-0.57
	54628	-0.5686
	54172	-0.5684
	56748	-0.5678
	56357	-0.5675
	54817	-0.5669
	54098	-0.5668
	54398	-0.5659
	59109	-0.5649
	54320	-0.5636
	54836	-0.5633
	53892	-0.5605
	50833	-0.5604
	54918	-0.5602
	54662	-0.5595
	57102	-0.5569
	50877	-0.5566
	53872	-0.5562
	53673	-0.5557
	54619	-0.5542
	58923	-0.5535
	53789	-0.5534
	59488	-0.5527
	54039	-0.5511
	53763	-0.5462
	54828	-0.5462
	53996	-0.5449
	54853	-0.5418
	56374	-0.538
	53659	-0.5379
	54848	-0.5365
	54706	-0.5349
	54752	-0.5349
	53799	-0.5319
	59640	-0.5309
	54423	-0.5301
	54324	-0.5291
	53995	-0.529
	54816	-0.5274
	54920	-0.5271
	53392	-0.5259
	53740	-0.5249
	54818	-0.5227
	54534	-0.5218
	54915	-0.5181
	53750	-0.5153
	56674	-0.515
	58246	-0.514
	56849	-0.5117
	58254	-0.5073
	58839	-0.5062
	53677	-0.5061
	54316	-0.5058
	53756	-0.5057
	54515	-0.5044
	54439	-0.5042
	57377	-0.5035
	53992	-0.5025
	59487	-0.4997
	54527	-0.4958
	54293	-0.494
	53491	-0.4938
	54428	-0.4936
	54429	-0.4933
	54916	-0.4923
	56389	-0.4923
	54904	-0.4915
	54900	-0.4876
	53582	-0.483
	54532	-0.483
	53966	-0.4829
	54903	-0.4822
	54273	-0.4819
	53681	-0.4817
	55279	-0.4807
	54725	-0.4774
	53950	-0.477
	54936	-0.4768
	53948	-0.4758
	56571	-0.4749
	56194	-0.473
	50946	-0.4709
	56190	-0.4689
	57731	-0.4684
	54835	-0.4683
	57045	-0.4678
	56578	-0.4672
	54301	-0.4657
	54416	-0.4636
	57046	-0.4624
	53669	-0.4617
	53646	-0.4614
	58931	-0.4609
	54615	-0.4589
	50871	-0.4588
	54923	-0.4584
	54041	-0.4564
	59290	-0.4557
	57023	-0.4556
	53981	-0.4535
	54842	-0.4534
	54940	-0.4519
	54832	-0.4518
	53938	-0.4496
	58341	-0.4489
	50948	-0.4478
	50939	-0.4463
	54453	-0.4447
	56227	-0.4441
	52267	-0.4433
	53674	-0.4426
	52998	-0.4414
	54819	-0.4397
	53890	-0.4386
	54921	-0.4385
	54913	-0.4375
	50936	-0.437
	56844	-0.436
	57021	-0.4342
	56312	-0.4317
	53894	-0.4307
	54922	-0.4293
	53786	-0.4276
	59456	-0.4274
	54187	-0.4273
	59289	-0.427
	57016	-0.4265
	53880	-0.4262
	53897	-0.4246
	59451	-0.4229
	55680	-0.4216
	50838	-0.4193
	51365	-0.4187
	56116	-0.4185
	54804	-0.4178
	56497	-0.4153
	55681	-0.4147
	54431	-0.4143
	53573	-0.4134
	52863	-0.4125
	56836	-0.4057
	52842	-0.4045
	59454	-0.403
	56168	-0.402
	57049	-0.4016
	52862	-0.4007
	54914	-0.3979
	56146	-0.3979
	57993	-0.3953
	50861	-0.3917
	53899	-0.3913
	59673	-0.3903
	57020	-0.3892
	51495	-0.3885
	53941	-0.3884
	56144	-0.3876
	59094	-0.3875
	58926	-0.3872
	51243	-0.3868
	54807	-0.3858
	57043	-0.3853
	56172	-0.3837
	59096	-0.3798
	54122	-0.3776
	53289	-0.3762
	57026	-0.3762
	54291	-0.3726
	55598	-0.3713
	55228	-0.3705
	59941	-0.3676
	54815	-0.3663
	53787	-0.3651
	54113	-0.3611
	57047	-0.3568
	54522	-0.3554
	54905	-0.3539
	53976	-0.352
	53953	-0.3513
	57055	-0.351
	58618	-0.3502
	54728	-0.3493
	50859	-0.3481
	54805	-0.3475
	54031	-0.3473
	53754	-0.3472
	54404	-0.3467
	53772	-0.3448
	59075	-0.3431
	54749	-0.3426
	51438	-0.3392
	54801	-0.3367
	57087	-0.333
	58567	-0.3299
	53974	-0.3294
	53773	-0.3291
	53751	-0.3263
	54195	-0.3252
	53893	-0.3226
	53576	-0.3208
	52876	-0.3205
	57713	-0.3205
	54901	-0.3202
	58146	-0.3198
	54645	-0.319
	58940	-0.3186
	50985	-0.318
	58555	-0.317
	54843	-0.3156
	51186	-0.3152
	53975	-0.315
	57378	-0.315
	57111	-0.3147
	57040	-0.3136
	53777	-0.3074
	54908	-0.3065
	54115	-0.3056
	53664	-0.3054
	53877	-0.3039
	57012	-0.3036
	52980	-0.3033
	58240	-0.3014
	57024	-0.301
	57082	-0.3004
	58558	-0.2989
	58836	-0.2981
	51377	-0.2978
	53760	-0.2962
	53888	-0.2959
	54857	-0.2938
	56195	-0.2927
	53962	-0.2924
	56575	-0.2917
	53998	-0.2912
	53498	-0.2873
	53947	-0.2868
	54902	-0.2864
	56092	-0.2858
	57027	-0.2858
	53980	-0.2857
	52546	-0.2827
	56842	-0.2823
	54846	-0.2774
	54927	-0.276
	56186	-0.276
	51356	-0.2749
	53848	-0.2748
	58244	-0.2732
	57039	-0.2731
	53492	-0.2725
	58921	-0.2716
	52203	-0.2713
	53776	-0.2703
	57090	-0.27
	54802	-0.2699
	58660	-0.2697
	59268	-0.2682
	58847	-0.2658
	55294	-0.2658
	58242	-0.2657
	54935	-0.2645
	54214	-0.2635
	56671	-0.2617
	56688	-0.2612
	57022	-0.2612
	58265	-0.2602
	53759	-0.2589
	54027	-0.2587
	54410	-0.258
	53984	-0.2577
	54837	-0.2561
	53989	-0.2559
	53499	-0.254
	52984	-0.2529
	57368	-0.2511
	57034	-0.2509
	58255	-0.2503
	59092	-0.2486
	54533	-0.2486
	54764	-0.2484
	53926	-0.2466
	54808	-0.2464
	53575	-0.2459
	50778	-0.2437
	57370	-0.2435
	58710	-0.2434
	50832	-0.2431
	53889	-0.2421
	50958	-0.2403
	53774	-0.2376
	56851	-0.2368
	53769	-0.2361
	53488	-0.2359
	54204	-0.2343
	58556	-0.2338
	59269	-0.2327
	58154	-0.2321
	53771	-0.2292
	57044	-0.2288
	58343	-0.2269
	59452	-0.2269
	51467	-0.2249
	59471	-0.2238
	53863	-0.2187
	56982	-0.2179
	57030	-0.2171
	57032	-0.2169
	58249	-0.2167
	59093	-0.2141
	56746	-0.2137
	51352	-0.2136
	56843	-0.213
	53483	-0.2125
	59097	-0.2108
	55690	-0.2104
	54809	-0.2058
	56494	-0.2054
	59654	-0.2053
	57084	-0.2053
	53944	-0.2051
	53954	-0.2041
	57054	-0.203
	54851	-0.2029
	53982	-0.202
	57132	-0.2006
	59256	-0.2002
	53859	-0.1987
	57033	-0.1984
	53983	-0.1979
	54852	-0.1974
	53778	-0.1971
	53979	-0.1949
	58021	-0.1948
	53757	-0.1948
	56125	-0.1947
	56196	-0.1936
	53732	-0.1929
	59658	-0.1927
	53967	-0.1918
	59279	-0.1915
	58241	-0.191
	58220	-0.1905
	51076	-0.1902
	56171	-0.1892
	53958	-0.1875
	56767	-0.1873
	56885	-0.1856
	57714	-0.1843
	54405	-0.1828
	50987	-0.181
	51572	-0.1797
	55572	-0.1793
	53997	-0.1775
	59655	-0.1763
	51241	-0.1747
	58568	-0.1721
	54401	-0.1709
	57722	-0.1708
	56184	-0.1692
	52986	-0.1691
	59848	-0.1675
	53780	-0.1673
	56485	-0.1669
	57076	-0.1661
	57085	-0.1659
	53068	-0.1644
	57129	-0.1642
	54305	-0.1594
	57079	-0.1573
	57003	-0.1527
	53399	-0.1512
	51378	-0.1508
	58251	-0.149
	52988	-0.1486
	52323	-0.1485
	56862	-0.1479
	56961	-0.1473
	53852	-0.1471
	53978	-0.146
	58701	-0.1456
	55578	-0.1443
	56673	-0.1427
	53935	-0.1426
	51358	-0.1408
	57732	-0.1407
	53994	-0.1402
	57042	-0.1393
	57028	-0.1381
	56152	-0.138
	54929	-0.1369
	51436	-0.1349
	59287	-0.1342
	53993	-0.134
	54841	-0.134
	51886	-0.1321
	57991	-0.1319
	53272	-0.1314
	53945	-0.1303
	53986	-0.1302
	58845	-0.1301
	56764	-0.1299
	57011	-0.1279
	54919	-0.1272
	58245	-0.1257
	53987	-0.1251
	58749	-0.1243
	53578	-0.1204
	56959	-0.1178
	53083	-0.1163
	53617	-0.1154
	53959	-0.1145
	53783	-0.1135
	54186	-0.1135
	53865	-0.1133
	53764	-0.113
	54318	-0.1116
	50514	-0.111
	53885	-0.111
	53866	-0.1109
	57048	-0.1102
	52874	-0.1086
	53879	-0.1073
	56378	-0.1066
	58912	-0.106
	57080	-0.1058
	53276	-0.1054
	58625	-0.1
	58264	-0.0998
	58565	-0.099
	53850	-0.0975
	57176	-0.0958
	58821	-0.0951
	52602	-0.0947
	57083	-0.091
	58911	-0.09
	52557	-0.0878
	58022	-0.0866
	59276	-0.086
	57081	-0.0823
	59278	-0.0815
	53864	-0.0811
	50775	-0.0805
	57887	-0.0804
	51058	-0.0796
	53937	-0.0784
	56840	-0.0784
	57093	-0.0774
	56189	-0.076
	54849	-0.0737
	58351	-0.0735
	53658	-0.0729
	58360	-0.0722
	58377	-0.0719
	51359	-0.0714
	55589	-0.0695
	57031	-0.0692
	57717	-0.0689
	51581	-0.0687
	58823	-0.0681
	56582	-0.0674
	56390	-0.0654
	51288	-0.0651
	56199	-0.0636
	54722	-0.063
	57041	-0.0627
	54102	-0.0625
	51353	-0.0621
	56969	-0.061
	51573	-0.0601
	57086	-0.0599
	58020	-0.0593
	59288	-0.0592
	53931	-0.0574
	53968	-0.0553
	56777	-0.0547
	53486	-0.0519
	51156	-0.0508
	57720	-0.0502
	57889	-0.0501
	53898	-0.0494
	58933	-0.0483
	56462	-0.047
	53735	-0.0464
	58616	-0.0447
	57972	-0.0444
	53924	-0.043
	57381	-0.0424
	53956	-0.0421
	53577	-0.0418
	58693	-0.0392
	50776	-0.0392
	57091	-0.0385
	58623	-0.0381
	53988	-0.0373
	56496	-0.0362
	53446	-0.0357
	58615	-0.0354
	53599	-0.0347
	58619	-0.0341
	52974	-0.0339
	58013	-0.0325
	56151	-0.0316
	51777	-0.031
	53873	-0.0302
	51469	-0.0296
	53963	-0.0277
	50973	-0.0261
	52378	-0.0256
	53490	-0.0251
	57029	-0.0219
	53874	-0.0217
	54939	-0.0204
	56479	-0.0183
	52313	-0.0178
	55585	-0.017
	58024	-0.0167
	57077	-0.0165
	50873	-0.0164
	53917	-0.0146
	57156	-0.0137
	54622	-0.0127
	59750	-0.0122
	53841	-0.0115
	57385	-0.0098
	53529	-0.0095
	53970	-0.0091
	53748	-0.0089
	58846	-0.0083
	57134	-0.0067
	56871	-0.0062
	53869	-0.0057
	54917	-0.0050
	52983	-0.0038
	53882	-0.0032
	57094	-0.0026
	56761	-0.0016
	57072	-0.0015
	52515	-0.0013
	53965	-5.0E-4
	56386	5.0E-4
	52575	0.0011
	56569	0.0013
	58215	0.0017
	59284	0.0022
	53378	0.0023
	56898	0.0024
	57051	0.0024
	59847	0.0027
	57004	0.0034
	58225	0.0058
	57037	0.0066
	54909	0.0067
	56675	0.0068
	51567	0.0078
	59255	0.0086
	57061	0.0087
	53484	0.0089
	57137	0.012
	57169	0.0121
	58607	0.0124
	53651	0.013
	52681	0.0132
	53687	0.0138
	53857	0.0138
	57053	0.0142
	58259	0.0144
	59280	0.0149
	52652	0.016
	59632	0.0181
	56944	0.0185
	58243	0.0198
	56886	0.0202
	56977	0.0202
	50844	0.0205
	53862	0.0247
	50853	0.0252
	53942	0.0252
	56307	0.0256
	53663	0.0258
	58342	0.0266
	58459	0.0277
	58754	0.0284
	57035	0.0322
	53871	0.0326
	50854	0.0328
	52972	0.0337
	57304	0.0345
	59446	0.0348
	52985	0.0348
	58008	0.0353
	53896	0.0365
	52825	0.037
	53770	0.038
	57074	0.0392
	50425	0.0396
	52447	0.0398
	56684	0.0417
	56949	0.0419
	58337	0.0477
	59457	0.0477
	58257	0.0494
	59264	0.0516
	57981	0.0522
	58150	0.0525
	57363	0.0533
	58001	0.0562
	58557	0.0562
	58814	0.0568
	58268	0.0569
	54907	0.0582
	56193	0.0588
	58004	0.0591
	53961	0.0602
	53682	0.0603
	57075	0.0609
	53829	0.0622
	56768	0.0639
	51828	0.0643
	53861	0.0646
	51087	0.0648
	56181	0.0651
	58049	0.0656
	53973	0.0662
	59285	0.0665
	52784	0.0668
	53464	0.0671
	56298	0.0697
	53955	0.0726
	57988	0.0741
	50940	0.0741
	57460	0.0745
	51829	0.0749
	53957	0.0759
	56863	0.076
	51716	0.0765
	52674	0.0772
	53832	0.0773
	58356	0.0789
	53567	0.0795
	50834	0.0797
	58642	0.0812
	53562	0.082
	57154	0.0835
	56985	0.0852
	53964	0.0856
	58158	0.0878
	50787	0.0899
	57162	0.0912
	58236	0.0918
	56487	0.0943
	57060	0.0943
	58334	0.0964
	56846	0.0974
	57699	0.098
	57014	0.0986
	53860	0.0991
	58003	0.1
	58637	0.1003
	51379	0.1014
	58147	0.1017
	53565	0.1021
	57191	0.1047
	50603	0.1056
	54943	0.1059
	53875	0.1078
	51346	0.1085
	59091	0.1088
	53580	0.1094
	58359	0.1096
	58705	0.1097
	51827	0.1113
	57307	0.1113
	58358	0.1114
	58824	0.1116
	58546	0.1129
	58329	0.1141
	58214	0.1146
	51367	0.1155
	57867	0.1158
	56584	0.1166
	56192	0.1172
	58338	0.1175
	59004	0.1184
	50739	0.1201
	51053	0.1201
	53775	0.1223
	57067	0.1233
	53519	0.1239
	56147	0.1239
	58719	0.1242
	51826	0.1245
	56180	0.125
	54311	0.1254
	51357	0.1271
	58449	0.1273
	56478	0.1286
	57008	0.1289
	58844	0.13
	56106	0.1301
	53574	0.1304
	52787	0.1309
	57071	0.1337
	58269	0.1338
	57038	0.1341
	56876	0.1355
	57896	0.1372
	58570	0.1374
	53934	0.1378
	53908	0.1382
	57128	0.1389
	58453	0.1398
	56202	0.1404
	51571	0.1406
	59090	0.1407
	50888	0.1426
	50968	0.1434
	58806	0.1436
	53853	0.1441
	52885	0.1457
	58736	0.1459
	57105	0.1459
	53588	0.1476
	52112	0.1479
	53463	0.1484
	58907	0.1486
	53660	0.1486
	58238	0.1492
	58129	0.1497
	56046	0.1502
	53972	0.1522
	50788	0.153
	53928	0.1533
	58457	0.1535
	58665	0.1543
	52418	0.155
	55493	0.1551
	57204	0.1552
	58612	0.1568
	53868	0.1568
	56384	0.1568
	53593	0.1581
	58148	0.1589
	51765	0.1596
	58819	0.1602
	54759	0.1606
	57883	0.1615
	53738	0.1615
	54755	0.1618
	56973	0.1619
	57096	0.1625
	58145	0.1638
	53553	0.164
	53475	0.1674
	53730	0.1675
	50880	0.1677
	53590	0.1679
	57089	0.1681
	59945	0.1696
	56279	0.1697
	57242	0.1705
	58352	0.1711
	51559	0.1715
	59088	0.1718
	56788	0.1728
	56989	0.1734
	53705	0.1735
	53594	0.1736
	56284	0.1752
	53618	0.1754
	55299	0.1754
	58626	0.1755
	53662	0.1766
	57178	0.1766
	53619	0.1774
	54806	0.1774
	53679	0.1788
	58563	0.1793
	53612	0.1804
	56096	0.1805
	51711	0.1816
	57723	0.1816
	51526	0.1831
	54723	0.1831
	53925	0.1834
	58335	0.1836
	58704	0.1837
	57180	0.1838
	53845	0.184
	53923	0.1842
	53856	0.1847
	58448	0.1854
	51720	0.1856
	58354	0.1858
	58456	0.1858
	53767	0.1872
	51705	0.1887
	57066	0.189
	58818	0.1899
	53469	0.191
	57876	0.1916
	53481	0.1926
	54192	0.1928
	58234	0.1958
	53929	0.1959
	52533	0.1966
	50353	0.1975
	59842	0.1977
	53644	0.1979
	57251	0.2002
	53927	0.2006
	57006	0.2007
	58562	0.2009
	53487	0.2011
	56474	0.202
	57407	0.2026
	56596	0.2028
	52679	0.2031
	56381	0.2035
	58724	0.2041
	52436	0.2045
	53343	0.2067
	58627	0.2069
	56272	0.2077
	58139	0.2083
	54304	0.2114
	58804	0.2131
	50745	0.2138
	57173	0.214
	56291	0.2154
	57126	0.2154
	58011	0.2162
	56841	0.2162
	58442	0.2166
	51060	0.2172
	57408	0.2174
	53195	0.2179
	58143	0.218
	58330	0.2186
	56739	0.2187
	58353	0.2189
	57261	0.222
	56870	0.2224
	51855	0.2226
	58224	0.2227
	57070	0.2242
	53614	0.2246
	50749	0.2249
	58713	0.2258
	54906	0.2283
	50774	0.2285
	58323	0.229
	51709	0.2303
	58544	0.2307
	58550	0.2314
	56766	0.2316
	58614	0.2321
	58208	0.2323
	53472	0.2354
	53518	0.2369
	58813	0.2373
	53502	0.2373
	53854	0.2379
	58443	0.2385
	57796	0.2408
	58429	0.2439
	54844	0.2454
	53367	0.2455
	58365	0.2462
	58455	0.2476
	59265	0.2487
	50983	0.2492
	54408	0.2494
	56029	0.2513
	58205	0.2521
	57976	0.2556
	53611	0.2558
	51137	0.2569
	53397	0.2579
	58237	0.2585
	56480	0.2597
	54099	0.2601
	56772	0.2607
	58514	0.262
	58609	0.262
	59270	0.2648
	57698	0.2649
	51839	0.265
	58458	0.2656
	58712	0.2662
	51470	0.2665
	57990	0.2667
	57994	0.267
	57718	0.2686
	56879	0.2687
	58707	0.2708
	53480	0.2711
	57184	0.2712
	57729	0.2713
	58605	0.2724
	58467	0.2731
	57179	0.2736
	57063	0.2737
	57973	0.2745
	58730	0.2751
	58517	0.2763
	58608	0.2769
	58547	0.277
	58230	0.2779
	53564	0.2785
	57298	0.2797
	57057	0.2805
	52993	0.2806
	57799	0.2814
	58906	0.2837
	57245	0.2846
	57001	0.2852
	52576	0.2856
	58140	0.2878
	56164	0.2891
	58559	0.2895
	56280	0.2901
	53467	0.2924
	57387	0.2925
	59948	0.2933
	56285	0.2933
	56187	0.2943
	57462	0.2945
	52797	0.2952
	53385	0.2967
	58346	0.3004
	56883	0.301
	57960	0.3025
	56043	0.3035
	50674	0.304
	52643	0.3046
	51482	0.305
	53543	0.308
	53384	0.3086
	56975	0.3098
	56872	0.3111
	56273	0.3121
	57989	0.3135
	56287	0.3146
	58822	0.3152
	58344	0.3166
	56783	0.3187
	59644	0.3207
	58509	0.3214
	51931	0.3222
	57175	0.3225
	52745	0.3227
	58745	0.3229
	51068	0.3246
	59266	0.3253
	58461	0.3257
	57181	0.3262
	52424	0.3274
	56594	0.3274
	58141	0.3282
	51369	0.3293
	52713	0.3304
	54938	0.3313
	57688	0.3321
	58748	0.3328
	58843	0.3328
	58012	0.337
	58421	0.3395
	59082	0.3403
	58361	0.3421
	51145	0.3426
	57002	0.3428
	50524	0.3448
	59441	0.3459
	57971	0.3461
	58436	0.3466
	59053	0.3472
	52978	0.3479
	57265	0.3486
	59449	0.35
	50878	0.3506
	59081	0.3511
	57696	0.3518
	53690	0.3524
	58345	0.353
	59758	0.353
	59017	0.3542
	58519	0.3546
	58221	0.3547
	58666	0.3554
	53991	0.356
	55591	0.3566
	52101	0.3615
	59254	0.3625
	57985	0.3631
	57874	0.3633
	56065	0.3636
	56585	0.3666
	58549	0.3672
	58905	0.3673
	52889	0.3704
	57792	0.3704
	57143	0.3712
	58452	0.3716
	58820	0.3726
	52866	0.3734
	51804	0.3763
	50867	0.3765
	52963	0.3765
	58015	0.3767
	57906	0.3769
	58366	0.3776
	58548	0.3781
	53602	0.3784
	57866	0.3795
	53545	0.3796
	52833	0.3805
	57894	0.3827
	57078	0.383
	56185	0.3854
	59647	0.3858
	59033	0.3861
	58602	0.3885
	53727	0.3895
	56082	0.3901
	58828	0.3921
	58025	0.3924
	57895	0.3925
	56586	0.3939
	58462	0.394
	57992	0.3946
	58468	0.3952
	53505	0.3955
	56289	0.3967
	57793	0.3989
	51707	0.3994
	58658	0.4002
	51722	0.4003
	57995	0.4013
	58631	0.4022
	58127	0.4024
	58222	0.4025
	58706	0.4026
	57612	0.4026
	54945	0.4033
	58132	0.4036
	58624	0.4098
	58321	0.4107
	58542	0.4111
	53615	0.4111
	58747	0.4116
	51717	0.413
	57106	0.4136
	57182	0.4137
	58362	0.4143
	52868	0.4143
	56286	0.415
	56778	0.417
	58647	0.4171
	57974	0.4174
	53478	0.4182
	56964	0.419
	56891	0.4198
	57886	0.4199
	58643	0.4199
	57098	0.4213
	50755	0.4252
	51704	0.4264
	57278	0.429
	59087	0.4294
	58667	0.43
	56992	0.4321
	58652	0.4335
	56782	0.4336
	58472	0.4341
	56875	0.4352
	58367	0.4363
	58632	0.4364
	56198	0.4366
	56786	0.4382
	57851	0.4406
	59241	0.4411
	58202	0.4422
	50758	0.4423
	58431	0.443
	56970	0.4455
	58464	0.446
	58477	0.448
	58235	0.4488
	51642	0.4488
	58340	0.4501
	57966	0.4514
	50767	0.4539
	56376	0.4558
	52607	0.4564
	57155	0.4573
	57395	0.4582
	57296	0.46
	58725	0.4602
	58715	0.4608
	57113	0.4609
	57905	0.4618
	58633	0.4637
	58734	0.4645
	53930	0.4655
	50741	0.4668
	59448	0.4676
	57608	0.4684
	56792	0.4688
	52818	0.4706
	57955	0.4707
	50978	0.4709
	53610	0.4713
	58752	0.4729
	58002	0.4749
	58606	0.4749
	50851	0.475
	57811	0.4752
	58451	0.4772
	58635	0.4774
	57860	0.4778
	57183	0.4782
	58450	0.4784
	56873	0.4786
	58311	0.4797
	58620	0.4805
	57095	0.483
	58837	0.4831
	58339	0.4839
	51133	0.4865
	56881	0.487
	57065	0.4872
	56183	0.488
	51730	0.4883
	57948	0.4891
	58207	0.4898
	58301	0.4918
	56954	0.493
	53457	0.4933
	50750	0.4943
	50862	0.4953
	56395	0.4966
	51818	0.4981
	57902	0.4984
	58045	0.499
	53466	0.4995
	51810	0.5009
	52856	0.5009
	57964	0.5043
	53357	0.5092
	58760	0.512
	52656	0.5131
	58126	0.5132
	58006	0.5141
	53704	0.5145
	56091	0.5159
	52737	0.5198
	58223	0.5201
	56297	0.5215
	51708	0.5235
	58320	0.5249
	58903	0.525
	58656	0.5259
	58454	0.5266
	56373	0.5271
	53517	0.5283
	57232	0.5325
	56380	0.5338
	58484	0.534
	58834	0.5344
	59034	0.5354
	57358	0.541
	52657	0.5415
	52836	0.542
	59845	0.5437
	57899	0.5439
	57390	0.545
	58634	0.5455
	57297	0.5455
	56697	0.5459
	56097	0.5469
	58460	0.5472
	52855	0.5474
	57682	0.5476
	56493	0.5483
	58508	0.5495
	52765	0.5502
	56067	0.5521
	56295	0.5521
	54012	0.5524
	57603	0.5525
	57719	0.555
	59012	0.5553
	53433	0.5582
	57124	0.5605
	58331	0.5608
	56094	0.5614
	51059	0.5619
	50618	0.5623
	58306	0.5635
	50979	0.5658
	57798	0.566
	58731	0.5666
	56966	0.5676
	57978	0.5677
	51802	0.5677
	50852	0.5695
	58314	0.5698
	58210	0.5707
	57505	0.5738
	57908	0.5799
	50884	0.5819
	58212	0.5837
	50742	0.5839
	50913	0.5841
	57734	0.5841
	50349	0.5847
	57437	0.5879
	58644	0.5882
	58751	0.5884
	56393	0.5887
	59055	0.5901
	58646	0.5903
	56592	0.5937
	58327	0.5948
	58369	0.5948
	56978	0.5952
	58017	0.5962
	58044	0.5976
	51463	0.5993
	56095	0.5997
	51465	0.6
	57233	0.6002
	58048	0.6005
	51656	0.6012
	53533	0.6023
	57687	0.6039
	57522	0.6042
	57737	0.607
	57694	0.6071
	58419	0.6081
	57388	0.6098
	59045	0.6106
	57127	0.6107
	50246	0.6117
	57768	0.612
	53915	0.6136
	56781	0.6178
	58537	0.6186
	56021	0.6243
	58428	0.6247
	57144	0.6249
	52661	0.6252
	58326	0.6254
	56281	0.6254
	53336	0.6263
	57868	0.6266
	51435	0.6313
	59429	0.6349
	58432	0.637
	58718	0.6372
	58138	0.6379
	58005	0.6392
	53916	0.6399
	58433	0.6414
	53547	0.6428
	50525	0.6455
	59242	0.646
	57153	0.6461
	56492	0.6483
	57187	0.6504
	58735	0.6516
	53348	0.6532
	53455	0.6536
	56775	0.6536
	57865	0.6539
	56399	0.6557
	59007	0.6558
	58047	0.6581
	56391	0.6585
	53707	0.6596
	58463	0.6599
	50727	0.661
	56016	0.6616
	57941	0.6665
	56483	0.669
	56290	0.6711
	56498	0.6711
	51655	0.6726
	57708	0.6752
	58622	0.6796
	58336	0.6798
	57853	0.6801
	57256	0.6801
	57140	0.6818
	59058	0.6836
	56962	0.6836
	58629	0.6837
	58034	0.6844
	58030	0.6858
	59059	0.6859
	52875	0.6874
	57274	0.6884
	50468	0.6893
	57438	0.6894
	53806	0.6917
	51330	0.6993
	56473	0.7
	58441	0.7015
	57962	0.7028
	53368	0.7042
	59427	0.7055
	51627	0.7057
	57208	0.7058
	57766	0.7063
	57954	0.7067
	57909	0.7098
	56595	0.7109
	59849	0.7134
	58543	0.7138
	52446	0.7153
	57910	0.7168
	57517	0.7178
	57679	0.7195
	50136	0.7211
	57927	0.7214
	58600	0.7221
	57253	0.7224
	59074	0.7225
	58316	0.7252
	53723	0.7256
	58826	0.7266
	58420	0.7276
	57279	0.7298
	58529	0.7303
	57882	0.7348
	56958	0.7358
	59065	0.7371
	53821	0.7371
	53906	0.7397
	51468	0.7401
	59205	0.7412
	57891	0.7457
	57320	0.7461
	52996	0.7462
	57119	0.7465
	57099	0.7487
	58426	0.7494
	58041	0.7508
	57846	0.7511
	57193	0.7518
	59940	0.7519
	57476	0.7534
	57293	0.7541
	53810	0.755
	58654	0.7552
	56394	0.7553
	58007	0.7564
	56774	0.7591
	58657	0.7598
	51437	0.7599
	56018	0.762
	59057	0.7632
	53324	0.7654
	53420	0.767
	56475	0.7683
	53513	0.7692
	57957	0.7694
	50842	0.7697
	58737	0.7706
	56889	0.7762
	58569	0.7792
	56074	0.7814
	51568	0.7818
	57514	0.7819
	57238	0.7829
	57461	0.7829
	50772	0.7855
	58601	0.7862
	56882	0.7887
	58742	0.7918
	57308	0.7924
	58502	0.7925
	57800	0.7931
	57254	0.7946
	54092	0.7953
	50673	0.7977
	52957	0.7982
	55655	0.7988
	53231	0.7993
	58135	0.801
	58416	0.8013
	57361	0.8022
	59072	0.8029
	57186	0.8088
	57007	0.8092
	58446	0.8125
	57777	0.8135
	51433	0.815
	53914	0.816
	51814	0.8177
	50247	0.8186
	56084	0.8204
	59001	0.8212
	58750	0.8227
	51334	0.8232
	58527	0.8254
	58026	0.8267
	58746	0.8269
	57975	0.827
	57956	0.8271
	50646	0.8362
	50892	0.8375
	52884	0.838
	57875	0.8393
	53337	0.8407
	58507	0.8408
	57248	0.8408
	52995	0.8417
	56490	0.8419
	58744	0.8428
	51815	0.8428
	57509	0.8431
	59435	0.8436
	57872	0.8443
	52943	0.8484
	57458	0.8486
	57921	0.8491
	57604	0.8511
	58664	0.8513
	56081	0.8537
	57231	0.854
	57996	0.8557
	57523	0.8575
	53522	0.8581
	56383	0.8628
	58415	0.863
	50756	0.8649
	57767	0.8661
	57541	0.8673
	58427	0.8675
	57822	0.8676
	51811	0.8686
	57769	0.8706
	57466	0.871
	58435	0.8757
	58424	0.8765
	50431	0.8783
	56984	0.8786
	57260	0.8787
	50639	0.8816
	57398	0.8863
	50566	0.8864
	57778	0.8898
	59271	0.8908
	57507	0.8914
	57609	0.8951
	50779	0.8954
	58203	0.8976
	56491	0.8978
	59046	0.899
	57313	0.905
	57249	0.9068
	50527	0.9079
	51633	0.9082
	56093	0.9084
	58418	0.9101
	57465	0.9108
	57464	0.9139
	58027	0.9152
	57177	0.9156
	57268	0.9176
	57871	0.9193
	57502	0.9205
	58512	0.9243
	57303	0.9282
	59052	0.9303
	57525	0.9333
	59249	0.935
	58409	0.937
	58040	0.9381
	53149	0.9381
	57362	0.9399
	56276	0.9415
	53817	0.9424
	57859	0.9459
	59064	0.9484
	56994	0.9519
	56396	0.954
	57247	0.9561
	57185	0.9609
	58131	0.961
	57409	0.9641
	50564	0.9653
	57744	0.9658
	57808	0.9667
	57779	0.9706
	57348	0.9709
	59246	0.9723
	50526	0.976
	56598	0.976
	50557	0.9764
	57673	0.977
	57857	0.9798
	58659	0.9812
	56296	0.9825
	57447	0.9828
	57965	0.9847
	57349	0.9881
	51238	0.9913
	57516	0.9932
	53419	0.9939
	56996	0.9943
	57206	0.9958
	58423	0.9999
	50548	1.0046
	57598	1.0061
	57306	1.0078
	57469	1.0084
	57835	1.0087
	53352	1.0128
	57295	1.0135
	58016	1.0154
	58534	1.0163
	58510	1.0192
	53725	1.0219
	50659	1.0226
	50915	1.0247
	57399	1.0251
	57942	1.0254
	59209	1.0299
	57213	1.0302
	57614	1.0336
	56382	1.0373
	57911	1.0379
	57915	1.0397
	57825	1.0412
	59631	1.0426
	59851	1.0429
	59051	1.043
	57818	1.0468
	59417	1.0469
	56071	1.0501
	59027	1.0512
	57922	1.0513
	53881	1.0532
	57674	1.056
	56173	1.0561
	57771	1.0574
	57439	1.0598
	57493	1.0598
	57774	1.0661
	57506	1.0695
	57728	1.0695
	51232	1.0729
	57916	1.0761
	58117	1.0793
	57519	1.0827
	57707	1.0871
	56793	1.0876
	56034	1.0898
	51636	1.0908
	57923	1.0939
	59213	1.094
	51328	1.0971
	57582	1.0998
	56878	1.1026
	56986	1.1028
	57772	1.1046
	56080	1.1049
	59037	1.1097
	57805	1.1105
	59061	1.1129
	51644	1.1148
	59063	1.115
	57758	1.1154
	57932	1.1167
	56593	1.1178
	58319	1.1208
	58438	1.1222
	59237	1.1308
	59071	1.1318
	57520	1.1323
	57432	1.1324
	56288	1.1329
	57314	1.1334
	50647	1.1339
	54094	1.1341
	57489	1.1345
	59843	1.1381
	51434	1.1404
	57271	1.1443
	50442	1.1474
	59635	1.1477
	57739	1.1488
	58530	1.1508
	59419	1.1525
	58417	1.153
	56991	1.1532
	50445	1.1534
	57907	1.1542
	57486	1.1553
	57317	1.1563
	56880	1.1596
	57803	1.1633
	57845	1.1637
	51329	1.1641
	58036	1.1674
	57496	1.1714
	57396	1.1724
	58116	1.1731
	59757	1.1774
	50434	1.178
	53512	1.1829
	57299	1.1843
	57405	1.1935
	57483	1.1936
	56785	1.1963
	50656	1.2006
	57508	1.2011
	57870	1.2033
	57445	1.2042
	58317	1.205
	58520	1.2097
	56038	1.2112
	57926	1.213
	57881	1.2185
	51701	1.2194
	52853	1.2197
	57600	1.2279
	58531	1.2285
	57900	1.2295
	56499	1.2336
	59211	1.2337
	57355	1.2344
	52895	1.2347
	57789	1.2354
	57510	1.2367
	57949	1.2381
	59224	1.2389
	57324	1.24
	57511	1.2401
	59041	1.2428
	57781	1.2454
	58501	1.246
	57481	1.2479
	57828	1.2501
	57662	1.2527
	56691	1.2591
	58038	1.2596
	57475	1.2612
	58035	1.27
	57485	1.2733
	56371	1.276
	58503	1.2778
	59425	1.2799
	57780	1.2826
	51639	1.283
	56045	1.2873
	57498	1.2878
	57417	1.2895
	57192	1.2906
	59047	1.2913
	57492	1.2936
	57326	1.2951
	57821	1.2961
	57491	1.2978
	56790	1.2981
	59426	1.2983
	51430	1.2998
	57840	1.2999
	57661	1.3042
	57735	1.3102
	57389	1.3122
	50632	1.3179
	52645	1.3192
	57680	1.3203
	57958	1.3204
	57969	1.3243
	57745	1.325
	59044	1.3269
	58128	1.329
	57666	1.3319
	56693	1.3425
	58402	1.3466
	58102	1.3546
	56033	1.3579
	57637	1.3579
	57773	1.358
	57605	1.3586
	57834	1.3681
	58111	1.369
	50658	1.371
	50655	1.3728
	57285	1.373
	56385	1.3735
	57816	1.3752
	56182	1.3758
	57544	1.3762
	57586	1.3829
	58109	1.3851
	58114	1.3902
	58107	1.3932
	57913	1.3957
	59022	1.3983
	57636	1.403
	59038	1.4043
	58408	1.405
	57807	1.4091
	57947	1.4156
	58101	1.4184
	59230	1.4245
	58401	1.4266
	52896	1.4268
	53903	1.4273
	51629	1.4276
	59856	1.4297
	57273	1.4299
	55437	1.4357
	57292	1.4394
	57738	1.4437
	59754	1.4485
	57494	1.4526
	57211	1.4527
	58125	1.4542
	58506	1.4636
	56995	1.4708
	57763	1.4726
	57451	1.4821
	57824	1.4891
	58523	1.4903
	57590	1.4957
	57315	1.5142
	58414	1.5151
	57482	1.5163
	53910	1.5168
	57499	1.5185
	57786	1.5212
	57540	1.5361
	59025	1.5391
	57754	1.5536
	57903	1.5552
	57806	1.5581
	57477	1.5599
	58130	1.5621
	57842	1.5628
	57195	1.5726
	58113	1.5738
	57259	1.5836
	58407	1.5866
	57678	1.5867
	57742	1.5904
	57513	1.5933
	59431	1.5979
	57577	1.5984
	57237	1.5985
	57339	1.602
	52633	1.6067
	57813	1.6103
	57583	1.6129
	57595	1.6141
	57257	1.6173
	57584	1.6186
	57606	1.6252
	58500	1.6287
	51431	1.631
	57829	1.6314
	59023	1.6336
	57914	1.6346
	57741	1.6355
	58437	1.6361
	57343	1.6572
	52908	1.6627
	57663	1.6732
	57776	1.6791
	58118	1.681
	57216	1.6832
	51628	1.6848
	57217	1.689
	57837	1.6906
	57318	1.6931
	57543	1.7024
	59015	1.7034
	57573	1.7036
	57545	1.7042
	57844	1.71
	57189	1.7108
	57581	1.7109
	57281	1.7146
	57197	1.7161
	57564	1.7162
	57188	1.7173
	57413	1.7196
	57736	1.7235
	59626	1.7303
	59235	1.7347
	57518	1.7351
	59238	1.7374
	57309	1.7383
	57329	1.7403
	59021	1.7416
	59031	1.748
	52754	1.7503
	57536	1.7531
	59228	1.7657
	52955	1.7665
	57194	1.7673
	56987	1.7676
	52968	1.7698
	52495	1.7707
	57196	1.7739
	57554	1.7752
	58108	1.7765
	57585	1.7801
	57401	1.7837
	57936	1.7867
	59855	1.8048
	59229	1.8129
	57431	1.8148
	57411	1.8241
	57328	1.8262
	58104	1.8263
	58122	1.8287
	58404	1.8297
	57359	1.8344
	57640	1.8399
	57558	1.8458
	58100	1.8777
	57710	1.8784
	57762	1.894
	57752	1.8958
	57290	1.9033
	56004	1.9049
	59854	1.9094
	57198	1.9173
	57625	1.9235
	59421	1.9374
	57574	1.9546
	57294	1.9598
	57575	1.9618
	57646	1.9716
	54093	1.9923
	57827	1.9978
	57809	2.0053
	57647	2.0321
	57841	2.0342
	57425	2.0753
	57566	2.0882
	57333	2.0962
	57414	2.1087
	57761	2.1214
	57839	2.1302
	57655	2.1357
	59215	2.1527
	59954	2.1583
	57832	2.1724
	56079	2.2075
	57643	2.2216
	57512	2.254
	57633	2.2787
	57740	2.2801
	57571	2.2809
	57416	2.3041
	57912	2.3206
	53192	2.3527
	57565	2.3722
	57657	2.3878
	57669	2.4113
	57420	2.412
	57671	2.4318
	57426	2.4612
	57743	2.486
	57658	2.495
	57642	2.5183
	57589	2.5261
	57345	2.5482
	57635	2.5513
	57562	2.5688
	57814	2.5903
	57537	2.5958
	59951	2.6011
	57760	2.6064
	57634	2.6706
	57623	2.7787
	57415	2.8764
	59218	2.99
	59227	3.0708
	57402	3.0877
	57649	3.4661
