	56296	-1.3462
	56199	-1.3164
	56190	-1.3162
	56197	-1.1995
	56598	-1.1871
	56196	-1.1488
	57803	-1.1234
	58667	-1.10727
	56285	-1.0802
	56286	-1.0675
	56373	-1.058
	56298	-1.0429
	59205	-1.0176
	59015	-0.98712
	56297	-0.9844
	58666	-0.9790200000000001
	56838	-0.9728
	59664	-0.9425699999999999
	56380	-0.9416
	56290	-0.9394
	56378	-0.9259
	56391	-0.9193
	59017	-0.9156600000000001
	56186	-0.8944
	56382	-0.8797
	56180	-0.8549
	56386	-0.8502
	57976	-0.8416
	56192	-0.83340621
	56295	-0.8258
	59626	-0.81864
	57818	-0.811
	59635	-0.7947000000000001
	56257	-0.7946
	58760	-0.7825500000000001
	56384	-0.7765
	57800	-0.7722
	59656	-0.7463700000000001
	57303	-0.7341
	56443	-0.7319
	56691	-0.7263
	59421	-0.7245900000000001
	56383	-0.7172
	57307	-0.7164
	59007	-0.7094
	57714	-0.7027
	57805	-0.6965
	56189	-0.6946
	59209	-0.68265
	56755	-0.6813
	56195	-0.6674
	57605	-0.6594
	59659	-0.65862
	59478	-0.65439
	56584	-0.6378
	59488	-0.6362099999999999
	56289	-0.636
	59037	-0.63495
	56395	-0.6346
	56376	-0.6336
	57821	-0.6267
	57027	-0.62392239
	56757	-0.6179
	57306	-0.6177
	56281	-0.61
	56276	-0.608
	59227	-0.60633
	56396	-0.6053
	57206	-0.5992
	56278	-0.5932
	59452	-0.5892299999999999
	56284	-0.5815
	56272	-0.5811
	59230	-0.5760000000000001
	59655	-0.57375
	57304	-0.5636
	56357	-0.5571
	56194	-0.5526
	56595	-0.5506
	59074	-0.55008
	59476	-0.54648
	59270	-0.54342
	57119	-0.54108054
	57837	-0.5367
	57988	-0.53433
	57912	-0.5323
	56183	-0.532
	56287	-0.5294
	56371	-0.5222
	58752	-0.52164
	59673	-0.51795
	53944	-0.51390612
	59477	-0.5122800000000001
	57723	-0.5111
	56976	-0.4922
	56596	-0.4852
	57978	-0.4844
	57971	-0.4802
	57835	-0.4765
	57016	-0.47515104
	57985	-0.4717
	59650	-0.47088
	57003	-0.46878741
	56493	-0.4672
	56279	-0.467
	59279	-0.4623300000000001
	56193	-0.4566
	57308	-0.4566
	56181	-0.4565
	56374	-0.4563
	59075	-0.44955
	59663	-0.44928
	57889	-0.4482
	56182	-0.4453
	56247	-0.4438
	57808	-0.4409
	56992	-0.432
	54776	-0.42682185000000006
	59754	-0.4239
	56381	-0.4207
	59473	-0.41850000000000004
	59653	-0.41570999999999997
	59065	-0.41265
	59218	-0.41058
	59280	-0.40896000000000005
	59278	-0.40644
	59266	-0.40176
	57211	-0.39850083000000003
	57824	-0.3933
	57989	-0.39312
	57006	-0.39162123000000004
	52995	-0.39035997
	53857	-0.38686284
	52557	-0.38411100000000004
	59658	-0.38007
	56387	-0.3683
	57204	-0.3676
	59072	-0.36738000000000004
	57991	-0.36621
	57708	-0.3647
	57105	-0.36209628000000005
	57021	-0.35487270000000004
	56592	-0.3449
	59229	-0.34443
	59255	-0.34290000000000004
	59451	-0.34245000000000003
	57806	-0.3409
	59265	-0.33732
	59427	-0.33525
	57910	-0.335
	53810	-0.33262866
	57845	-0.3324
	57973	-0.3285
	59064	-0.324
	57111	-0.32070402000000003
	56095	-0.31778019
	57127	-0.31732155
	59453	-0.31473
	59254	-0.31437
	59025	-0.31212
	57217	-0.3109
	58664	-0.30411
	53926	-0.30287439
	57025	-0.29886129
	57124	-0.29507751000000004
	54610	-0.29496285
	54619	-0.29221101000000005
	57942	-0.29186999999999996
	57020	-0.28687932
	57809	-0.283
	59091	-0.2826
	57834	-0.2758
	56745	-0.2736
	59090	-0.27063000000000004
	57903	-0.2705
	54613	-0.26629785
	56390	-0.2662
	54857	-0.26205543000000003
	52998	-0.26136747000000005
	56187	-0.2613
	59088	-0.26118
	56394	-0.2598
	56084	-0.25752636
	53928	-0.25603578
	59211	-0.25506
	57707	-0.2549
	59435	-0.25200000000000006
	52652	-0.24927084000000002
	59096	-0.24750000000000003
	57941	-0.24687
	59454	-0.24408
	56761	-0.2431
	59094	-0.23724
	56459	-0.2349
	57037	-0.23149854
	57814	-0.2311
	56752	-0.2232
	56843	-0.2229
	58665	-0.22239
	54726	-0.22106448
	59469	-0.21942
	56389	-0.2184
	56748	-0.2183
	59224	-0.21726
	59940	-0.216
	53881	-0.21544614000000004
	56094	-0.21515949000000004
	59417	-0.21303
	57913	-0.2097
	59481	-0.20601
	52993	-0.20042568000000002
	57996	-0.19962
	57916	-0.1981
	53937	-0.19727253000000003
	57102	-0.19348875000000001
	59631	-0.18873
	59051	-0.18747000000000003
	56985	-0.1874
	54528	-0.18735444
	53945	-0.18626517000000004
	59246	-0.18513
	57948	-0.18117
	54853	-0.17812431
	57023	-0.17520048
	56273	-0.1732
	59047	-0.17019
	52546	-0.16723161000000003
	59228	-0.16659
	59462	-0.16632
	59487	-0.16605
	57022	-0.16597035
	56385	-0.1626
	52323	-0.15932007
	57011	-0.15828813000000003
	56462	-0.1578
	56996	-0.1565
	57902	-0.1554
	57041	-0.15507765
	56267	-0.1511
	59023	-0.14796
	58921	-0.14615999999999998
	53938	-0.14567553
	59044	-0.14481
	52681	-0.14309568
	57975	-0.1428
	59055	-0.14202
	56756	-0.1385
	53947	-0.13707603000000002
	56991	-0.1357
	53829	-0.13547079
	59249	-0.13455
	57969	-0.1345
	59071	-0.13374000000000003
	59021	-0.13239
	54871	-0.13197366
	57113	-0.13174434000000002
	56674	-0.1317
	54541	-0.13076973
	57713	-0.1288
	54527	-0.12538071
	59046	-0.12483
	56684	-0.1247
	56489	-0.124
	54429	-0.12303018000000002
	53908	-0.12056499
	56399	-0.1189
	59215	-0.11871
	52674	-0.11827179000000002
	56251	-0.1179
	59475	-0.11763000000000001
	57825	-0.1173
	59041	-0.11637
	53914	-0.11574927
	53925	-0.11546262
	57807	-0.1134
	53927	-0.10841103
	56480	-0.107
	59092	-0.10656
	59052	-0.10503
	59213	-0.10467
	57990	-0.10368
	57604	-0.1022
	54532	-0.1020474
	54616	-0.10181808
	58656	-0.09963000000000001
	54645	-0.09889425
	59256	-0.09837
	57007	-0.09809163000000001
	54778	-0.09728901
	57737	-0.0955
	59235	-0.09530999999999999
	59264	-0.09324
	57134	-0.09235863
	59758	-0.0915
	57110	-0.08966412000000001
	57822	-0.0893
	57106	-0.08857485000000001
	57031	-0.08754291
	58837	-0.08685000000000001
	56499	-0.0867
	57001	-0.08651097
	53923	-0.08513505
	54623	-0.08433243000000001
	56144	-0.0801
	58652	-0.07893
	54715	-0.07848477
	54615	-0.07825545
	59097	-0.07722
	56097	-0.0767
	59276	-0.0756
	59038	-0.07254000000000001
	54521	-0.07189182000000001
	57024	-0.07137585
	54749	-0.07085988
	57407	-0.0677
	57956	-0.0675
	54732	-0.06701877
	59448	-0.06282
	57857	-0.0624
	57720	-0.06
	52515	-0.05893524000000001
	57014	-0.05876325
	57002	-0.057845970000000003
	59027	-0.057600000000000005
	57012	-0.05687136
	57128	-0.056699370000000006
	59654	-0.05661
	53518	-0.055667430000000004
	58556	-0.054
	54718	-0.05325957
	53916	-0.05073705
	56147	-0.0507
	57213	-0.048157200000000004
	57608	-0.0481
	54843	-0.04712526
	56288	-0.0459
	59237	-0.0432
	59480	-0.04275
	52661	-0.04144959
	54437	-0.03955770000000001
	54738	-0.03875508
	56485	-0.035
	57008	-0.033767370000000005
	59441	-0.032940000000000004
	54603	-0.0321048
	54523	-0.028321020000000002
	57614	-0.0274
	56498	-0.0273
	53929	-0.02482389
	59087	-0.02376
	56185	-0.0234
	54719	-0.023333310000000003
	57887	-0.0216
	59271	-0.02133
	57126	-0.020868120000000004
	59033	-0.018000000000000002
	54535	-0.01754298
	59061	-0.01584
	54725	-0.01335789
	54717	-0.012669930000000001
	53915	-0.012440610000000001
	59058	-0.01233
	57966	-0.0115
	59838	-0.0114
	59750	-0.01098
	59640	-0.00846
	57914	-0.0084
	53917	-0.00791154
	56092	-0.00670761
	56593	-0.0066
	54533	-0.006535620000000001
	59446	-0.00558
	54622	-0.0051597
	52533	-0.0038411100000000004
	56665	-0.0037
	54531	-0.00206388
	54753	-0.00149058
	53725	-0.00120393
	55228	0.0
	55248	0.0
	55279	0.0
	55294	0.0
	55299	0.0
	55437	0.0
	55472	0.0
	55493	0.0
	55578	0.0
	55585	0.0
	55589	0.0
	55591	0.0
	55593	0.0
	55655	0.0
	55664	0.0
	55680	0.0
	55690	0.0
	55696	0.0
	55773	0.0
	56004	0.0
	56016	0.0
	56018	0.0
	56021	0.0
	56029	0.0
	56033	0.0
	56034	0.0
	56043	0.0
	56045	0.0
	56046	0.0
	56065	0.0
	56067	0.0
	56106	0.0
	56109	0.0
	56116	0.0
	56125	0.0
	56128	0.0
	56137	0.0
	56151	0.0
	56202	0.0
	56223	0.0
	56227	0.0
	56228	0.0
	56307	0.0
	56312	0.0
	56331	0.0
	56342	0.0
	56434	0.0
	50136	0.0
	50246	0.0
	50247	0.0
	50349	0.0
	50353	0.0
	50425	0.0
	50431	0.0
	50434	0.0
	50442	0.0
	50445	0.0
	50468	0.0
	50514	0.0
	50524	0.0
	50525	0.0
	50526	0.0
	50527	0.0
	50548	0.0
	50557	0.0
	50564	0.0
	50566	0.0
	50603	0.0
	50618	0.0
	50632	0.0
	50639	0.0
	50646	0.0
	50647	0.0
	50655	0.0
	50656	0.0
	50658	0.0
	50659	0.0
	50673	0.0
	50674	0.0
	50727	0.0
	50739	0.0
	50745	0.0
	50749	0.0
	50750	0.0
	50755	0.0
	50756	0.0
	50758	0.0
	50767	0.0
	50772	0.0
	50774	0.0
	50775	0.0
	50776	0.0
	50778	0.0
	50779	0.0
	50787	0.0
	50788	0.0
	50832	0.0
	50833	0.0
	50834	0.0
	50838	0.0
	50842	0.0
	50844	0.0
	50851	0.0
	50852	0.0
	50853	0.0
	50854	0.0
	50858	0.0
	50859	0.0
	50861	0.0
	50862	0.0
	50867	0.0
	50871	0.0
	50873	0.0
	50877	0.0
	50878	0.0
	50879	0.0
	50880	0.0
	50884	0.0
	50888	0.0
	50892	0.0
	50913	0.0
	50915	0.0
	50928	0.0
	50934	0.0
	50936	0.0
	50937	0.0
	50939	0.0
	50940	0.0
	50945	0.0
	50946	0.0
	50948	0.0
	50950	0.0
	50953	0.0
	50954	0.0
	50955	0.0
	50956	0.0
	50958	0.0
	50960	0.0
	50962	0.0
	50963	0.0
	50964	0.0
	50965	0.0
	50968	0.0
	50973	0.0
	50978	0.0
	50979	0.0
	50983	0.0
	50985	0.0
	50987	0.0
	51053	0.0
	51058	0.0
	51059	0.0
	51060	0.0
	51068	0.0
	51076	0.0
	51087	0.0
	51133	0.0
	51137	0.0
	51145	0.0
	51156	0.0
	51186	0.0
	51232	0.0
	51238	0.0
	51241	0.0
	51243	0.0
	51288	0.0
	51328	0.0
	51329	0.0
	51330	0.0
	51334	0.0
	51346	0.0
	51352	0.0
	51353	0.0
	51356	0.0
	51357	0.0
	51358	0.0
	51359	0.0
	51365	0.0
	51367	0.0
	51369	0.0
	51377	0.0
	51378	0.0
	51379	0.0
	51431	0.0
	51433	0.0
	51434	0.0
	51435	0.0
	51436	0.0
	51437	0.0
	51438	0.0
	51463	0.0
	51465	0.0
	51467	0.0
	51468	0.0
	51469	0.0
	51470	0.0
	51477	0.0
	51482	0.0
	51495	0.0
	51526	0.0
	51542	0.0
	51559	0.0
	51567	0.0
	51568	0.0
	51571	0.0
	51572	0.0
	51573	0.0
	51581	0.0
	51627	0.0
	51628	0.0
	51629	0.0
	51633	0.0
	51636	0.0
	51639	0.0
	51642	0.0
	51644	0.0
	51655	0.0
	51656	0.0
	51701	0.0
	51704	0.0
	51705	0.0
	51707	0.0
	51708	0.0
	51709	0.0
	51711	0.0
	51716	0.0
	51717	0.0
	51720	0.0
	51722	0.0
	51765	0.0
	51777	0.0
	51802	0.0
	51804	0.0
	51810	0.0
	51811	0.0
	51814	0.0
	51815	0.0
	51818	0.0
	51826	0.0
	51827	0.0
	51828	0.0
	51829	0.0
	51839	0.0
	51855	0.0
	51886	0.0
	51931	0.0
	52101	0.0
	52112	0.0
	52203	0.0
	52267	0.0
	52313	0.0
	52495	0.0
	52575	0.0
	52576	0.0
	52602	0.0
	52607	0.0
	52633	0.0
	52645	0.0
	52657	0.0
	52707	0.0
	52737	0.0
	52745	0.0
	52754	0.0
	52765	0.0
	52818	0.0
	52825	0.0
	52833	0.0
	52836	0.0
	52842	0.0
	52853	0.0
	52856	0.0
	52862	0.0
	52863	0.0
	52866	0.0
	52868	0.0
	52869	0.0
	52874	0.0
	52875	0.0
	52876	0.0
	52908	0.0
	52943	0.0
	52955	0.0
	52957	0.0
	52963	0.0
	52968	0.0
	52972	0.0
	52974	0.0
	53083	0.0
	53149	0.0
	53192	0.0
	53195	0.0
	53231	0.0
	53272	0.0
	53276	0.0
	53289	0.0
	53324	0.0
	53336	0.0
	53337	0.0
	53343	0.0
	53348	0.0
	53352	0.0
	53357	0.0
	53362	0.0
	53367	0.0
	53368	0.0
	53378	0.0
	53384	0.0
	53391	0.0
	53419	0.0
	53420	0.0
	53433	0.0
	53446	0.0
	53455	0.0
	53463	0.0
	53464	0.0
	53466	0.0
	53467	0.0
	53469	0.0
	53472	0.0
	53475	0.0
	53480	0.0
	53481	0.0
	53483	0.0
	53484	0.0
	53502	0.0
	53505	0.0
	53512	0.0
	53513	0.0
	53522	0.0
	53529	0.0
	53533	0.0
	53543	0.0
	53545	0.0
	53547	0.0
	53553	0.0
	53562	0.0
	53602	0.0
	53644	0.0
	53730	0.0
	54012	0.0
	54024	0.0
	54026	0.0
	54027	0.0
	54031	0.0
	54039	0.0
	54041	0.0
	54047	0.0
	54049	0.0
	54063	0.0
	54064	0.0
	54065	0.0
	54069	0.0
	54072	0.0
	54076	0.0
	54080	0.0
	54092	0.0
	54093	0.0
	54094	0.0
	54096	0.0
	54098	0.0
	54102	0.0
	54113	0.0
	54115	0.0
	54117	0.0
	54132	0.0
	54134	0.0
	54135	0.0
	54142	0.0
	54154	0.0
	54156	0.0
	54157	0.0
	54161	0.0
	54164	0.0
	54165	0.0
	54169	0.0
	54171	0.0
	54172	0.0
	54181	0.0
	54186	0.0
	54187	0.0
	54192	0.0
	54195	0.0
	54204	0.0
	54205	0.0
	54208	0.0
	54213	0.0
	54214	0.0
	54218	0.0
	54223	0.0
	54225	0.0
	54226	0.0
	54231	0.0
	54234	0.0
	54236	0.0
	54237	0.0
	54243	0.0
	54244	0.0
	54248	0.0
	54249	0.0
	54252	0.0
	54254	0.0
	54259	0.0
	54260	0.0
	54261	0.0
	54263	0.0
	54266	0.0
	54267	0.0
	54273	0.0
	54274	0.0
	54276	0.0
	54284	0.0
	54285	0.0
	54286	0.0
	54290	0.0
	54291	0.0
	54292	0.0
	54293	0.0
	54313	0.0
	54316	0.0
	54320	0.0
	54321	0.0
	54323	0.0
	54324	0.0
	54325	0.0
	54326	0.0
	54327	0.0
	54331	0.0
	54332	0.0
	54333	0.0
	54334	0.0
	54335	0.0
	54336	0.0
	54337	0.0
	54338	0.0
	54339	0.0
	54342	0.0
	54346	0.0
	54347	0.0
	54349	0.0
	54351	0.0
	54362	0.0
	54363	0.0
	54365	0.0
	54371	0.0
	54374	0.0
	54377	0.0
	54386	0.0
	54452	0.0
	54453	0.0
	54454	0.0
	54455	0.0
	54470	0.0
	54471	0.0
	54472	0.0
	54474	0.0
	54475	0.0
	54476	0.0
	54483	0.0
	54486	0.0
	54493	0.0
	54494	0.0
	54497	0.0
	54563	0.0
	54568	0.0
	54569	0.0
	54575	0.0
	54579	0.0
	54584	0.0
	54590	0.0
	54660	0.0
	54662	0.0
	57828	1.0E-4
	58843	0.00126
	56171	0.0046
	52988	0.00579033
	54534	0.0067649400000000005
	54628	0.0068796000000000005
	57517	0.0078
	58523	0.0091
	54834	0.00997542
	56081	0.00997542
	52784	0.01083537
	59053	0.01314
	54714	0.01341522
	54737	0.014733810000000002
	52679	0.01524978
	59294	0.01755
	56188	0.019
	59284	0.01926
	59457	0.01926
	59470	0.02052
	54612	0.02052414
	53934	0.02539719
	54705	0.02625714
	54943	0.031015530000000003
	54614	0.032506110000000005
	53868	0.03285009
	54712	0.03302208
	59137	0.035370000000000006
	54503	0.03692052
	59287	0.03753
	56693	0.0379
	54530	0.038468430000000005
	53611	0.03869775
	53727	0.03927105
	59419	0.04005
	59644	0.041940000000000005
	54713	0.04208022000000001
	56280	0.043
	56074	0.04322682
	54812	0.04425876000000001
	57729	0.0444
	54449	0.04517604
	59081	0.045360000000000004
	59082	0.04572
	58751	0.04626
	54601	0.04632264
	54604	0.04649463000000001
	57625	0.0475
	56091	0.04792788
	54517	0.05148234000000001
	56184	0.0533
	54620	0.05377554
	58520	0.0541
	52896	0.05595408
	54518	0.05647005000000001
	59485	0.05796
	58659	0.05904000000000001
	54621	0.059737860000000004
	57525	0.0607
	52418	0.0607698
	54644	0.06145776000000001
	54736	0.061687080000000005
	54734	0.06271902
	54626	0.06289101000000001
	56746	0.0649
	59034	0.06615
	54841	0.06793605
	53519	0.06839469000000001
	56889	0.0699
	59268	0.07002
	54618	0.07171983
	54716	0.07263711
	57028	0.07372638
	54606	0.07389836999999999
	54438	0.07435701000000002
	57974	0.076
	54434	0.07607691000000001
	57813	0.0776
	58834	0.07875
	54724	0.08192457
	59242	0.08306999999999999
	54828	0.08335782
	54707	0.08421777000000001
	59285	0.0855
	54519	0.08553636
	58660	0.08657999999999999
	56146	0.0867
	58514	0.08703
	57030	0.08777223
	58654	0.08955
	54722	0.0905814
	58557	0.09494999999999999
	54849	0.09511047
	54627	0.09579843
	57846	0.0962
	56198	0.1008
	54515	0.10135944000000001
	52643	0.10462725
	54821	0.1049139
	59059	0.10539
	58754	0.10557
	52983	0.10571652000000001
	53705	0.10680579
	57033	0.1072071
	59288	0.10935
	59425	0.10953
	56263	0.1103
	57408	0.1112
	54708	0.1117935
	57600	0.114
	52656	0.11402937
	54777	0.11540529000000001
	56585	0.1164
	59269	0.11709
	57829	0.1185
	54706	0.1186731
	54723	0.11895975
	57040	0.12618333
	56594	0.127
	59426	0.12825
	54832	0.12933648
	56883	0.1312
	54752	0.13157235
	59757	0.1323
	54810	0.13237497
	56093	0.13449618000000002
	58745	0.13761
	57153	0.13764933000000001
	56959	0.1383
	54608	0.13896792000000002
	54636	0.13965588
	59045	0.14022
	54774	0.14246505
	57923	0.1434
	54803	0.1438983
	54811	0.14407029000000002
	57921	0.1442
	57734	0.1454
	58602	0.14571
	53942	0.14636349
	59063	0.1468
	52986	0.14728077
	52447	0.14739543
	59113	0.14769
	54844	0.14808338999999998
	54709	0.14831271
	56790	0.1488
	54806	0.14928732000000003
	57044	0.14986062000000003
	54846	0.15049125000000002
	56844	0.1539
	56842	0.1543
	57401	0.1544
	59449	0.15498
	56836	0.1564
	54822	0.15702686999999999
	57994	0.15741
	59456	0.15741
	54833	0.15794415000000003
	56164	0.1595
	54428	0.16333317
	58555	0.16506
	54602	0.16786224000000002
	57623	0.1679
	59843	0.1704
	57738	0.1708
	56966	0.1745
	57029	0.17508582
	54611	0.1754298
	57208	0.1772
	57004	0.17852562000000002
	54704	0.17852562000000002
	57132	0.17955756
	53610	0.17978688
	58559	0.18027
	53955	0.18156411
	59431	0.18180000000000002
	54729	0.18316935
	53618	0.183456
	57035	0.18379998
	58923	0.18441
	57057	0.1857492
	57927	0.18621000000000001
	54830	0.18695313000000002
	54923	0.18873036
	52895	0.18987696
	53707	0.19268613
	53817	0.19308744
	54940	0.19532331
	54835	0.19560996
	58643	0.19593000000000002
	54855	0.19652724000000002
	56586	0.1982
	56854	0.1982
	58848	0.19953
	54731	0.20025369
	53821	0.20071233000000002
	56763	0.2015
	59842	0.2018
	54727	0.20375082
	53906	0.20506941000000004
	57992	0.20520000000000002
	57034	0.20764926000000003
	58558	0.21096
	54525	0.2109744
	54842	0.21177702
	57915	0.212
	54605	0.21200634000000002
	52446	0.21275163
	58748	0.21366000000000002
	52996	0.2138409
	52982	0.21389823
	58548	0.21465
	59429	0.21582
	54703	0.21768201
	54609	0.21808332000000002
	53806	0.21825531
	57832	0.2204
	54730	0.22083516
	57926	0.2215
	54925	0.22261239
	53957	0.22312836
	59501	0.225
	57995	0.22652999999999998
	54506	0.22794408000000002
	57038	0.23046660000000002
	57155	0.23092524
	54836	0.23103990000000002
	57144	0.23178519
	57947	0.23193
	56582	0.2341
	57867	0.2346
	57842	0.2354
	57922	0.2373
	58569	0.23787
	54751	0.23809149000000002
	56851	0.2382
	53948	0.24153129
	58647	0.24291
	53903	0.24342318
	54617	0.24370983
	54818	0.24451245000000002
	54710	0.24732162000000002
	58658	0.24813000000000002
	57048	0.24915618
	53596	0.24978681
	59133	0.25029
	54819	0.25551981
	54804	0.25752636
	59471	0.25784999999999997
	56473	0.2587
	54852	0.2597049
	57911	0.26
	54702	0.26045019
	56079	0.2615
	57731	0.2616
	57900	0.2623
	53689	0.26308737
	52889	0.26968032000000003
	54935	0.27013896000000004
	58836	0.27018000000000003
	53850	0.27036828
	56082	0.27076959
	53723	0.27094158
	53930	0.27180153
	54755	0.27489735
	58736	0.2754
	57949	0.2781
	54814	0.27885312
	54512	0.27942642
	56492	0.2811
	59289	0.28269
	54432	0.28280889000000003
	59647	0.28575
	54398	0.28705131000000006
	56792	0.288
	59022	0.28826999999999997
	54802	0.28997514
	56786	0.2907
	54540	0.29100708000000003
	56964	0.2912
	57816	0.2939
	54510	0.29444687999999997
	54424	0.29490552
	53697	0.29530683
	54701	0.29530683
	56173	0.2959
	54829	0.29714139
	56158	0.2981
	57811	0.3016
	57886	0.3039
	54800	0.30430764000000005
	58570	0.30708
	59954	0.3071
	57896	0.30753
	57851	0.3086
	54816	0.30895137000000006
	56671	0.3102
	53874	0.31210452
	54764	0.31239117000000005
	54502	0.31376709
	54837	0.31560165
	57899	0.31824
	58531	0.3183
	56952	0.3194
	57954	0.31995
	56751	0.3202
	57609	0.3209
	54765	0.32345586000000004
	54945	0.32351319
	59116	0.32436
	57067	0.32643702
	59502	0.32652000000000003
	54851	0.32855823000000006
	53517	0.32947551
	56096	0.33073677
	57958	0.33318
	54631	0.33325929000000004
	54624	0.33371793
	54522	0.33411924
	59238	0.33588
	57314	0.337
	58562	0.33786
	58804	0.33867
	57140	0.33968025
	59031	0.34029
	54824	0.34048287
	54825	0.34082685
	54439	0.34145748000000004
	58600	0.34155
	53615	0.3422601
	53953	0.34661718
	53949	0.35051562
	53699	0.35114625000000005
	57348	0.3513
	57042	0.35389809
	56977	0.3544
	53866	0.35498736000000003
	52980	0.35521668000000006
	54915	0.35527401000000003
	58601	0.35604
	59851	0.3581
	54936	0.35917245
	58629	0.36216
	58549	0.36801
	53617	0.3680586
	53704	0.36811593000000004
	54820	0.36840258
	53854	0.36880389
	56950	0.3713
	57955	0.37161
	53696	0.37161306
	59004	0.37188000000000004
	57993	0.37269
	56569	0.3728
	54922	0.37728873
	52797	0.37746072
	53599	0.37769004000000006
	58530	0.3793
	53848	0.37975392
	57769	0.3813
	54916	0.38141649
	54805	0.38256309000000005
	54807	0.38262042
	54815	0.38382435000000004
	57242	0.38393901
	54929	0.38491362
	59854	0.3852
	53899	0.38554425000000003
	53896	0.38898405
	57870	0.3905
	58944	0.3906
	58730	0.39474
	58906	0.39672
	59130	0.39843
	54823	0.39953277
	58568	0.40032
	59057	0.4005
	58517	0.40149
	57233	0.40153932000000003
	59131	0.40185000000000004
	53619	0.40320189000000006
	59001	0.40554
	54539	0.40595373
	54632	0.41008149000000005
	58534	0.411
	53841	0.41151474000000005
	56666	0.4121
	57061	0.41243202000000007
	54421	0.41346396
	54766	0.41386527
	58828	0.41409
	57143	0.41443857
	53594	0.41478255
	52985	0.41810769
	56948	0.419
	57612	0.4202
	53962	0.42332472
	58826	0.42372
	56994	0.4249
	56675	0.425
	53885	0.42515928000000003
	57957	0.42569999999999997
	56652	0.4262
	53577	0.42642054
	57606	0.4274
	59856	0.4276
	54808	0.429975
	56670	0.431
	56565	0.4313
	53738	0.43158024000000006
	58718	0.43182000000000004
	57932	0.4323
	54436	0.43484805
	57032	0.43834518
	56168	0.439
	52884	0.44155566
	58731	0.44388000000000005
	54920	0.44608473000000004
	59134	0.44649
	57055	0.44814861
	57637	0.4485
	57502	0.4503
	53993	0.45112977000000004
	54911	0.45279234
	53966	0.45514287000000003
	56688	0.4553
	53963	0.45692010000000005
	59321	0.46287
	57767	0.4629
	58931	0.46313999999999994
	57026	0.46448766
	53735	0.46701018
	56474	0.4674
	54430	0.46809945000000003
	57519	0.4681
	53590	0.47205522000000005
	56172	0.4726
	54511	0.47434842000000005
	53799	0.47543769
	54912	0.47652696000000005
	54419	0.47727225
	54921	0.4788774900000001
	57965	0.4791
	59318	0.48051000000000005
	57728	0.4836
	59241	0.48392999999999997
	54801	0.48415185000000005
	54633	0.48833694000000005
	58542	0.48843
	54902	0.4886809200000001
	58818	0.48897
	53695	0.49034349
	56958	0.4917
	56793	0.4923
	53893	0.49338198000000005
	54901	0.49378329
	58547	0.49725
	58509	0.49770000000000003
	58449	0.49788000000000004
	58512	0.49878000000000006
	58839	0.50058
	54425	0.50209614
	59290	0.5041800000000001
	57735	0.5051
	57768	0.506
	58929	0.50616
	54416	0.5065678800000001
	53994	0.50708385
	53910	0.50914773
	57798	0.5096700000000001
	58905	0.5113800000000001
	54607	0.5125302
	53959	0.5153393700000001
	53692	0.5158553400000001
	58918	0.51687
	58644	0.51759
	57636	0.518
	54918	0.52004043
	54640	0.52004043
	54507	0.5210150400000001
	59107	0.5224500000000001
	58550	0.5237999999999999
	56788	0.525
	57839	0.5279
	53748	0.53047449
	56891	0.5307
	59324	0.53127
	53950	0.53139177
	56649	0.5314
	53763	0.5326530300000001
	57049	0.5351182200000001
	53593	0.5374114200000001
	56496	0.5376
	56167	0.5393
	53614	0.53976195
	57063	0.5401059300000001
	57039	0.54159651
	54514	0.54205515
	56886	0.5421
	56152	0.5436
	57895	0.54432
	54817	0.544635
	53992	0.5452083
	57905	0.5467
	59293	0.5470200000000001
	54861	0.5501960100000001
	53862	0.550368
	57936	0.551
	53777	0.55139994
	57066	0.5520879
	57506	0.5538
	57053	0.55466775
	59945	0.5548
	57432	0.5584
	53740	0.55925415
	57853	0.5595
	58024	0.56223531
	53772	0.5652738
	56764	0.5656
	53612	0.5657897700000001
	58701	0.5661
	56986	0.5663
	54431	0.5664204
	54905	0.56653506
	57154	0.5692869
	53771	0.56940156
	56984	0.5698
	53796	0.57226806
	58642	0.57456
	53845	0.57536388
	53769	0.5761665
	59319	0.57645
	57052	0.5766824700000001
	59313	0.57789
	57732	0.5785
	59316	0.5787
	57045	0.57949164
	57841	0.5801
	58508	0.5847300000000001
	57137	0.58682988
	58546	0.58734
	53788	0.58872177
	53753	0.58929507
	54917	0.5900403599999999
	58020	0.59061366
	57717	0.592
	52885	0.59273487
	54932	0.5930215200000001
	57883	0.5933700000000001
	59012	0.59382
	53974	0.5939961300000001
	53988	0.59422545
	59845	0.5954
	56444	0.5983
	54594	0.6003024299999999
	56969	0.6015
	56840	0.6025
	52424	0.6029396100000001
	57076	0.60322626
	54919	0.60362757
	56880	0.6045
	53884	0.60471684
	58567	0.60489
	58821	0.6066
	58468	0.6072299999999999
	58927	0.6075900000000001
	54939	0.61044984
	57962	0.6107
	58903	0.6111000000000001
	53778	0.61182576
	53759	0.6180174
	53859	0.62117055
	54505	0.62225982
	56846	0.6227
	54938	0.62306244
	56543	0.6238
	54903	0.62443836
	53579	0.62621559
	54910	0.62741952
	58737	0.6278400000000001
	54904	0.6299993700000001
	57964	0.63315
	56651	0.6334
	57722	0.6354
	53691	0.63710829
	58707	0.63711
	58823	0.63756
	56697	0.6383
	53392	0.63836955
	57868	0.6392
	56954	0.6411
	57972	0.6431
	53956	0.64421721
	54399	0.64524915
	57056	0.64542114
	53775	0.64719837
	53967	0.64777167
	57827	0.6494
	58907	0.65115
	56475	0.6514
	53888	0.6514981200000001
	57789	0.6516
	53676	0.65310336
	57754	0.6536
	54499	0.65442195
	54433	0.65499525
	53770	0.65614185
	58735	0.65808
	57409	0.6603
	53895	0.66107223
	53774	0.6621615000000001
	53991	0.66376674
	53773	0.66411072
	53995	0.66583062
	57047	0.6663465900000001
	59125	0.6671699999999999
	53981	0.6699010500000001
	57658	0.6704
	53757	0.670761
	53784	0.6827429700000001
	54826	0.6840615600000001
	56781	0.6871
	57054	0.6895079100000001
	54513	0.6895652400000001
	57129	0.68962257
	57603	0.6916
	58719	0.6945300000000001
	53975	0.6956422200000001
	54907	0.6958715400000001
	53985	0.69736212
	53892	0.69805008
	58646	0.69867
	54900	0.7028658
	53789	0.7069935600000001
	57906	0.7074
	59315	0.7074900000000001
	53996	0.70762419
	53492	0.70894278
	58519	0.7112700000000001
	54318	0.71312787
	58734	0.71316
	53785	0.71347185
	58544	0.7144199999999999
	53783	0.71461845
	57860	0.7162
	56669	0.7174
	57960	0.71883
	54906	0.71926218
	53964	0.72126873
	59493	0.72216
	53768	0.72338994
	58021	0.72499518
	53954	0.72614178
	56487	0.7277
	57866	0.7284
	58940	0.72909
	54596	0.7292376
	57508	0.7296
	57719	0.7338
	58030	0.7360025400000001
	52984	0.73646118
	59126	0.73791
	58565	0.73899
	58467	0.74115
	53961	0.7430541300000001
	57891	0.74673
	54909	0.74827116
	53852	0.7520549400000001
	53754	0.75285756
	53982	0.7531442100000001
	57859	0.7543799999999999
	59312	0.7551
	53646	0.75515076
	59941	0.7569
	53986	0.7583039100000001
	56490	0.7589
	59951	0.7589
	53690	0.76122774
	53853	0.7612850700000001
	53897	0.76203036
	58543	0.76221
	53998	0.77126049
	59093	0.77247
	53832	0.77257908
	57718	0.7738
	56071	0.7738403400000001
	59855	0.7771
	57232	0.77762412
	58845	0.77877
	53886	0.7788853800000001
	57431	0.7799
	53878	0.7804332900000001
	54908	0.7807772700000001
	58527	0.78183
	56575	0.7827
	53787	0.78398775
	54914	0.7847330400000001
	57745	0.7852
	57766	0.7852
	56178	0.7865
	58813	0.78696
	53776	0.78949143
	58605	0.79335
	53795	0.7935045300000001
	53883	0.7937338500000001
	58819	0.79434
	58625	0.7947000000000001
	53680	0.7948804500000001
	58419	0.795
	53871	0.7964283600000001
	56783	0.8002
	58507	0.80208
	57514	0.8027
	58438	0.8027
	57405	0.8039
	57046	0.8050851900000001
	58041	0.8058
	53794	0.8065184400000001
	53970	0.8076650400000001
	59310	0.80937
	58453	0.81
	58620	0.81018
	59320	0.81234
	53791	0.81248076
	56080	0.81288207
	56654	0.8152
	58619	0.8152200000000001
	53673	0.81586323
	57752	0.8166
	57840	0.8195
	57051	0.8266986000000001
	57876	0.8312
	57696	0.8388000000000001
	57881	0.8398
	53693	0.84022848
	57739	0.8403
	53877	0.8469934200000001
	53856	0.8515798200000001
	57402	0.8535
	54311	0.85737015
	56876	0.8574
	53890	0.85777146
	57077	0.85805811
	57799	0.85842
	53582	0.85931937
	58704	0.86346
	53698	0.86579766
	54501	0.8688361500000001
	54927	0.86929479
	53983	0.8709000299999999
	57248	0.8722759500000001
	56567	0.8737
	57238	0.87393852
	53751	0.87416784
	56483	0.8743
	58404	0.8778
	59124	0.8781300000000001
	53677	0.8796141900000001
	53997	0.88007283
	53979	0.8801874900000001
	56782	0.8805
	53574	0.88121943
	58936	0.8833500000000001
	58618	0.88353
	57079	0.8859778200000001
	57758	0.8862
	58529	0.8877600000000001
	57909	0.8879
	56885	0.8883
	54408	0.89044956
	58806	0.8914500000000001
	58712	0.89307
	59117	0.89379
	58941	0.89514
	53682	0.89698518
	53678	0.90059697
	59317	0.90144
	57682	0.9018
	58510	0.9018
	58932	0.9041399999999999
	58844	0.9068400000000001
	53764	0.90776322
	57339	0.912
	58459	0.91305
	56961	0.9151
	53869	0.9153881100000001
	53879	0.91590408
	53666	0.91796796
	58032	0.9183692700000001
	53664	0.9189999000000001
	58926	0.9190800000000001
	57414	0.9203
	57091	0.9265674600000001
	56835	0.9281
	53578	0.92840202
	53860	0.92857401
	53750	0.9357975900000001
	58607	0.936
	58846	0.93645
	57522	0.9369
	57865	0.9382
	53681	0.9383774400000001
	58946	0.9407699999999999
	56478	0.941
	56664	0.9411
	58477	0.9414
	56982	0.9416
	58847	0.94248
	58633	0.94347
	53872	0.9447984
	53875	0.9461169900000002
	53580	0.94720626
	53882	0.94720626
	53894	0.9489261600000001
	58933	0.94896
	53984	0.94927014
	57882	0.9504
	58938	0.9505800000000001
	54420	0.95179266
	58742	0.9521100000000001
	53973	0.95270994
	57245	0.95832828
	53790	0.9624560400000001
	53662	0.9625707000000001
	57080	0.96268536
	58814	0.9627300000000001
	57699	0.9628200000000001
	57844	0.9659
	53976	0.96675579
	58911	0.96741
	53958	0.96841836
	53989	0.96841836
	59303	0.96867
	54423	0.9692783100000001
	58011	0.97203015
	57078	0.9773618400000001
	59847	0.9792
	59297	0.97965
	59122	0.98208
	57315	0.9844
	57760	0.9855
	56973	0.9857
	58418	0.986
	53864	0.98619066
	57072	0.98727993
	58402	0.9873
	59314	0.98766
	57762	0.9877
	52978	0.98859852
	56995	0.9904
	58706	0.9940500000000001
	56767	0.9945
	58002	0.9947901600000001
	56839	0.9972
	59127	0.9974700000000001
	58635	0.99999
	58623	1.00089
	53490	1.00184175
	57162	1.00304568
	54412	1.00333233
	53865	1.00774674
	58003	1.00803339
	58608	1.0097099999999999
	54319	1.0123331400000002
	57187	1.01256246
	57086	1.01405304
	53687	1.01898342
	53968	1.0215632700000001
	58034	1.02454443
	54597	1.02477375
	56742	1.0256
	53584	1.02781224
	53760	1.02855753
	56578	1.0292
	58007	1.03159602
	53486	1.03440519
	59114	1.0355400000000001
	53767	1.03618242
	58747	1.0391400000000002
	53576	1.04059683
	58022	1.0408834800000002
	58614	1.04454
	53663	1.04610051
	59306	1.04724
	57872	1.0508
	58025	1.0509162300000001
	53674	1.05223482
	58615	1.0566
	57510	1.0612
	53898	1.06140762
	57743	1.0623
	57512	1.0652
	57507	1.0702
	59109	1.07298
	58710	1.07325
	57763	1.0736
	58725	1.07478
	57511	1.0757
	58616	1.07712
	57871	1.0778
	57761	1.0783
	56881	1.0842
	59322	1.08585
	53780	1.08657549
	53567	1.08726345
	57075	1.08777942
	57090	1.08944199
	53880	1.09064592
	57516	1.0909
	53588	1.09391373
	56785	1.0999
	57520	1.1018
	58822	1.10214
	58744	1.10295
	58749	1.10367
	58049	1.1046
	54406	1.1072716200000001
	56951	1.1075
	53660	1.1083035600000002
	58624	1.11051
	56856	1.1112
	57874	1.1117
	53978	1.11208734
	57505	1.1129
	58934	1.11429
	53781	1.11438054
	53792	1.11512583
	57098	1.11535515
	59099	1.11618
	53891	1.11724704
	57216	1.1174
	57688	1.1194
	57781	1.1194
	58746	1.1275199999999999
	57085	1.1292863400000002
	53685	1.13209551
	57698	1.13472
	53499	1.13479002
	57254	1.1358219600000001
	57513	1.1359
	53659	1.13593662
	59948	1.1391
	57231	1.1396630700000001
	57247	1.14178428
	57087	1.1434468500000001
	53756	1.14442146
	53782	1.1454534
	54304	1.14568272
	58017	1.14929451
	57074	1.15193169
	53798	1.15267698
	58942	1.1577600000000001
	57907	1.1594
	58715	1.1658600000000001
	56646	1.1668
	57180	1.17188253
	58013	1.1722
	57324	1.1733
	57523	1.1742
	58693	1.17594
	56849	1.1785
	57417	1.1811
	57586	1.1841
	58714	1.1841300000000001
	57694	1.18476
	57981	1.1862
	57156	1.19223468
	57509	1.1965
	59298	1.2006000000000001
	58006	1.20771378
	57274	1.20828708
	58634	1.21374
	58622	1.21617
	57070	1.21889313
	58612	1.22085
	56946	1.2229
	59304	1.22418
	57094	1.2252567600000002
	57413	1.2256
	57744	1.2278
	58657	1.2279600000000002
	58417	1.2372
	53665	1.2378120300000002
	53786	1.24371702
	56975	1.2442
	57179	1.2469275
	54301	1.2471568199999998
	58820	1.2474900000000002
	58040	1.2483
	56869	1.2497
	57082	1.25168589
	59500	1.2517200000000002
	53889	1.25202987
	56882	1.2531
	57894	1.25352
	59492	1.25451
	58455	1.2546
	58631	1.25685
	57081	1.25810685
	58456	1.26108
	57176	1.26120267
	56944	1.2639
	57411	1.2667
	57647	1.2669
	57774	1.2674
	53491	1.2725540100000001
	57779	1.2728
	53658	1.28098152
	57642	1.2864
	57093	1.28671452
	57634	1.2871
	57095	1.28872107
	57096	1.2911862600000001
	57908	1.2929
	57065	1.29726324
	52787	1.29926979
	57778	1.3031
	53575	1.3039708500000002
	54410	1.3063787100000002
	58626	1.3068899999999999
	54308	1.3088439
	58448	1.31292
	58935	1.314
	57099	1.3162394700000002
	58457	1.3178699999999999
	54401	1.3180167
	57083	1.31956461
	56878	1.3214
	58503	1.32147
	56962	1.3241
	57792	1.3254299999999999
	56777	1.3273
	57640	1.3286
	53397	1.3289667299999999
	53651	1.32976935
	58627	1.33218
	53565	1.33429842
	58004	1.33894215
	58537	1.3410900000000001
	58484	1.34226
	58563	1.3441500000000002
	57182	1.34467515
	57089	1.3455924300000002
	56873	1.3498
	57736	1.35
	57741	1.3506
	57261	1.35149742
	57181	1.35201339
	57084	1.35338931
	53488	1.3563131400000001
	57633	1.3567
	57184	1.35866367
	57175	1.3618741500000002
	53487	1.38016242
	57777	1.383
	58048	1.3835
	56875	1.3867
	53399	1.3877873100000002
	59102	1.38789
	56571	1.3885
	57173	1.39013784
	56739	1.3941
	56673	1.3967
	58111	1.39810671
	57071	1.40194782
	57772	1.4043
	57598	1.4050799999999999
	57189	1.40590359
	56580	1.4123
	57185	1.4130125100000002
	59848	1.4134
	58632	1.4157899999999999
	57643	1.4169
	53797	1.4194334700000002
	57193	1.42046541
	57796	1.4220000000000002
	57183	1.42797564
	57313	1.4283
	57285	1.4309568000000001
	57518	1.4334
	57359	1.4352
	53564	1.43749242
	57186	1.4413908600000003
	57178	1.45096497
	56978	1.4527
	58637	1.4589
	57657	1.4611
	56863	1.4617
	53498	1.4636349
	57169	1.4639215500000002
	56548	1.4659
	57875	1.4683
	56871	1.4688
	56949	1.4695
	57635	1.4732
	56867	1.4778
	56879	1.4798
	58045	1.4838
	57281	1.48559229
	56898	1.4858
	56775	1.4891
	58001	1.48931874
	57678	1.4923
	58452	1.4961600000000002
	57191	1.49786091
	58426	1.5019
	57361	1.5036
	53478	1.50932691
	57177	1.51620651
	57377	1.5166
	58008	1.5207355800000002
	57669	1.5213
	57273	1.5232581
	58435	1.5235
	57198	1.5261246
	57498	1.5322
	54404	1.53386415
	56772	1.5341
	57595	1.5381
	58750	1.53855
	57793	1.54062
	58415	1.5408
	57292	1.54194768
	58005	1.5428076300000002
	58036	1.5449
	57290	1.5470500500000002
	57462	1.5551
	57195	1.55736945
	57188	1.55983464
	58472	1.56447
	58912	1.57032
	58428	1.5729
	58044	1.5747
	57194	1.58076009
	56533	1.5853
	57771	1.5862
	57343	1.6002522900000002
	57349	1.6088
	57574	1.6131
	58824	1.61352
	58100	1.6138968300000003
	58401	1.6182
	57294	1.61928585
	58606	1.63071
	57438	1.6341
	57297	1.63975266
	56774	1.6408
	57271	1.6474348800000003
	57318	1.6481
	58101	1.64869614
	58104	1.64944143
	58464	1.64988
	56870	1.6532
	57416	1.6585
	56872	1.6627
	57196	1.6660098
	57558	1.6674
	57786	1.67265
	56768	1.6755
	58451	1.68012
	57671	1.6833
	57562	1.6838
	57687	1.69
	57426	1.6958
	57679	1.7005
	59632	1.70712
	56862	1.7079
	56778	1.7157
	57320	1.7171
	57197	1.72190655
	57390	1.7295314400000001
	57293	1.73532177
	58208	1.748565
	58143	1.7607
	56987	1.763
	59106	1.7657100000000001
	58047	1.7671
	57425	1.7796
	57237	1.7883
	57192	1.78875333
	57396	1.79207847
	57326	1.803
	57299	1.81082538
	56766	1.8117
	58012	1.8132
	58409	1.8226
	57680	1.8235
	57279	1.8306
	57460	1.8306
	57298	1.8397197
	57295	1.84063698
	58928	1.84653
	58125	1.847
	58446	1.86075
	57674	1.8626
	57564	1.8642
	57496	1.8662
	58408	1.8669
	58917	1.8675000000000002
	59849	1.8745
	57363	1.8785
	56970	1.8923
	57537	1.8963
	58150	1.9006
	57317	1.9012
	58205	1.9050185700000002
	56841	1.9059
	58207	1.9093183200000001
	57589	1.9094
	57296	1.91505132
	58301	1.9171725300000002
	58317	1.9305
	57362	1.9306
	58016	1.9398
	58460	1.9414
	56989	1.9566
	57780	1.9733
	57536	1.9783
	57710	1.9835
	58027	1.9921
	56643	1.9924
	57571	1.9953
	58500	1.9974
	57646	2.0087
	57673	2.0127
	57489	2.0131
	57742	2.0135
	58458	2.0177099999999997
	57328	2.0214
	57415	2.0228
	57740	2.024
	58026	2.0285
	56645	2.0297
	57249	2.0306
	57309	2.044
	57584	2.0562
	58140	2.0577
	58506	2.06325
	57420	2.0759
	58038	2.0762
	57554	2.0802
	57573	2.0857
	58319	2.0977
	57345	2.103
	57387	2.1188
	58414	2.1306
	58126	2.1388
	57655	2.1403
	57575	2.1546
	57566	2.1567
	58015	2.1665
	57481	2.1706
	57451	2.1765
	57329	2.1893
	57662	2.1897
	58502	2.19645
	57333	2.197
	57577	2.2004
	57649	2.2075
	57370	2.21
	58609	2.2262399999999998
	58128	2.2322
	57476	2.2323
	57543	2.2455
	58035	2.2492
	57663	2.2501
	57581	2.2536
	58113	2.2697
	58135	2.287
	58416	2.2872
	58407	2.2957
	57483	2.3088
	56641	2.3179
	57773	2.3272
	57368	2.3442
	57565	2.3514
	58132	2.3599
	57493	2.3786
	57378	2.3816
	57540	2.3831
	57278	2.3841
	57545	2.387
	57582	2.3934
	58461	2.3952
	57466	2.3958
	57544	2.4023
	58450	2.41002
	58454	2.41569
	57585	2.4162
	57464	2.428
	57666	2.4443
	58501	2.4687
	58131	2.4697
	58421	2.4793
	57485	2.4876
	57461	2.4915
	57499	2.4915
	57358	2.4992
	58441	2.5002
	57475	2.5069
	58130	2.5172
	57253	2.5198
	57437	2.529
	57494	2.5292
	57265	2.5334
	57583	2.5479
	57661	2.5569
	58139	2.5795
	57251	2.5813
	57355	2.5815
	57590	2.5931
	57477	2.6007
	57268	2.6069
	58427	2.6078
	57465	2.6138
	57388	2.6206
	58122	2.6378
	58145	2.6436
	57458	2.6496
	58108	2.6498
	58116	2.6639
	57259	2.6715
	57469	2.6753
	58141	2.6768
	58463	2.6968
	57486	2.703
	57492	2.7599
	58114	2.7706
	57541	2.7764
	58129	2.7795
	58436	2.7838
	58102	2.8052
	58423	2.8099
	57482	2.8301
	58117	2.8637
	57389	2.8651
	58221	2.8723
	58432	2.8822
	57776	2.8985
	58212	2.9012
	58118	2.9057
	58222	2.9346
	57395	2.9368
	58146	2.9437
	57445	2.9586
	58203	2.9638
	58148	2.9715
	58437	2.9838
	57491	2.9875
	58154	2.9965
	57439	3.0026
	58107	3.0045
	58224	3.0241
	57260	3.0249
	57385	3.0334
	58220	3.0347
	58367	3.0395
	58462	3.0546
	58210	3.0551
	58361	3.0569
	58109	3.0648
	58443	3.0672
	58316	3.0717
	58420	3.084
	58147	3.1035
	58127	3.1068
	58223	3.1125
	57447	3.1169
	58214	3.1214
	57398	3.1254
	58327	3.1404
	57256	3.1707
	58424	3.1744
	58356	3.1802
	57257	3.185
	57381	3.1914
	58358	3.225
	58138	3.2303
	58215	3.2338
	58359	3.2416
	58202	3.259
	58314	3.2882
	58329	3.2895
	58337	3.2898
	58365	3.2956
	58306	3.3039
	58158	3.3118
	58334	3.3222
	58326	3.3235
	58369	3.3744
	58429	3.4068
	57399	3.4266
	58338	3.4305
	58321	3.4391
	58240	3.4401
	58236	3.4479
	58320	3.4486
	58234	3.4764
	58243	3.48
	58241	3.496
	58362	3.5015
	58323	3.5313
	58264	3.5611
	58251	3.5693
	58431	3.5766
	58330	3.6059
	58360	3.6075
	58433	3.6247
	58336	3.6284
	58331	3.6287
	58339	3.6629
	58335	3.7228
	58377	3.7463
	58250	3.7636
	58352	3.7677
	58235	3.7744
	58311	3.7956
	58230	3.8039
	58366	3.8042
	58259	3.8069
	58442	3.8095
	58255	3.8113
	58268	3.8305
	58346	3.8358
	58225	3.8374
	58345	3.8464
	58269	3.8474
	58238	3.8684
	58237	3.8686
	58254	3.9237
	58257	3.9317
	58265	3.9688
	58354	3.9876
	58245	4.0031
	58242	4.0071
	58244	4.0308
	58353	4.0318
	58340	4.0774
	58341	4.0817
	58246	4.104
	58247	4.1461
	58344	4.2187
	58343	4.2544
	58351	4.2668
	58249	4.3265
	58342	4.5374
