	56251	-1.5952
	56296	-1.5729
	56381	-1.5661
	56384	-1.514
	56382	-1.5026
	56164	-1.4945
	56144	-1.3687
	56190	-1.3391
	56386	-1.3305
	56152	-1.3298
	56286	-1.3187
	56380	-1.3076
	56184	-1.3052
	56441	-1.3016
	56378	-1.2664
	56180	-1.2557
	56298	-1.2196
	56199	-1.2127
	56182	-1.2112
	56373	-1.2048
	56285	-1.1754
	56371	-1.1709
	56297	-1.1461
	56390	-1.1409
	56183	-1.1308
	56295	-1.1134
	56595	-1.1115
	56263	-1.1082
	56290	-1.1028
	56267	-1.0924
	56462	-1.0646
	56387	-1.0636
	56396	-1.054
	56189	-1.0288
	56485	-1.0282
	56197	-1.0152
	56171	-1.0087
	56281	-0.995
	56376	-0.9938
	56247	-0.9895
	56276	-0.9817
	56838	-0.9771
	56273	-0.9649
	56357	-0.9571
	56158	-0.9524
	56443	-0.9447
	59664	-0.92016
	56395	-0.9129
	56391	-0.8977
	59659	-0.89595
	56291	-0.891
	56146	-0.8863
	56374	-0.8813
	56181	-0.8709
	56272	-0.8608
	56598	-0.8582
	59656	-0.85392
	56196	-0.8492
	56195	-0.8439
	56592	-0.827
	56493	-0.826
	56185	-0.8125
	56187	-0.8118
	56284	-0.8085
	56499	-0.8067
	57800	-0.7991
	56394	-0.7836
	56691	-0.7671
	56168	-0.764
	56596	-0.7557
	56487	-0.7534
	56383	-0.7326
	56473	-0.7325
	56489	-0.726
	57818	-0.7185
	59655	-0.7080299999999999
	59650	-0.67797
	56192	-0.67216
	56193	-0.6612
	56279	-0.655
	56288	-0.6363
	56097	-0.6297
	56491	-0.6221
	56287	-0.6134
	56475	-0.6057
	56172	-0.6045
	57525	-0.6014
	56584	-0.5966
	58666	-0.59193
	56399	-0.5895
	57707	-0.5815
	56459	-0.5802
	56474	-0.5528
	59653	-0.5389200000000001
	59658	-0.53649
	56593	-0.5246
	59476	-0.52353
	56147	-0.5075
	57348	-0.5008
	57805	-0.5001
	56167	-0.4993
	56289	-0.4895
	56492	-0.4881
	56173	-0.4833
	56480	-0.48
	56693	-0.4539
	56186	-0.4497
	59469	-0.43794
	59673	-0.42282000000000003
	56389	-0.4089
	57413	-0.4076
	56280	-0.4055
	56649	-0.4035
	59654	-0.39807000000000003
	52784	-0.39108000000000004
	56548	-0.391
	57606	-0.3893
	57807	-0.3858
	57105	-0.38556
	57204	-0.3834
	59278	-0.37152
	53881	-0.36600000000000005
	59287	-0.35720999999999997
	56976	-0.3569
	52557	-0.35668000000000005
	56575	-0.3545
	56095	-0.35348
	59663	-0.3528
	53810	-0.35264000000000006
	56092	-0.34688
	56478	-0.3386
	59280	-0.33822
	58667	-0.33588
	57803	-0.3255
	56178	-0.318
	57304	-0.3051
	53806	-0.30452
	59473	-0.30258
	57623	-0.3012
	56278	-0.2969
	57119	-0.29676
	57809	-0.2967
	59475	-0.29502
	56586	-0.2906
	58658	-0.27333
	57708	-0.2717
	56444	-0.2671
	56393	-0.2597
	56565	-0.2552
	57439	-0.2529
	59478	-0.25155000000000005
	53908	-0.24784000000000003
	52447	-0.24116
	56665	-0.2375
	56670	-0.237
	54636	-0.2358
	56585	-0.2346
	54512	-0.23084
	57714	-0.2299
	54519	-0.22888000000000003
	56674	-0.2279
	58656	-0.22689
	59480	-0.22626000000000002
	56094	-0.22584
	57307	-0.2252
	58664	-0.22383
	57127	-0.22052000000000002
	58659	-0.21806999999999999
	53725	-0.21612
	57806	-0.2101
	58752	-0.20987999999999998
	59462	-0.20736
	56194	-0.2038
	56497	-0.2019
	53906	-0.20068000000000003
	59477	-0.19557
	57814	-0.1947
	57408	-0.194
	57910	-0.193
	59456	-0.18504
	53705	-0.17724
	57808	-0.1771
	56084	-0.17700000000000002
	54502	-0.17332000000000003
	54518	-0.17032000000000003
	57625	-0.1655
	57113	-0.163
	52896	-0.16264
	59488	-0.15542999999999998
	56745	-0.155
	56594	-0.1512
	53707	-0.14644
	56751	-0.1431
	57902	-0.1421
	52889	-0.13992000000000002
	56752	-0.1387
	59481	-0.13788
	53680	-0.13616
	57614	-0.1325
	52446	-0.13124
	56641	-0.1311
	59294	-0.12600000000000003
	56654	-0.126
	57106	-0.12592
	56578	-0.1253
	56091	-0.12384
	53723	-0.1228
	54398	-0.1188
	56582	-0.1178
	54506	-0.1176
	54607	-0.11732000000000001
	58665	-0.11610000000000001
	56684	-0.1142
	52885	-0.10724
	57604	-0.1071
	56742	-0.1066
	59754	-0.10647000000000001
	59750	-0.10566
	53692	-0.10456000000000001
	53676	-0.10292
	52895	-0.10112000000000002
	52674	-0.1
	56533	-0.0978
	53596	-0.09276000000000001
	52681	-0.09176000000000001
	57213	-0.09008000000000001
	52993	-0.08944
	56096	-0.08732000000000001
	56569	-0.0869
	59279	-0.08496
	56755	-0.0837
	53925	-0.07988
	56652	-0.0791
	58730	-0.07875
	57124	-0.07588
	52679	-0.07312
	57016	-0.07204
	54596	-0.0714
	53697	-0.07092000000000001
	57102	-0.0694
	57003	-0.06836
	59317	-0.06831
	57006	-0.06788
	57907	-0.0673
	56666	-0.0669
	59284	-0.06651
	54594	-0.06316000000000001
	57111	-0.06288
	59471	-0.06273
	53727	-0.0614
	54511	-0.0614
	53617	-0.06096000000000001
	56646	-0.0588
	57128	-0.05836
	57134	-0.05836
	57431	-0.0556
	59493	-0.05382
	57004	-0.052680000000000005
	57110	-0.05176
	59001	-0.05094
	53821	-0.0494
	59501	-0.04878
	58754	-0.04671
	56093	-0.04568
	54604	-0.04512
	56198	-0.0449
	52995	-0.039560000000000005
	56891	-0.0391
	57001	-0.03776
	57916	-0.0328
	54602	-0.030680000000000002
	54513	-0.030320000000000003
	59285	-0.029970000000000004
	57306	-0.0289
	52656	-0.026040000000000004
	52652	-0.02492
	56188	-0.0231
	57027	-0.022320000000000003
	52533	-0.021
	54399	-0.02048
	52436	-0.02016
	53682	-0.0184
	52980	-0.01776
	54514	-0.01192
	54597	-0.009120000000000001
	54515	-0.00872
	54505	-0.0086
	56836	-0.0084
	54503	-0.00644
	57438	-0.0059
	54501	-0.0048000000000000004
	57720	-0.0046
	54433	-0.00304
	53927	-0.00196
	56697	-0.0018
	56643	-0.0011
	53392	-4.0E-5
	50136	0.0
	50246	0.0
	50247	0.0
	50349	0.0
	50353	0.0
	50425	0.0
	50431	0.0
	50434	0.0
	50442	0.0
	50445	0.0
	50468	0.0
	50514	0.0
	50524	0.0
	50525	0.0
	50526	0.0
	50527	0.0
	50548	0.0
	50557	0.0
	50564	0.0
	50566	0.0
	50603	0.0
	50618	0.0
	50632	0.0
	50639	0.0
	50646	0.0
	50647	0.0
	50655	0.0
	50656	0.0
	50658	0.0
	50659	0.0
	50673	0.0
	50674	0.0
	50727	0.0
	50739	0.0
	50741	0.0
	50742	0.0
	50745	0.0
	50749	0.0
	50750	0.0
	50755	0.0
	50756	0.0
	50758	0.0
	50767	0.0
	50772	0.0
	50774	0.0
	50775	0.0
	50776	0.0
	50778	0.0
	50779	0.0
	50787	0.0
	50788	0.0
	50832	0.0
	50833	0.0
	50834	0.0
	50838	0.0
	50842	0.0
	50844	0.0
	50851	0.0
	50852	0.0
	50853	0.0
	50854	0.0
	50858	0.0
	50859	0.0
	50861	0.0
	50862	0.0
	50867	0.0
	50871	0.0
	50873	0.0
	50877	0.0
	50878	0.0
	50879	0.0
	50880	0.0
	50884	0.0
	50888	0.0
	50892	0.0
	50913	0.0
	50915	0.0
	50928	0.0
	50934	0.0
	50936	0.0
	50937	0.0
	50939	0.0
	50940	0.0
	50945	0.0
	50946	0.0
	50948	0.0
	50950	0.0
	50953	0.0
	50954	0.0
	50955	0.0
	50956	0.0
	50958	0.0
	50960	0.0
	50962	0.0
	50963	0.0
	50964	0.0
	50965	0.0
	50968	0.0
	50973	0.0
	50978	0.0
	50979	0.0
	50983	0.0
	50985	0.0
	50987	0.0
	51053	0.0
	51058	0.0
	51059	0.0
	51060	0.0
	51068	0.0
	51076	0.0
	51087	0.0
	51133	0.0
	51137	0.0
	51145	0.0
	51156	0.0
	51186	0.0
	51232	0.0
	51238	0.0
	51241	0.0
	51243	0.0
	51288	0.0
	51328	0.0
	51329	0.0
	51330	0.0
	51334	0.0
	51346	0.0
	51352	0.0
	51353	0.0
	51356	0.0
	51357	0.0
	51358	0.0
	51359	0.0
	51365	0.0
	51367	0.0
	51369	0.0
	51377	0.0
	51378	0.0
	51379	0.0
	51430	0.0
	51431	0.0
	51433	0.0
	51434	0.0
	51435	0.0
	51436	0.0
	51437	0.0
	51438	0.0
	51463	0.0
	51465	0.0
	51467	0.0
	51468	0.0
	51469	0.0
	51470	0.0
	51477	0.0
	51482	0.0
	51495	0.0
	51526	0.0
	51542	0.0
	51559	0.0
	51567	0.0
	51568	0.0
	51571	0.0
	51572	0.0
	51573	0.0
	51581	0.0
	51627	0.0
	51628	0.0
	51629	0.0
	51633	0.0
	51636	0.0
	51639	0.0
	51642	0.0
	51644	0.0
	51655	0.0
	51656	0.0
	51704	0.0
	51705	0.0
	51707	0.0
	51708	0.0
	51709	0.0
	51711	0.0
	51716	0.0
	51717	0.0
	51720	0.0
	51722	0.0
	51730	0.0
	51765	0.0
	51777	0.0
	51802	0.0
	51804	0.0
	51810	0.0
	51811	0.0
	51814	0.0
	51815	0.0
	51818	0.0
	51826	0.0
	51827	0.0
	51828	0.0
	51829	0.0
	51839	0.0
	51855	0.0
	51886	0.0
	51931	0.0
	52101	0.0
	52112	0.0
	52203	0.0
	52267	0.0
	52313	0.0
	52378	0.0
	52495	0.0
	52575	0.0
	52576	0.0
	52602	0.0
	52607	0.0
	52633	0.0
	52645	0.0
	52657	0.0
	52707	0.0
	52713	0.0
	52737	0.0
	52745	0.0
	52754	0.0
	52765	0.0
	52818	0.0
	52825	0.0
	52833	0.0
	52836	0.0
	52842	0.0
	52853	0.0
	52855	0.0
	52856	0.0
	52862	0.0
	52863	0.0
	52866	0.0
	52868	0.0
	52869	0.0
	52874	0.0
	52875	0.0
	52876	0.0
	52908	0.0
	52943	0.0
	52955	0.0
	52957	0.0
	52963	0.0
	52968	0.0
	52972	0.0
	52974	0.0
	53068	0.0
	53083	0.0
	53149	0.0
	53192	0.0
	53195	0.0
	53231	0.0
	53272	0.0
	53276	0.0
	53289	0.0
	53324	0.0
	53336	0.0
	53337	0.0
	53343	0.0
	53348	0.0
	53352	0.0
	53357	0.0
	53362	0.0
	53367	0.0
	53368	0.0
	53378	0.0
	53384	0.0
	53385	0.0
	53391	0.0
	53419	0.0
	53420	0.0
	53433	0.0
	53446	0.0
	53455	0.0
	53457	0.0
	53463	0.0
	53464	0.0
	53466	0.0
	53467	0.0
	53469	0.0
	53472	0.0
	53475	0.0
	53480	0.0
	53481	0.0
	53483	0.0
	53484	0.0
	53502	0.0
	53505	0.0
	53512	0.0
	53513	0.0
	53522	0.0
	53529	0.0
	53533	0.0
	53543	0.0
	53545	0.0
	53547	0.0
	53553	0.0
	53562	0.0
	53602	0.0
	53644	0.0
	53730	0.0
	53732	0.0
	54012	0.0
	54024	0.0
	54026	0.0
	54027	0.0
	54031	0.0
	54039	0.0
	54041	0.0
	54047	0.0
	54049	0.0
	54063	0.0
	54064	0.0
	54065	0.0
	54069	0.0
	54072	0.0
	54076	0.0
	54080	0.0
	54092	0.0
	54093	0.0
	54094	0.0
	54096	0.0
	54098	0.0
	54099	0.0
	54102	0.0
	54113	0.0
	54115	0.0
	54117	0.0
	54122	0.0
	54132	0.0
	54134	0.0
	54135	0.0
	54142	0.0
	54154	0.0
	54156	0.0
	54157	0.0
	54161	0.0
	54164	0.0
	54165	0.0
	54169	0.0
	54171	0.0
	54172	0.0
	54181	0.0
	54186	0.0
	54187	0.0
	54192	0.0
	54195	0.0
	54204	0.0
	54205	0.0
	54208	0.0
	54213	0.0
	54214	0.0
	54218	0.0
	54223	0.0
	54225	0.0
	54226	0.0
	54231	0.0
	54234	0.0
	54236	0.0
	54237	0.0
	54243	0.0
	54244	0.0
	54248	0.0
	54249	0.0
	54252	0.0
	54254	0.0
	54259	0.0
	54260	0.0
	54261	0.0
	54263	0.0
	54266	0.0
	54267	0.0
	54273	0.0
	54274	0.0
	54276	0.0
	54284	0.0
	54285	0.0
	54286	0.0
	54290	0.0
	54291	0.0
	54292	0.0
	54293	0.0
	54305	0.0
	54313	0.0
	54316	0.0
	54320	0.0
	54321	0.0
	54323	0.0
	54324	0.0
	54325	0.0
	54326	0.0
	54327	0.0
	54328	0.0
	54331	0.0
	54332	0.0
	54333	0.0
	54334	0.0
	54335	0.0
	54336	0.0
	54337	0.0
	54338	0.0
	54339	0.0
	54342	0.0
	54346	0.0
	54347	0.0
	54349	0.0
	54351	0.0
	54353	0.0
	54362	0.0
	54363	0.0
	54365	0.0
	54371	0.0
	54374	0.0
	54377	0.0
	54386	0.0
	54452	0.0
	54453	0.0
	54454	0.0
	54455	0.0
	54470	0.0
	54471	0.0
	54472	0.0
	54474	0.0
	54475	0.0
	54476	0.0
	54483	0.0
	54486	0.0
	54493	0.0
	54494	0.0
	54497	0.0
	54563	0.0
	54568	0.0
	54569	0.0
	54575	0.0
	54579	0.0
	54584	0.0
	54590	0.0
	54660	0.0
	54662	0.0
	55228	0.0
	55248	0.0
	55279	0.0
	55294	0.0
	55299	0.0
	55437	0.0
	55472	0.0
	55493	0.0
	55578	0.0
	55585	0.0
	55589	0.0
	55591	0.0
	55593	0.0
	55598	0.0
	55655	0.0
	55664	0.0
	55680	0.0
	55681	0.0
	55690	0.0
	55696	0.0
	55773	0.0
	56004	0.0
	56016	0.0
	56018	0.0
	56021	0.0
	56029	0.0
	56033	0.0
	56034	0.0
	56043	0.0
	56045	0.0
	56046	0.0
	56065	0.0
	56067	0.0
	56106	0.0
	56109	0.0
	56116	0.0
	56125	0.0
	56128	0.0
	56137	0.0
	56151	0.0
	56202	0.0
	56223	0.0
	56227	0.0
	56228	0.0
	56307	0.0
	56312	0.0
	56317	0.0
	56331	0.0
	56342	0.0
	56434	0.0
	57126	7.2E-4
	57905	0.01
	54499	0.0102
	56257	0.0107
	53492	0.01076
	54611	0.015440000000000002
	57008	0.01836
	59088	0.02079
	57007	0.027160000000000004
	59470	0.02835
	57014	0.03104
	57912	0.0334
	53673	0.03544
	58750	0.03978
	57432	0.0424
	53619	0.043280000000000006
	59948	0.0437
	53491	0.049240000000000006
	53674	0.04932
	59288	0.049409999999999996
	53618	0.05072
	52546	0.05208000000000001
	57208	0.0541
	59271	0.055170000000000004
	52797	0.05836
	56790	0.0602
	53599	0.061160000000000006
	53518	0.062
	57517	0.0628
	56844	0.0629
	53696	0.06304
	53915	0.06328
	54419	0.06388
	56543	0.0644
	56756	0.0652
	53579	0.06664
	54621	0.06844
	54424	0.07056
	56792	0.0714
	53868	0.07171999999999999
	59270	0.07271999999999999
	52983	0.0746
	58760	0.0756
	54410	0.07632
	56757	0.0775
	52884	0.07912000000000001
	57913	0.0827
	53611	0.08632000000000001
	53588	0.08796000000000001
	53519	0.08868000000000001
	53769	0.09144000000000001
	53866	0.09312000000000001
	57426	0.0982
	59004	0.09918
	52998	0.09936
	53490	0.09944
	53699	0.09996000000000001
	59487	0.1008
	54431	0.10328
	57900	0.1037
	53580	0.10456000000000001
	58657	0.10674
	53610	0.10844000000000001
	56651	0.1089
	54406	0.10944000000000001
	57020	0.10992
	56688	0.11
	56883	0.1102
	54436	0.11120000000000002
	57132	0.11212
	57002	0.1146
	54429	0.11488000000000001
	54603	0.11612
	57713	0.1196
	58843	0.12024
	53750	0.12092000000000001
	53937	0.12168000000000001
	54601	0.12228000000000001
	54615	0.12272000000000001
	57605	0.1266
	54510	0.12672000000000003
	56783	0.1306
	57011	0.13188
	54416	0.13208
	58719	0.1323
	56580	0.1331
	53704	0.13376
	52643	0.13712
	54708	0.14512
	56786	0.1452
	59269	0.14526
	54620	0.1456
	53594	0.14596
	53612	0.14604
	52982	0.1474
	53688	0.14796
	54619	0.15012000000000003
	56494	0.1509
	53615	0.15708
	57034	0.16072
	56991	0.1614
	57359	0.1619
	57320	0.1645
	57029	0.16776000000000002
	56985	0.17
	56645	0.173
	54605	0.17388
	57414	0.1751
	53614	0.17648
	53914	0.17856000000000002
	57908	0.1786
	59635	0.17883
	59954	0.1792
	56664	0.1796
	53689	0.18080000000000002
	57723	0.1833
	59087	0.18369000000000002
	56081	0.18420000000000003
	56781	0.1857
	53817	0.18612
	57420	0.1883
	54421	0.18876
	56483	0.1892
	54613	0.1908
	59644	0.19305
	57030	0.1936
	57232	0.19384
	57037	0.19484
	56675	0.1954
	54428	0.19688000000000003
	58748	0.19917
	53928	0.19988
	57407	0.2013
	53757	0.20168
	57502	0.2018
	53585	0.20288
	54622	0.20404
	59324	0.20511
	56788	0.2053
	53790	0.20636000000000002
	53690	0.20640000000000003
	59276	0.20700000000000002
	59094	0.2088
	57637	0.21
	53883	0.21352000000000004
	53768	0.21772000000000002
	56479	0.2183
	54527	0.22296000000000002
	56671	0.2249
	57216	0.2258
	59306	0.22626000000000002
	59096	0.22815000000000002
	53578	0.22976000000000002
	52996	0.23124
	54318	0.23524
	59758	0.2372
	54612	0.23816000000000004
	54751	0.2392
	57048	0.24128
	53695	0.24292
	57636	0.2449
	53829	0.24768
	52984	0.24832
	59097	0.24966
	52418	0.25168
	57038	0.25196
	56992	0.2529
	54507	0.25436000000000003
	58745	0.25551
	58747	0.25614000000000003
	54517	0.25623999999999997
	54311	0.25664
	58737	0.25812
	57033	0.259
	54432	0.25920000000000004
	53879	0.25972
	56793	0.2619
	54701	0.26236000000000004
	56842	0.2631
	57903	0.266
	53499	0.26832
	57137	0.26836000000000004
	53777	0.27024
	56977	0.271
	57206	0.2712
	57025	0.27228
	59298	0.27315
	57032	0.27340000000000003
	58751	0.2736
	56571	0.2736
	53740	0.27492
	57326	0.2751
	59454	0.27855
	59838	0.2788
	57507	0.279
	54626	0.2796
	59297	0.27963
	56669	0.2819
	57516	0.2825
	57028	0.28300000000000003
	58846	0.28305
	53666	0.28388
	54617	0.28564
	53850	0.28636
	54606	0.28652000000000005
	53789	0.28656000000000004
	57612	0.2872
	54449	0.28904
	58834	0.29349000000000003
	53872	0.2938
	58647	0.29493
	54614	0.296
	57523	0.2964
	56880	0.2971
	52661	0.29808
	53953	0.29824
	57129	0.29988000000000004
	58746	0.30195000000000005
	59492	0.30249000000000004
	53488	0.30324
	57026	0.30672000000000005
	53693	0.30716000000000004
	58749	0.30717
	56739	0.312
	56080	0.31208
	53698	0.31244000000000005
	59318	0.31248000000000004
	56673	0.3129
	54420	0.31304
	59264	0.31374
	52515	0.31536000000000003
	57541	0.3167
	57506	0.3177
	56498	0.3241
	59485	0.32436
	56835	0.3256
	53955	0.32796000000000003
	54521	0.32888000000000006
	53584	0.33020000000000005
	56748	0.3305
	56840	0.332
	54610	0.33264000000000005
	59290	0.333
	54530	0.33316
	53487	0.33356
	53944	0.33536000000000005
	53646	0.33548
	58735	0.33759
	57035	0.33848
	53874	0.3388
	53916	0.33888
	54608	0.33908000000000005
	57040	0.33972
	58731	0.34119
	56782	0.3414
	57021	0.34252
	54434	0.34276
	54528	0.34380000000000005
	53574	0.34440000000000004
	59268	0.34497
	57914	0.345
	53681	0.34524
	57039	0.34572
	53486	0.3472
	59127	0.34749
	53791	0.3492
	53691	0.34980000000000006
	54645	0.35044000000000003
	58836	0.35118
	57238	0.35216000000000003
	57044	0.35288
	56038	0.354
	54405	0.35604
	58744	0.36801
	53917	0.36888000000000004
	52988	0.36956000000000006
	57242	0.36984
	59289	0.37305
	53582	0.37416000000000005
	54439	0.37872
	54700	0.37904000000000004
	53748	0.37984
	58718	0.38034
	53950	0.38064000000000003
	53660	0.38076
	58725	0.38088000000000005
	57308	0.3821
	54539	0.38464000000000004
	53590	0.38504000000000005
	59265	0.38573999999999997
	56843	0.386
	57012	0.38668
	53865	0.39008
	54430	0.39064000000000004
	53792	0.39068
	54623	0.39272
	59007	0.3928
	53923	0.39308000000000004
	59502	0.39357000000000003
	58742	0.39456
	56490	0.3967
	54535	0.39712000000000003
	59842	0.4005
	56984	0.4005
	59845	0.4007
	54541	0.40164
	57055	0.40212000000000003
	53942	0.40900000000000003
	57508	0.4092
	53517	0.41104000000000007
	59246	0.41301
	53573	0.41424000000000005
	54304	0.41552
	57417	0.4164
	58646	0.41832
	59293	0.42075
	58933	0.42084000000000005
	53871	0.42132
	57519	0.4231
	53694	0.42328000000000005
	57445	0.4241
	53564	0.42492
	53903	0.42535999999999996
	53478	0.42556000000000005
	53966	0.42772
	57355	0.4285
	57513	0.4285
	57906	0.4297
	52986	0.42988000000000004
	54438	0.43028000000000005
	53576	0.43132000000000004
	53948	0.43204000000000004
	56496	0.4353
	58839	0.43613999999999997
	53926	0.43712
	53854	0.43804
	54705	0.43928000000000006
	57233	0.44052
	57522	0.4406
	53949	0.4418
	56074	0.44376
	53930	0.447
	59757	0.4478
	53957	0.44876
	54609	0.45028
	52978	0.45052000000000003
	57041	0.45152000000000003
	53785	0.45168
	57024	0.45199999999999996
	56071	0.45267999999999997
	53852	0.45308000000000004
	59940	0.4531
	54404	0.45328
	58734	0.4536
	54319	0.45636000000000004
	54752	0.4570000000000001
	56986	0.4592
	59851	0.4607
	56746	0.4634
	54522	0.4641200000000001
	57447	0.4662
	57231	0.46731999999999996
	53857	0.46756000000000003
	53856	0.46764000000000006
	57328	0.4679
	59319	0.46908
	58820	0.47034
	59075	0.47277
	54707	0.47292
	57409	0.4739
	54308	0.47392000000000006
	53759	0.47748
	53738	0.4778800000000001
	53397	0.48464
	58837	0.48510000000000003
	53651	0.48684000000000005
	53751	0.49088000000000004
	54719	0.49252000000000007
	59109	0.49257
	53954	0.49432000000000004
	53947	0.49596
	59266	0.49661999999999995
	54523	0.49724000000000007
	54753	0.49772
	59848	0.4989
	59117	0.49950000000000006
	56763	0.5007
	59321	0.5013000000000001
	53934	0.50196
	59941	0.5022
	53567	0.50448
	53784	0.5048
	54533	0.50568
	57153	0.50588
	58813	0.50886
	57217	0.5098
	58654	0.5103
	57211	0.5133200000000001
	57329	0.5141
	54301	0.51788
	56948	0.5192
	53687	0.52
	57889	0.5214
	53767	0.52148
	54525	0.52164
	53565	0.52184
	53795	0.52356
	58844	0.52371
	57155	0.5239600000000001
	57608	0.527
	57047	0.5286400000000001
	57042	0.53344
	59316	0.5349600000000001
	54710	0.53588
	54412	0.5404
	59116	0.54342
	57324	0.5439
	57053	0.54444
	54624	0.54452
	57416	0.5452
	57031	0.5457200000000001
	59640	0.54639
	59114	0.5472899999999999
	54408	0.5478
	53782	0.5512400000000001
	57317	0.5523
	58821	0.55332
	56889	0.5546
	57415	0.555
	57140	0.55596
	56839	0.5563
	57462	0.5569
	58848	0.5577300000000001
	53964	0.5588000000000001
	53873	0.55892
	53796	0.55908
	53664	0.5612400000000001
	58823	0.56187
	54423	0.56276
	57049	0.56284
	58804	0.5661
	59626	0.56898
	56761	0.5696
	57600	0.5742
	59314	0.57501
	53924	0.5753199999999999
	54724	0.57552
	59451	0.5765399999999999
	53577	0.57976
	58559	0.5804100000000001
	57022	0.58248
	54437	0.58252
	54425	0.58312
	54618	0.5835600000000001
	53869	0.5843600000000001
	59107	0.58653
	57245	0.58704
	57921	0.5883
	58845	0.59175
	58652	0.59328
	57339	0.5934
	53735	0.59376
	53981	0.59932
	54616	0.6006
	53848	0.6007600000000001
	56950	0.6021
	58736	0.60435
	54534	0.6061200000000001
	53859	0.60648
	54540	0.6065200000000001
	54714	0.60992
	54716	0.61016
	56885	0.6104
	57343	0.6104400000000001
	53756	0.61436
	56567	0.615
	54531	0.61544
	56385	0.6166
	53880	0.6174000000000001
	53679	0.61916
	59113	0.6192
	56886	0.6197
	57989	0.62307
	57043	0.6268
	57922	0.6283
	57318	0.6288
	53958	0.63224
	58806	0.6330600000000001
	54718	0.63332
	59856	0.6339
	57303	0.6347
	53863	0.63492
	53884	0.63496
	57909	0.6363
	53794	0.6374
	57313	0.6374
	57437	0.6394
	54810	0.6398
	53763	0.6448400000000001
	57144	0.64656
	57247	0.64932
	53788	0.6494
	58660	0.6501600000000001
	53945	0.6504400000000001
	54704	0.6506400000000001
	53753	0.65092
	54633	0.6583600000000001
	59500	0.66141
	57023	0.6618400000000001
	57996	0.6645599999999999
	53399	0.66484
	56994	0.6651
	57717	0.6665
	54800	0.6715200000000001
	56785	0.6734
	53798	0.6764800000000001
	58847	0.67689
	54816	0.6774
	54631	0.6792
	53754	0.6794
	53797	0.67976
	57349	0.6798
	54706	0.6823600000000001
	54702	0.68276
	53764	0.68388
	59849	0.6865
	54713	0.68764
	58644	0.69093
	57045	0.6914
	57511	0.6914
	53967	0.69152
	53845	0.69576
	57811	0.6966
	57315	0.6986
	53772	0.6991200000000001
	59074	0.70155
	53760	0.7021200000000001
	54725	0.7036
	56854	0.7108
	54711	0.71128
	53910	0.7119200000000001
	53959	0.71636
	53774	0.71644
	59448	0.7164900000000001
	54532	0.71828
	59303	0.71856
	59091	0.72207
	57143	0.72328
	57052	0.72336
	53891	0.72404
	59315	0.72414
	53841	0.7258800000000001
	58567	0.7263900000000001
	53935	0.7286
	53677	0.7307600000000001
	59322	0.7309800000000001
	53662	0.73116
	54401	0.73184
	53931	0.73684
	53956	0.7382
	59951	0.7389
	54715	0.7404000000000001
	59631	0.74061
	57609	0.7414
	58905	0.74151
	53853	0.7415600000000001
	53893	0.7432000000000001
	53832	0.74552
	59843	0.7464
	58928	0.7483500000000001
	54723	0.75016
	57405	0.7508
	54811	0.75088
	57505	0.7537
	54812	0.7552800000000001
	56846	0.7558
	54820	0.7572000000000001
	59304	0.75987
	53877	0.76288
	53771	0.7632
	53658	0.76476
	57512	0.7653
	53875	0.76632
	56944	0.7671
	54709	0.76808
	54823	0.7687200000000001
	53941	0.77224
	58927	0.77481
	58715	0.7749
	56841	0.7799
	59452	0.7812
	57514	0.7815
	56959	0.7817
	53938	0.7822800000000001
	59092	0.783
	57603	0.7843
	54804	0.7864800000000001
	58940	0.78993
	53860	0.7901600000000001
	58707	0.79065
	53929	0.7907600000000001
	57813	0.7926
	59429	0.79434
	57046	0.79576
	57837	0.796
	53963	0.79608
	53862	0.7981600000000001
	57992	0.79938
	58828	0.80136
	56856	0.8018
	54717	0.8036400000000001
	57537	0.8041
	54801	0.80628
	53498	0.80832
	56987	0.8103
	59320	0.81036
	57834	0.8131
	58568	0.81324
	53899	0.8152400000000001
	54809	0.8170400000000001
	54644	0.8184400000000001
	56946	0.8189
	59099	0.82107
	57510	0.8227
	57057	0.8258
	57425	0.8258
	54803	0.82928
	58606	0.82953
	57402	0.83
	57154	0.8375600000000001
	53980	0.8378399999999999
	59093	0.84213
	53778	0.8446400000000001
	54732	0.8493600000000001
	57054	0.8494
	53685	0.84952
	54632	0.8503600000000001
	54712	0.8525200000000001
	57988	0.8526600000000001
	53678	0.85304
	54703	0.8546400000000001
	58926	0.85473
	54627	0.8550000000000001
	53776	0.85544
	57799	0.86265
	59106	0.86355
	53575	0.8678000000000001
	56973	0.8696
	57971	0.8716
	57254	0.8719600000000001
	59090	0.8721
	53799	0.8748400000000001
	58826	0.87714
	57061	0.8781599999999999
	59647	0.88002
	54777	0.8803200000000001
	58712	0.88119
	54806	0.8817200000000001
	58555	0.88461
	58724	0.8871300000000001
	53770	0.8881600000000001
	54726	0.8900800000000001
	56982	0.8911
	58569	0.89451
	59064	0.89505
	56872	0.8965
	54765	0.8970000000000001
	56851	0.8978
	53886	0.89832
	54815	0.902
	54764	0.9022399999999999
	54766	0.9043200000000001
	54821	0.9046799999999999
	56082	0.9050000000000001
	53864	0.90552
	57060	0.90756
	58814	0.9090900000000001
	54628	0.90976
	57993	0.9106200000000001
	52985	0.91256
	58935	0.91287
	53970	0.9133200000000001
	58822	0.91476
	56952	0.9163
	54808	0.9170400000000001
	53659	0.9172800000000001
	53890	0.91764
	59057	0.91791
	53895	0.91844
	57835	0.9229
	53962	0.92372
	54802	0.9238400000000001
	57261	0.92514
	54755	0.92632
	57248	0.932
	57175	0.9327599999999999
	54731	0.93456
	54818	0.9382400000000001
	53665	0.9392400000000001
	57896	0.9396000000000001
	58818	0.9411300000000001
	54814	0.9416000000000001
	59453	0.9450900000000001
	57722	0.9457
	56881	0.9495
	54728	0.9508
	57729	0.9533
	54640	0.9542400000000001
	58556	0.95499
	56958	0.9556
	53996	0.95596
	53878	0.9573200000000001
	53885	0.9577600000000001
	58918	0.95841
	56772	0.9601
	53892	0.96252
	58629	0.9630000000000001
	53894	0.9652
	53787	0.9679600000000002
	58557	0.9701100000000001
	56849	0.9741
	53896	0.97484
	54774	0.9750800000000001
	53961	0.97868
	54749	0.97896
	54805	0.97936
	58623	0.97983
	57991	0.9815400000000001
	58633	0.9828000000000001
	53975	0.9838
	53965	0.9861599999999999
	54827	0.9882
	59312	0.9884700000000001
	53780	0.99112
	53593	0.9923600000000001
	54722	0.99428
	58903	0.99432
	59854	0.9982
	54871	0.9990800000000001
	54807	0.99964
	58929	1.00638
	57911	1.0079
	52323	1.00796
	56882	1.0104
	54776	1.0132400000000001
	57718	1.0142
	56954	1.0147
	53773	1.01512
	56951	1.0154
	54734	1.0170400000000002
	57824	1.0183
	53669	1.0186400000000002
	58911	1.0197
	53968	1.0226000000000002
	59256	1.0226700000000002
	53897	1.02428
	56876	1.026
	53775	1.02632
	58713	1.02645
	58824	1.02744
	57362	1.0311
	58635	1.03284
	59255	1.03311
	57156	1.03518
	54778	1.0356400000000001
	53888	1.0364000000000002
	57540	1.0385
	54826	1.0387600000000001
	58921	1.03977
	57411	1.0439
	56778	1.0475
	54912	1.04988
	57821	1.0527
	56764	1.0545
	59847	1.0554
	54819	1.0572800000000002
	57995	1.05732
	54911	1.0611599999999999
	54759	1.0626
	52424	1.06304
	58917	1.0655999999999999
	53663	1.0662800000000001
	54729	1.0666
	54830	1.07088
	54828	1.07524
	54852	1.07952
	54737	1.0842800000000001
	56969	1.0858
	59313	1.0862100000000001
	58932	1.08729
	54916	1.09004
	53973	1.09264
	53882	1.0929200000000001
	59449	1.09368
	58819	1.09386
	54843	1.0946
	54841	1.09612
	54913	1.09708
	58565	1.0987200000000001
	53976	1.10088
	58642	1.10358
	57634	1.1058
	54910	1.10968
	59082	1.1102400000000001
	54736	1.11196
	57899	1.11321
	54730	1.11412
	54920	1.11648
	58706	1.11816
	54861	1.11876
	59058	1.12032
	54829	1.1203200000000002
	59205	1.1226
	53783	1.12304
	59134	1.12356
	53786	1.1242
	54833	1.12544
	57509	1.1299
	54738	1.13036
	54842	1.13456
	56873	1.135
	54844	1.13528
	57699	1.1358000000000001
	54905	1.13836
	54918	1.1384800000000002
	57314	1.1404
	54744	1.14116
	57891	1.1412
	54824	1.14348
	59025	1.1455199999999999
	59310	1.1475
	57520	1.1501
	58547	1.1512799999999999
	54915	1.15236
	58907	1.1532600000000002
	54834	1.15376
	57401	1.1551
	54836	1.1555600000000001
	54921	1.15596
	54855	1.1576000000000002
	54835	1.1582000000000001
	54727	1.1584400000000001
	57990	1.1587500000000002
	53781	1.1607200000000002
	54837	1.1676
	58923	1.16856
	54822	1.17028
	54825	1.1756
	56964	1.1793
	54831	1.18076
	58637	1.18197
	54914	1.18232
	54832	1.18356
	58634	1.1839499999999998
	54906	1.1844
	54917	1.18644
	54909	1.1866
	58643	1.18818
	54904	1.18836
	54945	1.1895200000000001
	57994	1.1914200000000001
	56978	1.1928
	56867	1.1938
	58934	1.19556
	56775	1.1963
	54851	1.1977600000000002
	54935	1.1978
	54919	1.203
	57793	1.20573
	54932	1.2072
	54908	1.20808
	56774	1.2098
	59124	1.20987
	58002	1.21036
	58011	1.212
	54922	1.21228
	57345	1.2127
	54925	1.2145200000000003
	54857	1.21496
	54923	1.21556
	57536	1.2167
	54863	1.22092
	58941	1.22175
	59081	1.22598
	58003	1.23116
	57923	1.2318
	54848	1.2339200000000001
	58021	1.2339600000000002
	54936	1.2363600000000001
	54929	1.24004
	57176	1.2403799999999998
	56863	1.2406
	54846	1.2463600000000001
	54853	1.24644
	57883	1.2465
	57368	1.2468
	54907	1.24876
	54940	1.24876
	59632	1.25055
	59242	1.25064
	57309	1.254
	57915	1.2548
	59052	1.2585600000000001
	58906	1.2601799999999999
	58020	1.2602000000000002
	59059	1.26594
	54943	1.26648
	59457	1.2666600000000001
	59249	1.26882
	58558	1.2699
	54938	1.2736800000000001
	56871	1.2827
	56878	1.2828
	58632	1.28475
	59137	1.2856500000000002
	54849	1.28688
	57169	1.29318
	59015	1.29735
	57926	1.3007
	59131	1.30473
	59072	1.3059
	59012	1.30725
	59133	1.30959
	54927	1.31208
	57696	1.3126499999999999
	58912	1.31427
	58024	1.3259600000000002
	57927	1.33191
	58942	1.33452
	58616	1.3361399999999999
	58605	1.33704
	58022	1.3383200000000002
	59241	1.3426200000000001
	58714	1.34352
	57237	1.3447
	59130	1.3471199999999999
	57633	1.3478
	56975	1.3486
	58624	1.34874
	57518	1.3505
	59102	1.35378
	58931	1.3563900000000002
	57816	1.3575
	58625	1.3618800000000002
	58025	1.37052
	54939	1.3726000000000003
	59125	1.3729500000000001
	58030	1.37404
	56879	1.3775
	58938	1.38123
	57178	1.38222
	59446	1.38267
	58705	1.38771
	57798	1.3945500000000002
	59023	1.39599
	58032	1.39928
	57698	1.4003100000000002
	59254	1.40175
	59065	1.4036400000000002
	57710	1.4142
	57358	1.4165
	58034	1.4244
	57895	1.42479
	59855	1.4417
	56870	1.4468
	56777	1.4592
	59427	1.4597099999999998
	57458	1.4684
	59431	1.46907
	59047	1.4726700000000001
	57887	1.481
	58936	1.48554
	59435	1.5001200000000001
	57731	1.5032
	58550	1.50426
	56766	1.5081
	56862	1.5122
	56767	1.5169
	59441	1.5476400000000001
	56869	1.5487
	58562	1.55664
	57732	1.5571
	59027	1.56654
	57464	1.5685
	56898	1.5689
	57792	1.5776999999999999
	56768	1.5781
	57545	1.58
	59126	1.5813
	57056	1.58274
	58627	1.58607
	59061	1.58643
	58609	1.59003
	57829	1.5906
	57974	1.5923
	58626	1.59345
	54817	1.5952799999999998
	56996	1.6
	57886	1.6014
	57737	1.6089
	56966	1.6161
	57544	1.6191
	56875	1.6193
	57188	1.6302599999999998
	56995	1.6392
	57051	1.64286
	54902	1.6495799999999998
	57978	1.6553
	53993	1.6595399999999998
	57086	1.6653
	59055	1.66662
	58607	1.6687800000000002
	58631	1.66995
	57894	1.67112
	56970	1.6714
	53995	1.67934
	54903	1.6806599999999998
	57274	1.6808999999999998
	57173	1.6816799999999998
	58549	1.68363
	58693	1.6839
	57067	1.6863599999999999
	57189	1.68672
	57177	1.70208
	59045	1.70307
	54900	1.7052
	57460	1.706
	57071	1.7135999999999998
	57181	1.71456
	53992	1.71492
	57273	1.71498
	57185	1.71516
	57089	1.71804
	54901	1.72122
	57285	1.72506
	57179	1.7282399999999998
	58701	1.7316
	58548	1.7325000000000002
	57184	1.73574
	57187	1.7418
	53979	1.7463
	57077	1.7466
	59209	1.7466300000000001
	59237	1.75041
	57186	1.75206
	57361	1.7542
	59033	1.75842
	57973	1.759
	57098	1.7600399999999998
	57825	1.7628
	57281	1.7662799999999999
	53991	1.7681399999999998
	57193	1.76904
	53998	1.76928
	58608	1.7714699999999999
	57198	1.7751
	57294	1.7754599999999998
	57985	1.7775
	57966	1.7782
	57543	1.7796
	53986	1.7831400000000002
	53974	1.78452
	53983	1.7847600000000001
	57796	1.7938800000000001
	53988	1.79436
	57095	1.7974199999999998
	58619	1.79829
	56989	1.8012
	57182	1.8022799999999999
	57976	1.8028
	57091	1.8033
	59213	1.8057600000000003
	56961	1.8078
	57093	1.81032
	56949	1.815
	57290	1.81506
	53994	1.8151199999999998
	57451	1.8154
	53978	1.8154799999999998
	57292	1.8174
	59211	1.81782
	53972	1.8178799999999997
	57087	1.8179999999999998
	57194	1.8179999999999998
	57072	1.8192599999999999
	57183	1.8231600000000001
	59041	1.82727
	59071	1.8279
	57070	1.8284999999999998
	59122	1.83258
	59046	1.8381600000000002
	57096	1.84116
	57099	1.8412799999999998
	57271	1.8422999999999998
	53997	1.84236
	56079	1.8436
	57063	1.84374
	53898	1.8451799999999998
	57297	1.84602
	58005	1.85004
	57293	1.85016
	57195	1.8502199999999998
	53987	1.8506999999999998
	57180	1.85106
	58620	1.8527400000000003
	56962	1.8582
	58001	1.86036
	53989	1.86114
	57079	1.86936
	53982	1.8699599999999998
	57197	1.87092
	57191	1.8712799999999998
	58618	1.872
	58004	1.8722999999999999
	53889	1.87266
	53985	1.87404
	58007	1.8748799999999999
	59017	1.87578
	57090	1.87956
	57094	1.88514
	57065	1.8860999999999999
	59051	1.88766
	57084	1.8918599999999999
	58100	1.8923999999999999
	57075	1.8939599999999999
	59021	1.8963000000000003
	59230	1.8980100000000002
	58008	1.89876
	58104	1.8999599999999999
	59053	1.89999
	53984	1.90092
	58614	1.9057500000000003
	57643	1.9067
	57085	1.91544
	57083	1.91586
	57078	1.92744
	57076	1.92762
	58615	1.92951
	57642	1.9359
	58017	1.93692
	58101	1.93824
	57080	1.93854
	58006	1.9499399999999998
	57196	1.9507199999999998
	57081	1.95672
	58519	1.95885
	58612	1.9590299999999998
	58208	1.96014
	58544	1.9610999999999998
	57162	1.9619399999999998
	59425	1.96488
	57082	1.96542
	57390	1.97064
	59022	1.97289
	57066	1.9775999999999998
	57958	1.9786500000000002
	59044	1.9796400000000003
	57192	1.9882199999999999
	57461	1.9912
	57074	2.0054999999999996
	57299	2.0105999999999997
	58542	2.0122199999999997
	59229	2.0125800000000003
	57688	2.014
	57295	2.01546
	57298	2.01888
	57789	2.02158
	57396	2.02188
	57466	2.029
	58710	2.0295900000000002
	57296	2.03166
	58601	2.03445
	58602	2.03544
	59228	2.03886
	58946	2.0400300000000002
	58527	2.05317
	57249	2.0587
	58207	2.06886
	58205	2.07414
	58111	2.08398
	57857	2.088
	59238	2.0883599999999998
	58546	2.09178
	57776	2.0987
	58468	2.09943
	57734	2.0995
	57932	2.0996
	57377	2.1022
	59417	2.10555
	59031	2.10654
	58449	2.10906
	57981	2.11
	57956	2.1123
	57769	2.1138
	57828	2.1171
	58622	2.1216600000000003
	59419	2.12238
	58537	2.1249000000000002
	57975	2.1273
	57774	2.1408
	57694	2.14254
	57728	2.1428
	58529	2.14632
	57772	2.1502
	58301	2.16018
	57719	2.1628
	57640	2.1669
	58944	2.17998
	57842	2.1835
	57786	2.18691
	58704	2.19861
	58563	2.2041
	57760	2.2098
	57781	2.2121
	57954	2.21697
	57333	2.2171
	58508	2.22507
	57844	2.2328
	57832	2.2378
	58453	2.24028
	58514	2.24631
	57635	2.2557
	57957	2.25891
	58509	2.25927
	57859	2.26377
	57941	2.26584
	58543	2.2699800000000003
	57964	2.2725
	57465	2.2749
	57955	2.28312
	57754	2.2844
	57475	2.2897
	58455	2.29149
	57942	2.29671
	57860	2.2994
	57763	2.301
	57780	2.3055
	57960	2.30958
	57840	2.3108
	58570	2.3111099999999998
	58459	2.31354
	57257	2.3149
	57735	2.3168
	57752	2.3188
	58512	2.32029
	57822	2.3259
	58477	2.33703
	57839	2.3406
	57948	2.34144
	58517	2.34612
	57662	2.3476
	57741	2.3482
	57949	2.3504400000000003
	57827	2.3517
	57936	2.3517
	57969	2.3539
	57761	2.3555
	57762	2.3585
	57679	2.3594
	59037	2.3652
	58600	2.37222
	59063	2.3727
	57773	2.3759
	58531	2.394
	57882	2.3994
	59224	2.40309
	58534	2.4074
	57846	2.4105
	58510	2.4129
	57766	2.416
	57256	2.4167
	57853	2.4176
	58457	2.42559
	59235	2.42694
	57674	2.4282
	58503	2.4291
	57253	2.4297
	57768	2.4338
	58467	2.4354
	57947	2.4363900000000003
	57678	2.4368
	57841	2.4387
	59426	2.44602
	57682	2.4463
	57469	2.4535
	57673	2.46
	57881	2.465
	57687	2.4659
	58448	2.47113
	58472	2.47527
	57669	2.4785
	57870	2.4825
	58530	2.4911
	57739	2.4943
	57962	2.503
	57680	2.5048
	59227	2.5057799999999997
	57738	2.51
	57554	2.5122
	57598	2.51325
	57647	2.5174
	58458	2.5207200000000003
	57758	2.5282
	57965	2.5327
	58523	2.5353
	57771	2.5399
	58506	2.5418700000000003
	57477	2.5491
	57779	2.5525
	58520	2.5548
	59038	2.5567200000000003
	58419	2.5658
	57378	2.5712
	59034	2.57625
	57259	2.5846
	57872	2.5903
	58502	2.59101
	57778	2.5982
	58428	2.6013
	57742	2.6031
	57972	2.6047
	57767	2.6096
	57370	2.6141
	57851	2.6159
	57745	2.6183
	57736	2.6201
	57564	2.6222
	58426	2.6226
	57875	2.6274
	57666	2.6276
	58438	2.6321
	57871	2.6546
	57671	2.6549
	57558	2.6551
	57565	2.6582
	58446	2.6595
	58507	2.6622000000000003
	58454	2.66283
	57476	2.6647
	57575	2.666
	58456	2.66787
	57743	2.6684
	57574	2.67
	57573	2.6756
	57586	2.6861
	57363	2.698
	57777	2.6993
	57581	2.7188
	57562	2.7206
	57867	2.7222
	58435	2.7243
	57566	2.7247
	58484	2.72889
	58451	2.72961
	57661	2.7312
	58464	2.7322200000000003
	57876	2.7524
	57663	2.7551
	57655	2.7577
	57865	2.7752
	58452	2.77569
	58418	2.7812
	57571	2.7949
	57874	2.8004
	58409	2.8128
	58404	2.8146
	58501	2.8308
	57658	2.8343
	57866	2.8346
	58437	2.8422
	57868	2.8484
	57845	2.8595
	57646	2.8662
	57595	2.87
	57494	2.8769
	57265	2.8787
	58450	2.88279
	57260	2.8836
	59215	2.88432
	57485	2.8936
	57589	2.8977
	58417	2.8982
	57489	2.9023
	59218	2.91717
	57577	2.9178
	57493	2.9193
	58443	2.9201400000000004
	57744	2.9365
	57649	2.9456
	59421	2.9502
	57498	2.9668
	57584	2.967
	57483	3.0024
	57279	3.005
	57278	3.0162
	57657	3.0175
	57582	3.0256
	58461	3.0432
	58416	3.0527
	57583	3.0588
	58441	3.0614
	58013	3.0701
	57268	3.0747
	58463	3.0768
	58423	3.083
	57486	3.0831
	58500	3.0872
	58415	3.0945
	57496	3.1021
	57387	3.1038
	58421	3.1068
	58356	3.1091
	57251	3.1222
	58369	3.1233
	57585	3.1258
	58367	3.131
	57590	3.1319
	58361	3.1384
	58462	3.1394
	58407	3.1443
	58150	3.1474
	58108	3.1475
	58401	3.153
	58015	3.1539
	58460	3.1622
	58203	3.1643
	58365	3.1658
	58268	3.172
	58366	3.177
	57740	3.1806
	58259	3.1848
	57481	3.1873
	58362	3.1899
	58141	3.1936
	58126	3.201
	58264	3.205
	58269	3.2076
	58102	3.2205
	57499	3.2224
	58125	3.2286
	58402	3.2316
	58360	3.2364
	58049	3.2478
	58210	3.251
	58109	3.253
	58107	3.2685
	58414	3.2686
	58432	3.2786
	58377	3.2863
	58143	3.2894
	58154	3.2901
	58352	3.2911
	58427	3.2974
	58016	3.2981
	57381	3.3086
	58317	3.3137
	58140	3.3169
	58114	3.3231
	58146	3.3243
	57388	3.325
	58012	3.3313
	58132	3.3402
	58139	3.3423
	58128	3.3461
	58129	3.3478
	58148	3.3515
	57482	3.3564
	58045	3.3575
	58117	3.3605
	58436	3.3627
	57395	3.3671
	58345	3.3704
	58127	3.3714
	58353	3.3714
	58408	3.3722
	58048	3.3736
	58265	3.3745
	58212	3.3754
	58420	3.378
	58202	3.3811
	58116	3.3834
	58424	3.4057
	58250	3.4136
	58221	3.4195
	58338	3.4285
	58354	3.4315
	58442	3.432
	58145	3.4342
	58040	3.4372
	58251	3.4491
	58214	3.4495
	58334	3.4597
	57491	3.4603
	58240	3.4616
	58224	3.4634
	58113	3.4677
	58358	3.4711
	58343	3.4734
	58122	3.4742
	58027	3.4754
	58220	3.4796
	58243	3.4825
	58337	3.4843
	58236	3.4886
	58346	3.4976
	57385	3.507
	58131	3.5077
	58223	3.5121
	58130	3.5141
	58306	3.5183
	58316	3.5189
	58241	3.5236
	58135	3.5251
	57492	3.5254
	58158	3.5277
	58118	3.5319
	58038	3.5397
	58341	3.5437
	58147	3.5452
	58330	3.5549
	58339	3.5583
	58255	3.5635
	58254	3.566
	58235	3.5759
	58433	3.578
	58319	3.5794
	58222	3.5809
	58359	3.5834
	58429	3.5848
	58138	3.5856
	58234	3.5951
	58242	3.5963
	58340	3.5989
	57389	3.604
	58047	3.6088
	58041	3.6093
	58257	3.6281
	58314	3.6298
	58036	3.6374
	58026	3.6401
	58215	3.6469
	58238	3.6549
	58431	3.6566
	58329	3.6587
	58245	3.6608
	58244	3.665
	58035	3.667
	58342	3.6702
	58237	3.6743
	58246	3.6777
	58331	3.6819
	58327	3.6836
	58249	3.6917
	58351	3.699
	58326	3.6997
	58230	3.7088
	58247	3.709
	58323	3.7153
	58321	3.7159
	58044	3.721
	58344	3.7238
	58336	3.7259
	58335	3.7368
	57398	3.7467
	58311	3.8193
	57399	3.8295
	58320	3.8748
	58225	3.9452
