	59750	-2.5095
	56697	-2.4126
	54844	-2.3884
	56869	-2.385
	56995	-2.3686
	54584	-2.3658
	53759	-2.3526
	56654	-2.2837
	54940	-2.2484
	54759	-2.2468
	54575	-2.2026
	54738	-2.1989
	54753	-2.1816
	56745	-2.1652
	53850	-2.1456
	56651	-2.1432
	54579	-2.1392
	56543	-2.1378
	54843	-2.1093
	54936	-2.102
	56846	-2.0927
	54522	-2.0862
	54852	-2.08
	53852	-2.0765
	54855	-2.069
	54569	-2.0605
	53357	-2.0593
	56693	-2.057
	53853	-2.0532
	54438	-2.0524
	53757	-2.0513
	53845	-2.0332
	56970	-2.0328
	54841	-2.0194
	53769	-2.018
	54662	-2.0092
	53856	-1.9993
	54726	-1.9979
	54749	-1.9945
	56652	-1.9942
	54164	-1.9932
	54755	-1.9824
	56567	-1.9688
	54837	-1.967
	56441	-1.9551
	54736	-1.9501
	59435	-1.9465
	54737	-1.9253
	54830	-1.9205
	53841	-1.913
	54731	-1.9084
	56898	-1.9022
	54624	-1.9013
	54863	-1.9004
	54822	-1.8994
	54568	-1.8919
	54169	-1.8878
	54470	-1.8877
	54744	-1.8819
	54563	-1.8791
	54835	-1.8761
	56966	-1.8638
	59215	-1.8594
	54831	-1.8586
	53756	-1.8577
	54267	-1.8523
	54471	-1.8377
	56533	-1.8332
	54660	-1.833
	53399	-1.8295
	54851	-1.8275
	53385	-1.8223
	56973	-1.8156
	56962	-1.812
	54846	-1.8116
	56565	-1.8096
	54939	-1.8066
	54752	-1.7994
	56645	-1.797
	54945	-1.7961
	54730	-1.7938
	54476	-1.7932
	56862	-1.7857
	54932	-1.783
	54353	-1.7777
	54728	-1.772
	59631	-1.77
	56978	-1.7648
	50877	-1.763
	53457	-1.7572
	54261	-1.7567
	54751	-1.7535
	51437	-1.7486
	54848	-1.7338
	54622	-1.7328
	53748	-1.7324
	54853	-1.7221
	56875	-1.722
	54857	-1.7219
	54938	-1.7199
	54483	-1.7143
	56843	-1.7079
	54363	-1.7077
	53348	-1.7047
	54337	-1.7031
	54834	-1.6997
	54331	-1.6979
	54541	-1.6979
	53753	-1.6898
	59209	-1.6817
	53768	-1.6788
	54347	-1.6766
	54453	-1.6741
	54474	-1.6723
	54802	-1.6699
	53455	-1.6673
	54804	-1.6668
	54493	-1.6617
	54619	-1.6594
	54734	-1.6575
	54935	-1.6566
	54266	-1.6515
	53730	-1.651
	54475	-1.6445
	56646	-1.6411
	54825	-1.6406
	54911	-1.6362
	53397	-1.6325
	53738	-1.6223
	56996	-1.6219
	59426	-1.6168
	53529	-1.6127
	57902	-1.6016
	54273	-1.6015
	54628	-1.5992
	54346	-1.5907
	54829	-1.5905
	54122	-1.5873
	54819	-1.5828
	54732	-1.5816
	57634	-1.5794
	53764	-1.576
	54613	-1.5741
	54766	-1.57
	53446	-1.5648
	59431	-1.5647
	54069	-1.5631
	54532	-1.5559
	54714	-1.5559
	54623	-1.5553
	54828	-1.5513
	54248	-1.5497
	56128	-1.5492
	54765	-1.5453
	53727	-1.5377
	54644	-1.5374
	54842	-1.5364
	54339	-1.5352
	53487	-1.5294
	56989	-1.5263
	57408	-1.5262
	55572	-1.5207
	53829	-1.5197
	56842	-1.5193
	54172	-1.518
	54616	-1.5083
	56976	-1.5078
	54801	-1.4977
	54181	-1.4969
	54236	-1.4959
	54156	-1.4917
	54905	-1.4907
	53899	-1.4882
	54530	-1.4862
	54365	-1.4855
	54371	-1.4855
	54333	-1.4821
	54716	-1.482
	54809	-1.4819
	59635	-1.4813
	54274	-1.4791
	54943	-1.478
	54332	-1.4749
	54764	-1.4739
	53896	-1.4728
	53857	-1.4719
	56756	-1.4714
	59001	-1.4714
	54249	-1.4702
	54723	-1.4694
	54335	-1.4575
	53543	-1.4561
	53863	-1.4555
	54439	-1.455
	59227	-1.4549
	54076	-1.4543
	57926	-1.4528
	54832	-1.4522
	54912	-1.4516
	54618	-1.4506
	56975	-1.4436
	54336	-1.4431
	53517	-1.4417
	54715	-1.4373
	53832	-1.4365
	56851	-1.4297
	56982	-1.4204
	54645	-1.4184
	57853	-1.4148
	56844	-1.4138
	57714	-1.4118
	53861	-1.4071
	54810	-1.407
	54914	-1.4067
	56188	-1.4038
	53776	-1.4024
	54494	-1.4007
	50953	-1.3967
	54012	-1.396
	58906	-1.3944
	54243	-1.3937
	54820	-1.3904
	53854	-1.3891
	54713	-1.3883
	53679	-1.3834
	54805	-1.3826
	54486	-1.3822
	53083	-1.3811
	56764	-1.3804
	53848	-1.3797
	56286	-1.3729
	54700	-1.3715
	54351	-1.3701
	56492	-1.3697
	54065	-1.3694
	53930	-1.3662
	53942	-1.366
	54800	-1.3631
	50425	-1.3592
	56870	-1.3582
	55279	-1.3581
	54436	-1.3573
	53707	-1.3559
	54338	-1.3542
	53735	-1.3496
	53378	-1.3481
	56767	-1.3452
	56951	-1.345
	52868	-1.3445
	54920	-1.3444
	56986	-1.3434
	54525	-1.3348
	54252	-1.334
	54922	-1.3314
	56147	-1.3283
	54531	-1.3264
	56691	-1.3261
	56977	-1.3209
	57111	-1.3204
	54325	-1.3199
	54861	-1.3189
	59266	-1.3188
	58032	-1.3187
	54729	-1.3176
	53519	-1.3163
	54724	-1.3141
	58040	-1.3137
	50557	-1.3087
	56643	-1.3061
	57317	-1.305
	54323	-1.3004
	54455	-1.3004
	55664	-1.2997
	59493	-1.2976
	56444	-1.2973
	54506	-1.2968
	56021	-1.2951
	56649	-1.2903
	54827	-1.2879
	53864	-1.2852
	54154	-1.2748
	54165	-1.2732
	54821	-1.2689
	51058	-1.2664
	53897	-1.2634
	54472	-1.2578
	54534	-1.2541
	56569	-1.2541
	54703	-1.252
	54811	-1.2495
	53934	-1.2438
	56841	-1.2429
	57605	-1.242
	56596	-1.2414
	59626	-1.2404
	56665	-1.24
	53725	-1.2388
	54913	-1.2362
	54260	-1.2327
	54286	-1.2326
	53687	-1.2318
	53980	-1.2294
	51356	-1.2293
	54080	-1.2286
	58944	-1.2285
	54706	-1.228
	53767	-1.226
	54259	-1.2252
	56443	-1.225
	56285	-1.2241
	53881	-1.2227
	56195	-1.2213
	54161	-1.221
	54072	-1.2207
	59034	-1.2174
	56038	-1.2151
	57625	-1.2139
	57439	-1.2129
	56284	-1.2124
	56548	-1.2114
	54157	-1.2066
	54925	-1.2057
	54617	-1.205
	53962	-1.2026
	54027	-1.2016
	54324	-1.2014
	54318	-1.2012
	53781	-1.1974
	53565	-1.197
	50867	-1.196
	53582	-1.1958
	51328	-1.1953
	53784	-1.1949
	53890	-1.1946
	54334	-1.1943
	56739	-1.1941
	56192	-1.1932
	53689	-1.1918
	57543	-1.191
	54377	-1.1842
	56839	-1.1826
	57851	-1.1813
	57867	-1.1807
	54725	-1.1781
	54826	-1.1777
	54918	-1.177
	57361	-1.172
	50956	-1.1665
	53894	-1.1651
	54915	-1.1634
	54420	-1.1621
	59218	-1.1591
	53576	-1.1562
	53993	-1.155
	56190	-1.1531
	54362	-1.1524
	56867	-1.1501
	59453	-1.1494
	56876	-1.1492
	56944	-1.1491
	57008	-1.1451
	53792	-1.144
	53289	-1.1424
	54806	-1.141
	53974	-1.1407
	56886	-1.1407
	54823	-1.1386
	53796	-1.1371
	53774	-1.1308
	56491	-1.1299
	54319	-1.1294
	53992	-1.127
	57859	-1.1263
	53783	-1.126
	54263	-1.1231
	54836	-1.121
	54816	-1.1208
	56871	-1.118
	54627	-1.1177
	53362	-1.1175
	54849	-1.117
	53615	-1.115
	54254	-1.1117
	56670	-1.1111
	53697	-1.1102
	56288	-1.1102
	54213	-1.1097
	54423	-1.1083
	53790	-1.1082
	54807	-1.108
	56854	-1.106
	54702	-1.1058
	54510	-1.1044
	54710	-1.1026
	57846	-1.1026
	56186	-1.1001
	56761	-1.0976
	52874	-1.0941
	53778	-1.0938
	57865	-1.0928
	54276	-1.0924
	50564	-1.0899
	53562	-1.0893
	54701	-1.0892
	54718	-1.0863
	56584	-1.0861
	53963	-1.0817
	56181	-1.0711
	53611	-1.0688
	53732	-1.0642
	53795	-1.0635
	53821	-1.0627
	59446	-1.0623
	59265	-1.0615
	56199	-1.0611
	54349	-1.0598
	56792	-1.0593
	52982	-1.0539
	53923	-1.0526
	50968	-1.0521
	56595	-1.05
	58923	-1.0496
	57807	-1.0476
	56879	-1.047
	54818	-1.0379
	53970	-1.0378
	53866	-1.0368
	51329	-1.0367
	53618	-1.0359
	54910	-1.0356
	59429	-1.0301
	57907	-1.0216
	59044	-1.0206
	53931	-1.0171
	54171	-1.0116
	57113	-1.0108
	57871	-1.0088
	52972	-1.0083
	56499	-1.0082
	53693	-1.0069
	56194	-1.0064
	53898	-1.0031
	53869	-1.003
	52876	-1.0024
	56074	-1.001
	53859	-0.9994
	54597	-0.9984
	56317	-0.9977
	53467	-0.9967
	53893	-0.9965
	56290	-0.9942
	53925	-0.9932
	54904	-0.9927
	53484	-0.9917
	53599	-0.99
	50871	-0.9896
	54430	-0.9895
	56251	-0.9879
	53937	-0.9872
	56641	-0.9853
	56137	-0.9843
	53878	-0.9819
	59842	-0.9799
	54204	-0.9796
	54808	-0.9784
	57845	-0.9776
	56490	-0.977
	53817	-0.9723
	53772	-0.9703
	56742	-0.9691
	57720	-0.9678
	56598	-0.9677
	56592	-0.9676
	53860	-0.9663
	57872	-0.9657
	50913	-0.9645
	58024	-0.9632
	53875	-0.9598
	54636	-0.9595
	50853	-0.9592
	53610	-0.9565
	57110	-0.956
	57411	-0.9548
	56882	-0.9542
	57623	-0.953
	54497	-0.9524
	57839	-0.9499
	57026	-0.9485
	53602	-0.9484
	57841	-0.9483
	59650	-0.9467
	56498	-0.9437
	54719	-0.9423
	53579	-0.9418
	52875	-0.9401
	57007	-0.9391
	56835	-0.939
	57409	-0.9379
	54921	-0.9342
	56297	-0.9342
	56878	-0.9334
	53995	-0.9332
	51369	-0.9328
	54328	-0.9317
	57916	-0.9314
	59449	-0.9308
	53785	-0.929
	52980	-0.9263
	54064	-0.9253
	58041	-0.9245
	55472	-0.9235
	59653	-0.9234
	57736	-0.9227
	56198	-0.9206
	53773	-0.9191
	53791	-0.9176
	50468	-0.9176
	54812	-0.915
	54923	-0.9149
	52963	-0.9144
	57378	-0.9143
	59644	-0.9139
	54814	-0.9131
	53754	-0.9104
	50353	-0.91
	53895	-0.9078
	50962	-0.9072
	54517	-0.9046
	53994	-0.9044
	52607	-0.9039
	56272	-0.9027
	52884	-0.9011
	53868	-0.9004
	54927	-0.8994
	56097	-0.8967
	50964	-0.8965
	50656	-0.8964
	50514	-0.8963
	54815	-0.8957
	57006	-0.8951
	59421	-0.8932
	57022	-0.8926
	53512	-0.8874
	53646	-0.8842
	54535	-0.884
	55578	-0.8826
	59632	-0.8816
	53991	-0.8797
	50915	-0.8785
	51353	-0.8784
	56280	-0.8781
	54234	-0.8767
	50960	-0.8761
	57908	-0.874
	59057	-0.8711
	53961	-0.8701
	53996	-0.8677
	56152	-0.866
	54640	-0.8657
	54132	-0.8651
	53619	-0.865
	59469	-0.8635
	59237	-0.8633
	53488	-0.8622
	50548	-0.8603
	53677	-0.8581
	51238	-0.8574
	53886	-0.8563
	57710	-0.8551
	53770	-0.855
	53614	-0.8544
	50247	-0.8524
	53578	-0.8521
	55294	-0.8514
	53810	-0.8506
	56883	-0.8501
	53975	-0.8497
	56593	-0.8486
	56296	-0.8477
	53419	-0.8463
	53750	-0.8456
	54711	-0.8441
	53986	-0.8399
	57154	-0.8374
	59213	-0.8374
	59254	-0.8373
	56202	-0.8364
	50859	-0.8357
	59065	-0.8353
	56891	-0.8349
	53865	-0.8348
	54231	-0.8334
	54903	-0.8294
	53518	-0.8293
	52984	-0.8288
	53564	-0.8287
	59007	-0.8286
	51330	-0.8278
	57020	-0.8277
	52895	-0.8228
	56331	-0.8219
	56856	-0.8173
	50936	-0.8166
	59229	-0.8164
	53533	-0.8125
	50928	-0.8121
	53705	-0.8107
	57635	-0.8088
	56381	-0.8066
	53985	-0.8034
	50445	-0.8031
	56751	-0.8023
	53584	-0.7984
	56395	-0.7966
	56187	-0.796
	56281	-0.7956
	54342	-0.7949
	59228	-0.7933
	59427	-0.7927
	57921	-0.7883
	50939	-0.788
	56840	-0.7879
	59658	-0.7868
	56196	-0.7867
	57254	-0.7866
	58035	-0.7864
	53575	-0.7861
	53976	-0.7846
	58044	-0.7842
	54425	-0.7841
	54540	-0.784
	53699	-0.7829
	53272	-0.7808
	57842	-0.7805
	59845	-0.778
	53498	-0.7771
	58754	-0.7746
	57761	-0.7726
	56125	-0.7722
	56766	-0.7721
	54590	-0.7701
	57425	-0.7699
	57941	-0.7678
	54226	-0.7672
	56969	-0.766
	57067	-0.7659
	53798	-0.7635
	54225	-0.7631
	54605	-0.7622
	57989	-0.7622
	54902	-0.7587
	57972	-0.7565
	58047	-0.7565
	54186	-0.7558
	53673	-0.7557
	56774	-0.7556
	53659	-0.7534
	59224	-0.7529
	57536	-0.7517
	54539	-0.7492
	50832	-0.7488
	57731	-0.7447
	57614	-0.7436
	56391	-0.7431
	54824	-0.7427
	51352	-0.7425
	50739	-0.7399
	50525	-0.7389
	53740	-0.7388
	56575	-0.7372
	57707	-0.7337
	50434	-0.7324
	50603	-0.7316
	53695	-0.7309
	55299	-0.7306
	59945	-0.7306
	54437	-0.7299
	53954	-0.7296
	57155	-0.7268
	59238	-0.7263
	56291	-0.7256
	52974	-0.7227
	50431	-0.7221
	50524	-0.7188
	59004	-0.7143
	54727	-0.7107
	50655	-0.7103
	53988	-0.7089
	54817	-0.7079
	59847	-0.7069
	54919	-0.7053
	54620	-0.7039
	56985	-0.7027
	57723	-0.7022
	57318	-0.702
	57562	-0.7007
	57259	-0.7004
	53698	-0.699
	50963	-0.6986
	51701	-0.697
	53192	-0.6962
	56849	-0.6945
	57014	-0.6941
	56197	-0.693
	52986	-0.6927
	56109	-0.6919
	56497	-0.691
	56065	-0.6905
	53799	-0.6898
	50946	-0.6894
	53690	-0.6845
	52378	-0.6828
	54511	-0.682
	51377	-0.6799
	59663	-0.6792
	53545	-0.679
	53880	-0.6774
	53483	-0.6719
	50647	-0.6715
	56189	-0.6714
	57407	-0.6703
	54520	-0.6681
	54223	-0.6671
	53780	-0.6659
	58020	-0.6658
	58659	-0.6649
	56496	-0.6643
	56493	-0.663
	51468	-0.6612
	53964	-0.6599
	53617	-0.6589
	57177	-0.6578
	54432	-0.6571
	54049	-0.6554
	53884	-0.6528
	53391	-0.6513
	56763	-0.6513
	57640	-0.6488
	57988	-0.6478
	51133	-0.6471
	54454	-0.6433
	57027	-0.6428
	50246	-0.6424
	52869	-0.642
	53967	-0.6419
	59023	-0.6383
	56016	-0.6347
	54722	-0.6344
	56873	-0.6344
	50858	-0.634
	54901	-0.6328
	53794	-0.6322
	57637	-0.6319
	57909	-0.6301
	55680	-0.6281
	53966	-0.6251
	58656	-0.6245
	50973	-0.6243
	51367	-0.6238
	53553	-0.623
	59451	-0.6227
	53662	-0.6222
	53872	-0.6215
	56116	-0.6208
	53892	-0.6202
	53877	-0.6173
	53669	-0.6139
	51465	-0.6131
	57204	-0.6122
	59487	-0.6119
	58509	-0.6118
	50618	-0.6109
	56276	-0.6099
	53891	-0.6081
	53957	-0.6074
	58021	-0.6071
	50756	-0.6071
	53797	-0.6067
	57868	-0.6055
	50442	-0.6041
	53941	-0.604
	58848	-0.6024
	53464	-0.6011
	56669	-0.6004
	57348	-0.6002
	56018	-0.6001
	56594	-0.5962
	56984	-0.5942
	58030	-0.5932
	54717	-0.5911
	56987	-0.5903
	56946	-0.5897
	56788	-0.5894
	59470	-0.5892
	59058	-0.5881
	58749	-0.5875
	56151	-0.5864
	59031	-0.5863
	57279	-0.5857
	56096	-0.5849
	57696	-0.5834
	56357	-0.5833
	50958	-0.581
	51642	-0.5786
	54906	-0.5782
	50979	-0.5775
	55593	-0.5774
	57011	-0.577
	55598	-0.5767
	59448	-0.5758
	53775	-0.5734
	58846	-0.571
	53352	-0.5683
	56029	-0.567
	52978	-0.565
	56948	-0.5648
	57800	-0.5616
	50940	-0.5611
	57565	-0.5609
	59255	-0.5601
	54039	-0.5559
	57042	-0.5537
	57636	-0.5534
	53499	-0.551
	53490	-0.5502
	54327	-0.5502
	54024	-0.5497
	57483	-0.5479
	56772	-0.5463
	58026	-0.5459
	53915	-0.5457
	57082	-0.5441
	54244	-0.543
	57903	-0.5428
	52943	-0.5409
	56164	-0.539
	57525	-0.5385
	57077	-0.5365
	54929	-0.5363
	54606	-0.5352
	57708	-0.5318
	54503	-0.5316
	56434	-0.5285
	54134	-0.5265
	51469	-0.5263
	59480	-0.5255
	57558	-0.525
	57175	-0.5248
	59757	-0.5242
	53463	-0.5232
	59441	-0.5232
	59656	-0.5222
	57732	-0.5219
	54603	-0.5201
	57537	-0.5192
	54594	-0.5191
	57021	-0.5185
	57016	-0.5183
	57132	-0.5176
	54501	-0.517
	54428	-0.5163
	59012	-0.516
	53965	-0.5158
	51542	-0.5145
	50659	-0.5141
	53691	-0.514
	57600	-0.5119
	57540	-0.5075
	50945	-0.5068
	57633	-0.5057
	58122	-0.505
	53658	-0.5044
	57554	-0.5038
	57024	-0.5035
	53612	-0.503
	56158	-0.5
	57741	-0.5
	57887	-0.4999
	54237	-0.4969
	53590	-0.4962
	59107	-0.496
	53651	-0.4959
	57900	-0.4958
	56666	-0.4936
	57564	-0.4926
	54833	-0.4924
	54601	-0.4909
	53997	-0.4905
	58836	-0.4904
	53392	-0.4877
	57870	-0.486
	57085	-0.4851
	59475	-0.485
	52889	-0.4829
	53981	-0.4828
	50948	-0.4798
	59074	-0.4794
	53862	-0.4779
	56793	-0.4778
	57326	-0.4772
	50767	-0.4749
	56752	-0.4747
	50349	-0.4734
	51365	-0.4731
	53949	-0.4731
	53883	-0.4726
	53384	-0.4721
	54405	-0.4702
	59280	-0.4702
	54533	-0.469
	51145	-0.4673
	54434	-0.4649
	57465	-0.4636
	51137	-0.4586
	51818	-0.4586
	57447	-0.458
	53788	-0.4571
	59133	-0.4563
	53926	-0.4554
	57768	-0.4547
	59134	-0.4546
	54615	-0.4535
	53789	-0.4528
	57669	-0.4504
	50934	-0.4496
	57985	-0.4494
	59425	-0.4486
	59477	-0.4486
	57055	-0.4468
	59041	-0.4467
	56775	-0.4464
	57662	-0.4464
	54900	-0.4463
	59091	-0.446
	54712	-0.4441
	53879	-0.444
	57698	-0.444
	53680	-0.443
	57260	-0.4428
	56004	-0.4427
	54631	-0.442
	57606	-0.4397
	56289	-0.4393
	56959	-0.4376
	59659	-0.4376
	59851	-0.4371
	56954	-0.4355
	59940	-0.4354
	53984	-0.4344
	53491	-0.4343
	53480	-0.4342
	53324	-0.4338
	53889	-0.4329
	57866	-0.4325
	59211	-0.4313
	54632	-0.431
	54916	-0.4309
	59046	-0.4309
	54401	-0.4298
	56247	-0.4291
	58843	-0.4283
	53955	-0.4281
	53420	-0.4265
	57646	-0.4253
	51359	-0.4244
	58113	-0.4237
	53574	-0.4235
	53585	-0.4223
	56964	-0.4216
	57041	-0.4216
	58508	-0.4211
	51431	-0.4201
	59088	-0.419
	55696	-0.4185
	57045	-0.4181
	51430	-0.4171
	57713	-0.416
	51358	-0.4148
	53806	-0.4134
	50646	-0.4088
	57445	-0.4084
	57947	-0.4083
	54142	-0.4071
	57060	-0.407
	53685	-0.4056
	57047	-0.4049
	57033	-0.4035
	56273	-0.4021
	56748	-0.402
	57173	-0.4012
	54214	-0.4011
	57102	-0.401
	54521	-0.4007
	59205	-0.4001
	50873	-0.4001
	57002	-0.4
	51467	-0.3992
	56991	-0.3983
	55493	-0.3982
	54047	-0.3965
	53466	-0.3963
	59055	-0.3952
	57046	-0.3932
	59027	-0.3925
	58022	-0.3922
	58036	-0.39
	54523	-0.3898
	58034	-0.3891
	57699	-0.3888
	56757	-0.3884
	54301	-0.3871
	54429	-0.3865
	54320	-0.3836
	56675	-0.3834
	56746	-0.3824
	54803	-0.3805
	59241	-0.3766
	57805	-0.3765
	56768	-0.375
	59051	-0.375
	58750	-0.3744
	55591	-0.3738
	57777	-0.3738
	57426	-0.3734
	57722	-0.3734
	56992	-0.3719
	56777	-0.3704
	56380	-0.3695
	52765	-0.3693
	58116	-0.3689
	58927	-0.3683
	58747	-0.3679
	53914	-0.3663
	55773	-0.3653
	57981	-0.3651
	58502	-0.3647
	57573	-0.3644
	54449	-0.3634
	54612	-0.3627
	53704	-0.362
	50949	-0.3605
	54026	-0.3601
	53486	-0.3597
	57990	-0.3597
	59268	-0.3583
	57752	-0.3576
	59249	-0.3569
	50527	-0.3569
	53959	-0.3568
	57176	-0.3567
	59230	-0.3495
	55589	-0.349
	57025	-0.3465
	57038	-0.3461
	56080	-0.3459
	56079	-0.3457
	57822	-0.3439
	50954	-0.3435
	56462	-0.3424
	57663	-0.3422
	51810	-0.3417
	51436	-0.3407
	57415	-0.3391
	56084	-0.3375
	57237	-0.3373
	56094	-0.3362
	54321	-0.336
	56582	-0.3332
	57437	-0.3304
	56193	-0.33
	58746	-0.33
	59256	-0.3284
	59047	-0.3283
	54709	-0.3275
	51633	-0.3266
	57595	-0.3264
	50526	-0.3264
	54507	-0.3261
	53502	-0.326
	56494	-0.325
	53782	-0.3245
	58510	-0.3236
	57179	-0.3183
	59242	-0.3174
	57469	-0.3148
	55585	-0.3145
	58837	-0.3144
	57566	-0.3142
	54113	-0.3137
	56674	-0.3131
	59843	-0.3129
	58933	-0.3102
	59270	-0.31
	54406	-0.3085
	50658	-0.3067
	53751	-0.306
	50880	-0.3059
	58666	-0.3047
	53723	-0.3039
	57493	-0.3032
	50775	-0.3005
	50632	-0.3
	58736	-0.2996
	56688	-0.2994
	53573	-0.2987
	51526	-0.2958
	58130	-0.2956
	51463	-0.2947
	57808	-0.2946
	56312	-0.2937
	57362	-0.2926
	52863	-0.2918
	53787	-0.2909
	56664	-0.2899
	53947	-0.2895
	52983	-0.2894
	51068	-0.2892
	59647	-0.2892
	53903	-0.289
	51931	-0.287
	57399	-0.2868
	57814	-0.2866
	57328	-0.2851
	53968	-0.2846
	57119	-0.2844
	50834	-0.2829
	56144	-0.2814
	52968	-0.2812
	54313	-0.2805
	52957	-0.2795
	59478	-0.2793
	53678	-0.2786
	59849	-0.2783
	50639	-0.2755
	53948	-0.2749
	53276	-0.2741
	57242	-0.2741
	58935	-0.2729
	53665	-0.2717
	56167	-0.2712
	57265	-0.2707
	51060	-0.2687
	56399	-0.2686
	57001	-0.2677
	59269	-0.2674
	51434	-0.2665
	53973	-0.2627
	59037	-0.2626
	53953	-0.2622
	57309	-0.2622
	58038	-0.2609
	59022	-0.2594
	59038	-0.2579
	53989	-0.2553
	57029	-0.2545
	54412	-0.2537
	59941	-0.2531
	57545	-0.2522
	54316	-0.252
	57377	-0.2513
	59492	-0.2504
	57844	-0.2501
	57571	-0.2494
	58327	-0.2483
	52657	-0.2459
	59045	-0.2459
	54519	-0.2442
	50861	-0.2428
	50950	-0.2405
	57460	-0.2403
	56386	-0.238
	57268	-0.2366
	59452	-0.2351
	59053	-0.2344
	50776	-0.2326
	57466	-0.2323
	56106	-0.2314
	53547	-0.2299
	54386	-0.2296
	58503	-0.2287
	57076	-0.2266
	56586	-0.2221
	59419	-0.2199
	55655	-0.2183
	54527	-0.2177
	57832	-0.2165
	53068	-0.2164
	56755	-0.216
	57031	-0.2151
	57387	-0.2148
	57185	-0.2147
	57780	-0.2139
	50750	-0.209
	52645	-0.2087
	57927	-0.2071
	57774	-0.2059
	56781	-0.2056
	58718	-0.2051
	53688	-0.2021
	53580	-0.2011
	56257	-0.2006
	57541	-0.2004
	58658	-0.1998
	54031	-0.1995
	50566	-0.1959
	57034	-0.1949
	59059	-0.1948
	56863	-0.1946
	54705	-0.1938
	53910	-0.1937
	58931	-0.1928
	54609	-0.1918
	57803	-0.1913
	54602	-0.1898
	58013	-0.1898
	50741	-0.1866
	57416	-0.1857
	59456	-0.1851
	53593	-0.1844
	56785	-0.1831
	57032	-0.1823
	54621	-0.182
	57513	-0.1811
	56082	-0.1799
	53871	-0.1794
	58917	-0.1771
	51243	-0.1764
	57189	-0.1761
	56673	-0.1751
	53874	-0.1735
	57589	-0.1733
	50838	-0.1719
	57835	-0.169
	56081	-0.1688
	57124	-0.1686
	56067	-0.168
	52797	-0.1669
	57274	-0.1665
	54707	-0.1664
	57582	-0.166
	57962	-0.1656
	57048	-0.1646
	54512	-0.1634
	57464	-0.1629
	57037	-0.1623
	59321	-0.1619
	52855	-0.1608
	56889	-0.1608
	57320	-0.1602
	57106	-0.1595
	50844	-0.1588
	57477	-0.1575
	52784	-0.1574
	51567	-0.1573
	57647	-0.1572
	50965	-0.1567
	53663	-0.1563
	59481	-0.1561
	58921	-0.1557
	53998	-0.1507
	57084	-0.1505
	58946	-0.1497
	57012	-0.148
	56881	-0.1456
	53928	-0.1435
	52866	-0.1433
	59246	-0.1432
	56885	-0.1415
	54218	-0.1407
	57936	-0.1392
	58131	-0.1372
	57081	-0.1368
	57188	-0.1365
	57049	-0.1363
	57438	-0.1361
	53666	-0.134
	57040	-0.1334
	59109	-0.1328
	52896	-0.1323
	57494	-0.1312
	57657	-0.1308
	57860	-0.1302
	56183	-0.1301
	56952	-0.129
	53777	-0.1287
	57718	-0.1284
	59097	-0.1276
	57187	-0.126
	50879	-0.1247
	59096	-0.1233
	58748	-0.1232
	57954	-0.1227
	54515	-0.1208
	57906	-0.1203
	57575	-0.12
	54408	-0.1184
	57798	-0.1128
	58714	-0.112
	57458	-0.1116
	52446	-0.1111
	57661	-0.111
	58912	-0.111
	57994	-0.1104
	57743	-0.1089
	52985	-0.1072
	56671	-0.106
	54290	-0.1049
	59271	-0.1049
	54610	-0.1038
	58006	-0.1036
	57806	-0.1024
	57586	-0.1013
	53945	-0.1006
	54305	-0.1001
	57345	-0.0997
	57194	-0.0993
	57180	-0.0976
	57590	-0.097
	51076	-0.0969
	56393	-0.0956
	59033	-0.0951
	57216	-0.095
	51334	-0.0949
	56961	-0.0942
	57512	-0.0937
	56786	-0.0929
	59655	-0.0929
	59854	-0.0928
	57857	-0.0921
	57771	-0.0911
	58027	-0.0902
	58713	-0.0896
	56227	-0.0865
	57156	-0.0861
	57043	-0.0857
	58401	-0.0856
	58501	-0.0856
	54604	-0.0852
	53367	-0.085
	59640	-0.0845
	58752	-0.0834
	54094	-0.082
	57143	-0.082
	58926	-0.0816
	57091	-0.0815
	57818	-0.0808
	56045	-0.0801
	50833	-0.0796
	56263	-0.0791
	57090	-0.0785
	54908	-0.0756
	57030	-0.075
	57769	-0.0745
	51628	-0.0741
	53972	-0.0741
	57461	-0.0731
	58500	-0.0725
	53873	-0.0723
	59092	-0.0715
	57251	-0.0667
	57257	-0.0652
	50673	-0.0641
	56389	-0.064
	50987	-0.0621
	56390	-0.0619
	52988	-0.0613
	57462	-0.0599
	57643	-0.0598
	57688	-0.0588
	54293	-0.0574
	54614	-0.0573
	56396	-0.0561
	57349	-0.055
	53594	-0.0549
	56994	-0.0521
	59310	-0.0521
	51232	-0.049
	51777	-0.0485
	57054	-0.0482
	58045	-0.0476
	53674	-0.0462
	57522	-0.0462
	53888	-0.0453
	59106	-0.0435
	57778	-0.0415
	57811	-0.0405
	53916	-0.0396
	57914	-0.0385
	57191	-0.038
	53513	-0.0379
	59117	-0.0358
	57355	-0.0353
	57491	-0.0343
	51346	-0.0338
	57505	-0.0337
	58918	-0.0334
	57080	-0.0333
	57910	-0.0324
	57735	-0.0291
	57678	-0.0289
	57760	-0.0276
	57184	-0.0234
	53696	-0.0232
	56298	-0.0227
	57745	-0.0225
	54704	-0.0224
	56958	-0.022
	54410	-0.0191
	58929	-0.019
	57253	-0.0189
	59303	-0.0178
	58107	-0.0165
	58519	-0.0162
	54374	-0.0135
	58701	-0.0124
	58760	-0.0115
	57655	-0.0104
	51814	-0.0101
	57486	-0.0101
	51730	-0.0087
	59021	-0.0087
	53469	-0.0069
	59131	-0.0068
	57482	-0.0036
	51433	-0.0032
	57405	-0.0030
	57153	-0.0028
	51815	-0.0021
	51828	-6.0E-4
	56836	2.0E-4
	59113	0.0010
	57281	0.0012
	51059	0.0015
	58125	0.0026
	53475	0.0029
	57004	0.0036
	51720	0.0048
	53676	0.0057
	57075	0.0068
	57231	0.0069
	58735	0.0085
	57583	0.0089
	54063	0.0091
	54135	0.0092
	50978	0.0097
	56487	0.0097
	59754	0.0111
	53982	0.0119
	52418	0.012
	56223	0.0123
	57964	0.0147
	57432	0.0151
	52885	0.0174
	56383	0.0179
	50674	0.0184
	53950	0.0185
	54633	0.0187
	58847	0.0197
	59473	0.0208
	58839	0.0214
	57297	0.0221
	58003	0.0225
	57728	0.0228
	58011	0.0238
	52681	0.0252
	58017	0.0267
	58938	0.0271
	52998	0.028
	57496	0.0309
	58605	0.0309
	56479	0.0334
	54421	0.0348
	57256	0.035
	57792	0.0371
	54777	0.0372
	56095	0.0374
	56580	0.0384
	57181	0.0384
	53694	0.0392
	53505	0.044
	57178	0.0443
	59099	0.0446
	56483	0.045
	57502	0.0451
	54284	0.0453
	57057	0.0457
	57642	0.0483
	57680	0.0489
	57035	0.0499
	50749	0.0505
	56571	0.0513
	57072	0.0517
	57083	0.052
	54311	0.0529
	57658	0.053
	58737	0.057
	57942	0.0578
	51711	0.0583
	57198	0.0601
	52853	0.0608
	57742	0.0609
	57996	0.0637
	57094	0.0638
	53763	0.0651
	53983	0.0669
	58941	0.0673
	57598	0.0697
	59264	0.0704
	56782	0.0709
	57976	0.0721
	57687	0.0734
	53149	0.0735
	59063	0.0745
	58745	0.0748
	57899	0.0768
	54304	0.0777
	58903	0.0777
	57649	0.0833
	57273	0.0839
	54308	0.0845
	54115	0.0866
	50884	0.0901
	57398	0.0904
	58911	0.0904
	54917	0.0921
	56684	0.0923
	53481	0.0947
	54292	0.0963
	51722	0.0966
	54626	0.0968
	57876	0.0968
	52447	0.0972
	50888	0.0979
	53771	0.0982
	57679	0.0983
	59276	0.0984
	53978	0.0995
	51839	0.1
	57296	0.1019
	50755	0.1033
	54424	0.1041
	56585	0.1043
	58048	0.1052
	57314	0.1062
	58845	0.1068
	50778	0.1076
	58828	0.1078
	57905	0.1097
	57485	0.11
	57671	0.11
	53935	0.1121
	58409	0.1121
	53682	0.1139
	53492	0.1142
	52995	0.1144
	59235	0.1144
	51357	0.115
	56950	0.116
	56046	0.1178
	57544	0.1184
	57186	0.1204
	51241	0.121
	51629	0.1226
	56783	0.1229
	57413	0.1238
	54098	0.1248
	50854	0.1263
	54608	0.1264
	57093	0.1272
	57734	0.1275
	58646	0.1275
	51804	0.1316
	59116	0.1331
	52533	0.1341
	54285	0.1352
	59071	0.1365
	51644	0.1366
	58049	0.1377
	56578	0.138
	57295	0.1381
	57307	0.1381
	56382	0.1382
	51568	0.1388
	53924	0.14
	58657	0.141
	59304	0.1431
	57044	0.1436
	58734	0.1463
	58506	0.1466
	57476	0.1474
	58629	0.1477
	57694	0.1485
	58408	0.1496
	57574	0.1519
	54596	0.1521
	54909	0.1529
	58015	0.1547
	58667	0.156
	58940	0.1565
	51811	0.1584
	56838	0.1586
	58002	0.1595
	57922	0.1615
	53195	0.1616
	53956	0.1634
	55248	0.1637
	50774	0.1643
	57278	0.165
	58329	0.167
	57089	0.1683
	57781	0.1688
	58635	0.1692
	58512	0.1695
	57249	0.1699
	53368	0.17
	57475	0.1705
	57581	0.1709
	56394	0.1711
	58936	0.1718
	58612	0.1725
	51829	0.1734
	58942	0.1742
	57127	0.1756
	56146	0.1772
	59094	0.1809
	57298	0.1861
	57913	0.1861
	56033	0.1864
	59102	0.1875
	57193	0.1888
	57911	0.1911
	57609	0.1914
	58025	0.1918
	51802	0.1921
	57673	0.1935
	57577	0.1938
	57129	0.194
	56473	0.1946
	59137	0.1948
	59654	0.195
	50851	0.1952
	56489	0.1955
	56171	0.1965
	57889	0.1974
	59052	0.1975
	51855	0.1979
	58928	0.198
	56043	0.1982
	54416	0.2022
	58008	0.206
	54505	0.2069
	58744	0.2085
	51495	0.2086
	57358	0.2121
	50852	0.2128
	56034	0.2171
	57766	0.2186
	57182	0.2196
	50758	0.2224
	57324	0.223
	50745	0.2236
	51156	0.224
	52656	0.2243
	57414	0.2245
	58514	0.2266
	54092	0.2319
	57363	0.2334
	57507	0.2336
	51438	0.2342
	57195	0.2366
	57489	0.239
	59090	0.2443
	54452	0.2448
	57071	0.2448
	58517	0.2449
	54399	0.2465
	59462	0.248
	58751	0.2493
	57498	0.2502
	53938	0.251
	57886	0.2519
	51704	0.252
	58608	0.2524
	57140	0.2535
	55681	0.2585
	54093	0.2614
	58441	0.265
	57896	0.2659
	54528	0.2663
	58317	0.267
	56180	0.2691
	57169	0.2692
	52674	0.2694
	53681	0.2702
	57991	0.2708
	50937	0.2709
	57840	0.2715
	59315	0.2726
	57039	0.2748
	57829	0.2759
	57339	0.2765
	59488	0.2765
	52652	0.2773
	57773	0.2788
	57245	0.2802
	58600	0.2806
	56071	0.2813
	57233	0.2842
	51656	0.2847
	54431	0.2864
	50788	0.2868
	57061	0.2877
	51707	0.2878
	58016	0.2879
	57304	0.2883
	57183	0.2885
	51705	0.2888
	57772	0.2888
	57213	0.2907
	59081	0.2915
	57417	0.2937
	57949	0.2962
	53343	0.2964
	57389	0.297
	57079	0.2979
	50787	0.2989
	59075	0.3001
	52267	0.3003
	54291	0.3005
	57063	0.3078
	50136	0.3078
	56267	0.3082
	59126	0.3086
	57786	0.3097
	50772	0.3097
	57816	0.3106
	52101	0.3125
	57105	0.3133
	58804	0.316
	57308	0.3167
	57948	0.3173
	52908	0.3174
	55690	0.318
	51087	0.3181
	58319	0.3194
	57192	0.3205
	57162	0.3208
	53987	0.3211
	57739	0.3226
	57793	0.3235
	56278	0.325
	57385	0.3252
	54774	0.3256
	57028	0.3258
	56387	0.326
	58710	0.3262
	59279	0.3271
	57995	0.3285
	57738	0.3291
	57144	0.3303
	57809	0.3308
	57955	0.334
	51470	0.3348
	54607	0.3348
	59298	0.3352
	51379	0.3369
	54205	0.3375
	51559	0.3385
	57292	0.3388
	51716	0.3394
	50955	0.3397
	57247	0.3407
	57481	0.3407
	57956	0.3408
	58417	0.3418
	57973	0.3428
	58905	0.3429
	57261	0.3431
	58730	0.3431
	58415	0.3453
	59072	0.3458
	57604	0.347
	57315	0.3471
	53231	0.3474
	57974	0.3475
	58111	0.3477
	59320	0.3482
	57740	0.3506
	58118	0.3537
	54502	0.355
	56279	0.3551
	57431	0.3579
	57343	0.3592
	57912	0.3595
	51709	0.3604
	51573	0.3612
	53567	0.3615
	54514	0.3627
	56778	0.3637
	57971	0.3706
	58428	0.372
	57520	0.3732
	58404	0.3732
	53760	0.3794
	52707	0.3808
	57813	0.3839
	58109	0.3867
	56093	0.3874
	57682	0.3899
	58652	0.3917
	53917	0.3928
	59087	0.3932
	58934	0.3942
	53927	0.3945
	56371	0.395
	52576	0.3967
	53664	0.3982
	59501	0.4002
	57506	0.401
	58660	0.4011
	58712	0.4015
	52856	0.404
	51708	0.4083
	57299	0.4085
	54611	0.4092
	59082	0.4093
	57051	0.4103
	58402	0.4104
	52557	0.4105
	59954	0.4112
	58619	0.4119
	52993	0.4125
	58647	0.4136
	59127	0.4137
	54404	0.4139
	57894	0.4158
	57196	0.4216
	57492	0.4218
	58316	0.4265
	57674	0.4274
	51581	0.4344
	52546	0.4344
	58626	0.4351
	54518	0.436
	53478	0.4395
	58416	0.4426
	58844	0.4447
	55437	0.4467
	57271	0.4469
	57717	0.4498
	53979	0.4499
	53692	0.4536
	58108	0.4536
	53906	0.4543
	58012	0.4543
	51572	0.4546
	57511	0.4548
	59025	0.4586
	51717	0.4587
	58335	0.4602
	57003	0.4608
	53882	0.4616
	57744	0.462
	51571	0.4622
	53958	0.4634
	59114	0.4641
	57086	0.4647
	57737	0.4659
	57923	0.467
	58615	0.4713
	56474	0.4716
	52633	0.4725
	58311	0.4727
	54398	0.4765
	57992	0.4767
	58932	0.4793
	59293	0.4806
	57719	0.4817
	56173	0.4845
	57070	0.4856
	50742	0.4876
	57960	0.4883
	51378	0.4884
	58624	0.4912
	58241	0.4922
	58616	0.4939
	52661	0.4949
	57098	0.4959
	58407	0.4967
	54208	0.4976
	57293	0.5001
	58007	0.5015
	52323	0.5028
	52424	0.5067
	58704	0.5067
	57584	0.5087
	59476	0.509
	51477	0.5102
	51826	0.5107
	52787	0.5111
	58715	0.5114
	58907	0.5124
	53577	0.5125
	56376	0.5132
	52836	0.5137
	58725	0.5156
	58527	0.5158
	57915	0.5163
	57603	0.5178
	57395	0.5186
	57396	0.5216
	57821	0.5227
	57789	0.5257
	57932	0.5295
	59314	0.531
	52679	0.5324
	58531	0.5327
	52754	0.5331
	57095	0.5336
	57096	0.5355
	58334	0.5355
	57824	0.5356
	57313	0.5365
	58456	0.5374
	52436	0.5376
	58614	0.5413
	52575	0.5431
	57891	0.5457
	58625	0.5473
	57126	0.5476
	58507	0.5489
	58101	0.5494
	58719	0.5499
	56295	0.5536
	58301	0.5559
	57306	0.5566
	59297	0.5578
	51827	0.5584
	58140	0.5584
	59457	0.5605
	59289	0.5645
	54907	0.5648
	58523	0.5685
	57874	0.5721
	54041	0.5736
	51482	0.575
	58143	0.5766
	57796	0.5774
	58823	0.5775
	56790	0.5786
	59294	0.5789
	58601	0.58
	57514	0.5801
	53472	0.5804
	56092	0.5816
	54099	0.5835
	51639	0.5879
	57758	0.5912
	57056	0.5915
	59316	0.5924
	57993	0.5926
	59313	0.5938
	59288	0.5975
	53885	0.5986
	58132	0.6016
	57197	0.6018
	57388	0.6023
	54195	0.6024
	57799	0.6043
	56091	0.6066
	57957	0.6077
	58707	0.6079
	58240	0.609
	56480	0.6096
	57754	0.6112
	57087	0.6141
	57285	0.6146
	56880	0.6151
	53944	0.6158
	54192	0.6191
	58001	0.6203
	57451	0.6204
	58114	0.6205
	58731	0.6206
	58520	0.6212
	58337	0.6227
	59130	0.6239
	50985	0.6276
	58451	0.6312
	58724	0.6312
	59855	0.6336
	59318	0.6358
	59290	0.6381
	57585	0.641
	58529	0.6422
	58117	0.6424
	58100	0.6454
	58104	0.6459
	59417	0.6489
	52955	0.6492
	50878	0.6497
	58442	0.6517
	58826	0.6525
	52643	0.6527
	57359	0.6532
	56485	0.6597
	54513	0.6618
	59093	0.6649
	58530	0.6652
	58534	0.6654
	58102	0.6662
	52313	0.6666
	53596	0.6681
	58418	0.6723
	54433	0.6744
	57767	0.677
	52737	0.6788
	58620	0.6805
	59758	0.6841
	57099	0.685
	58424	0.6851
	56378	0.6871
	59951	0.6874
	50779	0.6885
	57763	0.6903
	57238	0.6931
	57368	0.6932
	58665	0.694
	58623	0.6947
	57078	0.7045
	57969	0.705
	58543	0.7071
	58004	0.7112
	58568	0.7113
	58452	0.7119
	58705	0.7143
	56287	0.7164
	57895	0.719
	57333	0.7248
	57519	0.7262
	59061	0.7273
	53786	0.7338
	51636	0.7354
	57883	0.7423
	58834	0.7441
	57516	0.7454
	56478	0.7464
	57052	0.7475
	58742	0.7502
	58203	0.7565
	57508	0.7619
	57825	0.7641
	58822	0.768
	57499	0.7704
	58429	0.7706
	58627	0.7706
	57370	0.7743
	56184	0.7747
	56384	0.7787
	57232	0.7844
	58314	0.7857
	58147	0.7866
	58141	0.7896
	54096	0.7919
	56373	0.7932
	58005	0.7943
	59856	0.7952
	57206	0.7957
	57329	0.798
	57248	0.8041
	53929	0.8049
	56872	0.8077
	58358	0.8116
	52842	0.8145
	59017	0.8195
	57066	0.8201
	58609	0.8205
	58426	0.822
	57390	0.826
	57290	0.833
	58150	0.8332
	58438	0.8333
	58548	0.8361
	51655	0.839
	57303	0.8392
	58644	0.8421
	50892	0.8451
	52713	0.8495
	59317	0.8516
	51053	0.854
	54102	0.8555
	57666	0.8559
	58414	0.856
	59848	0.8599
	56182	0.8629
	58431	0.863
	58693	0.8701
	58637	0.8768
	57517	0.8855
	58569	0.8876
	57966	0.8891
	58606	0.8891
	57779	0.8895
	58323	0.8915
	53908	0.8949
	54778	0.8993
	59064	0.8996
	57875	0.9034
	51288	0.9043
	58207	0.9102
	54871	0.9118
	54117	0.919
	52862	0.9203
	59485	0.9209
	51186	0.9223
	59322	0.9233
	58824	0.9238
	59015	0.9259
	57420	0.9279
	58706	0.9287
	58559	0.9306
	59278	0.933
	57776	0.9338
	57023	0.9372
	58336	0.9417
	52112	0.9418
	58464	0.942
	58146	0.9461
	58622	0.9508
	52996	0.9517
	57294	0.9556
	57134	0.9567
	58602	0.9607
	58138	0.9628
	58419	0.9636
	57211	0.9685
	57965	0.9703
	59125	0.9709
	52515	0.9719
	52203	0.9796
	52833	0.9811
	58339	0.9869
	54326	0.9872
	53588	0.989
	54776	0.9914
	52495	0.9923
	59312	0.9926
	57509	0.9958
	57834	0.9981
	58421	1.0001
	58145	1.0019
	57518	1.0098
	57827	1.0124
	54708	1.0193
	58135	1.0252
	57137	1.0368
	58607	1.0431
	58642	1.0471
	58813	1.0545
	59284	1.055
	59306	1.0595
	58454	1.0607
	58632	1.0665
	59324	1.0702
	56178	1.0706
	57882	1.0706
	59664	1.0731
	57608	1.0755
	58436	1.077
	58664	1.0791
	52818	1.0844
	58450	1.0953
	50727	1.0958
	58462	1.0984
	55228	1.1006
	59454	1.1031
	58821	1.1069
	50862	1.1086
	57074	1.111
	58618	1.1262
	59124	1.1319
	58202	1.1332
	58129	1.1336
	57975	1.1366
	58126	1.141
	57523	1.1522
	57958	1.1558
	58338	1.1563
	57128	1.1566
	57881	1.1584
	58306	1.1592
	58458	1.1617
	59122	1.1728
	58223	1.1779
	58634	1.1787
	57729	1.1871
	58537	1.1895
	58461	1.1931
	58820	1.1961
	58549	1.1979
	56168	1.1982
	57828	1.2033
	59319	1.2052
	57217	1.2136
	58455	1.228
	58631	1.2323
	57381	1.2341
	58208	1.2379
	58818	1.2514
	57402	1.2527
	58234	1.2634
	58331	1.2692
	57978	1.2699
	58139	1.2822
	58433	1.2872
	58547	1.2925
	51765	1.2929
	58215	1.2954
	57053	1.2988
	52825	1.3154
	58320	1.3202
	58446	1.3237
	58544	1.347
	59285	1.3494
	58558	1.3533
	58326	1.3543
	58369	1.3555
	58361	1.3591
	54499	1.3699
	59502	1.3732
	58435	1.3737
	57762	1.3802
	59500	1.3836
	58472	1.3958
	58243	1.4002
	56374	1.4042
	58128	1.4071
	58443	1.4077
	58427	1.4078
	58246	1.4194
	58643	1.4197
	58423	1.4249
	56949	1.4654
	58154	1.4658
	57401	1.4683
	58463	1.4724
	58148	1.4741
	57612	1.4768
	58557	1.4944
	59673	1.4973
	58814	1.5004
	51627	1.5251
	58245	1.534
	57510	1.5448
	58340	1.5499
	59471	1.5523
	51435	1.5628
	58432	1.5695
	58359	1.5731
	58633	1.5737
	58367	1.5759
	58484	1.5781
	58221	1.5995
	58264	1.6004
	54419	1.604
	56475	1.6045
	58321	1.6052
	58542	1.617
	58235	1.6226
	58654	1.6391
	58259	1.6546
	58467	1.6616
	58555	1.6796
	58220	1.68
	58420	1.6872
	57065	1.6967
	58556	1.7115
	58236	1.7214
	58242	1.7293
	57208	1.739
	58222	1.7715
	57837	1.78
	58127	1.8123
	58268	1.813
	58255	1.8372
	58819	1.8437
	58265	1.8478
	58546	1.8678
	58550	1.8977
	58453	1.9021
	58330	1.9511
	58345	1.9638
	58212	1.9668
	58563	1.9686
	58205	1.9919
	58459	2.0021
	58365	2.0229
	58158	2.0456
	58377	2.0612
	58448	2.0703
	56385	2.0929
	58567	2.0945
	58806	2.1081
	58254	2.1087
	58244	2.1231
	59948	2.1241
	58230	2.1358
	58346	2.1425
	58250	2.1467
	58251	2.1924
	58562	2.2266
	58362	2.2571
	58457	2.2634
	58460	2.2939
	56185	2.3072
	58570	2.3407
	58354	2.3834
	58214	2.3862
	58210	2.3867
	58237	2.4063
	56172	2.4081
	58356	2.4165
	58247	2.4199
	58565	2.4334
	59287	2.4952
	58437	2.4953
	58360	2.5144
	58269	2.5218
	58449	2.5414
	58257	2.5818
	59838	2.5893
	58468	2.6212
	58249	2.6839
	58352	2.7466
	58224	2.764
	58342	2.7867
	58477	2.8854
	58366	2.9975
	58344	3.0517
	58225	3.1832
	58238	3.3282
	58341	3.3801
	58353	3.5135
	58343	3.6584
	58351	3.8526
