	57976	-3.25428
	59107	-3.1458
	57995	-2.91084
	59320	-2.85648
	59313	-2.75436
	57776	-2.70984
	59501	-2.66448
	59124	-2.5951199999999996
	59094	-2.574
	54455	-2.5394596999999997
	57889	-2.5059599999999995
	59312	-2.4994799999999997
	59317	-2.48436
	59106	-2.47368
	59297	-2.47008
	58725	-2.4628799999999997
	57973	-2.45856
	57793	-2.4551999999999996
	59316	-2.4451199999999997
	58804	-2.44404
	50779	-2.4125601
	58806	-2.3955599999999997
	58719	-2.38836
	57698	-2.37528
	59502	-2.3714399999999998
	59319	-2.3641199999999998
	57781	-2.34996
	59034	-2.3469599999999997
	58710	-2.34408
	58907	-2.33832
	58608	-2.31372
	57772	-2.30496
	59310	-2.29536
	58927	-2.27928
	57777	-2.2702799999999996
	59033	-2.2456799999999997
	59046	-2.2408799999999998
	58706	-2.23548
	57988	-2.23488
	59626	-2.22288
	59321	-2.2163999999999997
	59122	-2.19696
	58836	-2.18616
	58701	-2.1714
	57773	-2.17116
	59041	-2.16324
	59647	-2.15244
	59093	-2.15148
	54540	-2.1474
	57780	-2.1470399999999996
	58944	-2.11752
	58843	-2.10852
	54470	-2.0998271
	57799	-2.09292
	58614	-2.0808
	50564	-2.0765697
	57989	-2.06496
	57981	-2.05296
	59096	-2.0526
	59290	-2.04852
	59137	-2.03472
	58834	-2.02596
	54218	-2.0226035
	59851	-2.022
	54449	-2.01048
	59081	-2.00568
	59856	-2.00136
	54072	-1.9811691999999999
	59072	-1.9791599999999998
	59318	-1.9777199999999997
	59298	-1.97112
	50442	-1.9693147
	59487	-1.96368
	58734	-1.9542
	59838	-1.95
	58813	-1.93284
	57796	-1.9238399999999998
	59097	-1.92108
	57786	-1.92072
	57964	-1.92072
	54471	-1.9078971
	51542	-1.9039456
	59065	-1.8999599999999999
	54454	-1.8940104
	50434	-1.8887041
	57971	-1.8880799999999998
	58760	-1.8744
	59109	-1.87404
	58828	-1.8733199999999999
	59315	-1.8728399999999998
	58821	-1.86972
	57789	-1.86972
	54338	-1.8521245000000002
	58918	-1.85016
	59656	-1.84848
	58744	-1.84308
	50858	-1.8426409000000001
	57974	-1.83408
	59306	-1.8231600000000001
	54423	-1.81608
	59324	-1.81188
	59304	-1.81152
	59454	-1.79532
	58917	-1.7904
	59044	-1.77708
	54311	-1.7741999999999998
	59052	-1.77396
	59264	-1.7682
	59322	-1.76736
	59303	-1.75524
	57978	-1.7484
	57040	-1.7404799999999998
	57055	-1.73868
	54313	-1.7382084
	54213	-1.7348214
	54321	-1.7169831999999998
	59126	-1.7164799999999998
	59127	-1.7103599999999999
	58718	-1.7058
	54214	-1.7017417000000001
	59130	-1.6985999999999999
	50953	-1.6968869999999998
	58618	-1.68612
	57688	-1.68408
	59031	-1.6824
	57792	-1.68204
	57762	-1.6802399999999997
	58619	-1.67412
	57996	-1.67364
	57972	-1.6657199999999999
	59113	-1.6603199999999998
	59038	-1.65924
	59134	-1.659
	58942	-1.65648
	54420	-1.64448
	59063	-1.6437599999999999
	59493	-1.6435199999999999
	54430	-1.6432799999999999
	54483	-1.6323082
	59074	-1.6196399999999997
	57696	-1.61652
	59655	-1.61052
	57771	-1.6104
	58705	-1.60248
	58626	-1.6008
	59500	-1.60056
	59488	-1.5984
	54076	-1.5976479000000001
	58625	-1.58952
	54437	-1.57644
	54539	-1.57476
	54325	-1.5736002
	57740	-1.572
	54117	-1.5688583999999999
	57699	-1.56492
	54541	-1.56036
	59285	-1.55832
	59478	-1.55832
	57895	-1.55784
	59114	-1.55364
	54453	-1.5529395
	59294	-1.55052
	54069	-1.547859
	50468	-1.5418752999999998
	59116	-1.53684
	52323	-1.5303600000000002
	57048	-1.5265199999999999
	58714	-1.51884
	58569	-1.5108
	59485	-1.49688
	54438	-1.49652
	58906	-1.4878799999999999
	57958	-1.4862
	54063	-1.4824899
	59099	-1.4808
	59075	-1.4797200000000001
	59064	-1.4792399999999999
	54318	-1.47888
	54452	-1.4762804
	58818	-1.47372
	50879	-1.4711999
	58938	-1.47108
	54436	-1.46868
	57761	-1.45932
	50445	-1.4583293000000002
	54337	-1.4574261
	59269	-1.45548
	58820	-1.4549999999999998
	59659	-1.4450399999999999
	57798	-1.4394
	54472	-1.4324751999999998
	54434	-1.43004
	58946	-1.4254799999999999
	59092	-1.4238000000000002
	50956	-1.4211851999999998
	54080	-1.4051533999999999
	58637	-1.39728
	53948	-1.3938
	59492	-1.39356
	58749	-1.39032
	57054	-1.3875600000000001
	58624	-1.3850399999999998
	59091	-1.38432
	57954	-1.3826399999999999
	57966	-1.3818
	51804	-1.3785090000000002
	59071	-1.377
	56228	-1.3725253
	59644	-1.3679999999999999
	54326	-1.3678964
	50955	-1.3676706
	57881	-1.3672799999999998
	59469	-1.3668
	50979	-1.3666544999999999
	59293	-1.3605599999999998
	58704	-1.35672
	50962	-1.3542355
	58941	-1.3531199999999999
	54328	-1.3430584
	58665	-1.33776
	56227	-1.3363973
	58848	-1.3296000000000001
	57132	-1.3264799999999999
	57991	-1.3224
	59631	-1.32
	54939	-1.3164
	50973	-1.3150592
	58011	-1.3078800000000002
	58030	-1.30344
	50548	-1.2951888
	50950	-1.2936082
	54308	-1.2857999999999998
	54533	-1.28448
	57769	-1.27884
	50963	-1.2759958
	54225	-1.2724959
	53195	-1.2685444
	58020	-1.26792
	59470	-1.26468
	57722	-1.2624478000000001
	58712	-1.26216
	57774	-1.26048
	57144	-1.25304
	54911	-1.25088
	50946	-1.2494643
	54320	-1.245287
	54412	-1.23636
	59090	-1.2332400000000001
	58623	-1.23312
	57872	-1.2298799999999999
	59284	-1.2279600000000002
	56021	-1.2259811
	54027	-1.2228199
	58647	-1.2222
	57990	-1.2114
	59664	-1.20996
	54316	-1.2099493000000001
	58606	-1.20636
	59131	-1.2003599999999999
	57043	-1.19916
	54404	-1.19496
	58356	-1.1948207
	57066	-1.1943599999999999
	50349	-1.187708
	52656	-1.18752
	59462	-1.18716
	58612	-1.18512
	57720	-1.1790147
	59280	-1.17552
	54064	-1.1712246000000002
	54334	-1.1702085
	54439	-1.16988
	54047	-1.1698698
	51495	-1.1694182
	54134	-1.1662569999999999
	59125	-1.1634
	54336	-1.1575637
	54115	-1.157225
	59027	-1.15404
	59117	-1.1507999999999998
	54319	-1.14564
	58822	-1.14504
	57661	-1.14336
	59241	-1.14252
	58707	-1.1363999999999999
	53957	-1.131
	58666	-1.12956
	59266	-1.12956
	50851	-1.1269678
	57778	-1.12164
	54429	-1.11852
	57969	-1.1175599999999999
	54333	-1.1166939
	54910	-1.11468
	57053	-1.11432
	57034	-1.1112
	57687	-1.10592
	58928	-1.1042399999999999
	54157	-1.103033
	54531	-1.10232
	52787	-1.1021999999999998
	59673	-1.10208
	57760	-1.09992
	58814	-1.09572
	57041	-1.0944
	58905	-1.0891199999999999
	50859	-1.0874527999999999
	50964	-1.0870012
	58748	-1.08588
	58736	-1.07976
	54425	-1.0788
	57994	-1.07604
	59419	-1.07592
	57051	-1.0735199999999998
	57992	-1.0735199999999998
	54154	-1.0720984
	54172	-1.0674695
	54914	-1.0648799999999998
	59635	-1.06464
	52643	-1.06392
	54113	-1.0632922
	57143	-1.0608
	54324	-1.0582117
	50425	-1.0580988
	57127	-1.0577999999999999
	54907	-1.05768
	56016	-1.0560666
	57075	-1.04796
	50852	-1.0470346
	58826	-1.04268
	56948	-1.0405993
	54339	-1.0392445
	54475	-1.0377768
	57682	-1.0369199999999998
	56434	-1.0356317
	57213	-1.0342799999999999
	59476	-1.0332
	58713	-1.0282799999999999
	58433	-1.0272771
	50954	-1.0263739
	51328	-1.0223095
	57038	-1.02012
	54613	-1.0158
	57899	-1.01508
	59429	-1.00992
	57057	-1.00716
	59133	-1.00596
	57328	-1.0011972
	59037	-0.99648
	57882	-0.99636
	50745	-0.995778
	59102	-0.9947999999999999
	54092	-0.9894556
	59047	-0.98796
	50853	-0.9877621
	54619	-0.98544
	54623	-0.98448
	56950	-0.9841493
	54486	-0.9814396999999999
	50431	-0.9808752000000001
	54342	-0.9794075000000001
	50647	-0.9791816999999999
	57779	-0.97692
	57887	-0.97608
	59658	-0.9759599999999999
	53954	-0.97332
	54532	-0.9729599999999999
	58013	-0.9721818999999999
	59082	-0.9718799999999999
	50968	-0.9651821
	56286	-0.961908
	57326	-0.9551339999999999
	57891	-0.9549599999999999
	54156	-0.9546824
	59088	-0.95424
	59945	-0.9533999999999999
	57029	-0.9487199999999999
	59475	-0.94644
	59451	-0.94572
	52784	-0.9432
	54226	-0.9414731
	54327	-0.9411344
	54353	-0.9406828
	59481	-0.9388799999999999
	54249	-0.9377474
	54122	-0.9339088000000001
	57032	-0.9320399999999999
	54231	-0.9282638000000001
	53962	-0.9267599999999999
	50985	-0.9258929
	54474	-0.9254413
	54335	-0.9247639000000001
	58752	-0.92424
	57134	-0.92052
	50861	-0.919006
	59421	-0.9187199999999999
	57896	-0.9132
	53949	-0.90828
	54161	-0.9076031
	54527	-0.9061199999999999
	53961	-0.90588
	59025	-0.9053999999999999
	59289	-0.9012
	56989	-0.8991356
	57027	-0.8987999999999999
	55228	-0.8985711000000001
	54132	-0.8983453
	53499	-0.89712
	50741	-0.8886359
	54476	-0.8877327
	57044	-0.88716
	57947	-0.88572
	53963	-0.885
	54917	-0.8838
	57743	-0.88164
	50854	-0.8793781
	59276	-0.8772
	53864	-0.87384
	57713	-0.8729428
	54065	-0.8710235
	53829	-0.86988
	59254	-0.86604
	57669	-0.86472
	57671	-0.86316
	53861	-0.8620800000000001
	59265	-0.8601599999999999
	50867	-0.8556691000000001
	50965	-0.8519434
	50557	-0.8495725
	50673	-0.8494596
	57388	-0.8453952
	56096	-0.84504
	59441	-0.84336
	50632	-0.8418953
	53832	-0.84
	57491	-0.8390728
	57655	-0.83868
	58824	-0.8336399999999999
	54248	-0.8330891
	57033	-0.831
	58003	-0.82848
	54904	-0.8281200000000001
	58012	-0.82417
	54511	-0.82392
	50862	-0.8227023
	53502	-0.8224765
	54208	-0.8220249
	50775	-0.8213475
	54622	-0.8169599999999999
	54181	-0.8158154000000001
	52876	-0.8154767
	57028	-0.81384
	53352	-0.8135574
	58823	-0.81264
	58921	-0.8110799999999999
	53955	-0.8083199999999999
	54432	-0.8026800000000001
	58609	-0.79944
	57039	-0.79872
	53964	-0.79704
	54096	-0.7959449999999999
	59948	-0.79452
	58607	-0.79428
	54346	-0.7913161
	53772	-0.79056
	52885	-0.7903199999999999
	58342	-0.7881549000000001
	59288	-0.7872
	54909	-0.78528
	56966	-0.7791229000000001
	54921	-0.77796
	58354	-0.7738166
	58429	-0.7725747000000001
	54304	-0.7709999999999999
	52874	-0.7705425
	59954	-0.7692
	57359	-0.7691877
	54142	-0.7681716
	54645	-0.76452
	59417	-0.76404
	57894	-0.7615200000000001
	53966	-0.75864
	50136	-0.7555268
	58751	-0.75396
	50246	-0.7503333999999999
	50880	-0.7488657
	54421	-0.7482000000000001
	50960	-0.7481882999999999
	57956	-0.74676
	58022	-0.7452
	54596	-0.74124
	57052	-0.7402799999999999
	54906	-0.73944
	54534	-0.73776
	59229	-0.7371599999999999
	57124	-0.7371599999999999
	57389	-0.7362209000000001
	58002	-0.7362000000000001
	54186	-0.7346402999999999
	57866	-0.73452
	50727	-0.7335113000000001
	56004	-0.7321565
	58021	-0.73128
	57865	-0.72912
	54929	-0.72708
	56875	-0.7260599
	55294	-0.7245922
	58846	-0.7242000000000001
	53941	-0.7242000000000001
	58032	-0.72276
	54494	-0.7221084
	58616	-0.72084
	56190	-0.7197374999999999
	54433	-0.71724
	57061	-0.7168800000000001
	57119	-0.71472
	58656	-0.71448
	53950	-0.71268
	57678	-0.71124
	53324	-0.7103668
	50514	-0.7102539
	56898	-0.7069797999999999
	59287	-0.7068
	58664	-0.70248
	57026	-0.7008
	59227	-0.70044
	58024	-0.6978
	58737	-0.6973199999999999
	58847	-0.6973199999999999
	56985	-0.696593
	54938	-0.69384
	54049	-0.6925285999999999
	57768	-0.6918
	52418	-0.6906
	54528	-0.6858
	53959	-0.68484
	54517	-0.68328
	54102	-0.6831579
	57875	-0.6822
	58715	-0.67968
	58040	-0.6794322
	57589	-0.6786419
	54522	-0.6774
	53083	-0.6768355
	54615	-0.67608
	52436	-0.67524
	50958	-0.6746904
	59256	-0.6744
	58567	-0.6726
	57741	-0.6716421
	50767	-0.6715292
	50878	-0.6669003
	57128	-0.66408
	59477	-0.6631199999999999
	58568	-0.6629999999999999
	53877	-0.6585599999999999
	56996	-0.6558360999999999
	54636	-0.65544
	58025	-0.65544
	59061	-0.6524399999999999
	53602	-0.6480459999999999
	52853	-0.6473686000000001
	58837	-0.64596
	59754	-0.6437999999999999
	58635	-0.64284
	57871	-0.64272
	53873	-0.64212
	53958	-0.6416399999999999
	51886	-0.6368689000000001
	50758	-0.6363044
	54332	-0.6347238000000001
	50884	-0.6313368
	54518	-0.6303599999999999
	59480	-0.63024
	58600	-0.6243599999999999
	57047	-0.6204
	57140	-0.61932
	50739	-0.6166598
	58747	-0.6113999999999999
	50888	-0.6110148
	57035	-0.60948
	57949	-0.60924
	59427	-0.606
	53967	-0.6056400000000001
	57927	-0.60276
	53944	-0.60024
	58631	-0.6
	57766	-0.6
	59452	-0.5978399999999999
	58735	-0.59724
	54431	-0.5965199999999999
	54349	-0.5955475
	59757	-0.5935199999999999
	59278	-0.59316
	51241	-0.5928379
	58359	-0.5909186
	59021	-0.58776
	52972	-0.5868542
	53874	-0.58644
	56444	-0.5827898
	58605	-0.58224
	53923	-0.5815199999999999
	54243	-0.581435
	59045	-0.58044
	59456	-0.57936
	54169	-0.5777093000000001
	53788	-0.57648
	57874	-0.57612
	57183	-0.5723999999999999
	58017	-0.57204
	53696	-0.57192
	56969	-0.5713869
	58436	-0.5712740000000001
	50566	-0.5702579
	54398	-0.5688
	50750	-0.5665322
	53518	-0.5665322
	54171	-0.5661934999999999
	54347	-0.5660805999999999
	54535	-0.5654399999999999
	54610	-0.5650799999999999
	50987	-0.5632581
	56976	-0.5614517
	58027	-0.5607743
	58940	-0.56028
	54612	-0.56028
	53149	-0.5594195
	54401	-0.55692
	58509	-0.5565599999999999
	56144	-0.5546777
	53868	-0.55332
	57657	-0.5532
	59279	-0.55116
	50787	-0.5489198000000001
	54927	-0.54552
	57042	-0.5444399999999999
	53517	-0.5441779999999999
	57025	-0.54408
	57021	-0.5427599999999999
	59022	-0.54192
	57955	-0.54084
	51058	-0.5377427
	53937	-0.53688
	54098	-0.531759
	57089	-0.52896
	53947	-0.5262
	59855	-0.525
	57022	-0.5244
	56756	-0.5237431
	57870	-0.522
	57016	-0.51468
	54244	-0.5144853
	53841	-0.5094
	53875	-0.50856
	54323	-0.5077113
	51855	-0.5073726000000001
	58517	-0.50604
	57965	-0.50256
	57129	-0.50196
	57962	-0.50052
	55664	-0.49935670000000004
	59653	-0.49835999999999997
	53924	-0.49476
	57329	-0.4947278
	54605	-0.49379999999999996
	54362	-0.4919053
	59246	-0.49056
	56147	-0.4893086
	58361	-0.4879
	56954	-0.4863732
	54594	-0.48575999999999997
	51636	-0.4835507
	58754	-0.48216
	54624	-0.48131999999999997
	53908	-0.48035999999999995
	54912	-0.48024
	51722	-0.4797121
	53419	-0.4788089
	50524	-0.4784702
	57126	-0.47844
	57003	-0.4762799999999999
	57663	-0.47484
	58844	-0.47315999999999997
	54590	-0.47090590000000004
	54915	-0.46931999999999996
	54428	-0.46824
	54165	-0.46695440000000005
	58016	-0.466277
	53392	-0.46595999999999993
	50776	-0.4646964
	57067	-0.46428
	53956	-0.46415999999999996
	58442	-0.46413190000000004
	54523	-0.46331999999999995
	50527	-0.4626642
	54507	-0.4626
	57095	-0.46175999999999995
	53879	-0.46128
	54519	-0.46115999999999996
	53676	-0.45924
	50774	-0.45848690000000003
	50525	-0.45803530000000003
	53852	-0.45636
	57093	-0.45468
	51839	-0.4541967
	58633	-0.45288
	56881	-0.4473098
	57649	-0.447
	57030	-0.44532
	50603	-0.4450518
	59235	-0.44256
	56994	-0.4415519
	59087	-0.43956
	52963	-0.4376004
	57492	-0.435794
	51330	-0.4352295
	56984	-0.43489079999999997
	59663	-0.43476
	50749	-0.43443919999999997
	55773	-0.43172960000000005
	53856	-0.43151999999999996
	50978	-0.4315038
	58627	-0.429
	53854	-0.42768
	54497	-0.4273265
	58745	-0.42732000000000003
	51467	-0.4264233
	58006	-0.42575999999999997
	57598	-0.42492
	57752	-0.42192
	56128	-0.42145570000000004
	57673	-0.41964
	54012	-0.41784289999999996
	54261	-0.4170526
	57060	-0.41688
	56641	-0.4097141
	58041	-0.4092625
	54502	-0.40704
	58693	-0.40668
	58431	-0.405311
	53925	-0.40452
	57031	-0.4038
	57193	-0.40307999999999994
	51777	-0.401924
	57932	-0.4016982
	59758	-0.40068
	57037	-0.39996
	52855	-0.39684349999999996
	58015	-0.3953758
	57606	-0.39526290000000003
	54094	-0.39481130000000003
	57113	-0.39348
	50788	-0.391763
	57023	-0.3894
	57024	-0.38892
	53336	-0.38555350000000005
	58443	-0.38495999999999997
	57195	-0.38495999999999997
	52866	-0.38261809999999996
	56772	-0.3808117
	53881	-0.3790053
	54301	-0.37692
	53872	-0.37668
	57975	-0.37404
	57662	-0.3726
	56029	-0.37132810000000005
	53513	-0.37121519999999997
	58601	-0.37091999999999997
	57851	-0.36923999999999996
	59941	-0.36732
	54603	-0.36708
	58523	-0.3639896
	54510	-0.36264
	58365	-0.3621
	54408	-0.36179999999999995
	57046	-0.35279999999999995
	54569	-0.35021579999999997
	57832	-0.34931260000000003
	56788	-0.3484094
	53850	-0.34787999999999997
	53945	-0.34428
	53987	-0.34332
	51133	-0.34107089999999995
	53343	-0.3406193
	54505	-0.33996
	59249	-0.33947999999999995
	58450	-0.33887999999999996
	57153	-0.33684
	54512	-0.33587999999999996
	50983	-0.3358775
	54093	-0.3347485
	53970	-0.33444
	52818	-0.33440980000000003
	53978	-0.33264
	54584	-0.33203889999999997
	54514	-0.33072
	54135	-0.32741
	56959	-0.3247004
	57993	-0.3234
	57942	-0.3216
	50871	-0.31905540000000004
	58007	-0.31883999999999996
	54493	-0.3167974
	54351	-0.3121685
	56973	-0.3117169
	57481	-0.3113782
	54416	-0.30912
	58004	-0.30551999999999996
	58432	-0.3052816
	50842	-0.30471709999999996
	58620	-0.30408
	56970	-0.3034752
	50756	-0.3016688
	53853	-0.30119999999999997
	53934	-0.30096
	57049	-0.30072
	53588	-0.29928
	50674	-0.2967012
	54410	-0.29664
	53420	-0.295798
	54164	-0.2947819
	51639	-0.29455610000000004
	57736	-0.2932013
	59051	-0.29159999999999997
	53660	-0.29075999999999996
	57377	-0.2903788
	56312	-0.2899272
	57045	-0.28992
	56342	-0.2895885
	54506	-0.28944
	58555	-0.28884
	54501	-0.28776
	54204	-0.2875563
	50526	-0.28710470000000005
	58660	-0.28548
	58912	-0.2844
	57735	-0.2836048
	53727	-0.2813468
	59314	-0.28103999999999996
	59001	-0.28068
	54575	-0.2792017
	52679	-0.2784
	51642	-0.27581469999999997
	56223	-0.2750244
	54293	-0.2735567
	53859	-0.27287999999999996
	59270	-0.27216
	54662	-0.26926649999999996
	57099	-0.2682
	58507	-0.26796
	57853	-0.26639999999999997
	57605	-0.2649763
	53348	-0.2568475
	58556	-0.25572
	59228	-0.25439999999999996
	53399	-0.25355999999999995
	53863	-0.25212
	57090	-0.25176
	52765	-0.24838
	54579	-0.2470252
	50778	-0.2447672
	53931	-0.24047999999999997
	58102	-0.23855769999999998
	51329	-0.2376545
	53857	-0.23531999999999997
	52546	-0.23484
	57420	-0.23483199999999999
	52863	-0.2341546
	58519	-0.23304
	57857	-0.23304
	53821	-0.2316
	57348	-0.2312192
	53491	-0.23076
	51334	-0.2298644
	58657	-0.22956
	52674	-0.22764
	56548	-0.2273806
	57960	-0.22583999999999999
	53866	-0.22464
	53778	-0.22271999999999997
	54371	-0.2213969
	53385	-0.2199292
	53938	-0.21828
	57180	-0.2178
	50755	-0.2175583
	58542	-0.21744
	56441	-0.2153003
	56199	-0.2104456
	57387	-0.20592960000000002
	58659	-0.20543999999999998
	57512	-0.2033329
	53926	-0.20303999999999997
	51433	-0.20299419999999999
	54499	-0.20184
	51559	-0.200962
	57985	-0.19968
	57886	-0.19956
	53705	-0.19938140000000001
	53681	-0.19884
	50742	-0.1967847
	58932	-0.1956
	59053	-0.1956
	57070	-0.19512
	58508	-0.19452
	56964	-0.19193000000000002
	53759	-0.19008
	57072	-0.18911999999999998
	54908	-0.18852
	58731	-0.18671999999999997
	57020	-0.18611999999999998
	59940	-0.18348
	52895	-0.18348
	54905	-0.18348
	51656	-0.18176900000000001
	58529	-0.18155999999999997
	58113	-0.1793981
	53391	-0.1791723
	54405	-0.17628
	57731	-0.176124
	53498	-0.17592
	53986	-0.17556000000000002
	50834	-0.17431760000000002
	58358	-0.1718338
	58839	-0.17136
	58457	-0.17088
	56761	-0.1695758
	58101	-0.16848
	57313	-0.16664040000000002
	53787	-0.16632
	56871	-0.1663017
	57604	-0.1655114
	54399	-0.16416
	53880	-0.16212
	52602	-0.16009220000000002
	54236	-0.16009220000000002
	57085	-0.16007999999999997
	56197	-0.1594148
	54254	-0.159189
	56752	-0.1564794
	57674	-0.15431999999999998
	58484	-0.15311999999999998
	54616	-0.15264
	51633	-0.1525279
	53433	-0.1525279
	58936	-0.15252
	54195	-0.1523021
	57137	-0.1512
	58026	-0.1509473
	58845	-0.14784
	58724	-0.14712
	57415	-0.14654419999999999
	57065	-0.14628
	57181	-0.14268
	51711	-0.142254
	54568	-0.1371735
	51826	-0.1361574
	56951	-0.1340123
	54828	-0.13332
	51829	-0.1317543
	53384	-0.1308511
	58629	-0.13055999999999998
	57941	-0.129
	57948	-0.12864
	51238	-0.1284802
	58819	-0.12696
	57679	-0.12539999999999998
	56317	-0.1249803
	51655	-0.12294809999999999
	58338	-0.12260940000000001
	53884	-0.12204
	53738	-0.12191999999999999
	56095	-0.12168
	59453	-0.11975999999999999
	52533	-0.11975999999999999
	53774	-0.11856
	53777	-0.11664
	53289	-0.1166257
	52875	-0.11628699999999999
	52515	-0.11543999999999999
	53231	-0.1153838
	53610	-0.11380320000000001
	57399	-0.11346450000000001
	53682	-0.10919999999999999
	58323	-0.10849690000000001
	50658	-0.10702919999999999
	57957	-0.10668000000000001
	51156	-0.1059002
	54916	-0.10559999999999999
	57378	-0.10465830000000001
	59057	-0.1002
	57510	-0.0985617
	57742	-0.0977714
	58036	-0.0960779
	58100	-0.09576
	56247	-0.0956263
	59230	-0.09132
	52447	-0.08879999999999999
	53775	-0.08784
	54774	-0.08748
	50838	-0.08411049999999999
	59843	-0.08316
	54266	-0.08241699999999999
	56684	-0.0823041
	57694	-0.08220000000000001
	58472	-0.08003999999999999
	58459	-0.07608
	58463	-0.0743
	54660	-0.0742882
	56357	-0.0734979
	57763	-0.07332
	57859	-0.07116
	59848	-0.06756
	58527	-0.06744
	57096	-0.06696
	57086	-0.06384
	58562	-0.06288
	58559	-0.06119999999999999
	58602	-0.06084
	53968	-0.05724
	59854	-0.056999999999999995
	54607	-0.05567999999999999
	57710	-0.055095200000000004
	51431	-0.0544178
	56290	-0.0534017
	53988	-0.05292
	59271	-0.05208
	54205	-0.0497889
	53972	-0.04752
	55279	-0.0447084
	58634	-0.04308
	52446	-0.04259999999999999
	57079	-0.04176
	53768	-0.04164
	53617	-0.0386118
	57514	-0.0381602
	59255	-0.036
	52607	-0.0353377
	58730	-0.0348
	54597	-0.031079999999999997
	54503	-0.03084
	50247	-0.030708799999999998
	57608	-0.0295798
	53367	-0.0287895
	58458	-0.02868
	56842	-0.028450800000000002
	54601	-0.028319999999999998
	55655	-0.027547600000000002
	57186	-0.025920000000000002
	53362	-0.0223542
	56586	-0.021450999999999998
	50646	-0.020434900000000002
	53378	-0.020322
	53596	-0.01992
	59632	-0.0192
	53707	-0.018064
	58345	-0.0167092
	59640	-0.01608
	58477	-0.01596
	54617	-0.01536
	56742	-0.0149028
	51377	-0.0139996
	58044	-0.0134351
	57509	-0.0109513
	53782	-0.0096
	57324	-0.0075643
	59211	-0.0072
	56183	-0.0049676
	58047	-0.0040644
	52657	-0.0028225
	58034	-0.0025199999999999997
	53611	-5.645E-4
	53965	-4.8E-4
	53763	-2.4E-4
	58461	5.0E-4
	54732	7.199999999999999E-4
	54234	0.0010161
	57680	0.00132
	53810	0.0016935000000000001
	53974	0.0030
	51931	0.0041773
	58514	0.006599999999999999
	54273	0.0067740000000000005
	52707	0.0088062
	58116	0.0103868
	59268	0.011159999999999998
	58316	0.011515800000000001
	53614	0.012080299999999999
	58048	0.0132093
	50844	0.0171608
	56949	0.018741400000000002
	51627	0.0224671
	58553	0.02664
	51352	0.0278863
	56180	0.028112099999999998
	59471	0.02916
	50948	0.029353999999999998
	51369	0.0298056
	54945	0.03012
	57216	0.0308217
	50639	0.031612
	53848	0.03324
	53575	0.03372
	58132	0.03387
	53942	0.0342
	58369	0.0358
	53862	0.03624
	57431	0.0377086
	50892	0.041660100000000005
	53704	0.0426762
	57883	0.04284
	53929	0.044399999999999995
	54525	0.04704
	58462	0.0491
	53480	0.0497889
	50833	0.0504663
	54187	0.0504663
	50928	0.0532888
	57565	0.05412
	53666	0.05472
	57091	0.05483999999999999
	53770	0.05556
	54099	0.0567887
	53490	0.056999999999999995
	51730	0.057917699999999996
	53885	0.05856
	54260	0.058707999999999996
	58460	0.0612
	54374	0.0616434
	56946	0.06277239999999999
	57461	0.0640143
	52868	0.0642401
	57718	0.0655949
	51059	0.066611
	57098	0.06696
	55593	0.0686432
	53573	0.0702
	57184	0.07032
	54611	0.07056
	54618	0.07332
	57737	0.074514
	57110	0.07608
	53994	0.0762
	57182	0.07703999999999998
	58045	0.07744939999999999
	54424	0.07932
	53585	0.07992
	53871	0.07992
	57744	0.08256
	51435	0.0827557
	59448	0.0834
	59242	0.08796
	56478	0.08885230000000001
	58448	0.08964
	52797	0.08964
	53865	0.09
	54331	0.09088450000000001
	54925	0.09384
	57558	0.09432
	53512	0.09596500000000001
	53615	0.1001423
	54563	0.1003681
	53662	0.10151999999999999
	56777	0.1069163
	57206	0.10872269999999999
	54263	0.109513
	53599	0.10967999999999999
	57868	0.11256
	53276	0.1129
	56768	0.114029
	54614	0.11483999999999998
	57192	0.1152
	56867	0.11583539999999999
	54259	0.11730310000000001
	56982	0.11730310000000001
	53928	0.11748
	51243	0.12046430000000001
	54844	0.12168
	58038	0.121932
	54515	0.12251999999999999
	53757	0.12276
	58001	0.12611999999999998
	56585	0.1267867
	56296	0.1276899
	51629	0.1291576
	58122	0.1299479
	57162	0.1314
	52869	0.1318672
	57063	0.13212
	59425	0.13224
	54863	0.13284
	53674	0.13404
	51353	0.1342381
	54274	0.1355929
	56106	0.1362703
	54363	0.1383025
	56094	0.13871999999999998
	57723	0.1403347
	51526	0.1405605
	53481	0.1412379
	51468	0.1414637
	57609	0.1449636
	57231	0.14651999999999998
	57304	0.1480119
	57666	0.14867999999999998
	57525	0.14868930000000002
	57320	0.1488022
	58419	0.14981830000000002
	57398	0.15004409999999999
	58438	0.150157
	53817	0.15117309999999998
	57739	0.1516247
	57155	0.15348
	58615	0.15372
	54849	0.15372
	58326	0.1542214
	56873	0.154673
	51145	0.1553504
	53475	0.1560278
	53754	0.15756
	56746	0.1583987
	53953	0.15864
	53783	0.159
	57056	0.16163999999999998
	52652	0.16212
	58125	0.1622373
	58547	0.16356
	58005	0.16440000000000002
	57249	0.1647211
	57211	0.16572
	52557	0.16632
	53692	0.16884
	59426	0.16896
	53486	0.1692
	53917	0.16992
	58570	0.17076
	53673	0.17232
	57232	0.174
	57469	0.1769143
	54291	0.1782691
	54419	0.17939999999999998
	54823	0.18012
	53068	0.1807529
	56863	0.1849302
	52681	0.18552
	56267	0.1880914
	53446	0.1897849
	56192	0.19355999999999998
	58667	0.1956
	53776	0.19607999999999998
	51346	0.1963331
	58126	0.1978008
	56851	0.20321999999999998
	53663	0.20352
	57094	0.20387999999999998
	53930	0.20532
	56584	0.20559090000000002
	57188	0.20616
	58543	0.20676
	57734	0.2086392
	52862	0.2090908
	56291	0.2113488
	51573	0.2155261
	58008	0.21755999999999998
	51572	0.2180099
	58658	0.21839999999999998
	57111	0.2208
	58550	0.22104
	59004	0.22175999999999998
	56673	0.2244452
	53769	0.22464
	57102	0.22524
	57738	0.2258
	57254	0.22799999999999998
	57714	0.2313321
	53983	0.2328
	53806	0.2332514
	53397	0.23387999999999998
	57385	0.2342675
	54620	0.23531999999999997
	57936	0.235961
	57217	0.2367513
	53505	0.23776740000000002
	50655	0.2442027
	56952	0.24431560000000002
	54626	0.24719999999999998
	54237	0.2484929
	56594	0.249509
	53869	0.25068
	51365	0.25131539999999997
	59842	0.25188
	53935	0.252
	53878	0.25595999999999997
	58329	0.2571862
	58520	0.2582023
	53888	0.25872
	54406	0.25872
	52378	0.25967
	54861	0.26255999999999996
	55696	0.2628312
	53690	0.26484
	54777	0.26592
	57637	0.267573
	57839	0.2701697
	51644	0.2703955
	53760	0.27336
	54039	0.2735567
	55437	0.2738954
	56886	0.2746857
	59446	0.27552
	56188	0.2768308
	58537	0.27864
	56748	0.2794275
	53845	0.27948
	54267	0.28100810000000004
	58237	0.281121
	57643	0.28152
	58441	0.2816855
	53695	0.28487999999999997
	57482	0.2855241
	51137	0.2857499
	56879	0.28710470000000005
	53740	0.288
	51436	0.2891369
	54913	0.2904
	54918	0.29208
	51087	0.2929755
	58265	0.2943303
	51482	0.29444319999999996
	54764	0.29688
	57318	0.29726569999999997
	57339	0.2979431
	57922	0.29986240000000003
	56891	0.3011043
	53519	0.3026849
	53593	0.30288
	57173	0.30888
	56307	0.3156684
	54842	0.31823999999999997
	53898	0.32028
	56543	0.32086180000000003
	53612	0.32368430000000004
	53619	0.3237972
	57355	0.32571649999999996
	52112	0.326281
	50939	0.3266197
	51378	0.32695840000000004
	57233	0.32747999999999994
	57835	0.3277487
	54826	0.32796
	56688	0.3295551
	52754	0.3301196
	58449	0.33132
	58334	0.3321518
	53786	0.33215999999999996
	58335	0.3327163
	56393	0.33316789999999996
	57758	0.33336
	53484	0.3347485
	56297	0.3352001
	50940	0.3355388
	56146	0.3356517
	51469	0.3366678
	53984	0.33815999999999996
	56763	0.3412967
	57767	0.34164
	54919	0.34428
	53751	0.3444
	54827	0.34536
	58367	0.3455
	52576	0.34569980000000006
	57285	0.34632
	54602	0.34715999999999997
	53455	0.34852229999999995
	53577	0.34859999999999997
	56961	0.3489739
	57476	0.3510061
	56767	0.3519093
	54719	0.35519999999999996
	58464	0.357
	53483	0.3572156
	53993	0.35724
	57486	0.3600381
	57520	0.3607155
	53914	0.36286060000000003
	58451	0.36444000000000004
	58565	0.36779999999999996
	53594	0.36791999999999997
	58343	0.3699733
	56033	0.37200550000000004
	58929	0.37248
	56745	0.3762957
	52988	0.37643999999999994
	55591	0.3808117
	57417	0.38160200000000005
	57502	0.3836342
	57198	0.38892
	56870	0.3904082
	58421	0.3909727
	53991	0.39252
	53357	0.3932307
	57296	0.39336
	54766	0.39636
	52203	0.39966599999999997
	56755	0.4001176
	54935	0.40212
	56152	0.4047465
	54513	0.40475999999999995
	53915	0.40752
	53771	0.40884
	54520	0.41268
	51802	0.4142301
	50656	0.4149075
	51463	0.41626230000000003
	54041	0.416601
	56781	0.4168268
	57177	0.417
	56844	0.41739129999999997
	54805	0.42707999999999996
	58336	0.42822970000000005
	53272	0.4284555
	53791	0.42876
	58049	0.4287942
	54305	0.43093929999999997
	55572	0.43206829999999996
	56263	0.4351166
	58111	0.43679999999999997
	58530	0.4376004
	53576	0.43811999999999995
	54521	0.43884
	54778	0.44039999999999996
	57460	0.4405358
	53578	0.44256
	54923	0.44268
	57438	0.4426809
	58321	0.44347119999999995
	51716	0.4444873
	56849	0.4466324
	50945	0.4479872
	53469	0.4479872
	54026	0.4495678
	57191	0.44964
	53678	0.45048
	56273	0.4522774
	59849	0.45371999999999996
	53533	0.4553257
	54825	0.45552
	57506	0.45735790000000004
	54604	0.45803999999999995
	56889	0.4581482
	56196	0.4616481
	57425	0.4626642
	57001	0.46308
	57876	0.46355999999999997
	55589	0.4649222
	53478	0.4656
	57822	0.4663899
	57867	0.46643999999999997
	53464	0.46808340000000004
	58454	0.46884
	57909	0.4703414
	59224	0.47148
	54386	0.471922
	58534	0.4721478
	53466	0.4723736
	54857	0.47315999999999997
	52995	0.4746
	57860	0.4752
	53916	0.47542189999999995
	59238	0.47615999999999997
	57080	0.47712
	57754	0.47747999999999996
	57717	0.4781315
	52993	0.4782
	56198	0.47824439999999996
	56975	0.4795992
	57554	0.48107999999999995
	53693	0.48216
	59750	0.48635999999999996
	53685	0.48707999999999996
	53906	0.4872
	53687	0.48899999999999993
	57483	0.489986
	52101	0.4921311
	54727	0.49427999999999994
	53567	0.49524
	58104	0.49644
	56116	0.4984535
	56091	0.50112
	54818	0.50124
	58911	0.50172
	53658	0.50256
	57485	0.5034211000000001
	57732	0.5038727
	58428	0.5059049
	52985	0.5064
	53698	0.5064
	58238	0.5068081
	58546	0.5075999999999999
	53748	0.5075999999999999
	56764	0.5092919
	53472	0.5100821999999999
	53980	0.51036
	52896	0.5124
	54252	0.5166304
	56792	0.5167433
	56665	0.5192270999999999
	57496	0.5201303
	50873	0.5205819
	54621	0.5207999999999999
	54628	0.5209199999999999
	54700	0.52104
	58337	0.5243076
	58320	0.5269043
	56869	0.5285978
	56778	0.5293881
	56854	0.5331138
	53989	0.53496
	57426	0.5367265999999999
	57077	0.537
	56331	0.5383072
	56251	0.5386459
	53979	0.54108
	58135	0.5412426
	58557	0.54132
	53618	0.5423716
	53529	0.5431619000000001
	51434	0.5465489
	54702	0.54696
	58140	0.5473392
	52842	0.5476778999999999
	53998	0.54828
	56843	0.5494843
	54943	0.54972
	58427	0.549823
	54276	0.5500488
	54703	0.55032
	56944	0.5510649
	53910	0.552081
	53750	0.5534399999999999
	57571	0.5544519
	52833	0.5545648000000001
	56497	0.5546777
	54851	0.5548799999999999
	53756	0.555
	54765	0.55596
	58415	0.5597582
	53976	0.56028
	54852	0.5622
	56598	0.5626936
	53644	0.5630322999999999
	53773	0.56304
	58108	0.5632581
	56395	0.5682257
	57002	0.56964
	53565	0.57024
	56876	0.5705966
	58935	0.57252
	54728	0.57396
	56671	0.5756771
	58750	0.57636
	57083	0.5801999999999999
	53659	0.58404
	54292	0.5856123000000001
	58340	0.5877574
	57846	0.5886
	57413	0.5887735
	54776	0.5917199999999999
	58548	0.5920799999999999
	54031	0.5926121000000001
	53992	0.59328
	52998	0.59568
	58339	0.5957733
	51628	0.5959991
	56675	0.5959991
	53522	0.5963378
	58143	0.5963378
	58346	0.5974668
	56838	0.5980312999999999
	54803	0.60024
	52974	0.6008538
	57345	0.6036762999999999
	53780	0.6050399999999999
	54722	0.6053999999999999
	58420	0.6072891
	58130	0.6087568
	53564	0.61272
	52661	0.6137999999999999
	53795	0.61392
	53882	0.61452
	57076	0.61692
	57603	0.6182404
	57475	0.6185791
	58456	0.62352
	57189	0.6248400000000001
	53985	0.62616
	53688	0.62688
	56840	0.6296433
	58435	0.6303207000000001
	57242	0.63132
	57499	0.6323529
	53889	0.6356399999999999
	56691	0.6357399
	57401	0.636756
	51567	0.6374334
	56739	0.6381108000000001
	53584	0.6384
	56643	0.6384495
	50934	0.6395785
	54377	0.6402559000000001
	56751	0.6404817
	51465	0.6409332999999999
	53886	0.64224
	57194	0.64344
	54723	0.6436799999999999
	53492	0.6442800000000001
	56664	0.6448848
	59951	0.6462
	56582	0.6463525
	51720	0.646917
	53973	0.64692
	57390	0.6474
	57106	0.6477599999999999
	58500	0.6486105
	52633	0.6514329999999999
	56790	0.6524491
	57082	0.65424
	57105	0.65472
	58558	0.65544
	57507	0.655949
	57513	0.6562877
	52982	0.65676
	53665	0.65796
	56034	0.6588844
	57006	0.65904
	57196	0.65952
	54751	0.66084
	57600	0.6634004
	58146	0.6663357999999999
	56396	0.6670132
	57584	0.66792
	58544	0.66852
	58331	0.6702873
	51477	0.6711905
	57317	0.6731098
	56785	0.6775129
	54713	0.6786
	56962	0.6803354
	54716	0.6809999999999999
	53664	0.6823199999999999
	58414	0.6827063
	54284	0.6838353
	56276	0.6846256000000001
	53699	0.6851999999999999
	57834	0.6874481
	58933	0.6882
	57517	0.6900448
	57087	0.6902400000000001
	57298	0.69048
	54853	0.69216
	56878	0.6926415
	58150	0.6933189
	56646	0.6935446999999999
	54855	0.69408
	56567	0.6960285
	58114	0.7005445
	59449	0.7009199999999999
	59847	0.70368
	59007	0.7039315
	59845	0.70476
	58128	0.7052863
	51828	0.7068669
	56991	0.7069797999999999
	57658	0.7129199999999999
	54286	0.7144312
	54755	0.71484
	53679	0.71592
	58903	0.71748
	57084	0.7203599999999999
	53579	0.72084
	58510	0.72144
	56839	0.7222213000000001
	54871	0.7222799999999999
	51810	0.72256
	57004	0.7238399999999999
	57541	0.7240276999999999
	58423	0.7252696
	50936	0.7265115
	57414	0.7292211000000001
	57573	0.729334
	54846	0.7309199999999999
	56578	0.7310274999999999
	53730	0.7319306999999999
	53574	0.732
	52889	0.7332
	57728	0.7333984
	54902	0.73344
	57841	0.7338
	57432	0.7339629
	58341	0.7344145
	54936	0.7375200000000001
	54730	0.73896
	59473	0.73932
	58145	0.7406240000000001
	56281	0.7411884999999999
	53732	0.7431078
	54710	0.7446
	59654	0.7452
	53488	0.7508400000000001
	56496	0.7510108
	57493	0.7531559
	53764	0.75384
	56766	0.7592525
	50659	0.7595911999999999
	56298	0.7598170000000001
	56067	0.7625266
	56992	0.7639943
	57381	0.766591
	59058	0.76788
	56757	0.7686232
	58035	0.7690748000000001
	54816	0.77268
	57297	0.77376
	56288	0.774494
	57845	0.7755599999999999
	57208	0.7761875
	55493	0.7785584
	52984	0.77856
	53680	0.7794
	54824	0.77976
	56669	0.7802519000000001
	57458	0.7808164
	53981	0.78204
	57408	0.7834131
	56836	0.7855582
	52836	0.7907516
	52884	0.79092
	58311	0.7916548000000001
	58563	0.7954800000000001
	54606	0.7965599999999999
	57511	0.798203
	51827	0.7985417
	53487	0.8014800000000001
	56880	0.802719
	58467	0.8037599999999999
	53651	0.8037599999999999
	58109	0.8064447
	51367	0.8090414
	57238	0.81168
	52745	0.811751
	57707	0.8118639
	52267	0.8119767999999999
	53735	0.8124
	59431	0.81312
	51568	0.8167186000000001
	53796	0.8172
	57411	0.8178476
	55680	0.8180734000000001
	56164	0.8216862
	57519	0.8266538
	57308	0.8287989
	57614	0.8302666000000001
	56841	0.8317343
	51076	0.8322988
	54530	0.83304
	53457	0.8355729
	57396	0.8374799999999999
	57840	0.8389599
	51765	0.8403147
	57395	0.8417824
	59213	0.8461199999999999
	54192	0.8468629
	57586	0.8486693000000001
	54711	0.85068
	58934	0.85332
	53860	0.8538
	57466	0.8543143000000001
	57708	0.8606367
	54940	0.8630399999999999
	57197	0.86328
	53996	0.8634000000000001
	57745	0.86604
	53927	0.8682
	53590	0.86976
	57729	0.8702332
	53784	0.8735999999999999
	53463	0.8737331
	53545	0.8753137
	53723	0.8753137
	57516	0.8767813999999999
	56872	0.878362
	56666	0.8797168
	58301	0.88068
	54749	0.8809199999999999
	57247	0.8812800000000001
	56856	0.8844586
	53689	0.88464
	53562	0.8878456
	58453	0.888
	58468	0.88908
	56775	0.8912326
	54285	0.8923616
	56399	0.8924745
	51232	0.8941680000000001
	58923	0.8952
	51053	0.8962001999999999
	54836	0.8976
	54901	0.8976
	58446	0.89916
	53646	0.8999999999999999
	57907	0.9010549
	53553	0.9018451999999999
	51707	0.9020710000000001
	56793	0.9028613
	56645	0.9066999
	51470	0.9082805
	58926	0.90972
	51379	0.9103127
	53669	0.91044
	58654	0.9121199999999999
	57612	0.9181028
	54759	0.9195599999999999
	56565	0.9197963
	54806	0.9198
	57825	0.9205866
	53896	0.92244
	53975	0.9239999999999999
	53677	0.92424
	57574	0.9254399999999999
	58646	0.92616
	57078	0.9280799999999999
	54633	0.9281999999999999
	50772	0.9305218000000001
	53694	0.93096
	53368	0.9322153
	58643	0.93312
	54817	0.93384
	54837	0.93492
	57402	0.9351507
	50937	0.9358280999999999
	54290	0.9366184
	57274	0.9368399999999999
	58426	0.9389893
	56187	0.942715
	56487	0.9440698000000001
	56774	0.9445214000000001
	57259	0.9448601
	54922	0.9456
	51359	0.9468923
	57405	0.9476826
	56674	0.94836
	57185	0.9536399999999999
	57489	0.9542307999999999
	56295	0.9545695000000001
	58531	0.9554727000000001
	54725	0.95556
	53753	0.9580799999999999
	56178	0.9588597000000001
	53725	0.96036
	58269	0.9607789999999999
	59023	0.9608399999999999
	54848	0.9665999999999999
	57562	0.97212
	57251	0.9766979
	55598	0.9782785
	53895	0.98316
	58131	0.9843751000000001
	54752	0.98556
	58408	0.9859557
	58452	0.9865200000000001
	57494	0.9875363
	56092	0.9898799999999999
	54608	0.9938400000000001
	51060	0.9979231000000001
	57829	0.9986005
	56257	1.0016488
	54900	1.002
	53897	1.00248
	57012	1.00476
	51430	1.0057132
	54832	1.00704
	56168	1.0110195
	57437	1.0130516999999999
	57008	1.0149599999999999
	53691	1.01796
	58424	1.0210676
	58344	1.0220837
	53580	1.02312
	58362	1.0246
	56649	1.0271642
	56498	1.0281803
	57071	1.0282799999999999
	57245	1.0374
	57505	1.0417283
	58416	1.0485023
	55681	1.0591149
	57477	1.0591149
	58141	1.0594536
	54609	1.0601999999999998
	53903	1.0608084
	52737	1.0613729
	52986	1.06236
	53892	1.0637999999999999
	54920	1.06428
	54712	1.06548
	54704	1.06572
	56381	1.0661147
	54644	1.06632
	56987	1.0665663
	57564	1.0721999999999998
	54729	1.0728
	52983	1.0729199999999999
	56652	1.0797756
	58154	1.0802272
	57647	1.0855335
	56862	1.0859851
	53995	1.08696
	58512	1.08804
	57256	1.0884688999999999
	53790	1.08984
	56195	1.0956945
	58230	1.0979525
	57294	1.098
	56783	1.100775
	54701	1.10472
	54627	1.10724
	57623	1.1085651
	57926	1.110936
	57842	1.11192
	54726	1.11204
	57635	1.112065
	52996	1.11516
	56038	1.1168068
	54802	1.11828
	51704	1.1220002
	53582	1.1248799999999999
	54631	1.1274
	58352	1.1288871
	59205	1.1297903
	56045	1.1300161
	56151	1.1365642999999999
	57370	1.1371288000000002
	53697	1.1421599999999998
	57821	1.1423222
	56882	1.1431125
	57257	1.1436769999999998
	54835	1.14384
	51356	1.1450318
	57566	1.1543999999999999
	54834	1.1556
	58330	1.1563218
	57253	1.1581282000000002
	51705	1.1586927
	57522	1.1676118
	59435	1.16928
	51438	1.1703214
	51814	1.1715633
	52980	1.17492
	54804	1.17588
	56278	1.1812727
	57409	1.1829662
	54810	1.1860799999999998
	54821	1.18956
	54706	1.1896799999999998
	59012	1.19124
	57074	1.19172
	52825	1.1966271000000002
	57349	1.1970787
	57176	1.19844
	53798	1.19964
	57081	1.19988
	56491	1.2047558999999999
	51068	1.2080300000000002
	53547	1.2087074
	57306	1.2109654
	57363	1.2187554999999999
	58632	1.22772
	54815	1.2320399999999998
	53789	1.23216
	51357	1.2332067
	57585	1.2361199999999999
	57303	1.2362549999999999
	54714	1.23684
	57540	1.238513
	57581	1.2412226
	56186	1.2416742
	53543	1.2419
	58622	1.24272
	58327	1.243029
	56846	1.2455128
	57292	1.24848
	54715	1.25016
	57358	1.2529641999999999
	54708	1.25412
	53467	1.256577
	56885	1.2579318000000002
	53799	1.2594
	54812	1.2619200000000002
	53797	1.2666000000000002
	57719	1.2666251
	58117	1.2671896
	53792	1.26756
	53997	1.2700799999999999
	51571	1.273512
	57307	1.2850278000000002
	58407	1.2852536
	56995	1.2919147000000002
	52943	1.2923663
	56202	1.2958661999999999
	57595	1.2974468
	56109	1.2981242
	57523	1.29835
	53890	1.2985200000000001
	57007	1.29864
	57633	1.299479
	54820	1.3040399999999999
	54718	1.30536
	56474	1.3095271
	56394	1.3102045
	58139	1.3112206
	57281	1.31748
	56575	1.3202526
	58401	1.3222848
	57309	1.3273652999999999
	54632	1.3306799999999999
	57465	1.3339135
	56284	1.3340264
	51358	1.3395585
	57921	1.3453164
	58118	1.3457679999999999
	57543	1.3471228
	54808	1.35492
	59650	1.35804
	58455	1.36476
	55248	1.36609
	54753	1.37172
	57273	1.3724399999999999
	57279	1.3738801
	54829	1.3758000000000001
	57290	1.37808
	58549	1.38
	58652	1.38432
	58257	1.3848314
	54831	1.39032
	57508	1.3939762999999998
	54707	1.39872
	57011	1.4022000000000001
	57261	1.40544
	54819	1.40988
	54724	1.41264
	57811	1.4167820999999998
	57416	1.4205078
	51717	1.4211851999999998
	51709	1.4233303
	53781	1.4333999999999998
	58418	1.4401524
	56194	1.4410555999999999
	57299	1.4425199999999998
	53982	1.4442
	57803	1.4480553999999999
	56475	1.4516682
	54705	1.4573999999999998
	57590	1.458668
	57333	1.4620549999999999
	57575	1.4646
	56181	1.4664580999999999
	56782	1.4691676999999999
	53883	1.4706
	57361	1.4708611999999999
	57439	1.4730063
	57271	1.4740799999999998
	52645	1.475603
	54903	1.47576
	56081	1.47864
	57923	1.4794416
	57154	1.48032
	58437	1.4851994999999998
	56374	1.4867801
	59237	1.4874
	54709	1.4887199999999998
	57343	1.4911199999999998
	56883	1.4940057
	54800	1.4954399999999999
	57498	1.4954734
	57315	1.4958121
	58351	1.4985217
	56389	1.5012313000000002
	57640	1.50264
	58268	1.5046183
	56786	1.5065376000000001
	56835	1.5148922
	56378	1.5170373
	53899	1.52148
	58742	1.52676
	58319	1.5284402
	58353	1.5311498000000001
	58264	1.5335207000000002
	59457	1.53576
	53785	1.536
	53794	1.53612
	58314	1.536569
	54734	1.5369599999999999
	56571	1.5544072
	57625	1.5567781
	54843	1.5570000000000002
	59215	1.55952
	56171	1.5687455
	56193	1.5809387000000001
	56279	1.5843257
	56046	1.5883901
	57268	1.5916641999999999
	56492	1.5931319
	51815	1.5934706
	58251	1.5959543999999999
	56483	1.5971963
	57362	1.6012606999999999
	58404	1.6028413
	58409	1.6120991
	57636	1.6136797
	58240	1.6165022
	56172	1.6185344
	58107	1.6210182
	57464	1.6240664999999999
	57169	1.63236
	54932	1.6390799999999999
	58644	1.6395600000000001
	57518	1.6399853999999998
	57844	1.6430337000000002
	52978	1.64436
	56189	1.6466465
	58377	1.6545495000000001
	57544	1.65696
	56462	1.6586139000000002
	56479	1.6642588999999999
	54801	1.66476
	53894	1.66716
	57265	1.6763392
	57295	1.6824
	59055	1.6836
	58366	1.6896
	57179	1.6944
	57902	1.6990321
	54807	1.70736
	54737	1.70784
	56071	1.71396
	57204	1.7163058
	58127	1.7439662999999999
	58642	1.74504
	56285	1.7516435000000001
	54830	1.75524
	58148	1.7605625999999999
	57646	1.7648399999999997
	57447	1.7656431000000001
	58147	1.7659818
	57462	1.7730945
	56079	1.7802072
	54811	1.7844
	53767	1.79916
	57911	1.8106901999999998
	59209	1.81344
	56651	1.8307864
	53893	1.83768
	51811	1.839141
	57175	1.84404
	57828	1.8464795
	58501	1.8592372000000001
	57906	1.8604790999999998
	54814	1.86096
	57634	1.8636403000000001
	54809	1.86432
	56592	1.8652209
	58317	1.8695111
	57260	1.8725594
	57407	1.8770754
	58249	1.8840752
	54833	1.9014
	57837	1.9067681
	57808	1.9138808
	58202	1.9144453
	56376	1.9151227
	56499	1.9156872
	54822	1.9161599999999999
	57900	1.9237031
	57809	1.9372511
	58417	1.9377027
	58203	1.9428961
	56043	1.9432348000000002
	54738	1.94556
	56065	1.9488798
	58210	1.9492185
	54640	1.96164
	56371	1.9794757
	56473	1.9861368000000001
	56280	1.9868142
	57537	1.9958462000000001
	51818	2.0108619
	58241	2.0115393
	57248	2.0148
	53891	2.01624
	58259	2.0178617
	57314	2.0221519
	54736	2.03244
	52957	2.0350225
	56595	2.0371676
	56080	2.04432
	58129	2.0449577
	56272	2.0563606
	58360	2.0940692
	56493	2.0968917
	57014	2.09772
	57156	2.0998799999999997
	56390	2.1063753
	59015	2.1271199999999997
	58246	2.1314390999999997
	56489	2.13381
	58247	2.1370841
	58503	2.1378
	57577	2.14548
	57805	2.1776152
	56289	2.1843892
	57536	2.1930825
	57908	2.2000823
	57800	2.204937
	51708	2.2156625
	58243	2.2183721000000003
	52968	2.2222106999999998
	57642	2.226
	52955	2.2287589
	57807	2.2375651
	56185	2.2397102
	58402	2.2450164999999997
	57583	2.2499841
	54841	2.25804
	56670	2.2598064
	58245	2.2647739999999996
	57582	2.2657901
	58506	2.26596
	59218	2.27856
	54731	2.28192
	58931	2.2926
	58244	2.2989827000000003
	56391	2.31445
	57827	2.3310463
	56958	2.34832
	54717	2.35596
	57806	2.3587067999999998
	56182	2.3639002
	57910	2.3837706
	57905	2.3925768
	56074	2.4001200000000003
	58158	2.4011571999999997
	57445	2.4075925
	58502	2.4080399999999997
	56569	2.4125601
	56173	2.4186567
	56580	2.4278016
	56287	2.4491397
	57545	2.474768
	56485	2.4859451000000004
	56654	2.518799
	54744	2.5219199999999997
	57913	2.5493949000000002
	56380	2.5605719999999996
	57813	2.569604
	56373	2.5804424
	57368	2.5812327
	58234	2.5983935
	58236	2.6022321
	57818	2.6154414000000004
	56093	2.63556
	58250	2.6393762
	56383	2.6434406000000004
	59017	2.6524799999999997
	58746	2.68872
	57814	2.6971809999999996
	58242	2.7198739
	57824	2.7233738
	57816	2.7399701
	58138	2.7537439
	58207	2.766
	58212	2.8166292
	56082	2.8203599999999995
	56978	2.8449671
	56494	2.8460961
	56480	2.8472251
	56382	2.8563699999999996
	55690	2.8609989000000002
	56593	2.8761275
	58306	2.8922722
	56387	2.898143
	57187	2.92548
	57912	2.9288518
	57903	2.9627218
	59059	3.0486
	57178	3.05208
	58235	3.0574449
	58225	3.0770894999999996
	58254	3.1134432999999997
	58255	3.1252978000000002
	57915	3.2026343
	57278	3.2462137
	58214	3.3582104999999998
	57914	3.3591137
	58215	3.361033
	56184	3.3741293999999997
	58224	3.4410790999999996
	58222	3.4607237
	57293	3.48072
	56490	3.4982065
	56386	3.5093836
	58221	3.5438181
	58205	3.6006
	58208	3.6915599999999995
	58220	3.6942009000000002
	56384	3.7882466
	58223	3.8189554
	56385	4.2274276
	56697	5.181432600000001
