	56950	-2.4311
	56977	-2.2874
	59456	-2.1924
	59114	-2.15712
	56948	-2.1372
	56969	-2.1276
	56964	-2.1212
	56951	-2.101
	59471	-2.08557
	59659	-2.06766
	56976	-2.0368
	56854	-2.0159
	56879	-2.0081
	59278	-2.00286
	59107	-1.9840499999999999
	59656	-1.97514
	59653	-1.9729800000000002
	56849	-1.9693
	59092	-1.9650599999999998
	59106	-1.9650599999999998
	59664	-1.9369800000000001
	56757	-1.9311
	59269	-1.91475
	56839	-1.9074
	58921	-1.8811799999999999
	56875	-1.8804
	59279	-1.87731
	57460	-1.876
	58837	-1.87155
	56978	-1.8631
	59097	-1.86192
	57995	-1.8558
	59285	-1.8459
	58927	-1.8447300000000002
	56878	-1.8372
	56764	-1.8251
	58906	-1.82448
	56975	-1.822
	59640	-1.80396
	56761	-1.8011
	56973	-1.8004
	59454	-1.7934299999999999
	56876	-1.7917
	57377	-1.7901
	59462	-1.78065
	56649	-1.7704
	59284	-1.76526
	57363	-1.76
	56970	-1.7585
	57988	-1.75464
	56966	-1.7493
	59229	-1.7428500000000002
	56989	-1.7306
	56840	-1.7196
	56569	-1.7189
	58918	-1.71648
	59470	-1.71504
	56646	-1.7087
	56984	-1.7075
	59654	-1.70334
	59297	-1.7014500000000001
	56958	-1.6791
	59256	-1.6727400000000001
	56898	-1.6727
	59304	-1.66041
	57469	-1.657
	59264	-1.6559100000000002
	59288	-1.65564
	57268	-1.6493
	59249	-1.64646
	58911	-1.64628
	56959	-1.6434
	59266	-1.64286
	59293	-1.63872
	56586	-1.6386
	56946	-1.6371
	56994	-1.6342
	59485	-1.62639
	57994	-1.62576
	59488	-1.6214400000000002
	56996	-1.6202
	59276	-1.61847
	58907	-1.61469
	56985	-1.6105
	56571	-1.6092
	59057	-1.6029
	59117	-1.60254
	59271	-1.5993899999999999
	56752	-1.5972
	56986	-1.5855
	59473	-1.58454
	59469	-1.57878
	56479	-1.5779
	56869	-1.5774
	56949	-1.5766
	59650	-1.57545
	59481	-1.56798
	57990	-1.56627
	59647	-1.566
	59270	-1.5596100000000002
	59265	-1.55889
	57278	-1.549
	59655	-1.54881
	59842	-1.5468
	56751	-1.545
	59476	-1.5399
	56756	-1.5329
	59452	-1.52253
	59109	-1.51857
	59451	-1.50633
	57265	-1.5058
	57996	-1.5015600000000002
	56870	-1.4955
	56836	-1.4941
	56567	-1.4928
	59851	-1.4904
	59493	-1.48779
	59280	-1.4875200000000002
	58903	-1.4872500000000002
	59294	-1.4868
	59441	-1.48581
	59075	-1.47888
	56768	-1.4784
	59096	-1.47231
	59102	-1.46178
	59475	-1.4582700000000002
	59449	-1.45683
	57461	-1.4568
	59453	-1.4560199999999999
	56675	-1.4538
	56669	-1.4524
	59093	-1.45017
	59635	-1.4460300000000001
	56867	-1.4446
	59487	-1.44252
	56592	-1.4417
	56739	-1.4329
	59238	-1.4307299999999998
	56846	-1.4302
	56889	-1.4257
	59090	-1.42416
	59426	-1.42281
	56962	-1.4221
	59242	-1.4201100000000002
	56954	-1.4134
	59644	-1.41138
	59843	-1.4067
	59663	-1.4049
	59431	-1.39716
	56944	-1.3937
	59113	-1.39059
	59492	-1.39014
	56580	-1.3735
	59246	-1.36908
	59856	-1.3546
	59429	-1.35342
	59478	-1.34865
	59053	-1.34442
	59298	-1.3401900000000002
	59754	-1.33947
	59255	-1.33803
	56835	-1.3337
	59059	-1.33227
	59087	-1.33218
	56843	-1.3291
	59254	-1.31985
	58931	-1.31715
	59072	-1.31409
	59290	-1.31292
	57348	-1.3125
	56872	-1.3074
	59213	-1.3058100000000001
	59228	-1.30518
	56991	-1.2976
	56478	-1.289
	56995	-1.289
	56746	-1.2815
	57989	-1.28079
	57359	-1.2746
	56742	-1.2704
	58917	-1.26855
	59268	-1.2657600000000002
	59477	-1.26099
	56992	-1.2601
	59211	-1.2599099999999999
	56755	-1.2577
	57370	-1.2552
	56673	-1.2537
	57992	-1.2528899999999998
	56961	-1.25
	59446	-1.24641
	59055	-1.24407
	59088	-1.24398
	59480	-1.24335
	56645	-1.2401
	56844	-1.2379
	59038	-1.233
	58923	-1.2327299999999999
	57543	-1.2299
	58905	-1.2264300000000001
	59435	-1.22337
	59061	-1.2231
	59854	-1.2189
	56584	-1.2173
	59082	-1.21626
	57462	-1.2153
	59015	-1.21437
	57378	-1.2113
	59945	-1.2101
	57361	-1.2097
	56885	-1.2095
	58926	-1.20852
	59094	-1.2044700000000002
	57993	-1.20366
	59205	-1.2022
	59673	-1.20105
	56594	-1.1952
	59099	-1.18899
	56487	-1.1724
	59425	-1.1718000000000002
	59289	-1.16532
	56296	-1.1597
	59027	-1.15758
	57991	-1.1530799999999999
	56952	-1.1505
	59303	-1.1467800000000001
	59047	-1.143
	56982	-1.1398
	58818	-1.13778
	59758	-1.1351
	59241	-1.13229
	59058	-1.1297700000000002
	59750	-1.12563
	57259	-1.118
	56585	-1.1177
	56575	-1.1152
	56441	-1.1117
	58912	-1.11123
	59017	-1.1110499999999999
	57464	-1.1087
	57260	-1.1086
	56838	-1.1056
	59847	-1.103
	56272	-1.0914
	57577	-1.0834
	59081	-1.0833300000000001
	59209	-1.08027
	56763	-1.0786
	56443	-1.0775
	56357	-1.0725
	59658	-1.07118
	56459	-1.07
	59845	-1.0693
	59237	-1.06353
	59632	-1.05453
	56565	-1.053
	56886	-1.0493
	56783	-1.0486
	57408	-1.0436
	57279	-1.0378
	56533	-1.0316
	56489	-1.0287
	59065	-1.0224
	58824	-1.0174500000000002
	58942	-1.01637
	56485	-1.0163
	56670	-1.0149
	56792	-1.0149
	56394	-1.0106
	56851	-1.0073
	56578	-1.0014
	58836	-1.0007100000000002
	58819	-0.9953100000000001
	56790	-0.9893
	56871	-0.9856
	59941	-0.9823
	56856	-0.9753
	57362	-0.9746
	57985	-0.9743
	59310	-0.96669
	56748	-0.9663
	56841	-0.9577
	57368	-0.9574
	59037	-0.9573300000000001
	59012	-0.95661
	57466	-0.9563
	59287	-0.9555300000000001
	57253	-0.9533
	56691	-0.9514
	59235	-0.9501300000000001
	56198	-0.9467
	56651	-0.938
	57926	-0.9375
	59631	-0.93654
	56462	-0.9315
	56371	-0.9282
	56171	-0.9203
	56390	-0.9202
	56548	-0.9153
	59071	-0.91143
	56863	-0.9084
	59457	-0.90765
	58839	-0.9050400000000001
	59757	-0.905
	56778	-0.9011
	57438	-0.8984
	56643	-0.8934
	59116	-0.8892
	56777	-0.8848
	56842	-0.8841
	59044	-0.87903
	59091	-0.8775
	57458	-0.8772
	58935	-0.87597
	59021	-0.8704799999999999
	57349	-0.8702
	56793	-0.8657
	59224	-0.8624700000000001
	56654	-0.8604
	57385	-0.8596
	58828	-0.85671
	57916	-0.8527
	56881	-0.8468
	58933	-0.8424
	57358	-0.8354
	59940	-0.8351
	59007	-0.8339
	59322	-0.8317800000000001
	57339	-0.8301
	59041	-0.8298000000000001
	58940	-0.82458
	59025	-0.8235
	58834	-0.81801
	56543	-0.8091
	57605	-0.807
	59951	-0.8024
	59045	-0.79974
	56688	-0.7967
	56786	-0.7929
	59052	-0.79083
	59848	-0.7902
	59855	-0.7875
	56697	-0.7809
	57927	-0.7776
	59064	-0.77679
	56641	-0.7709
	57465	-0.7674
	58826	-0.76563
	56782	-0.7653
	56766	-0.7584
	56291	-0.7577
	59421	-0.756
	59124	-0.7483500000000001
	56873	-0.7468
	56373	-0.7455
	59321	-0.74448
	59033	-0.74241
	58936	-0.74043
	56497	-0.7392
	56772	-0.7383
	59023	-0.73665
	56671	-0.7343
	56393	-0.7302
	59133	-0.72846
	59034	-0.7245
	57541	-0.7222
	59324	-0.71496
	56862	-0.7083
	59954	-0.7083
	59127	-0.70686
	56781	-0.7042
	56190	-0.6969
	59502	-0.69588
	56199	-0.6958
	56474	-0.6939
	57308	-0.6922
	57307	-0.6907
	56987	-0.682
	59317	-0.6748200000000001
	57722	-0.6734
	58946	-0.6730200000000001
	57902	-0.6718
	59501	-0.67167
	59134	-0.67005
	56883	-0.6665
	59218	-0.66564
	56378	-0.6639
	57824	-0.6628
	58844	-0.66051
	56684	-0.6583
	57387	-0.6557
	57720	-0.6542
	58847	-0.65376
	57957	-0.6510600000000001
	56652	-0.6509
	59320	-0.6426
	59427	-0.6359400000000001
	59417	-0.6339600000000001
	59230	-0.63387
	59215	-0.63315
	56785	-0.6324
	59500	-0.6203700000000001
	57256	-0.6199
	59313	-0.6130800000000001
	56593	-0.6125
	58748	-0.61146
	57544	-0.6047
	58934	-0.59967
	59316	-0.59562
	59306	-0.5868
	56788	-0.5851
	59318	-0.58086
	59051	-0.57258
	56745	-0.5718
	59227	-0.57132
	57076	-0.55974402
	57274	-0.55677765
	57800	-0.5563
	59074	-0.55458
	56767	-0.5457
	57729	-0.5435
	56693	-0.5432
	59046	-0.53982
	58929	-0.53271
	57947	-0.53244
	57915	-0.5319
	57614	-0.5303
	57949	-0.5301899999999999
	57251	-0.5237
	57156	-0.52291437
	59063	-0.52
	56263	-0.517
	56396	-0.5048
	57445	-0.5017
	56880	-0.5014
	57737	-0.5004
	57899	-0.5003099999999999
	58941	-0.49599000000000004
	57077	-0.49585040999999996
	59131	-0.49545
	57437	-0.4954
	56383	-0.4919
	59031	-0.49059
	59137	-0.49023
	57913	-0.4851
	57175	-0.48435156
	59849	-0.484
	59948	-0.4835
	56196	-0.4792
	59004	-0.47826
	57525	-0.4741
	56395	-0.4727
	56882	-0.4713
	57971	-0.4678
	56197	-0.4556
	57355	-0.4516
	57056	-0.44948837999999997
	58843	-0.44397000000000003
	56595	-0.4397
	56247	-0.4387
	57054	-0.43838948999999994
	57304	-0.4356
	59319	-0.43506
	57067	-0.42965702999999994
	57625	-0.4279
	58938	-0.42462
	58737	-0.42425999999999997
	59838	-0.4235
	57811	-0.422
	59448	-0.41346
	59122	-0.40779
	59626	-0.40707
	59314	-0.40689000000000003
	57523	-0.4067
	57176	-0.40595939999999997
	56596	-0.4037
	57066	-0.40065992999999994
	56257	-0.399
	57388	-0.3918
	57807	-0.3913
	56473	-0.3912
	56267	-0.3906
	58125	-0.3881
	59022	-0.38556
	57540	-0.3833
	59312	-0.38034
	57476	-0.379
	57162	-0.37889544
	57169	-0.37879545
	57405	-0.3783
	58928	-0.37809
	57328	-0.3732
	57178	-0.36759656999999996
	57381	-0.3668
	57042	-0.36616338
	57914	-0.3584
	57956	-0.35838000000000003
	56666	-0.3578
	56582	-0.3576
	57545	-0.3559
	57744	-0.3544
	56598	-0.3519
	57975	-0.3488
	57040	-0.34859847
	57143	-0.34829849999999996
	57024	-0.34733193
	57954	-0.34623
	57395	-0.3417
	57345	-0.3379
	57932	-0.3374
	58932	-0.33696000000000004
	59125	-0.33615
	57039	-0.33503316
	57041	-0.33499983
	56295	-0.3346
	59419	-0.33246000000000003
	57037	-0.33216678
	58821	-0.33066
	57078	-0.32760057
	57044	-0.32506748999999996
	57033	-0.32466753
	57057	-0.32450088
	57027	-0.32253441
	57154	-0.31783488
	57026	-0.31533513
	53949	-0.3139686
	57034	-0.31066893
	57051	-0.31053560999999996
	53948	-0.30493617
	57814	-0.3004
	57401	-0.3003
	54608	-0.29580375
	57155	-0.29460387
	57865	-0.2937
	57508	-0.2917
	53697	-0.28753791
	57911	-0.2854
	53944	-0.28407159
	57271	-0.28290504
	53796	-0.28120521
	57043	-0.2773056
	56289	-0.2727
	57055	-0.27253941
	56290	-0.2703
	57153	-0.26720660999999996
	57948	-0.26532
	53699	-0.26524013999999996
	54701	-0.26450688
	53947	-0.26420690999999996
	57048	-0.26390694
	57736	-0.2638
	56298	-0.2633
	58848	-0.26253000000000004
	57976	-0.2597
	57075	-0.25907409
	53693	-0.25787421
	53782	-0.25690764
	57273	-0.25377461999999995
	57816	-0.2534
	57053	-0.25157484
	57074	-0.24550878
	53957	-0.24514215
	53788	-0.24450888
	57049	-0.24434223
	57029	-0.24320901
	57021	-0.24080925
	57035	-0.24047595
	53756	-0.24004265999999996
	57144	-0.23874279
	53785	-0.23674299000000001
	57106	-0.23637636
	54700	-0.23620971
	53789	-0.23574309000000002
	53955	-0.23424324
	53941	-0.23217678
	56376	-0.2318
	57173	-0.22967703
	57906	-0.2295
	53798	-0.22944372
	53872	-0.22891043999999997
	53791	-0.22861046999999998
	53797	-0.22857713999999998
	57132	-0.22574408999999998
	59001	-0.22239
	58117	-0.2207
	56389	-0.2192
	57025	-0.21841148999999999
	57808	-0.2174
	57038	-0.21654501
	57254	-0.21554511
	56168	-0.2154
	53795	-0.21514514999999998
	57907	-0.2151
	57063	-0.21427857
	57285	-0.2113122
	53958	-0.21087891
	56391	-0.2105
	57187	-0.20851248
	54606	-0.20817918000000002
	57249	-0.208
	53866	-0.20734592999999998
	57065	-0.20701262999999998
	57882	-0.2069
	57603	-0.2046
	57046	-0.20137985999999997
	53806	-0.20044662000000002
	56491	-0.1996
	57022	-0.19874679
	53868	-0.19814685
	53792	-0.19791354
	53950	-0.19554711
	57061	-0.19544712
	57179	-0.19531379999999998
	54621	-0.19521381
	53698	-0.19381394999999998
	53883	-0.19314735
	57052	-0.19261406999999997
	53799	-0.19111422
	53954	-0.19094756999999998
	58747	-0.19017
	53886	-0.18848115
	57045	-0.18821450999999997
	57181	-0.18788121
	54943	-0.18751458
	57821	-0.1868
	57194	-0.18374829
	57030	-0.183315
	57020	-0.18304836
	53871	-0.18294837
	53754	-0.18264840000000002
	53841	-0.179982
	54604	-0.17858214
	57032	-0.17811552
	57140	-0.17738225999999999
	53794	-0.17681565
	56276	-0.1766
	53740	-0.17581575
	53790	-0.17481584999999997
	53694	-0.17374929
	53705	-0.17291604
	53861	-0.17291604
	52446	-0.16928307
	57909	-0.1675
	53768	-0.16678331999999998
	53687	-0.16481685
	54633	-0.16305036
	57031	-0.16295036999999998
	56281	-0.1627
	56386	-0.1615
	53614	-0.15731759999999997
	54617	-0.15708429
	57072	-0.15608439
	58007	-0.15578441999999998
	57071	-0.15571775999999998
	57407	-0.1556
	58749	-0.15542999999999998
	57294	-0.15515115
	57016	-0.15408459
	57084	-0.15401793
	53689	-0.15345131999999997
	53891	-0.15341798999999998
	57085	-0.15285138
	53878	-0.15121821
	57080	-0.15105156
	53723	-0.14968503
	53784	-0.14968503
	56279	-0.1496
	56288	-0.1495
	53810	-0.14891843999999999
	57189	-0.14771856
	54703	-0.14698529999999999
	57099	-0.14688531
	56483	-0.1467
	53577	-0.14655200999999998
	57604	-0.1446
	57193	-0.14455221
	57208	-0.1444
	57195	-0.14141919
	53966	-0.14058594
	53956	-0.14031929999999998
	53748	-0.139986
	57507	-0.1398
	56193	-0.1396
	57119	-0.1389861
	52889	-0.13688630999999998
	53725	-0.13461986999999997
	53959	-0.13435323
	57958	-0.13428
	53617	-0.13322001
	53863	-0.13285338
	53691	-0.13238676
	54710	-0.13222011
	57196	-0.13178682
	58845	-0.13094999999999998
	53618	-0.12938706
	53979	-0.12938706
	53975	-0.12858714
	58126	-0.1284
	53854	-0.12755391
	53759	-0.12675399
	57070	-0.12572076
	57137	-0.12542079
	57306	-0.1235
	56095	-0.12275439
	54708	-0.12238776
	53750	-0.12232109999999999
	54623	-0.11732159999999998
	57079	-0.11545512
	53669	-0.11498849999999998
	53757	-0.11435523
	53984	-0.11335533
	53945	-0.1126554
	57111	-0.11148885
	52983	-0.11142218999999999
	53884	-0.11128886999999998
	54614	-0.11068892999999999
	53982	-0.11062226999999998
	53775	-0.11022230999999999
	54705	-0.11015565
	53777	-0.10785588
	53888	-0.10782255
	57813	-0.1078
	58804	-0.10683000000000001
	57082	-0.10568942999999999
	57389	-0.1044
	57028	-0.10378962
	53727	-0.10322300999999999
	57303	-0.103
	57247	-0.10285638
	54626	-0.10222310999999999
	53985	-0.10168983
	53781	-0.10152317999999999
	56188	-0.1007
	53787	-0.09822351
	53769	-0.09795686999999999
	53970	-0.09665699999999999
	54620	-0.09592374
	58823	-0.09576
	57941	-0.0945
	59126	-0.0936
	57707	-0.0918
	57192	-0.09179082
	56665	-0.0911
	57942	-0.09099
	57634	-0.0898
	57047	-0.0869913
	53938	-0.08535812999999999
	54702	-0.08329167
	57213	-0.08285838
	53610	-0.08162517
	57910	-0.0806
	56096	-0.08055861
	53673	-0.08039196
	53778	-0.07849215
	57134	-0.07829217
	57023	-0.07742559
	53685	-0.07549245
	54603	-0.07435923
	57506	-0.0739
	54624	-0.07335933
	57231	-0.07282605
	57281	-0.07255941
	54857	-0.07195947
	53680	-0.07102623
	57290	-0.07092623999999999
	57608	-0.0702
	52884	-0.06955971
	57180	-0.06892644
	53735	-0.06779322
	57908	-0.0663
	56387	-0.0656
	53771	-0.06342699
	53963	-0.06276039
	56081	-0.06219377999999999
	57731	-0.0619
	58128	-0.0616
	57113	-0.06159384
	53783	-0.06082724999999999
	53772	-0.06052728
	57233	-0.05879412
	53696	-0.05856081
	57128	-0.05832749999999999
	54530	-0.05662767
	53967	-0.05482785
	53590	-0.05469453
	53850	-0.0546612
	53987	-0.05449455
	57537	-0.0539
	58814	-0.051300000000000005
	53874	-0.051228209999999996
	53751	-0.05116155
	54618	-0.05052828
	53695	-0.050361630000000004
	57242	-0.05002833
	53880	-0.048461819999999996
	57232	-0.04836183
	57211	-0.048228509999999995
	53881	-0.04669533
	52993	-0.045795419999999996
	53908	-0.0453288
	53646	-0.04396227
	53856	-0.043029029999999996
	53869	-0.042695729999999994
	54616	-0.04259574
	53619	-0.042429089999999996
	53663	-0.04229577
	53862	-0.04216245
	53894	-0.04212912
	57127	-0.041829149999999996
	53961	-0.041329199999999996
	54704	-0.0406626
	53857	-0.04009599
	53973	-0.039329399999999994
	53976	-0.03846282
	53972	-0.038196179999999996
	53682	-0.03752958
	53890	-0.0373296
	54636	-0.03719628
	53882	-0.03596307
	56774	-0.0348
	57822	-0.0346
	53895	-0.03446322
	53962	-0.033996599999999995
	57293	-0.03329667
	53885	-0.03196347
	53679	-0.030330299999999998
	53707	-0.02963037
	53776	-0.02963037
	53889	-0.0276639
	53690	-0.02583075
	53859	-0.025764089999999996
	54613	-0.025197479999999998
	53845	-0.02459754
	57126	-0.02403093
	57806	-0.023
	53681	-0.02196447
	53877	-0.02193114
	53770	-0.021331199999999998
	53786	-0.021097889999999998
	59130	-0.0207
	52995	-0.01919808
	52895	-0.01896477
	54853	-0.0183315
	53688	-0.01796487
	53763	-0.01643169
	56381	-0.0163
	58011	-0.01606506
	53978	-0.01586508
	57129	-0.0139986
	54725	-0.012732059999999998
	53519	-0.01109889
	53879	-0.01019898
	57198	-0.009799019999999999
	57536	-0.0087
	53582	-0.008499149999999999
	57081	-0.00839916
	57623	-0.0055
	53852	-0.00413292
	57238	-0.0034663199999999997
	57343	-0.00146652
	54622	-0.00106656
	57390	-1.6664999999999998E-4
	54334	0.0
	54335	0.0
	54336	0.0
	54337	0.0
	54338	0.0
	54339	0.0
	54342	0.0
	54346	0.0
	54347	0.0
	54349	0.0
	54351	0.0
	54353	0.0
	54362	0.0
	54363	0.0
	54365	0.0
	54371	0.0
	54374	0.0
	54377	0.0
	54386	0.0
	54452	0.0
	54453	0.0
	54454	0.0
	54455	0.0
	54470	0.0
	54471	0.0
	54472	0.0
	54474	0.0
	54475	0.0
	54476	0.0
	54483	0.0
	54486	0.0
	54493	0.0
	54494	0.0
	54497	0.0
	54563	0.0
	54568	0.0
	54569	0.0
	54575	0.0
	54579	0.0
	54584	0.0
	54590	0.0
	54660	0.0
	54662	0.0
	55228	0.0
	55248	0.0
	55279	0.0
	55294	0.0
	55299	0.0
	55437	0.0
	55472	0.0
	55493	0.0
	55572	0.0
	55578	0.0
	55585	0.0
	55589	0.0
	55591	0.0
	55593	0.0
	55598	0.0
	55655	0.0
	55664	0.0
	55680	0.0
	55681	0.0
	55690	0.0
	55696	0.0
	55773	0.0
	56004	0.0
	56016	0.0
	56018	0.0
	56021	0.0
	56029	0.0
	56033	0.0
	56034	0.0
	56043	0.0
	56045	0.0
	56046	0.0
	56065	0.0
	56067	0.0
	56106	0.0
	56109	0.0
	56116	0.0
	56125	0.0
	56128	0.0
	56137	0.0
	56151	0.0
	56202	0.0
	56223	0.0
	56227	0.0
	56307	0.0
	56312	0.0
	56317	0.0
	56331	0.0
	56342	0.0
	56434	0.0
	50136	0.0
	50246	0.0
	50247	0.0
	50349	0.0
	50353	0.0
	50425	0.0
	50431	0.0
	50434	0.0
	50442	0.0
	50445	0.0
	50468	0.0
	50514	0.0
	50524	0.0
	50525	0.0
	50526	0.0
	50527	0.0
	50548	0.0
	50557	0.0
	50564	0.0
	50566	0.0
	50603	0.0
	50618	0.0
	50632	0.0
	50639	0.0
	50646	0.0
	50647	0.0
	50655	0.0
	50656	0.0
	50658	0.0
	50659	0.0
	50673	0.0
	50674	0.0
	50727	0.0
	50739	0.0
	50741	0.0
	50742	0.0
	50745	0.0
	50749	0.0
	50750	0.0
	50755	0.0
	50756	0.0
	50758	0.0
	50767	0.0
	50772	0.0
	50774	0.0
	50775	0.0
	50776	0.0
	50778	0.0
	50779	0.0
	50787	0.0
	50788	0.0
	50832	0.0
	50833	0.0
	50834	0.0
	50838	0.0
	50842	0.0
	50844	0.0
	50851	0.0
	50852	0.0
	50853	0.0
	50854	0.0
	50858	0.0
	50859	0.0
	50861	0.0
	50862	0.0
	50867	0.0
	50871	0.0
	50873	0.0
	50877	0.0
	50878	0.0
	50879	0.0
	50880	0.0
	50884	0.0
	50888	0.0
	50892	0.0
	50913	0.0
	50915	0.0
	50928	0.0
	50934	0.0
	50936	0.0
	50937	0.0
	50939	0.0
	50940	0.0
	50945	0.0
	50946	0.0
	50948	0.0
	50950	0.0
	50953	0.0
	50954	0.0
	50955	0.0
	50956	0.0
	50958	0.0
	50960	0.0
	50962	0.0
	50963	0.0
	50964	0.0
	50965	0.0
	50968	0.0
	50973	0.0
	50978	0.0
	50979	0.0
	50983	0.0
	50985	0.0
	50987	0.0
	51053	0.0
	51058	0.0
	51059	0.0
	51060	0.0
	51068	0.0
	51076	0.0
	51087	0.0
	51133	0.0
	51137	0.0
	51145	0.0
	51156	0.0
	51186	0.0
	51232	0.0
	51238	0.0
	51241	0.0
	51243	0.0
	51288	0.0
	51328	0.0
	51329	0.0
	51330	0.0
	51334	0.0
	51346	0.0
	51352	0.0
	51353	0.0
	51356	0.0
	51357	0.0
	51358	0.0
	51359	0.0
	51365	0.0
	51367	0.0
	51369	0.0
	51377	0.0
	51378	0.0
	51379	0.0
	51430	0.0
	51431	0.0
	51433	0.0
	51434	0.0
	51435	0.0
	51436	0.0
	51437	0.0
	51438	0.0
	51463	0.0
	51465	0.0
	51467	0.0
	51469	0.0
	51470	0.0
	51477	0.0
	51482	0.0
	51495	0.0
	51526	0.0
	51542	0.0
	51559	0.0
	51567	0.0
	51568	0.0
	51571	0.0
	51572	0.0
	51573	0.0
	51581	0.0
	51627	0.0
	51628	0.0
	51629	0.0
	51633	0.0
	51636	0.0
	51639	0.0
	51642	0.0
	51644	0.0
	51655	0.0
	51656	0.0
	51701	0.0
	51704	0.0
	51705	0.0
	51707	0.0
	51708	0.0
	51709	0.0
	51711	0.0
	51716	0.0
	51717	0.0
	51720	0.0
	51722	0.0
	51730	0.0
	51765	0.0
	51777	0.0
	51802	0.0
	51804	0.0
	51810	0.0
	51811	0.0
	51814	0.0
	51815	0.0
	51818	0.0
	51826	0.0
	51827	0.0
	51828	0.0
	51829	0.0
	51839	0.0
	51855	0.0
	51886	0.0
	51931	0.0
	52101	0.0
	52112	0.0
	52203	0.0
	52267	0.0
	52313	0.0
	52378	0.0
	52495	0.0
	52575	0.0
	52576	0.0
	52602	0.0
	52607	0.0
	52633	0.0
	52645	0.0
	52657	0.0
	52707	0.0
	52713	0.0
	52737	0.0
	52745	0.0
	52754	0.0
	52765	0.0
	52818	0.0
	52825	0.0
	52833	0.0
	52836	0.0
	52842	0.0
	52853	0.0
	52855	0.0
	52856	0.0
	52862	0.0
	52863	0.0
	52866	0.0
	52868	0.0
	52869	0.0
	52874	0.0
	52875	0.0
	52876	0.0
	52908	0.0
	52943	0.0
	52955	0.0
	52957	0.0
	52963	0.0
	52968	0.0
	52972	0.0
	52974	0.0
	53068	0.0
	53083	0.0
	53149	0.0
	53192	0.0
	53195	0.0
	53231	0.0
	53272	0.0
	53276	0.0
	53289	0.0
	53324	0.0
	53336	0.0
	53337	0.0
	53343	0.0
	53348	0.0
	53352	0.0
	53357	0.0
	53362	0.0
	53367	0.0
	53368	0.0
	53378	0.0
	53384	0.0
	53385	0.0
	53391	0.0
	53419	0.0
	53420	0.0
	53433	0.0
	53446	0.0
	53455	0.0
	53457	0.0
	53463	0.0
	53464	0.0
	53466	0.0
	53467	0.0
	53469	0.0
	53472	0.0
	53475	0.0
	53480	0.0
	53481	0.0
	53483	0.0
	53484	0.0
	53502	0.0
	53505	0.0
	53512	0.0
	53513	0.0
	53522	0.0
	53529	0.0
	53533	0.0
	53543	0.0
	53545	0.0
	53547	0.0
	53553	0.0
	53562	0.0
	53602	0.0
	53644	0.0
	53730	0.0
	53732	0.0
	54012	0.0
	54024	0.0
	54026	0.0
	54027	0.0
	54031	0.0
	54039	0.0
	54041	0.0
	54047	0.0
	54049	0.0
	54063	0.0
	54064	0.0
	54065	0.0
	54069	0.0
	54072	0.0
	54076	0.0
	54080	0.0
	54092	0.0
	54093	0.0
	54094	0.0
	54096	0.0
	54098	0.0
	54099	0.0
	54102	0.0
	54113	0.0
	54115	0.0
	54117	0.0
	54122	0.0
	54132	0.0
	54134	0.0
	54135	0.0
	54142	0.0
	54154	0.0
	54156	0.0
	54157	0.0
	54161	0.0
	54164	0.0
	54165	0.0
	54169	0.0
	54171	0.0
	54172	0.0
	54181	0.0
	54186	0.0
	54187	0.0
	54192	0.0
	54195	0.0
	54204	0.0
	54205	0.0
	54208	0.0
	54213	0.0
	54214	0.0
	54218	0.0
	54223	0.0
	54225	0.0
	54226	0.0
	54231	0.0
	54234	0.0
	54236	0.0
	54237	0.0
	54243	0.0
	54244	0.0
	54245	0.0
	54248	0.0
	54249	0.0
	54252	0.0
	54254	0.0
	54259	0.0
	54260	0.0
	54261	0.0
	54263	0.0
	54266	0.0
	54267	0.0
	54273	0.0
	54274	0.0
	54276	0.0
	54284	0.0
	54285	0.0
	54286	0.0
	54290	0.0
	54291	0.0
	54292	0.0
	54293	0.0
	54305	0.0
	54313	0.0
	54316	0.0
	54320	0.0
	54321	0.0
	54323	0.0
	54324	0.0
	54325	0.0
	54326	0.0
	54327	0.0
	54328	0.0
	54331	0.0
	54332	0.0
	54333	0.0
	54610	1.6664999999999998E-4
	53767	3.3329999999999997E-4
	53848	0.0021997799999999997
	57184	0.0030663599999999997
	53612	0.00336633
	58806	0.00441
	56775	0.0048
	57014	0.0048661799999999995
	58006	0.00549945
	54615	0.00646602
	53615	0.0067659899999999995
	53774	0.00776589
	53764	0.00919908
	53964	0.00953238
	57402	0.0101
	56374	0.0119
	57001	0.01196547
	54612	0.013565309999999999
	52896	0.01476519
	57216	0.016
	54605	0.01609839
	53988	0.016764989999999997
	58846	0.018269999999999998
	57728	0.0188
	57299	0.019398059999999998
	57060	0.02026464
	54940	0.02086458
	53611	0.02153118
	56182	0.0227
	58754	0.02313
	53392	0.02393094
	57188	0.024164249999999998
	58205	0.02426424
	53829	0.02426424
	56192	0.02736393
	53753	0.028930439999999998
	52885	0.02926374
	53487	0.03139686
	52980	0.0316635
	53986	0.03196347
	53832	0.03226344
	57206	0.0327
	54632	0.03382995
	57006	0.034096589999999996
	53780	0.0359964
	54640	0.0379962
	56278	0.039
	54907	0.041795820000000004
	53575	0.042662399999999996
	58132	0.0431
	56382	0.0433
	57803	0.044
	54631	0.04509549
	54719	0.04509549
	53897	0.045795419999999996
	53968	0.04612872
	53573	0.047128619999999996
	53518	0.04732859999999999
	58707	0.04752
	53924	0.048428490000000005
	57738	0.0485
	57083	0.04919508
	53821	0.05022831
	53692	0.0519948
	57895	0.05256
	54849	0.05326134
	57086	0.053427989999999995
	57197	0.054627869999999995
	58207	0.05476119
	58130	0.0557
	54713	0.05589440999999999
	57217	0.0562
	52787	0.05626104
	58122	0.0577
	53873	0.05989401
	53853	0.06009398999999999
	53588	0.06096057
	57204	0.0618
	56444	0.0622
	53892	0.06266039999999999
	57298	0.06269372999999999
	53974	0.06439356
	54602	0.06479352
	53596	0.06512681999999999
	53994	0.06519348
	57297	0.06872645999999999
	53965	0.07015964999999999
	54712	0.07049295
	53574	0.07202613
	58008	0.07239276
	54800	0.07249275
	57425	0.0746
	56287	0.0749
	53478	0.07569242999999999
	58514	0.07587
	52679	0.07619237999999999
	54628	0.0763257
	58004	0.07695897
	54503	0.07852548
	53981	0.07885878
	57955	0.07902
	57004	0.08002533
	57257	0.0818
	57719	0.0825
	53942	0.08325834
	53875	0.08539145999999999
	57248	0.08649135
	58100	0.0923241
	54848	0.09279072
	53488	0.09282405
	54835	0.09402393
	57102	0.09402393
	54855	0.09529046999999999
	57921	0.0957
	57186	0.09809019
	54913	0.09839016
	54723	0.09875679
	53992	0.09979002
	54519	0.09982334999999999
	54776	0.10175649
	53399	0.10248974999999999
	53491	0.10288970999999998
	53991	0.10378962
	54919	0.1039896
	54805	0.10425624
	58001	0.10465619999999999
	54716	0.10505616
	57510	0.1056
	57098	0.10585607999999999
	54645	0.10702263
	58104	0.10702263
	54871	0.10952238
	54619	0.11072225999999999
	57973	0.1118
	54820	0.11255541
	58202	0.1133
	54437	0.11652168
	57969	0.119
	53995	0.11995467
	54724	0.12108789
	54945	0.12122121
	57431	0.1227
	53893	0.12322100999999999
	54844	0.12335432999999998
	54722	0.12502083
	54711	0.12508749
	53865	0.12525414
	54774	0.1259874
	52652	0.12658734
	57003	0.12675399
	53704	0.12758724
	57809	0.1287
	53773	0.13052028
	56891	0.1306
	53490	0.13215345
	56080	0.13218678
	57581	0.1322
	53864	0.13328667
	53953	0.13361996999999998
	57245	0.13391994
	58118	0.1348
	54535	0.13541978999999998
	57177	0.13571976
	53498	0.13741958999999998
	53993	0.14001933
	57447	0.1415
	54518	0.14185247999999998
	58127	0.1435
	57520	0.1455
	53517	0.14781855
	56074	0.14821851
	54607	0.1483185
	57182	0.15328466999999998
	54609	0.15481785
	53677	0.15605106
	56071	0.15621770999999998
	56092	0.15705096
	54539	0.15735093
	57923	0.1574
	57090	0.15781754999999997
	54714	0.15975069
	58706	0.16011
	53980	0.16108389
	58944	0.16209
	54828	0.16241709
	53658	0.16288371
	53898	0.16371696
	54900	0.16555010999999997
	54804	0.16638335999999998
	54808	0.16711661999999997
	54925	0.16711661999999997
	54404	0.1676499
	54842	0.1696497
	58002	0.1696497
	54533	0.16978301999999998
	57324	0.1699
	57505	0.1701
	54515	0.17018298
	53817	0.17111621999999999
	54809	0.1723161
	52557	0.17281604999999997
	54423	0.17328267
	57237	0.1733
	54304	0.1743159
	54917	0.17438256
	57714	0.1744
	54627	0.17551577999999998
	53397	0.17678232
	54611	0.17894877
	53915	0.17904876
	52797	0.18011532
	53983	0.18184847999999998
	57094	0.18188180999999998
	54755	0.18344832
	52984	0.18534813
	53896	0.18638136
	57936	0.1871
	54938	0.18738126
	57124	0.19348065
	57396	0.19514715
	57096	0.19544712
	57717	0.1964
	57502	0.1971
	53996	0.19778022
	54916	0.19824683999999998
	58003	0.19854681
	57295	0.19901343
	54936	0.19961336999999998
	58135	0.2
	54915	0.20047995
	54922	0.2009799
	52681	0.20204645999999998
	52978	0.20284638
	56493	0.2061
	54846	0.20637935999999998
	54528	0.20651268
	58736	0.20682
	58005	0.20807918999999997
	58510	0.20925000000000002
	54801	0.20961237
	54764	0.20977901999999998
	54717	0.2109789
	54430	0.21154551
	58203	0.2124
	54726	0.21294537
	54311	0.21327867
	58024	0.21457854
	53931	0.21501183
	53997	0.21621171
	56146	0.2167
	56498	0.2178
	56475	0.2182
	57002	0.22191113999999998
	53903	0.22281104999999998
	57912	0.2238
	56273	0.2239
	57087	0.2239776
	54319	0.22441089
	54527	0.22451088
	54512	0.22634403
	57091	0.2276439
	54601	0.22917707999999998
	52996	0.22971036
	57965	0.2313
	54502	0.23191014
	54644	0.23194346999999998
	56380	0.2325
	54728	0.23257673999999998
	54810	0.23277672
	56144	0.233
	54918	0.23307669
	54807	0.23344332
	57185	0.23450988
	54802	0.23564309999999997
	54401	0.23630969999999998
	58820	0.23697
	54837	0.23834282999999998
	54753	0.23877612
	53937	0.23914275
	54831	0.24020930999999998
	57974	0.2422
	54707	0.24220911
	53499	0.24414225
	58107	0.2449
	54521	0.24504215999999998
	57183	0.24527547
	54706	0.24834182999999999
	53899	0.24977502
	56181	0.2501
	57008	0.25237476
	54843	0.25354131
	54749	0.25450787999999996
	58715	0.25488
	54851	0.2549745
	53923	0.25550777999999996
	54301	0.25550777999999996
	58101	0.25580775
	54935	0.25704096
	58111	0.25740758999999996
	53579	0.25837415999999996
	57439	0.2596
	54751	0.26307368999999997
	58208	0.26324033999999996
	53678	0.26554011
	57105	0.26610671999999996
	57554	0.2666
	53989	0.26683998
	53664	0.26713994999999996
	53662	0.2673066
	54507	0.26960637
	54318	0.27037296
	54927	0.27147285
	54420	0.27150618
	58020	0.2736393
	54902	0.27510582
	58145	0.2758
	53910	0.27580575
	57095	0.27593906999999995
	53925	0.27757223999999997
	54903	0.27863879999999996
	56195	0.2802
	56186	0.2805
	54821	0.2829717
	58718	0.28332
	57558	0.2852
	52986	0.28627136999999997
	54901	0.28893777
	56494	0.2893
	57011	0.2896377
	58210	0.2901
	54811	0.29013765
	52436	0.29183748
	54920	0.29410391999999996
	54523	0.29477052
	54597	0.29683698
	53998	0.29783687999999997
	54730	0.2989701
	54429	0.30040329
	58507	0.30042
	54852	0.30076991999999997
	53576	0.30166982999999997
	54929	0.30250308
	58021	0.30286970999999996
	54709	0.30290304
	52656	0.3029697
	54921	0.303303
	58141	0.3048
	54912	0.30513615
	56674	0.3059
	54308	0.30773589
	54752	0.30790253999999995
	52784	0.30790253999999995
	54803	0.30846914999999997
	53674	0.30986901
	57903	0.3106
	54765	0.31083558
	52998	0.31113555
	58735	0.31131
	54836	0.31313535
	52643	0.31373529
	57883	0.31634999999999996
	57012	0.31816817999999997
	54932	0.32296769999999997
	57426	0.3231
	54715	0.32400092999999996
	54514	0.32543412
	54939	0.32793386999999996
	54506	0.33063359999999997
	54766	0.33266672999999997
	54736	0.33393327
	54505	0.33643302
	57612	0.3374
	53676	0.33819951
	53914	0.33913275
	54718	0.33956603999999996
	56187	0.341
	57739	0.3411
	57296	0.34246575
	56097	0.3425
	54759	0.34289904
	57876	0.3438
	54399	0.34539879
	54532	0.34659867
	58744	0.34713
	54832	0.34899842999999997
	53906	0.34909842
	57292	0.35246475
	57191	0.35313135
	54513	0.35343132
	57309	0.3565
	57718	0.3579
	57922	0.3594
	54817	0.36116387999999994
	58131	0.3614
	54596	0.36219711
	57326	0.3624
	56284	0.363
	53584	0.36303035999999994
	58301	0.36339699
	54812	0.36563009999999996
	54732	0.36672999
	54908	0.36759656999999996
	57834	0.3682
	54540	0.37002966
	53660	0.37132953
	54923	0.37192946999999993
	58022	0.37272939
	58666	0.37602
	52424	0.37802886
	58129	0.3784
	56082	0.37929539999999995
	57609	0.3795
	57894	0.38123999999999997
	54841	0.38189513999999997
	54744	0.38302835999999996
	56492	0.3849
	53929	0.38569475999999997
	56091	0.38722793999999994
	54511	0.3909609
	53665	0.39292737
	57960	0.39303
	54431	0.39399392999999994
	57432	0.3972
	54909	0.39806019
	54815	0.40035996
	54731	0.40099323
	58139	0.4034
	54914	0.40439289
	53935	0.40525946999999996
	57606	0.4055
	57896	0.40563
	53928	0.40729259999999995
	52546	0.40779255
	54531	0.41175882
	57093	0.4135586399999999
	54410	0.41435856
	57481	0.4164
	54806	0.41879144999999995
	58656	0.41949000000000003
	54729	0.42099122999999994
	57835	0.4217
	56094	0.42235776
	53934	0.42285770999999994
	54534	0.42375762
	57966	0.4259
	58822	0.4266
	54814	0.42779055
	56079	0.4294
	54525	0.43002366
	57089	0.43249008
	58667	0.4392
	54818	0.4396227
	54863	0.44032262999999994
	54499	0.44105588999999995
	53492	0.44215578
	54777	0.44252241000000003
	56194	0.4467
	57837	0.4471
	57900	0.4496
	57818	0.4497
	54737	0.45202146
	53860	0.45358797
	57598	0.45936
	57891	0.45981000000000005
	54594	0.46088724
	54734	0.46142052
	58032	0.46395359999999997
	54778	0.46492016999999997
	54822	0.46515347999999995
	58813	0.46602000000000005
	57825	0.4668
	52674	0.46878645
	58017	0.47388593999999995
	57964	0.47547
	53578	0.47578574999999995
	54501	0.47661899999999996
	58635	0.48249000000000003
	57329	0.4825
	53585	0.48455153999999995
	57314	0.4846
	52661	0.48488484
	53651	0.48545144999999995
	54833	0.4888177799999999
	54433	0.49135085999999994
	53666	0.4922841
	58705	0.49391999999999997
	56038	0.494
	57571	0.497
	54510	0.4982835
	57745	0.4985
	58109	0.5007
	56385	0.5017
	53917	0.50244975
	57522	0.5062
	57414	0.5099
	58750	0.51246
	57905	0.5134
	53565	0.51591507
	52985	0.51774822
	54520	0.51864813
	52323	0.51981468
	54910	0.52011465
	57887	0.5202
	53580	0.52284771
	54816	0.52314768
	57416	0.5234
	56084	0.5237809499999999
	53926	0.5275805699999999
	57735	0.5276
	57398	0.5322
	52447	0.53457987
	54738	0.5349798299999999
	53567	0.53544645
	57640	0.537
	54861	0.53784621
	54408	0.53831283
	52988	0.54071259
	54522	0.54087924
	53927	0.54284571
	58417	0.5437
	58114	0.5449
	54825	0.54537879
	53659	0.54624537
	56172	0.5529
	54906	0.56147718
	58714	0.56178
	53916	0.5622771
	54911	0.56820984
	54438	0.5706762599999999
	57636	0.5734
	54834	0.57370929
	56664	0.5742
	53599	0.57624237
	54823	0.5765423399999999
	57575	0.5766
	58116	0.583
	58760	0.58509
	58730	0.58545
	58013	0.5875
	58713	0.58797
	58719	0.59184
	57493	0.5946
	54439	0.59514048
	53486	0.59644035
	54830	0.59657367
	58012	0.6009
	54398	0.60117321
	54434	0.60137319
	58508	0.60282
	58512	0.60435
	57409	0.6113
	53760	0.61140552
	53564	0.61497183
	54905	0.61567176
	54428	0.61640502
	53593	0.6176049
	57708	0.6179
	57477	0.6207
	56152	0.6209
	58041	0.6223
	58113	0.6264
	58212	0.6299
	57643	0.6322
	58034	0.63343665
	54904	0.6346031999999999
	52982	0.63823617
	58102	0.6397
	56286	0.6426
	54541	0.6430356899999999
	54424	0.64480218
	56280	0.6454
	58506	0.64827
	57799	0.65079
	57978	0.6536
	54432	0.65403459
	53930	0.65840082
	58214	0.6616
	57475	0.6647
	57637	0.6656
	54436	0.66776655
	57828	0.6691
	58618	0.6706799999999999
	56167	0.6713
	53594	0.6742325699999999
	54829	0.6747991799999999
	57732	0.6753
	57411	0.6806
	58623	0.68769
	57600	0.696
	58647	0.6974100000000001
	58742	0.70209
	58752	0.70974
	57315	0.7103
	57417	0.7125
	54449	0.7139285999999999
	54405	0.7144285499999999
	54425	0.7169282999999999
	58500	0.7219
	54824	0.7224944099999999
	57798	0.72585
	54406	0.73365996
	54727	0.73802619
	58657	0.73809
	52515	0.7402259699999999
	57866	0.7411
	58040	0.7443
	54827	0.75165816
	57573	0.7524
	57420	0.7604
	57517	0.764
	57415	0.7655
	56147	0.7669
	58030	0.7705229399999999
	58725	0.77679
	58025	0.77742225
	57482	0.7888
	57881	0.789
	56093	0.78942105
	54416	0.79048761
	57574	0.7912
	52418	0.79598706
	52533	0.80365296
	53738	0.8143518899999999
	57886	0.8148
	58619	0.8163900000000001
	57827	0.8171
	58734	0.8172
	58626	0.81873
	54819	0.8201179799999999
	56285	0.8222
	57313	0.8239
	57509	0.8245
	58038	0.8271
	54412	0.8318834699999998
	57586	0.8353
	56189	0.8414
	58701	0.84726
	56173	0.8483
	57483	0.853
	58731	0.86616
	58745	0.86733
	57723	0.8741
	58509	0.87534
	57566	0.8813
	57642	0.8875
	56490	0.8904
	57829	0.8958
	57832	0.8983
	57844	0.9039
	58629	0.9044099999999999
	57673	0.9076
	57647	0.9109
	57981	0.9111
	58409	0.9188
	54419	0.92227443
	58221	0.9319
	57870	0.9338
	58607	0.9387899999999999
	57662	0.9393
	57741	0.9401
	58609	0.94068
	54826	0.9445722
	57512	0.9557
	54421	0.9602706299999999
	58627	0.9648000000000001
	58148	0.9649
	56180	0.9664
	58658	0.98739
	57564	0.9888
	56480	0.9891
	58140	1.0004
	57972	1.0043
	57317	1.0102
	57789	1.01268
	57859	1.01331
	58624	1.0197
	58147	1.0212
	57333	1.0246
	57655	1.0247
	58150	1.0255
	58215	1.0287
	58724	1.02888
	57839	1.0294
	57874	1.0401
	57519	1.0413
	57320	1.0457
	58517	1.0485900000000001
	58605	1.05057
	58419	1.0507
	58659	1.05273
	57875	1.0569
	58520	1.0585
	57595	1.0605
	57734	1.0645
	58138	1.0676
	58222	1.0685
	58418	1.0704
	58704	1.07127
	56399	1.0745
	58632	1.0773000000000001
	58637	1.08162
	58146	1.083
	56164	1.0966
	56499	1.1035
	58602	1.11888
	57710	1.1387
	57646	1.1426
	58428	1.1465
	58614	1.16172
	58600	1.1663100000000002
	58646	1.17189
	58530	1.172
	57657	1.1735
	58224	1.1826
	57680	1.1853
	58612	1.1977200000000001
	58608	1.20681
	58223	1.2069
	58047	1.2116
	57671	1.2202
	57699	1.22499
	58710	1.22625
	58143	1.2271
	58158	1.2288
	58634	1.2321
	58527	1.2438
	57496	1.246
	57796	1.25028
	57633	1.2518
	58501	1.254
	57318	1.2635
	58625	1.27611
	58529	1.27629
	58404	1.2765
	58438	1.278
	56178	1.2822
	58652	1.29285
	58015	1.2963
	58044	1.298
	57516	1.2988
	58751	1.2996
	57399	1.3018
	57413	1.3019
	58423	1.3039
	58108	1.3058
	58415	1.3087
	58622	1.3167900000000001
	57498	1.3186
	58601	1.32075
	58026	1.3227
	58437	1.3244
	57674	1.326
	58606	1.32975
	58317	1.3321
	58407	1.3325
	58616	1.33281
	57962	1.3339
	57740	1.3392
	58534	1.341
	58426	1.3414
	57666	1.3507
	57489	1.3536
	57682	1.3603
	57872	1.3645
	58035	1.375
	58427	1.3795
	58503	1.38636
	57743	1.3884
	58402	1.3913
	58712	1.39167
	57778	1.3984
	58502	1.4000400000000002
	57658	1.4004
	58615	1.40679
	57583	1.4127
	57562	1.4218
	57585	1.4258
	57841	1.4376
	57696	1.44882
	58254	1.455
	57582	1.4771
	57752	1.4836
	57649	1.4876
	57776	1.4887
	57777	1.4922
	58416	1.4926
	58414	1.4928
	57589	1.4973
	58251	1.5004
	57840	1.5069
	58631	1.51335
	58620	1.51587
	57511	1.5214
	57584	1.5254
	57486	1.5328
	58306	1.5365
	58665	1.5377399999999999
	58421	1.5404
	58314	1.5449
	58255	1.5497
	58693	1.55115
	58220	1.5544
	57792	1.55709
	58154	1.5598
	58519	1.5641100000000001
	57694	1.56573
	58016	1.5807
	57565	1.5831
	58321	1.5862
	56183	1.5927
	58523	1.5949
	57889	1.5973
	58401	1.6104
	58420	1.6104
	58531	1.6176
	57514	1.6222
	58311	1.6243
	57871	1.6251
	58537	1.63143
	57698	1.63395
	57846	1.652
	57786	1.65861
	58432	1.6677
	57867	1.6695
	58431	1.6726
	58246	1.6731
	57494	1.6784
	58408	1.6795
	56184	1.6868
	57590	1.6868
	58049	1.6932
	57518	1.6936
	57868	1.6988
	58337	1.708
	58644	1.71414
	58429	1.717
	57663	1.7194
	56185	1.7243
	58048	1.7251
	57513	1.7264
	58435	1.7265
	57669	1.7535
	57499	1.7586
	58633	1.75959
	58316	1.7657
	58330	1.7747
	58543	1.77759
	58424	1.782
	57661	1.7846
	58235	1.7869
	58448	1.78848
	58240	1.7973
	58547	1.80288
	58230	1.8046
	58234	1.8084
	57492	1.8092
	57793	1.8106200000000001
	58243	1.8125
	58436	1.8137
	58746	1.8157500000000002
	57491	1.8172
	57845	1.82
	57688	1.8272
	58236	1.8275
	58245	1.8289
	57485	1.8305
	58244	1.8366
	58433	1.8389
	58241	1.8393
	58323	1.8431
	57857	1.8499
	57678	1.8531
	57754	1.866
	58338	1.8681
	58320	1.8684
	57851	1.8763
	58225	1.8789
	58642	1.87938
	58036	1.8862
	58250	1.8962
	57781	1.9099
	57842	1.9213
	57679	1.9287
	57687	1.9313
	58548	1.9343700000000001
	58339	1.9359
	58446	1.9394999999999998
	58643	1.9394999999999998
	58654	1.94832
	57767	1.9504
	58472	1.9539
	58319	1.9561
	58329	1.9628
	58660	1.97379
	56251	1.975
	58544	1.97928
	58559	1.97991
	58542	1.9825199999999998
	57742	1.9875
	57774	1.9934
	57780	2.0033
	58264	2.006
	58449	2.02563
	58335	2.0289
	58664	2.03589
	58441	2.037
	58045	2.0507
	58455	2.05533
	58341	2.0572
	58237	2.0621
	58259	2.0674
	57635	2.0675
	58458	2.0721600000000002
	58453	2.07306
	58442	2.0762
	58456	2.0794500000000005
	58555	2.09097
	58331	2.0915
	58549	2.09295
	56158	2.0944
	57768	2.0964
	58265	2.1062
	58450	2.10942
	57853	2.1122
	58459	2.1141900000000002
	58247	2.1152
	58257	2.1162
	58457	2.11986
	58570	2.1204
	57773	2.1217
	58334	2.1236
	58557	2.12841
	58027	2.1308
	57769	2.1381
	58340	2.1407
	58238	2.145
	58451	2.14524
	58327	2.1461
	58249	2.1475
	58464	2.1500999999999997
	58568	2.15181
	58336	2.159
	58344	2.1618
	58553	2.1646799999999997
	58326	2.1742
	57758	2.1754
	57779	2.1809
	58569	2.18169
	58351	2.1931
	58443	2.1978000000000004
	58454	2.20194
	58477	2.20635
	58242	2.215
	58550	2.22372
	57761	2.2297
	58343	2.2318
	57772	2.2383
	58546	2.24154
	58558	2.24334
	58565	2.24343
	58556	2.24622
	58567	2.2662
	58346	2.2868
	57766	2.2957
	58360	2.2981
	58342	2.2986
	58353	2.3014
	58452	2.3051700000000004
	58359	2.3055
	58484	2.30769
	58345	2.3123
	58354	2.3203
	58268	2.3316
	57762	2.3479
	58562	2.35548
	57771	2.3676
	57860	2.3842
	57760	2.3882
	58369	2.3957
	58468	2.40984
	58460	2.4242
	58461	2.4325
	58463	2.4379
	57805	2.4602
	58365	2.4604
	57763	2.4685
	58352	2.4839
	58366	2.4954
	58269	2.4961
	58358	2.5077
	58356	2.5087
	58563	2.51649
	58377	2.519
	58462	2.5364
	58367	2.5642
	58467	2.57607
	58362	2.5825
	58361	2.6103
	59315	2.7618300000000002
