50136     1
50246     1
50349   -11
50353     1
50425    -6
50431     0
50434     0
50442     0
50445    -5
50468     2
50514    -4
50524    -8
50525    -2
50526     0
50527    -4
50548    -4
50557     1
50564     1
50566     2
50603    -7
50618    -3
50632    -2
50639     0
50646     1
50647     0
50655     0
50656     0
50658     0
50673     2
50674     2
50727     1
50741    -2
50742     0
50745     0
50749     0
50750     1
50755     1
50756     1
50758     0
50772     2
50774     2
50775     1
50776     1
50778     1
50779     2
50788     1
50832     0
50833     0
50834     1
50838     1
50842     1
50844     0
50851     0
50852     0
50853     1
50854     1
50858     1
50861     1
50862     1
50867     1
50871     2
50873     2
50877     1
50878     1
50879     1
50880     1
50884     1
50888     1
50892     1
50913     1
50915    -3
50928     0
50934     1
50936     0
50937     1
50939     0
50940     0
50946     1
50948     2
50949     1
50950     1
50953     1
50954     1
50958     1
50960     2
50962     2
50963     1
50964     1
50965     1
50968     1
50978     1
50979     1
50983     1
50985     0
51053     1
51059  -999
51060  -999
51068     0
51076     1
51087     0
51133     0
51137    -1
51145    -2
51156     0
51186     0
51232     0
51238  -999
51241    -1
51243     0
51288     0
51328    -1
51329    -4
51330    -5
51334     0
51346     0
51352     0
51353     0
51356    -9
51357     0
51358  -999
51359     0
51365     0
51367     0
51369     1
51377     0
51378     1
51379     1
51430    -6
51431    -5
51433  -999
51434    -2
51435    -5
51436    -2
51437     0
51438     0
51463     0
51465     1
51467    -3
51468     2
51469  -999
51470  -999
51477     0
51482     1
51495     0
51526     0
51542    -4
51559     0
51567     0
51568     0
51571     0
51572     0
51573     0
51581     0
51627     0
51628     0
51629     0
51633     0
51636     0
51639  -999
51642     0
51644     0
51655  -999
51656     0
51701     1
51704  -999
51705     0
51707     0
51708     0
51709     0
51711    -6
51716     0
51717     0
51720     0
51722     0
51730     0
51765     0
51777     0
51802     0
51804     0
51810  -999
51811     0
51814     0
51815     0
51818     0
51826     0
51827     0
51828     0
51829     0
51839     0
51855     0
51886     0
51931     0
52101     1
52112  -999
52203     0
52267     0
52313     0
52323     0
52378     0
52418     0
52424     0
52436     0
52446     0
52447     0
52495     0
52515     0
52533     0
52546     0
52557     0
52575     0
52576     0
52602     0
52607     0
52633    -7
52643    -1
52645     0
52652     0
52656    -4
52657    -1
52661    -2
52674   -11
52679     0
52681     0
52707     0
52713     0
52737     0
52745    -4
52754    -2
52765     1
52784     0
52787     1
52797     0
52818     0
52825     0
52833     0
52836    -2
52842    -6
52853     0
52855     0
52856    -4
52862     1
52863     1
52866     1
52868     0
52869     1
52874     0
52876     1
52884  -999
52885     1
52889    -4
52895    -1
52896     0
52908     0
52943     0
52955     1
52957     1
52963     1
52968     0
52972     1
52978     1
52980     1
52982     0
52983    -3
52984     1
52985     1
52986     1
52988     1
52993    -2
52995     0
52996     0
52998     1
53068     0
53083     0
53149     0
53192     0
53195     0
53231     0
53272     0
53276    -6
53289    -4
53324     0
53336     1
53337     0
53343     0
53348     0
53352     0
53357     0
53362     0
53367     0
53368     1
53378     0
53384     0
53385     0
53391     0
53392     0
53397     0
53399     0
53419     0
53420     0
53433     0
53446     0
53455    -3
53457     0
53463     0
53464     1
53467     1
53469     1
53472     0
53475     1
53478     1
53480     0
53481     0
53483     1
53484     1
53486     0
53487     0
53488     0
53491     0
53492     0
53498     1
53499     1
53502     0
53512     0
53513     0
53517     0
53518     0
53519     0
53522     0
53529    -1
53533     1
53543     1
53545    -7
53547    -1
53553     1
53562     1
53564     1
53565     0
53567     1
53573     0
53574    -1
53575     1
53576    -4
53577     0
53579     0
53580     0
53582    -3
53584     0
53585    -1
53588     0
53590    -5
53593     0
53596    -7
53599    -7
53602    -2
53610     0
53611     0
53614     0
53615     0
53617     0
53618     0
53619    -2
53644     0
53646     0
53651  -999
53658     0
53659     0
53660     1
53662     0
53663     0
53664     0
53665    -3
53666    -2
53669    -4
53673     0
53674     0
53676    -2
53677    -4
53678    -3
53679    -3
53680    -5
53681     0
53682    -6
53685    -6
53688    -6
53689    -1
53690    -5
53691     0
53692    -4
53693    -5
53694    -8
53695    -7
53696    -7
53697    -3
53698    -1
53699     0
53704     0
53705    -7
53707    -5
53723     0
53725     0
53727    -2
53730     0
53732     0
53735  -999
53738     0
53740     1
53748     0
53750     0
53751    -2
53753     0
53754    -3
53756     0
53757    -3
53759    -2
53760     1
53763    -4
53764    -1
53767     0
53768    -3
53769    -4
53770    -2
53771    -5
53772    -3
53773    -2
53774    -1
53776     0
53777    -4
53778    -2
53780     0
53781    -7
53782    -6
53783    -7
53784    -2
53785    -1
53786    -6
53787    -4
53788    -6
53789    -3
53790    -3
53791    -3
53792    -8
53794    -5
53795   -10
53796    -2
53797    -9
53798   -11
53799    -7
53806     0
53810    -2
53817     0
53821     0
53829    -1
53832    -4
53841    -3
53845    -4
53848    -2
53850     0
53852    -2
53853    -5
53854  -999
53856    -6
53857    -6
53860    -1
53861    -4
53862    -1
53863    -6
53864    -4
53865    -6
53866    -3
53868    -2
53869    -6
53871    -5
53872    -7
53873    -7
53874    -1
53875    -5
53878    -8
53879    -4
53880    -6
53881     0
53882   -12
53883    -7
53885    -8
53886   -10
53888    -4
53889    -7
53890    -9
53891    -8
53892    -5
53893    -3
53894    -5
53895    -5
53896    -2
53897    -2
53898    -4
53899    -5
53903    -1
53906     0
53908    -2
53914     0
53915     0
53916     0
53917     1
53923    -3
53924    -5
53925     0
53926     0
53927     0
53928     0
53929    -5
53930    -1
53931    -3
53934    -1
53935    -4
53937    -3
53938    -4
53941    -6
53942    -4
53945    -6
53947    -8
53948  -999
53949    -6
53950    -7
53953     0
53954    -9
53955  -999
53956   -10
53957    -6
53958   -14
53959   -13
53961    -2
53962    -3
53963    -6
53964    -9
53965    -8
53966    -6
53967    -9
53970    -9
53972    -6
53973   -13
53974    -6
53975   -10
53976   -11
53978    -5
53979   -10
53980    -3
53981    -7
53982   -10
53983    -5
53984    -7
53985    -6
53986    -8
53987    -9
53988     0
53989    -5
53991    -5
53992    -3
53993    -7
53994    -4
53995    -3
53996    -3
53997     0
53998    -8
54012     1
54024    -2
54026     0
54027    -1
54031     1
54039     1
54041     2
54047     1
54049     1
54063     1
54065     1
54069     1
54072     1
54076     1
54080     1
54092     1
54093     1
54094     1
54096     2
54098     1
54099     1
54102     0
54113     0
54115    -4
54117    -1
54122     1
54132     1
54134     2
54135     1
54142     1
54154     1
54156     1
54157     1
54161     1
54164     2
54169     1
54171     1
54172     1
54181     1
54186     2
54187     1
54195     2
54204     0
54205     0
54208     0
54213     0
54214    -7
54218    -5
54223     2
54225     1
54226     1
54231     2
54234     1
54236     1
54237     1
54244     1
54245     1
54249     0
54252     1
54254     0
54259     0
54261     1
54263     1
54266     1
54267     1
54273     1
54274     1
54276     0
54284     0
54285     0
54290     1
54291     2
54292     1
54293     2
54301     0
54304     1
54305     1
54308    -2
54311    -4
54313    -3
54316    -8
54318    -3
54319     0
54320     0
54321     0
54323     0
54324     1
54325    -2
54326     0
54327     0
54328     0
54331     0
54332     2
54333     1
54334  -999
54335     1
54336     1
54337     0
54338     1
54339     1
54342     1
54346     1
54347     1
54349  -999
54351     1
54362     1
54363     1
54365     1
54371     0
54374     0
54377     1
54386    -5
54398    -4
54399    -3
54401     1
54404     0
54405     0
54408     0
54410     0
54412    -5
54416    -3
54419     0
54420    -4
54421     0
54423    -4
54424    -4
54425    -1
54428     0
54429    -1
54430    -2
54431    -1
54432     0
54433     0
54434    -1
54436     1
54437     1
54438     1
54439     1
54449     1
54453     0
54454     0
54455     0
54471     1
54474     1
54475     1
54476     1
54483     1
54486     1
54493     2
54494     2
54497     2
54499    -3
54501    -1
54502     0
54503    -3
54505    -2
54506    -4
54507    -4
54510     0
54511    -5
54512     0
54513     0
54514    -1
54515     0
54517     0
54518     0
54519     0
54520    -2
54521     0
54522     1
54523  -999
54525  -999
54527     0
54528  -999
54530     0
54531     1
54532     0
54533    -1
54534     0
54535     1
54539     1
54540     1
54541     1
54563     0
54568    -1
54569    -1
54579     1
54584     1
54590     2
54594    -2
54596    -3
54597    -1
54601    -5
54602    -5
54603    -2
54604    -1
54605    -3
54606     0
54607    -8
54608    -1
54609     0
54610    -4
54611    -7
54612    -3
54613     0
54614     0
54615     0
54616     0
54617    -3
54618     0
54619     0
54620    -2
54621     0
54622     0
54623     1
54624     0
54626     0
54627     0
54628     0
54631    -6
54632    -7
54633     0
54636     0
54640    -6
54644     1
54660  -999
54662     0
54700     0
54701     0
54702     0
54703     0
54704    -2
54705     0
54706     0
54707     0
54708     0
54709     0
54710     1
54711     0
54712     0
54713     0
54714     1
54715     0
54716     1
54717     0
54718     1
54719     0
54722     1
54723     1
54724     0
54725     0
54726     1
54727  -999
54728     1
54729    -5
54730     0
54731     0
54734     0
54736    -5
54737    -8
54738    -3
54744  -999
54749     1
54751    -1
54752     0
54753     0
54755     0
54759    -1
54764    -3
54765    -5
54766    -2
54774    -3
54776    -2
54777    -3
54778     0
54800    -7
54801    -1
54802     1
54803     0
54804   -10
54805     1
54806    -6
54807    -3
54808    -2
54809     0
54810     1
54811     0
54814    -3
54815    -7
54816    -4
54817    -5
54818     0
54819    -7
54820    -3
54821    -1
54822    -6
54823    -6
54824    -4
54825    -8
54826    -8
54827    -8
54828    -6
54829    -5
54830    -8
54831     0
54832    -3
54833    -6
54834    -6
54835    -6
54836    -3
54837    -4
54841    -8
54842  -999
54843    -7
54844    -6
54846    -3
54848    -4
54849    -5
54851    -2
54852    -5
54853    -7
54855    -9
54857    -6
54861    -8
54863   -10
54871     1
54900    -5
54901    -7
54902    -5
54903    -9
54904   -12
54905   -10
54906    -8
54907    -5
54908   -11
54909    -6
54910   -11
54911    -9
54912    -5
54913    -7
54914   -10
54915   -13
54916    -9
54917    -4
54918   -12
54919    -7
54920    -6
54921    -1
54922    -8
54923    -4
54925    -6
54927    -2
54929    -8
54932    -1
54935    -6
54936  -999
54938   -10
54939    -5
54940    -3
54943    -5
54945     0
55228     0
55248     0
55279    -9
55294   -15
55299    -5
55437     0
55472    -5
55493   -14
55572  -999
55578   -15
55585   -15
55591   -14
55598   -12
55655   -12
55664    -9
55680    -5
55681   -14
55690    -1
55696   -12
55773    -1
56004    -6
56016     0
56018    -1
56021     0
56029     1
56033     1
56034     0
56038     2
56043     0
56045     0
56046     0
56065     1
56067     1
56071     1
56074     0
56079     0
56080     1
56081     1
56082     1
56084     0
56091     0
56092    -1
56093     0
56094     0
56095     1
56096    -9
56097    -6
56106     0
56116     1
56125     0
56137     0
56144     1
56146     2
56147     0
56151     0
56152     1
56158     2
56164     2
56167     1
56168     1
56171    -2
56172     2
56173     1
56178     0
56180     0
56181    -1
56182     1
56183     0
56184     1
56185     1
56186     0
56187  -999
56188     1
56189    -6
56190    -4
56192    -7
56193    -4
56194     0
56195    -3
56196    -9
56197    -3
56198    -3
56199    -3
56202   -11
56223    -4
56227     2
56247    -8
56251     1
56257    -2
56263     1
56267     0
56272    -2
56273    -3
56276    -6
56278    -1
56279     0
56280    -1
56281    -2
56284     0
56285     0
56287     0
56289    -2
56290    -5
56291    -5
56295    -4
56296    -6
56297    -7
56298    -4
56307   -14
56312     0
56317     0
56331    -6
56357    -3
56371    -4
56373    -2
56374     1
56376    -1
56378    -6
56380     0
56381    -5
56382    -3
56383    -4
56384     1
56385     1
56386     0
56387    -1
56389     0
56390    -8
56393    -1
56394     0
56395     0
56396     0
56399     1
56434     2
56441    -9
56443    -2
56444     0
56459    -2
56462     1
56473    -1
56474     0
56475     0
56478     1
56479     1
56480     0
56483     0
56485     0
56487    -2
56489     0
56490     1
56492     1
56493     1
56496     0
56497     0
56499     1
56533  -999
56543    -2
56548   -10
56565    -1
56567    -4
56569     1
56571     1
56575     2
56578     1
56582     0
56584    -1
56585    -2
56586    -7
56592     1
56593     1
56594    -3
56595    -5
56596     0
56598    -6
56641     0
56645   -14
56646    -6
56649    -9
56651    -6
56652    -4
56654   -11
56664     1
56665    -3
56669     0
56670    -1
56671    -6
56673     0
56675     0
56684    -5
56688   -10
56691     0
56693  -999
56697    -9
56739     0
56742   -11
56745    -3
56746     0
56748    -2
56751    -4
56752    -8
56755    -9
56756    -1
56757    -4
56761    -6
56763    -5
56764    -6
56766    -4
56767    -8
56768    -6
56772    -1
56774     0
56775     0
56777     0
56778    -4
56781     1
56782     0
56783     0
56785    -2
56786    -9
56788    -5
56790    -9
56792  -999
56793    -8
56835    -9
56836   -11
56838    -5
56839    -9
56840    -6
56841     1
56842   -12
56843     0
56844   -13
56846     0
56849    -3
56851   -13
56854    -9
56856   -16
56862     0
56863     0
56867    -4
56869   -10
56870    -7
56871     0
56872     1
56873    -7
56875    -8
56876    -7
56878   -11
56879    -6
56880    -3
56881     0
56882    -7
56883    -9
56885   -10
56886    -9
56889    -2
56891   -10
56898    -8
56944    -5
56946   -12
56948   -16
56949   -16
56950    -9
56951   -17
56952    -1
56954     1
56958    -4
56959     0
56961    -2
56962   -15
56964    -6
56966   -13
56969    -4
56970   -16
56973   -18
56975   -13
56976   -14
56977    -7
56978   -12
56982   -13
56984   -12
56985   -13
56986   -12
56987     0
56989    -2
56992   -19
56994    -2
56995    -8
56996     0
57001    -3
57002     0
57003  -999
57004    -1
57006    -2
57007     0
57008     0
57011     0
57012     0
57014  -999
57016     0
57020    -1
57021     0
57022    -3
57023    -5
57024    -2
57025  -999
57026    -5
57027    -2
57028  -999
57029    -7
57030  -999
57031    -7
57032    -4
57033    -7
57034    -5
57035    -6
57036    -6
57037    -6
57038    -9
57039    -4
57040    -3
57042    -6
57043    -8
57044    -4
57045    -6
57046    -5
57047    -7
57048  -999
57049  -999
57051    -7
57053   -11
57054    -7
57055    -7
57056    -8
57057    -9
57060    -6
57061    -7
57063    -9
57065    -9
57066    -8
57067    -7
57070    -9
57071   -10
57072    -8
57074    -8
57075   -19
57076    -7
57077    -8
57078    -9
57079    -9
57080    -6
57081    -6
57082    -1
57083     0
57085    -2
57086    -6
57087    -7
57089   -13
57090    -7
57091   -10
57093   -10
57094   -10
57095   -12
57096    -7
57098   -14
57099   -11
57102    -3
57105    -5
57106    -4
57110     0
57111     0
57113     0
57119    -2
57124  -999
57126    -9
57127    -3
57128    -9
57129    -7
57132    -5
57134    -2
57137    -8
57140    -7
57143    -6
57144   -10
57153    -6
57154  -999
57155    -8
57156    -7
57162    -2
57169    -9
57173    -8
57175    -8
57176    -9
57177   -11
57178   -10
57179    -6
57180    -8
57181    -8
57182   -10
57183   -12
57184    -8
57185   -11
57186   -12
57187    -8
57188   -11
57189    -6
57191   -10
57192    -7
57193   -11
57194    -9
57195    -8
57196    -4
57198    -8
57206    -1
57208     1
57211  -999
57213    -4
57216     0
57217     0
57231    -1
57232    -8
57233    -4
57237    -4
57238  -999
57242    -5
57245    -5
57247    -6
57248    -2
57249    -2
57251    -3
57253    -3
57254    -3
57257    -7
57259    -2
57260   -10
57261    -6
57265   -10
57268    -5
57271    -8
57273    -8
57274    -4
57279    -2
57281    -6
57290   -10
57292    -7
57293    -4
57294   -12
57295     0
57296     0
57297     0
57298    -2
57299     0
57303     0
57304    -4
57306     1
57307     0
57308     0
57309     0
57313    -3
57314     0
57315     0
57317     0
57318     0
57320    -5
57324    -2
57326    -6
57328    -8
57329    -5
57333    -2
57339   -11
57343  -999
57345    -7
57348   -10
57349    -5
57355    -2
57361     0
57362     0
57363   -10
57368    -2
57370    -5
57377    -2
57378    -5
57385    -7
57387    -5
57388     0
57389    -6
57390    -3
57396     0
57398    -2
57399    -5
57401     1
57402     1
57405     0
57407     0
57408     0
57409     0
57411     1
57413    -5
57414     0
57415     1
57416     1
57417     0
57420    -2
57425     0
57426     0
57431   -10
57432    -6
57438     0
57447     1
57458     1
57460     0
57461     0
57464    -2
57465     0
57466     0
57469     0
57475     0
57476     0
57477     0
57481    -4
57483    -2
57485     0
57486    -1
57489     0
57491    -3
57492     0
57494     0
57496     0
57498     0
57499     0
57505     1
57506     1
57507     1
57509    -2
57510     0
57511     0
57513     1
57514     1
57516     2
57518     0
57519     0
57522     0
57525    -1
57537    -2
57540     1
57541     1
57543     2
57544     0
57545     1
57554     0
57558     1
57562     0
57564     0
57565     0
57566     0
57571     0
57574    -1
57575    -3
57577    -2
57582     0
57583     0
57584    -1
57585    -1
57586    -2
57589    -1
57590     0
57598    -3
57603     0
57605    -2
57606    -7
57608     0
57609    -3
57614  -999
57623    -5
57625  -999
57633     1
57634   -12
57635     1
57636    -3
57637    -5
57640     0
57643     0
57646     0
57647  -999
57649     0
57655     1
57657     0
57658     0
57661    -1
57662     0
57663    -6
57666    -4
57669    -3
57671    -7
57674    -7
57678    -6
57680    -1
57682    -7
57687    -8
57688    -7
57694    -9
57698    -5
57699    -4
57707    -6
57708    -8
57710  -999
57713   -10
57714    -4
57717    -5
57718  -999
57719     1
57720     0
57722  -999
57723    -7
57728     0
57729  -999
57731     0
57732     0
57734    -4
57735    -2
57736    -5
57737    -3
57738    -1
57739    -4
57740    -6
57741  -999
57742    -1
57743    -2
57744    -4
57745    -4
57754    -4
57760    -5
57762   -10
57763    -9
57766    -7
57767    -4
57768    -8
57769    -8
57771    -5
57772    -9
57773    -9
57774   -11
57776    -4
57777    -8
57778    -9
57780    -7
57781    -6
57786    -6
57792   -12
57793    -6
57796    -6
57798    -9
57799    -7
57800   -10
57803    -4
57805  -999
57806    -6
57807    -5
57808    -3
57809    -1
57811     1
57813    -3
57814    -4
57816     0
57818    -7
57821    -4
57822    -4
57824   -10
57825    -4
57827  -999
57828    -1
57829    -9
57832    -2
57834    -5
57835    -1
57837    -6
57839  -999
57840  -999
57842    -7
57844    -9
57845    -7
57846    -7
57851    -5
57853    -3
57859   -12
57860    -8
57865    -8
57866    -7
57867    -8
57868    -8
57870    -9
57871    -8
57872   -10
57874    -8
57875    -6
57876    -6
57881    -8
57882    -8
57883    -3
57886    -4
57887   -11
57891    -8
57894    -9
57895    -7
57896    -8
57899    -8
57900    -6
57902   -11
57903   -10
57905   -15
57906   -13
57907  -999
57908   -12
57909   -11
57910  -999
57912  -999
57913    -5
57914    -2
57915     0
57916   -16
57921   -12
57922   -14
57923   -12
57926  -999
57927   -12
57932   -15
57936    -9
57941   -11
57942   -10
57947   -12
57948   -15
57949   -18
57954    -6
57955    -8
57956    -5
57957    -6
57960   -16
57962   -10
57964   -14
57965    -7
57966   -10
57969   -11
57971   -13
57972    -9
57973    -9
57975   -11
57976   -10
57978   -13
57981    -8
57985   -12
57988   -18
57989   -13
57990   -10
57991   -11
57992    -9
57993    -7
57994    -7
57995    -7
57996   -14
58001   -10
58002   -10
58003   -11
58004   -10
58005    -7
58006   -12
58007   -11
58008    -8
58011   -11
58012    -8
58013   -12
58015    -8
58016    -4
58017    -8
58020    -8
58021    -7
58022    -7
58024    -8
58025    -6
58026  -999
58027    -8
58030    -7
58032   -10
58034  -999
58035    -8
58036    -8
58038  -999
58040    -9
58041    -6
58044    -4
58047  -999
58048    -6
58049    -9
58100    -7
58101   -10
58102    -8
58104    -6
58107    -8
58108    -5
58109    -7
58114    -3
58117    -7
58118  -999
58122    -9
58125    -8
58126    -8
58127    -6
58128    -7
58129    -7
58130  -999
58131    -6
58132    -9
58135  -999
58138    -3
58139    -5
58140    -4
58141    -7
58143  -999
58145   -10
58146    -9
58147    -5
58148    -7
58150   -12
58154   -12
58158  -999
58202    -3
58203    -7
58205    -1
58207    -5
58208     0
58210    -5
58212    -3
58214    -1
58215    -1
58220    -2
58221    -7
58222    -3
58223    -3
58224     0
58230    -2
58234    -5
58235    -2
58236    -1
58237    -2
58238     0
58240    -5
58241    -5
58242    -4
58243    -5
58244    -3
58245    -6
58247     0
58249    -5
58250    -3
58251    -9
58254    -7
58255  -999
58257    -6
58259    -8
58264    -5
58265    -7
58268    -9
58269   -11
58301     1
58306     0
58311     0
58314    -1
58316     0
58317     0
58319    -3
58320     0
58321     0
58323     0
58326    -2
58327    -4
58329    -2
58330    -6
58331     0
58334     0
58335    -5
58337    -3
58338    -1
58339    -1
58340     0
58341    -4
58342    -7
58343    -1
58344    -3
58345    -2
58346    -4
58352    -7
58353    -6
58354  -999
58356  -999
58358    -5
58360   -11
58361    -9
58362    -8
58365    -4
58366    -9
58367    -6
58369    -7
58401     1
58402     0
58404     1
58407     1
58408     0
58409     0
58415    -3
58416    -1
58417     0
58418    -1
58420    -5
58421     0
58424    -2
58426    -2
58427     0
58428     0
58431     0
58432     0
58433    -2
58435    -1
58436    -2
58437     0
58438     0
58441    -1
58442    -2
58443    -3
58446    -2
58448  -999
58449    -5
58450  -999
58451    -7
58452    -2
58453  -999
58454    -2
58455    -5
58456    -6
58457    -7
58458    -7
58459    -8
58460    -8
58461    -8
58462    -7
58463    -6
58464    -8
58467    -6
58468    -6
58472   -11
58477   -13
58501    -2
58502     0
58503    -2
58506     0
58508    -4
58509    -3
58510    -3
58514    -6
58517    -5
58519    -1
58523    -1
58527    -5
58529    -4
58530    -3
58531    -4
58534    -4
58537    -3
58542    -4
58543    -7
58544    -4
58546    -3
58547  -999
58548    -4
58549    -7
58550    -8
58553  -999
58556    -3
58557  -999
58558    -4
58559   -11
58562    -3
58563    -5
58565    -8
58567    -7
58569    -6
58570  -999
58601    -4
58602    -2
58605    -5
58606    -1
58608    -9
58609    -5
58612    -1
58614    -2
58615    -1
58616    -2
58618    -3
58620    -1
58624    -2
58625    -5
58626    -2
58629    -3
58631    -3
58632    -4
58633   -10
58634    -5
58635    -5
58642    -8
58643   -13
58644   -13
58646    -7
58647   -15
58652  -999
58654    -6
58656   -10
58657   -14
58658    -7
58659    -8
58660    -8
58664   -10
58665    -7
58666    -8
58667    -9
58693    -1
58701    -4
58704    -1
58706    -7
58707    -6
58710    -5
58712    -4
58713    -1
58714    -6
58715    -6
58719    -5
58724    -5
58725    -9
58730   -11
58731   -16
58735   -14
58736    -8
58737   -17
58742  -999
58745   -14
58746   -16
58747   -15
58748    -8
58749   -10
58750   -17
58751    -8
58752    -6
58754   -11
58760    -7
58804    -6
58813    -6
58814    -7
58819   -11
58820    -9
58821   -10
58822    -8
58823   -13
58824   -12
58826    -6
58828    -5
58834   -13
58836   -17
58839   -15
58844   -12
58845    -8
58846    -7
58847    -7
58848   -10
58903    -8
58905    -8
58906    -5
58907   -15
58911   -10
58912    -6
58917   -10
58918    -7
58921    -8
58923    -9
58926   -15
58928   -13
58929   -16
58931   -10
58932   -18
58933    -9
58934   -13
58935   -13
58941   -12
58942   -10
58944   -10
58946   -15
59001   -13
59004   -11
59007    -4
59012   -11
59015    -4
59017   -12
59021    -8
59022    -8
59023   -13
59025    -5
59027   -10
59031   -16
59033   -17
59034   -17
59037    -6
59038   -12
59041   -14
59044   -11
59045   -12
59046   -10
59047    -9
59051   -15
59052   -15
59053   -16
59055   -13
59057   -19
59058   -14
59059   -17
59061   -11
59063   -11
59064   -19
59065   -19
59071   -20
59072   -17
59074   -11
59075   -14
59081   -14
59082   -15
59087   -12
59088  -999
59090    -9
59091   -11
59093   -14
59094   -18
59096   -14
59097  -999
59099   -13
59102    -9
59106   -14
59107  -999
59109    -2
59114   -16
59116  -999
59117   -11
59122   -20
59124   -26
59125   -14
59126   -16
59127   -21
59130   -14
59131   -17
59133   -17
59134   -16
59137   -17
59205    -7
59209    -3
59211   -17
59213   -12
59215    -9
59218    -5
59224   -13
59227   -12
59228    -8
59229    -7
59230   -12
59235   -14
59237   -15
59238   -10
59241   -13
59242   -14
59246   -13
59249   -18
59254    -9
59255   -14
59256   -14
59264   -20
59265   -19
59266   -21
59268   -15
59269   -10
59270   -13
59271   -13
59276   -15
59278    -8
59279   -12
59280  -999
59284   -12
59285    -7
59287   -11
59288    -9
59289  -999
59290   -13
59293   -18
59294   -15
59297    -5
59298   -18
59303   -18
59304  -999
59306  -999
59310   -13
59312   -20
59313   -21
59314   -19
59315    -3
59316   -18
59318   -16
59319   -27
59320   -22
59321   -18
59322   -20
59324   -18
59417    -8
59419    -7
59421   -13
59425   -11
59426     0
59427    -8
59429    -1
59431    -6
59435    -7
59441    -8
59446   -15
59448   -12
59449   -13
59451    -8
59452   -16
59453   -14
59454    -4
59456     0
59457    -8
59462   -16
59469   -11
59470    -4
59471    -8
59473   -10
59475    -7
59476    -2
59477    -8
59478   -12
59480    -5
59481    -7
59485  -999
59487   -10
59488  -999
59492   -18
59493   -17
59500   -16
59501   -17
59502   -20
59626    -7
59632   -14
59640   -13
59644    -3
59647    -8
59650   -13
59653   -11
59654    -9
59655   -11
59656   -12
59658    -1
59659   -20
59663   -12
59664   -10
59673    -6
59750   -14
59754    -9
59757    -9
59758    -8
59838   -14
59842   -19
59843   -13
59845    -8
59847    -8
59848   -11
59849   -12
59851   -12
59854    -6
59855   -13
59856    -4
59940   -19
59941    -5
59945   -12
59948   -11
59951    -8
59954    -5
