	56867	-2.6829
	56976	-2.6643
	56649	-2.57
	59435	-2.5494
	59429	-2.4563
	56654	-2.3941
	56745	-2.3595
	56378	-2.3381
	59431	-2.3302
	56752	-2.3089
	56567	-2.2961
	56651	-2.288
	56862	-2.2739
	57900	-2.2635
	56652	-2.2557
	56950	-2.2279
	56767	-2.223
	56946	-2.1747
	56869	-2.1611
	56742	-2.1609
	56756	-2.1575
	59012	-2.1494
	56199	-2.1454
	56671	-2.1427
	56854	-2.1125
	56951	-2.11
	56843	-2.0836
	57307	-2.0736
	56751	-2.0539
	56948	-2.0484
	56748	-2.0321
	56296	-2.0301
	56670	-2.0213
	56664	-2.0098
	56768	-1.9669
	56674	-1.9536
	56761	-1.9536
	56846	-1.9448
	56665	-1.9361
	56856	-1.9321
	56898	-1.9202
	56842	-1.9196
	56944	-1.9114
	56952	-1.8605
	57909	-1.8516
	56961	-1.8469
	56849	-1.8423
	56792	-1.8422
	59417	-1.8356
	56986	-1.8251
	56645	-1.8157
	56746	-1.8114
	57004	-1.7728
	59954	-1.7724
	56646	-1.7724
	56995	-1.7642
	56870	-1.7608
	57903	-1.7572
	56766	-1.7474
	56889	-1.7423
	57401	-1.7409
	56376	-1.7381
	56643	-1.7339
	59427	-1.7314
	57303	-1.7295
	59215	-1.7288
	56755	-1.7207
	56839	-1.7207
	56196	-1.7063
	57304	-1.7052
	56851	-1.698
	56091	-1.6879
	56989	-1.6841
	59224	-1.6721
	56290	-1.6603
	56473	-1.6507
	56389	-1.6474
	56675	-1.6458
	56190	-1.6448
	56996	-1.6431
	56954	-1.6358
	56959	-1.6306
	56569	-1.6293
	56585	-1.6205
	59426	-1.6037
	56673	-1.6033
	59446	-1.6019
	56386	-1.6
	51437	-1.5866
	56841	-1.5756
	56764	-1.5708
	56763	-1.56
	57905	-1.5519
	56757	-1.5504
	54259	-1.5402
	56777	-1.5361
	56371	-1.5357
	52957	-1.5353
	54347	-1.5351
	56879	-1.5312
	56197	-1.5136
	57348	-1.5022
	56263	-1.4968
	59656	-1.4886
	59211	-1.4782
	56198	-1.4765
	57907	-1.4746
	57974	-1.4702
	56267	-1.4668
	56684	-1.4522
	57906	-1.4484
	56775	-1.4477
	56374	-1.4455
	56146	-1.4322
	59419	-1.4263
	56578	-1.4219
	56092	-1.4143
	57306	-1.4116
	56871	-1.4011
	56586	-1.3921
	57008	-1.3913
	56575	-1.3889
	59421	-1.3885
	54267	-1.3792
	56977	-1.3733
	57208	-1.3698
	57361	-1.3679
	54339	-1.3649
	56982	-1.3646
	57362	-1.3591
	57308	-1.3569
	51433	-1.353
	59441	-1.3449
	56958	-1.3336
	56181	-1.3305
	56178	-1.3211
	57483	-1.3199
	56973	-1.3172
	56247	-1.3106
	59754	-1.3053
	57475	-1.3015
	51435	-1.3009
	56285	-1.2997
	56885	-1.2965
	56978	-1.295
	57237	-1.2821
	56669	-1.277
	59425	-1.2761
	57259	-1.2694
	57217	-1.2605
	56291	-1.2587
	56985	-1.2545
	53676	-1.2531
	57807	-1.2476
	56478	-1.2441
	57803	-1.2419
	53917	-1.2337
	54332	-1.2311
	57368	-1.2241
	59027	-1.2213
	53881	-1.2185
	57333	-1.2117
	56774	-1.2066
	51711	-1.2064
	59940	-1.2063
	51642	-1.2034
	59229	-1.2012
	56273	-1.1957
	56580	-1.1874
	51705	-1.1865
	54336	-1.1839
	56872	-1.1759
	57248	-1.172
	57247	-1.1705
	56688	-1.1673
	56883	-1.1658
	56158	-1.1606
	59017	-1.1593
	59847	-1.157
	56571	-1.1543
	57461	-1.1543
	56875	-1.1542
	57359	-1.1509
	54335	-1.1508
	56840	-1.1498
	59237	-1.1483
	56189	-1.1445
	56873	-1.1432
	56772	-1.1422
	54365	-1.1305
	56065	-1.1283
	57377	-1.1156
	56975	-1.114
	56739	-1.1116
	57318	-1.1057
	56966	-1.1051
	59750	-1.1048
	52955	-1.0998
	53690	-1.0973
	57355	-1.0966
	54333	-1.0953
	57358	-1.0893
	56144	-1.0885
	52986	-1.0869
	56984	-1.0822
	57402	-1.0818
	57458	-1.0779
	51438	-1.0773
	57902	-1.0767
	56949	-1.0749
	57002	-1.068
	56480	-1.0669
	54822	-1.0622
	56987	-1.0522
	59230	-1.0476
	59228	-1.0463
	56878	-1.0449
	56474	-1.0427
	59664	-1.0413
	56257	-1.0383
	53908	-1.0358
	56838	-1.0311
	54323	-1.026
	57278	-1.0062
	56093	-1.0017
	57087	-0.9991
	53688	-0.9982
	54724	-0.9936
	57001	-0.9921
	59448	-0.9903
	56693	-0.9852
	57231	-0.9837
	56994	-0.9776
	53682	-0.9769
	57469	-0.9755
	57460	-0.9725
	57415	-0.9684
	59644	-0.9673
	51639	-0.9628
	56548	-0.9615
	56835	-0.9588
	51656	-0.9587
	54829	-0.9572
	57249	-0.9501
	59004	-0.9498
	56396	-0.9482
	57489	-0.9474
	53685	-0.9467
	52988	-0.9453
	57932	-0.9449
	56487	-0.9441
	56195	-0.9432
	57564	-0.9429
	56836	-0.9409
	56592	-0.9408
	56387	-0.9402
	57339	-0.9325
	57486	-0.9307
	59951	-0.9305
	56288	-0.9289
	56992	-0.9254
	56357	-0.9231
	56381	-0.9181
	56394	-0.913
	54266	-0.9121
	54824	-0.8991
	53780	-0.897
	56384	-0.8952
	54353	-0.8918
	54833	-0.8819
	56584	-0.8786
	53691	-0.8726
	51330	-0.8645
	57973	-0.8632
	59469	-0.8624
	57309	-0.8569
	56844	-0.8563
	57445	-0.8534
	56785	-0.8483
	53680	-0.8477
	56492	-0.8442
	54351	-0.8439
	57254	-0.8439
	56490	-0.8399
	51717	-0.8391
	51827	-0.8388
	57324	-0.8321
	57007	-0.8295
	58459	-0.8291
	56595	-0.8287
	56493	-0.8272
	57180	-0.8252
	57494	-0.8252
	57326	-0.8251
	56284	-0.8182
	56128	-0.8164
	59031	-0.8141
	56187	-0.8137
	54830	-0.8114
	56382	-0.81
	57257	-0.8093
	59235	-0.8091
	57006	-0.808
	51334	-0.8068
	52707	-0.8065
	57407	-0.8056
	57477	-0.8041
	56272	-0.8035
	59948	-0.7955
	54723	-0.7905
	59851	-0.7889
	53927	-0.787
	56886	-0.7855
	54753	-0.7839
	57821	-0.7839
	59658	-0.7829
	54825	-0.7819
	57437	-0.7796
	54386	-0.7767
	56969	-0.7757
	54837	-0.7726
	52998	-0.7716
	53695	-0.7665
	52436	-0.7565
	54474	-0.7418
	57363	-0.7414
	57206	-0.7402
	54517	-0.7386
	54728	-0.7384
	56863	-0.7373
	52974	-0.737
	56462	-0.7331
	56691	-0.7318
	52424	-0.7269
	52546	-0.723
	56598	-0.7223
	53693	-0.7219
	51810	-0.7209
	59856	-0.7204
	59238	-0.7199
	53694	-0.7182
	56891	-0.7164
	56876	-0.7153
	58334	-0.7139
	57387	-0.7125
	56281	-0.7113
	56970	-0.7112
	57432	-0.7109
	52833	-0.7102
	50892	-0.7095
	53784	-0.7089
	57314	-0.7076
	56494	-0.7054
	54254	-0.6993
	57012	-0.6984
	54751	-0.6967
	57661	-0.6937
	57011	-0.6911
	57800	-0.6911
	52633	-0.6881
	57137	-0.6852
	53783	-0.6848
	53367	-0.6842
	56391	-0.6836
	54752	-0.6828
	56251	-0.6805
	54834	-0.6802
	59451	-0.6799
	57317	-0.6784
	56095	-0.6757
	56443	-0.6757
	57818	-0.6738
	57464	-0.6721
	56491	-0.6718
	53915	-0.6713
	56071	-0.671
	56373	-0.67
	57926	-0.6688
	57014	-0.6678
	53707	-0.6654
	54261	-0.6652
	53886	-0.665
	59843	-0.6643
	57242	-0.6639
	51811	-0.6625
	57707	-0.6621
	53890	-0.6605
	56004	-0.6603
	57908	-0.6601
	53599	-0.6589
	53788	-0.658
	57102	-0.6572
	56793	-0.6568
	52968	-0.649
	57414	-0.6476
	57075	-0.6459
	57094	-0.6436
	51716	-0.6417
	56781	-0.6377
	58329	-0.6366
	56279	-0.6355
	54835	-0.6349
	53687	-0.6344
	54243	-0.6341
	59655	-0.633
	59449	-0.6303
	57129	-0.6183
	57268	-0.6183
	56390	-0.617
	53727	-0.6159
	51629	-0.6146
	57279	-0.613
	57173	-0.6111
	53469	-0.6107
	52856	-0.6078
	54346	-0.6057
	57485	-0.6056
	54712	-0.6054
	56289	-0.603
	51828	-0.5997
	57378	-0.5908
	58453	-0.5858
	53797	-0.5829
	56444	-0.5811
	57913	-0.5802
	53590	-0.5794
	52737	-0.5775
	51829	-0.5774
	54483	-0.5766
	57851	-0.5766
	54244	-0.5764
	56194	-0.5748
	54611	-0.5735
	56383	-0.5724
	52313	-0.5723
	57370	-0.5715
	52515	-0.5684
	56788	-0.5653
	54732	-0.565
	54811	-0.5647
	57914	-0.5646
	57465	-0.5639
	57181	-0.5632
	52866	-0.5614
	57021	-0.5605
	56395	-0.559
	57466	-0.5579
	54722	-0.5563
	53906	-0.5553
	53697	-0.5549
	54726	-0.5548
	57405	-0.5547
	59941	-0.5546
	57233	-0.5543
	53878	-0.5503
	55589	-0.547
	51722	-0.5454
	57315	-0.545
	51815	-0.5447
	56483	-0.5422
	56094	-0.5416
	57431	-0.54
	58238	-0.5387
	51818	-0.5383
	59855	-0.5373
	54539	-0.5362
	51709	-0.5339
	57251	-0.5321
	57385	-0.5303
	57857	-0.528
	53588	-0.5275
	57176	-0.5274
	52533	-0.5246
	56790	-0.5239
	59227	-0.5225
	52842	-0.5218
	57575	-0.5204
	56186	-0.5199
	57256	-0.5185
	57805	-0.5161
	58467	-0.5156
	57827	-0.5155
	51839	-0.5145
	53879	-0.5139
	57566	-0.5108
	56778	-0.5105
	52908	-0.5089
	54844	-0.5082
	57447	-0.5053
	51238	-0.5042
	53533	-0.5032
	54812	-0.5013
	59626	-0.4999
	51931	-0.4987
	53873	-0.4982
	56434	-0.4972
	57476	-0.4968
	57573	-0.4964
	53916	-0.4929
	52836	-0.4924
	53798	-0.492
	57169	-0.4913
	57345	-0.4902
	59650	-0.4901
	53705	-0.4898
	56084	-0.4887
	52993	-0.4884
	54729	-0.4873
	53925	-0.4867
	53989	-0.4857
	54821	-0.485
	57571	-0.4848
	53689	-0.4845
	57543	-0.4834
	51802	-0.4809
	52745	-0.4801
	59653	-0.4771
	57155	-0.4756
	53937	-0.4704
	53821	-0.4703
	53699	-0.4699
	56021	-0.4697
	53791	-0.4693
	57086	-0.4689
	52996	-0.4675
	54568	-0.4668
	57520	-0.4631
	53617	-0.4622
	53992	-0.4614
	51826	-0.46
	57835	-0.4577
	50525	-0.4563
	51436	-0.4563
	57089	-0.4545
	56295	-0.4537
	53472	-0.4531
	57204	-0.4503
	51730	-0.4497
	55696	-0.4496
	51628	-0.4479
	55248	-0.4462
	54263	-0.4448
	53696	-0.4415
	57809	-0.44
	54597	-0.4394
	54494	-0.4386
	56018	-0.4386
	53973	-0.4377
	57565	-0.4373
	53895	-0.4365
	54438	-0.4337
	53871	-0.4323
	53723	-0.431
	54819	-0.4309
	53611	-0.4309
	54616	-0.4286
	53475	-0.4275
	52825	-0.4271
	57525	-0.4253
	54507	-0.4236
	53467	-0.4231
	52447	-0.4224
	53573	-0.4213
	57110	-0.4211
	53795	-0.4198
	53596	-0.4184
	54475	-0.4158
	53518	-0.4154
	57972	-0.4113
	58247	-0.4107
	51633	-0.4101
	57093	-0.4099
	56188	-0.408
	59945	-0.4078
	54331	-0.4076
	54169	-0.4071
	56962	-0.4067
	54569	-0.4064
	55572	-0.4061
	50527	-0.4058
	58441	-0.4058
	53994	-0.4029
	57808	-0.4004
	51707	-0.3984
	51434	-0.3982
	59842	-0.3977
	54816	-0.3973
	52995	-0.3921
	52985	-0.3904
	53987	-0.3883
	53517	-0.3872
	53698	-0.3864
	56380	-0.3832
	51328	-0.3826
	53612	-0.3804
	54535	-0.3746
	52575	-0.3717
	59849	-0.3705
	57574	-0.3674
	57966	-0.3672
	57969	-0.3666
	56276	-0.3653
	54424	-0.3649
	57540	-0.3649
	52869	-0.3636
	56582	-0.3623
	59640	-0.36
	56280	-0.3578
	53903	-0.3561
	58314	-0.3561
	53889	-0.3531
	51777	-0.353
	55294	-0.3514
	56180	-0.3502
	57016	-0.3499
	58464	-0.3466
	51636	-0.3456
	53995	-0.3438
	54260	-0.3429
	57481	-0.3426
	57185	-0.3423
	56593	-0.3417
	57260	-0.3417
	51814	-0.3404
	56147	-0.34
	53988	-0.3399
	57600	-0.3356
	54530	-0.3351
	54493	-0.3329
	56125	-0.3317
	52982	-0.3314
	53914	-0.3307
	53923	-0.3301
	57040	-0.3295
	52557	-0.3282
	58339	-0.3275
	56167	-0.3271
	57265	-0.3268
	56783	-0.3253
	53776	-0.325
	54534	-0.3233
	57846	-0.3208
	53660	-0.3207
	59205	-0.3099
	56278	-0.3099
	54803	-0.3087
	52652	-0.3081
	53976	-0.3079
	57426	-0.3068
	53888	-0.3064
	54628	-0.3046
	57126	-0.3019
	50950	-0.3013
	57910	-0.3013
	54810	-0.3
	51465	-0.3
	54505	-0.2986
	58452	-0.2981
	56043	-0.2978
	54737	-0.2941
	54932	-0.2941
	53997	-0.294
	57191	-0.2934
	54622	-0.2929
	53894	-0.2923
	51329	-0.2919
	52980	-0.2919
	57416	-0.2913
	53789	-0.2904
	57128	-0.2888
	53897	-0.2871
	53924	-0.2862
	57078	-0.2849
	51627	-0.2846
	57245	-0.2828
	54439	-0.2827
	51708	-0.2813
	57186	-0.2805
	56596	-0.2791
	56193	-0.2789
	58468	-0.2784
	58316	-0.2742
	54455	-0.2719
	51855	-0.2718
	57825	-0.2715
	52101	-0.2701
	51431	-0.2662
	50136	-0.2652
	54615	-0.2629
	57044	-0.2624
	53998	-0.2615
	54604	-0.2606
	52895	-0.2602
	53817	-0.2598
	57517	-0.258
	53810	-0.2577
	58337	-0.2561
	54802	-0.2558
	56964	-0.2558
	59242	-0.2556
	54814	-0.2531
	50913	-0.253
	51145	-0.2521
	59063	-0.248
	57708	-0.2472
	54923	-0.2471
	58311	-0.2469
	57514	-0.2438
	56881	-0.2394
	54601	-0.2391
	50954	-0.2388
	51542	-0.2388
	57020	-0.2385
	52607	-0.2359
	57728	-0.2346
	53618	-0.2341
	57216	-0.2335
	52643	-0.2331
	53984	-0.2305
	57035	-0.2297
	54818	-0.2291
	54523	-0.228
	57177	-0.2268
	52984	-0.225
	53519	-0.2246
	51644	-0.2208
	54252	-0.2202
	57192	-0.2182
	57936	-0.2182
	56786	-0.2175
	54607	-0.2124
	52645	-0.2121
	53593	-0.2114
	57390	-0.2114
	53892	-0.2111
	50618	-0.2101
	54311	-0.21
	57605	-0.2091
	51430	-0.2081
	54434	-0.2054
	54398	-0.204
	57545	-0.2024
	57544	-0.201
	53289	-0.2007
	51358	-0.2
	54828	-0.1997
	53829	-0.1979
	52446	-0.1977
	51058	-0.1966
	56317	-0.1915
	53419	-0.1911
	51559	-0.191
	54237	-0.1908
	50349	-0.1902
	54719	-0.1885
	56499	-0.1883
	57195	-0.188
	57096	-0.1869
	56782	-0.1868
	52818	-0.1865
	54731	-0.1856
	57505	-0.1856
	53910	-0.1847
	51133	-0.1846
	54613	-0.1823
	57420	-0.1811
	54541	-0.1787
	57927	-0.1784
	57042	-0.1776
	53993	-0.1771
	59023	-0.1762
	58457	-0.1747
	57033	-0.1734
	56116	-0.1721
	53276	-0.1671
	53928	-0.1671
	57720	-0.1664
	53996	-0.1653
	57425	-0.165
	54940	-0.1649
	54623	-0.1637
	53982	-0.1622
	57127	-0.1618
	53399	-0.1614
	54404	-0.1613
	54157	-0.1609
	58436	-0.1608
	51243	-0.1607
	54486	-0.1571
	55228	-0.1568
	54766	-0.1539
	57536	-0.1538
	53681	-0.1534
	50247	-0.1529
	58008	-0.1529
	54848	-0.1524
	57411	-0.1509
	56882	-0.1488
	53930	-0.1483
	57045	-0.1477
	51701	-0.1475
	56533	-0.1471
	51186	-0.1455
	51704	-0.1452
	57271	-0.1437
	51720	-0.1429
	57175	-0.1426
	57396	-0.1426
	57105	-0.1423
	59845	-0.1417
	51241	-0.1397
	57038	-0.1392
	54624	-0.138
	57083	-0.1374
	59632	-0.1371
	54831	-0.1369
	58249	-0.1367
	55472	-0.1359
	50834	-0.1353
	58007	-0.1351
	57671	-0.131
	58001	-0.1305
	58341	-0.1281
	57874	-0.1276
	57081	-0.1274
	54640	-0.1257
	53357	-0.1236
	56498	-0.1235
	56697	-0.1224
	54645	-0.122
	54412	-0.1212
	57662	-0.1195
	54900	-0.1189
	53378	-0.1188
	56497	-0.1182
	59453	-0.1176
	53614	-0.1173
	54363	-0.117
	53777	-0.1151
	54627	-0.1141
	53770	-0.1134
	54521	-0.1122
	56287	-0.1116
	57183	-0.1114
	53926	-0.1103
	54832	-0.11
	51655	-0.1087
	57095	-0.1079
	57714	-0.107
	54644	-0.1061
	54662	-0.1059
	54511	-0.1053
	57031	-0.1052
	52874	-0.1043
	57837	-0.102
	54700	-0.1019
	57261	-0.1013
	56074	-0.1011
	53658	-0.1009
	59663	-0.1003
	57313	-0.0996
	51765	-0.099
	57079	-0.0963
	52112	-0.0951
	59848	-0.0927
	59218	-0.0926
	57663	-0.092
	57329	-0.0917
	58449	-0.089
	54620	-0.0888
	54416	-0.0884
	54429	-0.0871
	58026	-0.0853
	53492	-0.0839
	59007	-0.0837
	54922	-0.0828
	51469	-0.0827
	58335	-0.0817
	58336	-0.0812
	53763	-0.0808
	53896	-0.0801
	53384	-0.0782
	58100	-0.0776
	53979	-0.0768
	53983	-0.0768
	53704	-0.0766
	57395	-0.0759
	52681	-0.0752
	51059	-0.0748
	53692	-0.0745
	54527	-0.0741
	57022	-0.0736
	57029	-0.073
	57562	-0.0717
	50246	-0.0703
	58345	-0.0699
	54406	-0.0669
	52853	-0.0661
	59838	-0.0639
	57091	-0.0633
	51357	-0.0623
	50524	-0.0612
	56096	-0.0582
	53488	-0.0574
	56594	-0.0572
	52983	-0.053
	54408	-0.0519
	53512	-0.0516
	58460	-0.0498
	57032	-0.0495
	54349	-0.0488
	53980	-0.0478
	54528	-0.0477
	59457	-0.0476
	53615	-0.0475
	54910	-0.0457
	54522	-0.0447
	58246	-0.0442
	57162	-0.0437
	54636	-0.0388
	54453	-0.037
	50833	-0.035
	57111	-0.0349
	57512	-0.0347
	57090	-0.0338
	57828	-0.0334
	53574	-0.032
	55493	-0.0316
	54617	-0.0312
	57577	-0.0308
	57975	-0.0306
	54908	-0.0305
	53455	-0.0293
	54939	-0.0287
	53562	-0.0273
	57098	-0.0252
	58448	-0.0249
	54618	-0.0227
	59246	-0.0211
	54806	-0.021
	57438	-0.021
	51567	-0.0207
	51377	-0.0188
	54301	-0.0186
	54291	-0.0185
	55681	-0.0174
	57417	-0.0171
	57558	-0.0171
	53610	-0.0151
	54904	-0.0147
	53941	-0.0144
	57806	-0.0135
	54710	-0.0134
	57824	-0.0128
	54419	-0.0125
	53505	-0.012
	59758	-0.0111
	51477	-0.0111
	57349	-0.0091
	54716	-0.0081
	57085	-0.0074
	53619	-0.0070
	57510	-0.0067
	53806	-0.0064
	56880	-0.0057
	52884	-0.0055
	58101	-0.0048
	57179	-0.0045
	52203	-0.0044
	53959	-0.0043
	58327	-0.0038
	54841	-0.0025
	52885	-0.0011
	50858	-5.0E-4
	54621	0.0014
	56393	0.0029
	53794	0.0035
	53935	0.0040
	53522	0.0042
	53565	0.0047
	54749	0.0068
	54428	0.0077
	54701	0.0080
	54614	0.0081
	57541	0.0093
	59213	0.0109
	57024	0.0159
	54764	0.0163
	51495	0.0168
	57482	0.0174
	52896	0.019
	58562	0.0203
	54714	0.0206
	57047	0.0217
	53576	0.0234
	57074	0.0236
	58321	0.0239
	56168	0.024
	51356	0.0275
	59209	0.0276
	55578	0.0279
	57608	0.0298
	53553	0.0302
	58264	0.0348
	57055	0.0351
	52323	0.0355
	56298	0.0357
	57518	0.0365
	54249	0.0367
	51076	0.0388
	57381	0.0391
	53972	0.0401
	53772	0.0407
	54525	0.0411
	51137	0.0417
	58356	0.0418
	54602	0.0428
	57916	0.0432
	54590	0.0434
	57213	0.0435
	53499	0.0446
	53899	0.045
	57198	0.0451
	54245	0.0458
	58323	0.0459
	54744	0.0461
	53773	0.0462
	57811	0.0465
	54706	0.0466
	58114	0.0468
	54431	0.0483
	55279	0.0486
	52674	0.0493
	57554	0.0518
	54503	0.053
	50844	0.0534
	57196	0.0551
	53774	0.0553
	57253	0.0564
	52963	0.0572
	56034	0.0579
	50425	0.0595
	53580	0.0606
	57119	0.0608
	58005	0.0616
	53771	0.0622
	51470	0.0623
	54738	0.0634
	57439	0.0645
	51804	0.0689
	52876	0.0698
	53644	0.0731
	57113	0.0765
	58301	0.0776
	53947	0.0791
	51156	0.0792
	54520	0.0795
	52787	0.0795
	54506	0.0798
	53678	0.081
	54308	0.0812
	58369	0.0817
	57511	0.0833
	54342	0.0852
	59058	0.0854
	54164	0.0859
	56496	0.0863
	54708	0.0869
	55680	0.0869
	59001	0.0869
	57502	0.0884
	53478	0.0902
	58257	0.0936
	57178	0.0962
	54709	0.0966
	53646	0.0984
	56991	0.0991
	54902	0.0993
	56033	0.0993
	59015	0.0995
	58366	0.1024
	53832	0.1057
	53938	0.1065
	57099	0.109
	57285	0.1096
	58544	0.1123
	57506	0.1136
	50854	0.1145
	57737	0.1145
	58344	0.115
	57519	0.1171
	55299	0.1172
	57194	0.1173
	58377	0.1179
	54911	0.1195
	58125	0.1213
	54914	0.122
	57298	0.1226
	53978	0.1234
	54161	0.1236
	53582	0.125
	54436	0.1251
	53392	0.126
	53498	0.126
	57153	0.1291
	58255	0.1301
	54852	0.1321
	50468	0.1332
	54765	0.1352
	54540	0.1355
	58111	0.1355
	57054	0.1377
	52978	0.1393
	54717	0.1396
	57493	0.1409
	54903	0.1437
	57072	0.1441
	56184	0.1508
	57674	0.152
	54531	0.1538
	50968	0.1559
	50741	0.1572
	58032	0.1572
	58462	0.1583
	58362	0.1614
	58450	0.1616
	54809	0.162
	57056	0.1625
	53584	0.1627
	50745	0.1646
	58446	0.1657
	52656	0.1659
	58035	0.1671
	53484	0.1676
	54603	0.168
	50739	0.1681
	58429	0.1684
	57408	0.1687
	53778	0.1701
	59241	0.1714
	57388	0.1715
	57053	0.1736
	54135	0.1736
	59854	0.1737
	53464	0.1749
	54423	0.175
	54608	0.1756
	54901	0.1768
	57710	0.1774
	58463	0.1782
	54425	0.1813
	57718	0.1823
	50832	0.1844
	57297	0.1861
	58935	0.1866
	53970	0.188
	54502	0.1898
	53457	0.1907
	57082	0.1912
	50778	0.1919
	54049	0.1926
	54759	0.1932
	53272	0.1955
	52889	0.1962
	56441	0.1974
	53578	0.1974
	50431	0.1981
	58102	0.1995
	54913	0.2006
	56489	0.2012
	54804	0.202
	57063	0.2034
	58254	0.204
	51346	0.2056
	54711	0.2059
	57829	0.2067
	54374	0.2087
	54432	0.2087
	57657	0.2091
	50566	0.2108
	57666	0.2136
	53481	0.2155
	56297	0.216
	51053	0.2168
	56016	0.217
	51482	0.2175
	54518	0.218
	50749	0.2219
	50647	0.222
	50434	0.2241
	57070	0.2247
	59057	0.2248
	50727	0.2288
	53368	0.2336
	58002	0.2339
	50632	0.2341
	53931	0.2347
	54231	0.2354
	58004	0.2355
	54626	0.2359
	57409	0.2361
	53760	0.2369
	53748	0.2381
	57994	0.2413
	53967	0.2429
	54102	0.2431
	57080	0.2434
	57954	0.2498
	57065	0.2578
	54921	0.259
	54449	0.2635
	58268	0.2642
	51352	0.2645
	57507	0.2658
	51087	0.2661
	57389	0.2708
	57026	0.2726
	54142	0.273
	50758	0.2737
	55664	0.2739
	54905	0.2741
	57585	0.276
	54820	0.277
	54430	0.278
	57496	0.2798
	58130	0.2817
	58242	0.2862
	51369	0.2884
	54704	0.2918
	57076	0.2921
	54041	0.2953
	58340	0.2989
	57328	0.2993
	54827	0.3026
	58361	0.3027
	52679	0.3034
	57957	0.3044
	53750	0.3053
	54318	0.3058
	54234	0.3067
	59021	0.3074
	53659	0.3075
	54702	0.309
	50656	0.3107
	53893	0.315
	54154	0.315
	53490	0.3154
	54454	0.3183
	57051	0.3185
	53769	0.3218
	57522	0.3218
	54134	0.3225
	50842	0.3228
	50928	0.3243
	53487	0.3244
	51571	0.3246
	54915	0.3258
	51526	0.3317
	59647	0.3319
	54204	0.3325
	53585	0.334
	57043	0.3352
	50788	0.3366
	54273	0.3366
	54186	0.337
	57057	0.3414
	53669	0.3439
	54099	0.3448
	50639	0.3464
	57853	0.347
	58006	0.3476
	53751	0.3477
	58358	0.3488
	50353	0.3495
	50750	0.3498
	58365	0.3499
	53949	0.3505
	50973	0.3534
	57832	0.3536
	57581	0.3552
	57719	0.3578
	53486	0.3581
	54165	0.3601
	54420	0.3608
	58020	0.3612
	50983	0.3647
	57822	0.3647
	59654	0.3657
	57964	0.3677
	57738	0.3686
	50956	0.3736
	50646	0.3744
	56183	0.3746
	53732	0.3746
	57071	0.3747
	50756	0.3756
	57399	0.3759
	54575	0.3761
	57956	0.3768
	56029	0.3772
	53397	0.3797
	53957	0.3801
	53768	0.3802
	58122	0.3802
	57942	0.381
	54325	0.3812
	58003	0.3817
	54156	0.3827
	50838	0.3828
	50888	0.3856
	59034	0.3858
	53666	0.3859
	57612	0.3862
	57398	0.3865
	59456	0.3866
	57189	0.3875
	57739	0.3878
	52784	0.3904
	53674	0.3921
	58131	0.3959
	54512	0.3962
	59053	0.3967
	58942	0.3994
	57143	0.4001
	50880	0.4004
	57492	0.4022
	58011	0.4026
	58941	0.4087
	57744	0.4089
	53944	0.4112
	51378	0.4126
	53343	0.4169
	53966	0.4176
	57981	0.418
	54633	0.4194
	56067	0.4211
	57537	0.4212
	54907	0.4215
	57655	0.4219
	58259	0.4223
	50445	0.4232
	57614	0.4245
	53483	0.4249
	54610	0.4252
	54619	0.4277
	59045	0.4311
	51463	0.4317
	54181	0.4338
	59037	0.435
	54707	0.4373
	50442	0.4434
	57887	0.4471
	57513	0.4483
	58234	0.454
	50655	0.4551
	50945	0.456
	57273	0.4564
	58208	0.4566
	53950	0.4577
	59061	0.4589
	57193	0.4594
	57735	0.4614
	54703	0.462
	58104	0.4626
	54713	0.4631
	50526	0.4663
	50939	0.468
	50755	0.4693
	58907	0.47
	58015	0.4707
	51288	0.4724
	54276	0.4735
	58250	0.4753
	54935	0.4754
	50557	0.4761
	58359	0.4794
	54515	0.4795
	54218	0.4803
	58141	0.484
	54918	0.4868
	57274	0.4876
	52661	0.4903
	53433	0.4903
	54320	0.4905
	51367	0.4925
	54214	0.4926
	57582	0.4939
	53945	0.494
	51359	0.4944
	58243	0.4946
	57516	0.495
	57027	0.4953
	51068	0.4974
	54925	0.498
	58419	0.4981
	50774	0.4997
	58549	0.501
	58542	0.5029
	58230	0.5032
	58027	0.5046
	54313	0.5091
	58306	0.5107
	58923	0.5123
	58241	0.5132
	58331	0.5143
	57844	0.5164
	53756	0.5167
	57589	0.5167
	53841	0.5187
	54069	0.5194
	59265	0.5223
	53845	0.5227
	54605	0.5233
	57985	0.5233
	58660	0.5265
	58012	0.5273
	58556	0.5288
	57491	0.5307
	53420	0.5316
	56106	0.5337
	50548	0.5348
	57060	0.5348
	53491	0.5348
	58244	0.5393
	58126	0.5396
	58048	0.5411
	58265	0.5415
	58352	0.5418
	56192	0.5424
	50963	0.5436
	54327	0.5454
	58346	0.547
	53962	0.5497
	59051	0.5509
	50564	0.5525
	54912	0.5599
	54938	0.5613
	57584	0.562
	53963	0.562
	59255	0.5621
	57834	0.5627
	57729	0.5633
	53848	0.5643
	50514	0.5661
	50674	0.5663
	52797	0.5678
	58557	0.5688
	58418	0.5703
	54122	0.5727
	50884	0.5734
	54316	0.574
	54433	0.5757
	54917	0.5762
	53965	0.5785
	53857	0.5793
	58569	0.5798
	54292	0.5807
	58038	0.5812
	57603	0.5838
	50867	0.5843
	51379	0.5843
	58431	0.5864
	58113	0.5892
	53964	0.5898
	54187	0.5902
	50934	0.5914
	50859	0.5936
	57865	0.5951
	51572	0.5958
	51581	0.5963
	54777	0.5977
	57899	0.5981
	58021	0.5991
	57299	0.5994
	58240	0.6046
	51568	0.6064
	58330	0.6084
	57625	0.6093
	57634	0.6093
	58428	0.6095
	54226	0.6114
	58461	0.6164
	54096	0.6177
	53577	0.6207
	54064	0.6223
	54919	0.6231
	58017	0.6233
	54705	0.6251
	58343	0.6254
	57947	0.6257
	59470	0.6281
	54906	0.6284
	50948	0.6303
	57976	0.6304
	50787	0.6309
	56152	0.6316
	59065	0.6338
	58520	0.6363
	58150	0.6376
	55690	0.6388
	57840	0.6403
	50851	0.6418
	58016	0.6448
	53868	0.6456
	50946	0.6473
	57996	0.649
	56641	0.6496
	57876	0.6506
	55655	0.6537
	58433	0.6583
	53757	0.6613
	57646	0.6636
	58013	0.6675
	58044	0.6686
	51060	0.67
	54195	0.6701
	58567	0.672
	53954	0.6728
	57508	0.6761
	58245	0.6767
	56171	0.6774
	54047	0.6792
	53753	0.6793
	58472	0.6802
	57290	0.6812
	50603	0.6832
	59254	0.6842
	59270	0.6862
	54855	0.6866
	54285	0.6866
	58132	0.6889
	53764	0.6921
	53575	0.6955
	58025	0.6955
	54606	0.6959
	58128	0.6961
	57971	0.7037
	52418	0.7042
	57647	0.7048
	57598	0.7095
	54920	0.7099
	59116	0.7119
	50673	0.7132
	59094	0.7143
	59477	0.7235
	57923	0.7237
	57687	0.7249
	58269	0.7267
	57498	0.733
	58612	0.7336
	56097	0.7342
	56399	0.7369
	51573	0.7373
	54421	0.7426
	58207	0.7436
	59475	0.7441
	57649	0.7467
	58237	0.7471
	57990	0.7474
	54846	0.7487
	57841	0.7515
	56045	0.7525
	58665	0.7576
	59047	0.7576
	57609	0.7588
	58030	0.7609
	52765	0.7613
	59268	0.7619
	54594	0.7628
	54098	0.7629
	54305	0.7644
	53956	0.7699
	54026	0.7752
	54284	0.7754
	58049	0.7779
	58367	0.7792
	50742	0.7793
	54324	0.7807
	58414	0.7816
	57320	0.7818
	53861	0.7854
	58342	0.7857
	59454	0.7873
	54205	0.7895
	53850	0.7908
	57965	0.7916
	58140	0.7917
	58435	0.7921
	57586	0.7934
	58643	0.7956
	54039	0.7979
	54290	0.7994
	58351	0.7998
	59064	0.8
	57816	0.8022
	58251	0.8059
	57991	0.8081
	53337	0.8091
	58632	0.8106
	59321	0.8119
	54065	0.812
	58932	0.8127
	51353	0.8174
	59052	0.8205
	58129	0.821
	57896	0.8223
	59133	0.8226
	50978	0.8242
	58047	0.8251
	58404	0.8258
	58127	0.8279
	58022	0.8286
	58707	0.8287
	54519	0.8288
	58040	0.8295
	53348	0.8313
	52862	0.8319
	58438	0.8331
	59264	0.8346
	52657	0.8384
	58118	0.8389
	54499	0.8405
	58934	0.8418
	57292	0.845
	50960	0.8511
	57679	0.8512
	50776	0.8514
	50955	0.8535
	57912	0.8549
	57993	0.8576
	59096	0.8603
	54225	0.8631
	53862	0.8667
	58135	0.8671
	57643	0.8689
	58146	0.8696
	59324	0.8702
	54514	0.8721
	57995	0.8726
	58926	0.8734
	51365	0.8751
	58326	0.8798
	53767	0.8826
	56080	0.8829
	56079	0.883
	53860	0.8848
	53856	0.8862
	56164	0.8881
	50772	0.8912
	58154	0.893
	59471	0.8938
	58401	0.8953
	58500	0.8954
	57640	0.8957
	57889	0.8961
	54596	0.8983
	57713	0.904
	57732	0.9053
	50958	0.9088
	58570	0.9088
	59473	0.9106
	50940	0.9113
	58432	0.9125
	54849	0.9141
	57296	0.918
	54076	0.9275
	50965	0.9287
	58548	0.9339
	50937	0.9352
	57294	0.9359
	57678	0.9371
	58427	0.9381
	58402	0.9387
	58921	0.9421
	58041	0.9429
	59059	0.9472
	58214	0.9485
	57948	0.9487
	58839	0.9538
	58145	0.9571
	58143	0.9574
	50949	0.9612
	53864	0.9616
	57635	0.9633
	58426	0.9659
	58666	0.9702
	54223	0.9748
	58929	0.9768
	58705	0.9776
	54328	0.9802
	57187	0.9807
	58108	0.982
	59476	0.9837
	57839	0.9854
	57922	0.9858
	58235	0.9869
	59266	0.991
	59099	0.9942
	54778	0.9948
	57731	0.9958
	57866	0.9979
	53869	0.9983
	54213	0.9985
	58354	1.0045
	57992	1.0073
	50775	1.0179
	57891	1.0179
	58543	1.0208
	58502	1.0215
	58107	1.0221
	58936	1.0226
	54113	1.0251
	59033	1.0274
	50962	1.0309
	59025	1.0312
	58642	1.0337
	54027	1.0348
	58205	1.0357
	51467	1.0386
	57682	1.0392
	59319	1.0413
	54321	1.0426
	54861	1.0436
	56046	1.0445
	51232	1.0449
	58602	1.0481
	58415	1.0551
	57742	1.0714
	58600	1.0733
	59452	1.0773
	54853	1.0807
	57799	1.0807
	54063	1.0837
	56182	1.09
	58417	1.091
	57295	1.092
	54319	1.0936
	57743	1.0996
	59044	1.1003
	58826	1.1024
	58109	1.1025
	57717	1.107
	58845	1.1072
	59316	1.1098
	59131	1.11
	58507	1.1159
	53192	1.1216
	50862	1.124
	54031	1.1247
	58477	1.1261
	58843	1.1383
	58647	1.1388
	58519	1.1422
	58442	1.1432
	57595	1.1465
	54094	1.1498
	54871	1.154
	59256	1.1659
	50852	1.1803
	58360	1.1866
	57636	1.1913
	57509	1.1996
	58634	1.2011
	57886	1.2015
	58652	1.2035
	50879	1.2049
	54072	1.2071
	54117	1.2094
	58911	1.2096
	58906	1.2102
	57845	1.2123
	57921	1.2161
	54826	1.2172
	58754	1.2202
	58224	1.2214
	58558	1.2216
	59046	1.2236
	57637	1.2242
	58407	1.2256
	59276	1.2275
	58484	1.2295
	54024	1.23
	57760	1.233
	58644	1.2373
	58509	1.2379
	54080	1.2432
	57745	1.2436
	58147	1.2479
	50936	1.2485
	58424	1.2491
	58501	1.251
	54115	1.2512
	53865	1.2533
	58912	1.2538
	53852	1.2566
	57915	1.2622
	58353	1.263
	57722	1.2651
	58508	1.2654
	59134	1.2741
	58514	1.2744
	58944	1.2752
	57762	1.2755
	54132	1.2775
	58523	1.2783
	57763	1.2792
	59279	1.2841
	59462	1.29
	59481	1.2902
	57413	1.2926
	57623	1.2943
	58117	1.3022
	59117	1.3076
	57673	1.3083
	58215	1.3135
	50853	1.3144
	59106	1.3158
	59137	1.3251
	57606	1.3266
	57642	1.3269
	58421	1.3363
	58633	1.3507
	59278	1.3515
	58319	1.3599
	58537	1.3611
	58614	1.3634
	59081	1.3645
	58158	1.3659
	53336	1.3779
	58646	1.3785
	59312	1.3797
	50873	1.3818
	57761	1.3818
	59315	1.3822
	54863	1.3831
	58928	1.3831
	58626	1.3853
	57523	1.3888
	59485	1.3899
	58752	1.3929
	58223	1.3998
	58317	1.4084
	58903	1.4088
	58704	1.4121
	57723	1.4145
	59122	1.4157
	59092	1.4161
	58212	1.4168
	58220	1.4195
	58139	1.4268
	57860	1.4275
	58609	1.431
	59055	1.4331
	59071	1.4337
	58221	1.4376
	58844	1.44
	58622	1.4412
	59288	1.4453
	59038	1.4456
	58222	1.4475
	58742	1.4628
	57741	1.464
	57590	1.4716
	56038	1.4759
	50985	1.4828
	58529	1.4878
	54172	1.4884
	59130	1.4967
	58635	1.504
	59478	1.5069
	58416	1.5146
	57814	1.5159
	57293	1.5176
	57895	1.5222
	55773	1.5258
	54943	1.5355
	57604	1.5442
	57949	1.546
	59125	1.5726
	57680	1.573
	58693	1.5744
	57736	1.5832
	57978	1.5849
	58616	1.5857
	56185	1.5874
	58202	1.5879
	59303	1.5951
	57955	1.5951
	59097	1.5956
	59091	1.5958
	58620	1.596
	54286	1.6032
	58659	1.6065
	58828	1.6115
	59124	1.6204
	57669	1.6225
	58210	1.6228
	54092	1.635
	57769	1.6383
	58806	1.6415
	58749	1.642
	58503	1.6426
	59320	1.6442
	58534	1.6493
	58203	1.6518
	58804	1.6636
	59113	1.6657
	59022	1.6691
	58847	1.6809
	50878	1.6878
	58846	1.6885
	58517	1.6952
	58531	1.6959
	58615	1.698
	58512	1.6998
	59072	1.7035
	59673	1.7057
	58746	1.7149
	58606	1.7161
	59304	1.7178
	58731	1.7239
	50871	1.7293
	59127	1.7342
	58618	1.7349
	57740	1.739
	57988	1.7452
	50964	1.7478
	57772	1.75
	58236	1.763
	58814	1.765
	58437	1.7725
	58706	1.7776
	59093	1.7835
	59306	1.7844
	57989	1.7864
	58848	1.7926
	58420	1.795
	57870	1.8024
	58656	1.8174
	59480	1.822
	58918	1.8231
	59269	1.8244
	57766	1.8285
	59271	1.831
	58605	1.8314
	59310	1.8369
	57754	1.843
	58619	1.8549
	57867	1.8574
	58714	1.8599
	58905	1.8629
	57771	1.8702
	59249	1.8723
	59314	1.8831
	58625	1.8832
	58744	1.892
	50877	1.8927
	58510	1.9002
	59322	1.9093
	57583	1.9218
	58409	1.9219
	58225	1.9269
	58608	1.936
	57911	1.9364
	59487	1.9425
	58637	1.9544
	59488	1.9593
	57658	1.9624
	58818	1.9736
	59293	1.9838
	57813	1.9921
	58837	2.0026
	57798	2.0066
	59313	2.0131
	59109	2.0159
	59082	2.0165
	59318	2.017
	58946	2.0253
	58601	2.0477
	58931	2.0479
	57871	2.0756
	57868	2.0838
	57941	2.0947
	57752	2.0982
	58735	2.0996
	57778	2.1054
	59107	2.1068
	58530	2.1127
	57789	2.1275
	57962	2.1349
	57499	2.1365
	58629	2.1396
	58715	2.1571
	57883	2.1587
	57688	2.1719
	59074	2.1797
	57758	2.1841
	59289	2.1852
	58148	2.1873
	58408	2.1898
	59090	2.2089
	57780	2.2233
	59126	2.2247
	57882	2.2288
	58748	2.2586
	58819	2.2947
	57894	2.3017
	59493	2.3044
	58836	2.3057
	58138	2.325
	59290	2.3403
	58813	2.3462
	57859	2.3508
	58712	2.3551
	57960	2.3564
	59041	2.3754
	59502	2.3786
	59075	2.428
	59287	2.4319
	59317	2.4347
	57875	2.435
	59114	2.4363
	58667	2.4633
	58710	2.4799
	57773	2.4878
	59102	2.4981
	57842	2.504
	58917	2.55
	58824	2.5784
	58730	2.6116
	59087	2.6327
	57792	2.6394
	58834	2.6441
	58713	2.652
	58736	2.6619
	57767	2.673
	59492	2.6881
	58933	2.7012
	57872	2.7042
	58527	2.7089
	58701	2.7119
	59280	2.7249
	58624	2.755
	58664	2.769
	57694	2.7717
	58927	2.7807
	51468	2.7915
	58737	2.8221
	57779	2.8399
	57774	2.8404
	58751	2.8459
	57633	2.8577
	59294	2.8779
	58821	2.8835
	58719	2.8865
	57734	2.8991
	57699	2.9007
	58822	2.9162
	58734	2.9706
	58718	3.0125
	58820	3.0165
	57796	3.0214
	59284	3.0404
	58823	3.0424
	59501	3.0546
	59297	3.0549
	59298	3.059
	58724	3.0602
	57696	3.0682
	57793	3.1038
	58747	3.104
	59285	3.1495
	59088	3.1648
	57781	3.1677
	59500	3.2715
	57786	3.2794
	57698	3.3039
	58725	3.4569
	57881	3.4689
	57777	3.6161
	57768	3.7142
