50136     1
50137  -999
50246     0
50247  -999
50349     1
50353     1
50425   -14
50431    -1
50434    -1
50442     1
50445     0
50468     1
50514   -13
50524    -9
50525    -5
50526   -12
50527    -6
50548     0
50557     1
50564    -2
50566     1
50603   -17
50618   -30
50632    -3
50639     0
50646    -1
50647    -3
50655    -4
50656     1
50658    -5
50659    -4
50673     2
50674    -1
50727   -12
50739  -999
50741   -12
50742    -7
50745     1
50749    -8
50750     0
50755    -2
50756    -2
50758     0
50767    -5
50772     1
50774     0
50775     2
50776     1
50778     1
50779    -1
50787     1
50788     0
50832   -20
50833   -16
50834   -14
50838    -1
50842   -17
50844   -23
50851   -11
50852    -2
50853     0
50854   -10
50858   -12
50859    -1
50861     1
50862     0
50867     0
50871     1
50873     1
50877     0
50878     0
50879     0
50880     1
50884     1
50888     0
50892    -2
50913   -27
50915   -21
50924  -999
50928   -19
50934   -16
50936    -3
50937   -21
50939   -12
50940   -13
50945  -999
50946     0
50948   -22
50949   -12
50950   -12
50953   -10
50954   -19
50955  -999
50956    -8
50958    -8
50960   -13
50962     1
50963     0
50964    -2
50965    -4
50968    -7
50971  -999
50973  -999
50978    -4
50979   -13
50983    -4
50985    -2
50987    -7
51053     0
51058  -999
51059  -999
51060  -999
51068     0
51076     0
51087     0
51133    -9
51137    -3
51145    -6
51156     0
51186     0
51232     0
51238  -999
51241    -3
51243     0
51288     0
51328    -3
51329    -3
51330    -8
51334     0
51346     0
51352     0
51353     0
51356     0
51357     0
51358  -999
51359     0
51365     0
51367     0
51369   -15
51377   -15
51378     0
51379     0
51430    -9
51431   -11
51433  -999
51434   -17
51435    -8
51436    -7
51437     0
51438    -1
51463    -9
51465   -12
51467   -11
51468   -20
51469  -999
51470  -999
51477     0
51482    -7
51495     0
51526     0
51542    -1
51559     0
51567     0
51568     0
51571     0
51572     0
51573     0
51581     0
51627     0
51628     0
51629     0
51633     0
51636     0
51639  -999
51642     0
51644     0
51655  -999
51656     0
51701     0
51704  -999
51705     0
51707     0
51708     0
51709     0
51711     0
51716     0
51717     0
51720     0
51722     0
51730     0
51747  -999
51765     0
51777     0
51802     0
51804     1
51810  -999
51811     0
51814     0
51815     0
51818     0
51826     0
51827     0
51828     0
51829     0
51839     0
51848  -999
51855     0
51886     0
51931     0
52101     1
52112  -999
52118     0
52203     1
52267     0
52313     0
52323     0
52343  -999
52378     0
52418     0
52424     0
52436     0
52441  -999
52446     0
52447     0
52495     0
52515     0
52533     0
52546     0
52557     0
52575     0
52576     0
52602     0
52607     0
52633    -7
52643   -12
52645    -6
52652     0
52656   -11
52657   -13
52661     0
52674   -14
52679     0
52681     0
52707     0
52713     0
52737     0
52745    -5
52754     0
52765     1
52784   -23
52787   -10
52788  -999
52797     0
52818     0
52825     0
52833     0
52836     0
52842    -6
52853     0
52855     0
52856     0
52862    -9
52863    -3
52866    -5
52868    -6
52869    -7
52874    -9
52875    -6
52876   -12
52884  -999
52885   -10
52889    -4
52895   -19
52896   -19
52908     1
52943     0
52955     0
52957   -14
52963   -15
52968     1
52972    -8
52974  -999
52978    -3
52980   -11
52982   -11
52983    -7
52984     1
52985     1
52986    -4
52988     0
52993   -15
52995     0
52996    -3
52998   -10
53068     0
53083   -24
53149     0
53192   -23
53195     0
53231     0
53272     0
53276   -10
53289   -15
53324     0
53336     0
53337     0
53343   -21
53348   -14
53352   -16
53357   -11
53362   -16
53367   -15
53368   -15
53378   -20
53384    -9
53385   -11
53391    -9
53392   -12
53397   -12
53399    -3
53419     0
53420     0
53433   -12
53446   -13
53455   -17
53457   -18
53463   -11
53464   -15
53466  -999
53467   -16
53469   -11
53472   -14
53475   -13
53478    -8
53480    -7
53481   -12
53483   -16
53484   -11
53486    -9
53487    -8
53488    -3
53490  -999
53491   -10
53492    -5
53498    -7
53499   -13
53502     0
53505  -999
53512     0
53513     0
53517     0
53518     0
53519     0
53522     0
53529   -13
53533   -11
53543    -8
53545   -11
53547   -11
53553    -9
53562   -13
53564    -5
53565    -1
53567     0
53573   -12
53574     1
53575     1
53576    -1
53577     1
53578  -999
53579     1
53580     0
53582    -1
53584    -1
53585     1
53588     1
53590    -4
53593    -2
53594  -999
53596     0
53599     1
53602   -15
53610     0
53611     0
53612  -999
53614     0
53615     0
53617     0
53618     0
53619     0
53644   -16
53646    -1
53651  -999
53658     1
53659    -4
53660    -2
53662     1
53663     1
53664    -4
53665     2
53666     1
53669     0
53673     1
53674     1
53676     1
53677     1
53678     1
53679     0
53680     1
53681     2
53682     1
53685     1
53687  -999
53688     2
53689     1
53690     1
53691     1
53692     1
53693     0
53694     1
53695     1
53696     1
53697     1
53698     1
53699     1
53704     0
53705    -8
53707    -5
53723    -4
53725    -4
53727    -3
53730    -2
53732     0
53735  -999
53738     0
53740    -3
53748     2
53750     0
53751     0
53753     1
53754     0
53756     1
53757     1
53759     1
53760     1
53763     1
53764     1
53767     2
53768     1
53769     0
53770     1
53771     0
53772     1
53773     1
53774     0
53775  -999
53776     1
53777     1
53778     1
53780     1
53781     1
53782     1
53783     1
53784     1
53785     1
53786     2
53787     2
53788     2
53789     1
53790     1
53791     0
53792     1
53794     1
53795     1
53796     1
53797     2
53798     2
53799     2
53806    -6
53810   -12
53817     0
53821    -3
53829     2
53832     1
53841     0
53845     1
53848     1
53850     1
53852    -1
53853     1
53854  -999
53856     1
53857     1
53859  -999
53860     2
53861     1
53862     1
53863     2
53864     1
53865     1
53866     1
53868     1
53869     2
53871     1
53872     1
53873     1
53874     0
53875     1
53877  -999
53878     2
53879     1
53880     1
53881    -4
53882     2
53883     1
53884  -999
53885     1
53886     2
53887  -999
53888     3
53889     1
53890     1
53891     2
53892     0
53893     0
53894     1
53895     1
53896     1
53897     1
53898    18
53899     1
53903    -9
53906    -3
53908   -11
53910  -999
53914     0
53915     1
53916     1
53917     0
53923     1
53924     2
53925     2
53926     3
53927     3
53928     3
53929     2
53930     1
53931     1
53934     2
53935     2
53937     2
53938     2
53941     2
53942     2
53944     2
53945     2
53947     2
53948  -999
53949     2
53950     1
53953     3
53954     0
53955  -999
53956     1
53957     0
53958     2
53959     2
53961     1
53962     1
53963     1
53964     1
53965     1
53966     1
53967     2
53968  -999
53970     1
53972     0
53973     2
53974    20
53975     1
53976     3
53978     0
53979     1
53980     1
53981     2
53982     1
53983    23
53984     1
53985     2
53986    21
53987     1
53988     3
53989     3
53991    13
53992    23
53993    28
53994    21
53995    22
53996     1
53997     2
53998    29
54012   -13
54024   -17
54026   -17
54027   -19
54031    -8
54039   -25
54041   -14
54047    -9
54049    -6
54063   -11
54064  -999
54065   -11
54069     0
54072   -13
54076    -2
54080    -9
54092    -4
54093    -8
54094    -6
54096    -4
54098     0
54099    -9
54102   -18
54113   -19
54115   -24
54117   -13
54122   -14
54132   -11
54134   -14
54135   -16
54142    -2
54154     0
54156     0
54157     0
54161     1
54164     1
54165  -999
54169     2
54171     1
54172     1
54181     0
54186     0
54187     1
54192  -999
54195    -3
54204   -20
54205   -12
54208   -20
54213   -18
54214    -1
54218    -5
54223   -15
54225    -5
54226    -5
54231    -4
54234   -10
54236     0
54237     0
54243  -999
54244     0
54245     1
54248  -999
54249     1
54252     2
54254     1
54259     2
54260  -999
54261     2
54263     1
54266     2
54267     2
54273     2
54274     2
54276     2
54284     2
54285     1
54286  -999
54287  -999
54290     1
54291    -6
54292     0
54293    -1
54301    -6
54304   -13
54305   -15
54308   -11
54311   -14
54313    -7
54316    -7
54318    -8
54319   -13
54320    -9
54321    -1
54323    -9
54324    -5
54325     1
54326   -11
54327   -10
54328    -1
54330  -999
54331    -2
54332     1
54333     0
54334  -999
54335     0
54336     0
54337     0
54338     0
54339     2
54340  -999
54342     2
54345  -999
54346     3
54347     1
54348  -999
54349  -999
54351     2
54353  -999
54362     3
54363     4
54365     4
54371     3
54374     2
54377     3
54386     1
54398   -10
54399   -13
54401    -8
54404    -5
54405     1
54406  -999
54408     0
54410   -10
54412   -10
54416   -10
54419    -6
54420   -10
54421     0
54423    -3
54424    -5
54425   -10
54428    -7
54429   -14
54430    -3
54431    -2
54432    -3
54433   -10
54434    -9
54436     2
54437     1
54438    -5
54439     0
54449     0
54452  -999
54453     0
54454     1
54455     1
54470  -999
54471     2
54472  -999
54474     2
54475     2
54476     2
54483     2
54486     1
54493     4
54494     4
54497     1
54499    -6
54501     0
54502    -3
54503     0
54505    -9
54506     1
54507    -1
54510    -2
54511     0
54512     1
54513   -12
54514   -12
54515     0
54517    -7
54518     0
54519     1
54520    -5
54521    -1
54522    -4
54523    -6
54525  -999
54526    -9
54527   -13
54528   -12
54529    -1
54530   -11
54531    -2
54532    -7
54533    -3
54534    -3
54535     0
54539     0
54540    -3
54541     1
54563     2
54568     1
54569     1
54575     0
54579     0
54584     0
54590     1
54594     0
54596    -9
54597     0
54601     0
54602     0
54603     1
54604     1
54605     0
54606     1
54607     1
54608     0
54609     1
54610    -4
54611     0
54612     0
54613    -5
54614     0
54615     0
54616     1
54617     0
54618     1
54619   -11
54620     1
54621     1
54622    -8
54623     1
54624     1
54626     0
54627     1
54628     1
54631     1
54632     1
54633     2
54636    -1
54640     2
54644     1
54645    -1
54646  -999
54660  -999
54662     1
54700     0
54701     1
54702     1
54703     1
54704     1
54705     1
54706     1
54707     1
54708     1
54709     2
54710     0
54711     1
54712     3
54713     0
54714     1
54715     2
54716     1
54717     1
54718     3
54719     0
54722     1
54723     2
54724     4
54725     3
54726     1
54727  -999
54728     1
54729     1
54730     1
54731     1
54732  -999
54734     2
54736     1
54737     1
54738     1
54744  -999
54749     2
54751     1
54752     2
54753     1
54755     1
54759     2
54764     2
54765     1
54766     1
54774     2
54776     2
54777     3
54778     2
54800     0
54801     2
54802     2
54803     2
54804     2
54805     2
54806    14
54807    25
54808    20
54809     2
54810     3
54811     3
54812     2
54814     2
54815    25
54816    25
54817    18
54818     2
54819     2
54820     0
54821     2
54822     1
54823     3
54824     1
54825     2
54826    29
54827    12
54828     1
54829     2
54830     2
54831     1
54832     1
54833     1
54834     1
54835     1
54836     1
54837     1
54841     1
54842  -999
54843     0
54844     1
54846     1
54848     1
54849     1
54851     1
54852     1
54853     1
54855     1
54857     1
54861     2
54863     0
54868  -999
54871     4
54900    30
54901    23
54902    25
54903    28
54904    20
54905     1
54906    21
54907     1
54908    23
54909    17
54910    14
54911    11
54912     1
54913     1
54914     1
54915     1
54916     2
54917     1
54918     1
54919     1
54920     1
54921     2
54922     1
54923     1
54925     1
54927     0
54929     0
54932     1
54935    10
54936     1
54938     1
54939     1
54940     1
54943     1
54945     1
54952  -999
55228     0
55248     2
55279     1
55294     1
55299     1
55437     0
55472     1
55493     2
55572  -999
55578     2
55585     1
55589  -999
55591     1
55593  -999
55597  -999
55598     1
55655     0
55664     3
55680     1
55681     2
55690     0
55696     0
55773     2
56004     1
56016    -1
56018    -2
56021     1
56029     0
56033     1
56034     1
56038    -5
56041  -999
56043     0
56045     1
56046     0
56065     0
56067     0
56071     0
56074    -4
56075  -999
56079     3
56080     0
56081     1
56082     0
56084     1
56091    -1
56092    -8
56093     2
56094     0
56095    -1
56096    -5
56097     2
56106     2
56109  -999
56116     2
56125     1
56128  -999
56132  -999
56137     1
56144     1
56146     0
56147     1
56151     1
56152    -8
56158     0
56164     0
56167     1
56168     1
56171     0
56172     1
56173     1
56178     2
56180     0
56181     1
56182     1
56183    -3
56184     1
56185     2
56186     3
56187     2
56188     3
56189     2
56190     1
56192    -2
56193     1
56194     3
56195     1
56196     1
56197     1
56198     1
56199     0
56202     2
56223     1
56227     1
56228  -999
56247     1
56251     1
56257     1
56263     2
56265  -999
56267     0
56272     2
56273     2
56276     1
56278     3
56279     3
56280     3
56281     4
56284     3
56285     4
56286     1
56287     4
56288     1
56289     2
56290     0
56291     1
56294  -999
56295     1
56296     1
56297     1
56298     2
56307     1
56312     1
56317    -1
56331     0
56342  -999
56357     1
56371     1
56373     3
56374     2
56376     1
56378    -4
56380     3
56381     3
56382     1
56383     1
56384     1
56385     1
56386     1
56387    -1
56389     2
56390     0
56391     1
56393     2
56394     2
56395     2
56396     1
56399     1
56434   -16
56441     1
56443     1
56444     1
56459     0
56462     1
56473  -999
56474  -999
56475     0
56478  -999
56479     1
56480     0
56483    -2
56485    -4
56487  -999
56489    -2
56490     0
56491     0
56492     1
56493    -1
56494    -3
56496   -20
56497     1
56498     0
56499   -12
56533     2
56543     1
56548     0
56565     0
56567     3
56569  -999
56571     1
56575  -999
56578  -999
56580  -999
56582     1
56584  -999
56585    -2
56586    -1
56592    -3
56593    -9
56594     2
56595     2
56596   -12
56598     0
56641    -4
56643  -999
56645     3
56646     2
56649     2
56651     2
56652     2
56654     3
56664    -6
56665     0
56666     1
56669    -4
56670     1
56671     1
56673     1
56674     1
56675  -999
56684   -12
56688     0
56691     1
56693     2
56697    -7
56739     2
56741  -999
56742     0
56745     2
56746     0
56748     1
56751    -4
56752   -16
56755     1
56756    -9
56757    -1
56761    -7
56763    -5
56764    -4
56766   -12
56767     1
56768    -7
56772   -12
56774   -16
56775   -15
56777   -12
56778    -6
56781    -9
56782    -4
56783    -5
56785    -8
56786    -6
56788   -12
56790    -5
56792    -7
56793    -2
56835    -1
56836     0
56838     1
56839     1
56840    -4
56841     1
56842     1
56843     1
56844     0
56846    -1
56849     1
56851    -8
56854     0
56856   -12
56862    -9
56863   -11
56867     0
56869   -20
56870   -25
56871   -23
56872    -9
56873   -17
56875   -23
56876   -23
56878   -27
56879   -27
56880    -6
56881   -10
56882     2
56883     0
56885   -14
56886     0
56889   -20
56891     2
56898   -18
56944     0
56945  -999
56946   -11
56948     1
56949    -3
56950    -6
56951     1
56952   -12
56954     0
56958     2
56959    -1
56961    -4
56962   -14
56964   -14
56966   -19
56969     0
56970   -15
56973   -24
56975   -19
56976   -27
56977     1
56978     1
56982    -9
56984   -14
56985    -9
56986     2
56987    21
56989     0
56991  -999
56992   -12
56994    -9
56995   -18
56996   -13
57001   -11
57002   -10
57003  -999
57004    -8
57006     0
57007     0
57008     0
57011     1
57012     1
57014  -999
57016     1
57020     1
57021     1
57022     1
57023     2
57024     2
57025  -999
57026     1
57027     2
57028  -999
57029     2
57030  -999
57031     2
57032     2
57033     1
57034     2
57035     2
57036     1
57037     1
57038     1
57039     1
57040     1
57041     2
57042     1
57043     3
57044     2
57045     2
57046     3
57047     1
57048  -999
57049  -999
57051     1
57052  -999
57053     2
57054     2
57055     3
57056     1
57057     2
57060     2
57061     1
57063     1
57065     1
57066     1
57067     2
57070     0
57071     0
57072     0
57073  -999
57074     1
57075    19
57076     1
57077     3
57078     2
57079     0
57080     0
57081     1
57082     1
57083    18
57084  -999
57085    19
57089    29
57090     2
57091    29
57093    17
57094    23
57095    22
57096    19
57098    15
57099    19
57102     1
57105     1
57106     0
57110     1
57111     1
57113     1
57119     2
57124  -999
57126     0
57127     1
57128     0
57129     1
57131  -999
57132     1
57134     1
57137     0
57140     1
57143     2
57144     2
57153     2
57154  -999
57155     2
57156     2
57162     2
57169     3
57173    26
57175     3
57176    30
57177     1
57178    25
57179    20
57180    15
57181    19
57182    21
57183    19
57184    28
57185    19
57186    15
57187    18
57188     1
57189    -1
57190  -999
57191    24
57192    14
57193    14
57194     0
57195    10
57196     6
57197     6
57198    12
57204     2
57206     0
57208     1
57211  -999
57213     1
57216     3
57217     2
57231     2
57232     2
57233     2
57237     3
57238  -999
57242     3
57245     3
57247     2
57248     2
57249     1
57251     3
57253     2
57254     2
57256  -999
57257     1
57259     1
57260    14
57261    26
57265     1
57268     0
57271     2
57273    11
57274     1
57278  -999
57279    -1
57281     0
57285  -999
57290     0
57292     0
57293     0
57294     6
57295    -1
57296    -2
57297     1
57298     0
57299     0
57303     1
57304     1
57306     1
57307    -3
57308     0
57309     1
57313     2
57314     0
57315     1
57317     3
57318     2
57320     2
57324     2
57326     1
57328     1
57329     1
57333     2
57343  -999
57345     0
57348     0
57349     0
57351  -999
57352  -999
57353  -999
57355     1
57358  -999
57359  -999
57361     1
57362    -1
57363     1
57368     0
57370     0
57377    -1
57378    -5
57381  -999
57385     2
57387    -1
57388     1
57389     0
57390     1
57395  -999
57396     1
57398     0
57399     1
57401     1
57402     1
57405     2
57407     4
57408     1
57409     1
57411     2
57413     7
57414    12
57415     1
57416     1
57417     6
57420     1
57425     0
57426     1
57431     1
57432     1
57437    -1
57438    -5
57439  -999
57445  -999
57447     1
57451  -999
57453  -999
57458     0
57460     0
57461     2
57462  -999
57464     1
57465     1
57466     1
57469    -2
57475    -2
57476    -1
57477     0
57481    -1
57482  -999
57483     0
57485     0
57486     0
57489     0
57491     0
57492     1
57493  -999
57494     0
57496     1
57498     1
57499     2
57502  -999
57503  -999
57504  -999
57505     0
57506    -3
57507     1
57508     1
57509     0
57510    -1
57511    -6
57512  -999
57513    -6
57514    -4
57515  -999
57516    -8
57517  -999
57518   -11
57519   -15
57520  -999
57522   -13
57523  -999
57525    -5
57536  -999
57537    -6
57540     1
57541     1
57543    10
57544     0
57545     7
57554     1
57558    -5
57562     0
57564     0
57565    -1
57566    -3
57571     0
57573  -999
57574     0
57575    -2
57577    -2
57581  -999
57582     1
57583     1
57584     1
57585     1
57586     1
57589     1
57590     2
57595  -999
57598     2
57600    -6
57602  -999
57603    -1
57604  -999
57605    -7
57606    -5
57608    -1
57609    -1
57612  -999
57614    -6
57622  -999
57623    -4
57625    -7
57633     1
57634    -4
57635     2
57636    -1
57637     0
57640     0
57642  -999
57643     0
57646     1
57647     2
57649     0
57655     0
57657    -9
57658   -11
57661     0
57662     0
57663     0
57666     0
57669    -2
57671     1
57673  -999
57674     0
57678    -3
57679  -999
57680     0
57682     1
57687     1
57688     0
57694     0
57696  -999
57698    -7
57699     2
57707     1
57708   -15
57710   -14
57713    -7
57714   -15
57717     0
57718   -13
57719   -16
57720     0
57722    -7
57723     1
57728   -12
57729    -2
57731     0
57732     0
57734     1
57735     1
57736     1
57737     1
57738    -3
57739     0
57740    -1
57741     1
57742     1
57743   -11
57744     2
57745    -8
57749  -999
57752  -999
57754    -7
57758  -999
57760     0
57761  -999
57762     1
57763    -3
57765  -999
57766    -1
57767    -5
57768     0
57769    -4
57771     0
57772     0
57773     1
57774    -4
57776     2
57777    -7
57778   -11
57779  -999
57780     1
57781    -1
57786    -2
57789  -999
57792     1
57793     1
57796     1
57798     1
57799     0
57800     0
57803    -5
57805     0
57806     0
57807     7
57808     0
57809    -3
57811    -2
57813    -7
57814     0
57816     0
57818    -3
57821    -8
57822     0
57824   -11
57825     0
57827    -9
57828    -8
57829    -1
57832    -2
57834    -5
57835   -12
57837   -11
57839   -12
57840     1
57841  -999
57842     0
57844    -4
57845   -10
57846    -7
57851    -2
57853     1
57857  -999
57859   -10
57860    -9
57865    -5
57866    -2
57867    -7
57868    -3
57870   -13
57871    -8
57872    -5
57874    -8
57875    -7
57876   -12
57881    -9
57882    -8
57883     0
57886    -2
57887    -5
57889  -999
57891     0
57894     1
57895     0
57896    -1
57899    -2
57900     1
57902     1
57903     0
57905    -7
57906    -5
57907     0
57908   -17
57909    -8
57910     0
57911    -6
57912    -9
57913    -8
57914    -1
57915    -5
57916     0
57921     1
57922    -4
57923    -2
57926   -14
57927   -14
57932    -2
57936    -8
57941   -14
57942     0
57947    -6
57948     0
57949     0
57954   -12
57955    -7
57956    -9
57957   -14
57958    -7
57960    -9
57962    -5
57964    -5
57965    -2
57966    -4
57969   -11
57971   -10
57972    -8
57973    -3
57974  -999
57975   -11
57976    -6
57978     0
57981    -3
57985    -5
57988   -16
57989    -6
57990     0
57991   -10
57992     1
57993    -3
57994    -4
57995   -14
57996    -1
58001    18
58002    15
58003    12
58004    15
58005    20
58006    15
58007     2
58008    15
58011     8
58012     1
58013  -999
58015     2
58016    11
58017    16
58020     1
58021     1
58022     1
58024     0
58025     1
58026  -999
58027     6
58030     1
58032     1
58034  -999
58035  -999
58036     2
58038  -999
58040     2
58041  -999
58044     1
58045  -999
58047  -999
58048  -999
58049     2
58100     6
58101    12
58102    10
58104     6
58107    -8
58108    10
58109    -1
58111  -999
58113     8
58114     9
58116     0
58117     1
58118  -999
58122     0
58125     1
58126     2
58127     0
58128     1
58129     1
58130  -999
58131     2
58132    25
58135  -999
58138     0
58139    -3
58140     2
58141     2
58143  -999
58144  -999
58145  -999
58146     1
58147  -999
58148    11
58150     1
58154     0
58158  -999
58202    -7
58203    -7
58205    -4
58207     0
58208     1
58210    -2
58212     1
58214     0
58215     1
58220     0
58221     1
58222     1
58223     0
58224     2
58225  -999
58230     2
58234     1
58235  -999
58236     1
58237  -999
58238     1
58240     1
58241     1
58242  -999
58243     0
58244  -999
58245     0
58246  -999
58247  -999
58249  -999
58250    -2
58251    -2
58254  -999
58255  -999
58257     1
58259     2
58264     1
58265    -3
58268  -999
58269  -999
58301     1
58306     1
58311     2
58314     2
58316     2
58317     2
58319     1
58320     2
58321     2
58323     1
58326     1
58327     1
58329     0
58330     0
58331     1
58333  -999
58334     1
58335     0
58336  -999
58337     2
58338     0
58339  -999
58340     1
58341     1
58342  -999
58343    -2
58344  -999
58345   -11
58346  -999
58351  -999
58352  -999
58353  -999
58354  -999
58356  -999
58358    -7
58359  -999
58360  -999
58361     1
58362     1
58365     2
58366    -6
58367     1
58369    -5
58370  -999
58377  -999
58401     2
58402     2
58404     1
58407     1
58408     1
58409    -2
58414  -999
58415     1
58416     1
58417     0
58418     2
58419  -999
58420     1
58421     1
58423  -999
58424     2
58426     1
58427     2
58428     1
58429  -999
58431     1
58432     0
58433     1
58435    -9
58436    -7
58437     0
58438    -5
58441    -2
58442    -9
58443    -8
58445  -999
58446     0
58448  -999
58449    -8
58450  -999
58451    -5
58452     0
58453  -999
58454     0
58455    -7
58456     1
58457     0
58458    -5
58459    -2
58460    -7
58461    -7
58462     0
58463    -2
58464    -2
58467   -13
58468    -7
58472   -10
58473  -999
58477   -14
58484  -999
58500  -999
58501     1
58502    -3
58503    -4
58506     1
58507  -999
58508    -9
58509    -3
58510     0
58512     1
58514   -11
58517    -2
58519     0
58520  -999
58523    -1
58527     1
58529    -7
58530    -7
58531     1
58534     0
58537    -7
58542   -11
58543    -7
58544    -3
58546   -10
58547  -999
58548    -1
58549     1
58550     1
58553  -999
58555    -8
58556   -10
58557  -999
58558    -6
58559     0
58562   -13
58563   -18
58565   -13
58567    -3
58568    -6
58569    -2
58570  -999
58600  -999
58601     1
58602     0
58605     1
58606    -2
58607     1
58608     1
58609     1
58612     0
58614     1
58615    -1
58616     0
58618     1
58619  -999
58620    -7
58622  -999
58623  -999
58624    -5
58625    -1
58626     1
58627     0
58629    -2
58631     0
58632  -999
58633     1
58634    -5
58635    -4
58637  -999
58642    -1
58643     0
58644     0
58646     1
58647    -4
58652  -999
58653  -999
58654     0
58656    -8
58657   -10
58658     1
58659    -2
58660  -999
58664    -2
58665     0
58666     0
58667    -5
58693    -1
58701     0
58704     1
58705  -999
58706    -4
58707     0
58710    -2
58712     0
58713    -1
58714    -9
58715     1
58718  -999
58719     0
58724   -16
58725    -1
58726  -999
58730     1
58731    -4
58734  -999
58735    -4
58736     0
58737    -8
58742  -999
58744  -999
58745   -11
58746     1
58747     1
58748    -5
58749    -1
58750     0
58751    -3
58752    -7
58754    -8
58760    -3
58765  -999
58804    -9
58806  -999
58813    -3
58814     0
58818  -999
58819     0
58820     1
58821    -5
58822     0
58823     0
58824     0
58826     1
58828     0
58834     1
58836   -11
58837  -999
58839    -5
58843  -999
58844    -2
58845   -15
58846    -5
58847    -5
58848   -13
58853  -999
58903     0
58905    -5
58906    -2
58907     0
58911     1
58912     1
58917    -1
58918     1
58921     0
58923    -1
58926     1
58927  -999
58928     1
58929     1
58931     1
58932    -7
58933    -7
58934     0
58935     0
58936  -999
58938  -999
58940  -999
58941    -9
58942     0
58944    -3
58946    -2
59001   -11
59004   -17
59007     0
59012    -8
59015     0
59017   -14
59021     1
59022    -4
59023   -13
59025   -11
59027   -15
59031    -4
59033    -2
59034    -8
59037   -14
59038    -8
59041    -6
59044   -10
59045    -8
59046   -19
59047   -16
59051     0
59052   -10
59053    -8
59055    -6
59057    -9
59058    -3
59059    -1
59061    -4
59063    -8
59064     0
59065     0
59071     1
59072    -3
59074    -6
59075    -8
59081    -8
59082     0
59087     0
59088  -999
59090     1
59091     1
59092  -999
59093     1
59094     1
59096     0
59097  -999
59099     0
59102    -1
59106     1
59107  -999
59109     2
59113  -999
59114     0
59116  -999
59117     0
59122    -1
59124     0
59125     2
59126     1
59127     0
59129  -999
59130   -11
59131    -7
59133   -13
59134    -7
59137    -4
59205    -2
59209   -10
59211    -5
59213   -16
59215    10
59218     6
59224    -7
59227    -1
59228   -10
59229   -10
59230   -20
59235    -1
59237    -8
59238    -8
59241   -14
59242    -6
59246   -18
59249    -4
59254   -12
59255    -8
59256    -5
59264    -6
59265     0
59266     1
59268   -10
59269    -6
59270    -8
59271    -8
59276    -4
59278    -7
59279   -10
59280  -999
59284     3
59285     1
59287     3
59288     1
59289  -999
59290     1
59293    -1
59294     0
59297     0
59298    -5
59303     2
59304  -999
59306  -999
59310     2
59312    -2
59313     1
59314     1
59315     1
59316    -4
59317     0
59318    -9
59319    -6
59320     1
59321     1
59322    -6
59324     1
59417   -11
59419    -2
59421     0
59425    -6
59426    -5
59427     0
59429    -4
59431    -4
59432  -999
59435    -8
59441   -15
59446    -4
59448    -9
59449    -8
59451    -3
59452     1
59453    -1
59454     0
59456     0
59457    -2
59462   -10
59469     2
59470     1
59471   -11
59473    -3
59475     1
59476     1
59477     1
59478     0
59480     1
59481     0
59485  -999
59487     1
59488  -999
59492    -1
59493    -6
59500     0
59501    -1
59502    -1
59626     2
59631     0
59632    -2
59635  -999
59640   -14
59644     1
59647    -9
59650     1
59653    -7
59654     0
59655     1
59656     1
59658     1
59659     1
59663     3
59664     1
59673     1
59750     2
59754   -13
59757     0
59758     1
59838   -13
59842     1
59843     0
59845    26
59847     1
59848     1
59849    -1
59851     1
59854     1
59855    -9
59856   -15
59940     1
59941     2
59945     2
59948     3
59951     0
59954     1
59981     1
57086     2
57087    23
57339     1
