	50527	-3.482496
	54263	-2.6684159999999997
	54260	-2.585088
	57541	-2.571048
	54273	-2.558976
	54351	-2.534784
	54169	-2.4176640000000003
	50940	-2.410176
	56964	-2.339928
	50936	-2.2948799999999996
	57253	-2.292408
	50442	-2.288352
	54165	-2.25072
	54171	-2.2439999999999998
	50838	-2.242752
	54274	-2.2370879999999995
	54164	-2.200512
	50945	-2.1977279999999997
	50353	-2.182752
	57144	-2.18196
	50618	-2.1351359999999997
	56962	-2.109996
	54328	-2.104896
	54293	-2.102496
	54470	-2.08848
	50834	-2.080416
	54276	-2.0658239999999997
	56684	-2.047788
	54069	-2.042112
	57254	-2.02704
	54252	-2.0128319999999995
	56948	-2.005992
	56688	-2.00016
	50939	-1.9890239999999997
	54325	-1.987488
	54261	-1.98672
	54342	-1.984896
	57261	-1.98288
	57056	-1.9747199999999998
	55493	-1.9687919999999999
	50934	-1.9676159999999998
	53854	-1.96164
	54076	-1.960608
	59847	-1.9593559999999999
	54243	-1.9559039999999999
	57385	-1.9494
	56977	-1.9411920000000003
	56772	-1.933524
	54192	-1.928544
	57233	-1.92504
	54099	-1.917504
	56949	-1.916352
	56673	-1.9114920000000002
	54338	-1.90272
	54324	-1.900224
	54172	-1.8956159999999997
	56670	-1.8793080000000002
	50603	-1.877472
	54331	-1.866816
	58510	-1.858864
	50524	-1.834368
	56196	-1.829628
	54181	-1.8261119999999997
	59758	-1.826072
	56569	-1.805436
	54249	-1.7984639999999998
	50948	-1.78704
	54161	-1.783968
	59754	-1.774976
	57242	-1.76556
	54336	-1.76448
	50968	-1.75728
	50349	-1.756512
	57231	-1.7562
	57245	-1.74888
	54259	-1.744992
	50937	-1.744896
	54292	-1.7427839999999999
	57523	-1.7350200000000002
	50873	-1.729824
	54904	-1.72104
	57057	-1.7202
	54248	-1.7187839999999999
	56109	-1.713264
	50526	-1.712928
	54254	-1.707072
	54195	-1.70448
	54290	-1.701312
	56976	-1.6987320000000001
	54156	-1.690752
	50525	-1.690656
	56199	-1.6813440000000002
	54471	-1.678848
	56870	-1.67562
	57512	-1.6717320000000002
	50892	-1.655328
	50246	-1.651008
	54157	-1.640352
	56669	-1.637928
	54334	-1.63248
	54154	-1.631232
	50833	-1.62768
	54475	-1.62624
	54911	-1.626
	57153	-1.6244399999999999
	57155	-1.6194
	59843	-1.6170399999999998
	58502	-1.61112
	57903	-1.604124
	57256	-1.6018560000000002
	56665	-1.5995880000000002
	50247	-1.59744
	50983	-1.5955199999999998
	54031	-1.593024
	56975	-1.5907320000000003
	50445	-1.5897599999999998
	50955	-1.5837119999999998
	54332	-1.5837119999999998
	56959	-1.580364
	59429	-1.5772960000000003
	54452	-1.5762239999999998
	56671	-1.5758280000000002
	54337	-1.575168
	54072	-1.561056
	56666	-1.559412
	57143	-1.5570000000000002
	54186	-1.555296
	56788	-1.5479640000000001
	54347	-1.5391679999999999
	54266	-1.538976
	50548	-1.538688
	57065	-1.5326399999999998
	58512	-1.532048
	56871	-1.52712
	52988	-1.5264
	56571	-1.526148
	56869	-1.525716
	57273	-1.5247199999999999
	57156	-1.52256
	56872	-1.507788
	56876	-1.4978520000000002
	57271	-1.4954399999999999
	57447	-1.4922360000000001
	56863	-1.4920200000000001
	50434	-1.4865599999999999
	56674	-1.48608
	54291	-1.484448
	50431	-1.484256
	54319	-1.4840399999999998
	56969	-1.4840280000000001
	56966	-1.477764
	56985	-1.477656
	54353	-1.4776319999999998
	50928	-1.47504
	54244	-1.470816
	50778	-1.46928
	54245	-1.467168
	58330	-1.4669640000000002
	54486	-1.4658239999999998
	56548	-1.461888
	50779	-1.461408
	57408	-1.4607
	56867	-1.457352
	57185	-1.4524799999999998
	56880	-1.451196
	56952	-1.450548
	56298	-1.4492520000000002
	57439	-1.4470920000000003
	50727	-1.441824
	59842	-1.44072
	56781	-1.439532
	54286	-1.4343359999999998
	50960	-1.4304
	56756	-1.42938
	50958	-1.423776
	59425	-1.423184
	56777	-1.41858
	57265	-1.418364
	50832	-1.418016
	57910	-1.415664
	56664	-1.411452
	50854	-1.40832
	56778	-1.407024
	50844	-1.405536
	57186	-1.40376
	56862	-1.4020560000000002
	56989	-1.399896
	56785	-1.39212
	57054	-1.39116
	51377	-1.390452
	50965	-1.382496
	54335	-1.38192
	54063	-1.375488
	56761	-1.3743
	50788	-1.373472
	56885	-1.3716000000000002
	57063	-1.3716
	59838	-1.3714679999999997
	57076	-1.37088
	53998	-1.3703999999999998
	57425	-1.365444
	54327	-1.3648319999999998
	54472	-1.36176
	50739	-1.359936
	56296	-1.35918
	57274	-1.35408
	54267	-1.3522560000000001
	57074	-1.34904
	57438	-1.3450320000000002
	56228	-1.344168
	56954	-1.342116
	56646	-1.336608
	54346	-1.3340159999999999
	57081	-1.3333199999999998
	59632	-1.3301120000000002
	54333	-1.324896
	50862	-1.318944
	50425	-1.3188479999999998
	50776	-1.31856
	56873	-1.3151160000000002
	57078	-1.3105200000000001
	56875	-1.3091760000000001
	54237	-1.3064639999999998
	50632	-1.304352
	56652	-1.300752
	54080	-1.2993599999999998
	59631	-1.2992000000000001
	57055	-1.29744
	57080	-1.29708
	57268	-1.2945960000000003
	57070	-1.2942
	50888	-1.290912
	56357	-1.28682
	57251	-1.283256
	54453	-1.281024
	57257	-1.2798
	57193	-1.27416
	54024	-1.273536
	58230	-1.270188
	56578	-1.2692160000000001
	54049	-1.2686399999999998
	57808	-1.2661920000000002
	54096	-1.2636479999999999
	56775	-1.2599280000000002
	56961	-1.257444
	54493	-1.257312
	56768	-1.2531240000000001
	56654	-1.2510720000000002
	56982	-1.2494520000000002
	58223	-1.2452400000000001
	57072	-1.2446399999999997
	56567	-1.244052
	56764	-1.242108
	54326	-1.23984
	57510	-1.23984
	56128	-1.236732
	57466	-1.2343320000000002
	50639	-1.233312
	58419	-1.231956
	54064	-1.231296
	50950	-1.22976
	54012	-1.228224
	57566	-1.2239360000000001
	54098	-1.2218879999999999
	54483	-1.2182399999999998
	57169	-1.2173999999999998
	59948	-1.2156799999999999
	50557	-1.214976
	56752	-1.210896
	56748	-1.2053880000000001
	59427	-1.204672
	57022	-1.20444
	53195	-1.2030720000000001
	56144	-1.1965320000000002
	56856	-1.1922120000000003
	50963	-1.19184
	50878	-1.18944
	57662	-1.188544
	54041	-1.185312
	57633	-1.183032
	57259	-1.182492
	50514	-1.179552
	54584	-1.1774399999999998
	56882	-1.1769840000000003
	56395	-1.168992
	58530	-1.168668
	56883	-1.1637
	50946	-1.162752
	58323	-1.161324
	50775	-1.156992
	56742	-1.156788
	58122	-1.156788
	56950	-1.1560320000000002
	50964	-1.1544959999999997
	56774	-1.153764
	57085	-1.1530799999999999
	56746	-1.1502000000000001
	57140	-1.14936
	51369	-1.148028
	57807	-1.147932
	57537	-1.145448
	54026	-1.145088
	56197	-1.143612
	57043	-1.143
	54285	-1.142976
	56223	-1.142736
	58242	-1.141884
	56757	-1.1406960000000002
	58342	-1.139616
	56693	-1.1378880000000002
	57066	-1.134
	54906	-1.1292
	57583	-1.128816
	57378	-1.1264399999999999
	59854	-1.124736
	50787	-1.123872
	57188	-1.11924
	54432	-1.11804
	56767	-1.1163960000000002
	54765	-1.11516
	58343	-1.114776
	54454	-1.114464
	56786	-1.105704
	58460	-1.1038
	57540	-1.1026799999999999
	56898	-1.1021400000000001
	57249	-1.1021400000000001
	57545	-1.1020320000000001
	57086	-1.1004
	56879	-1.095552
	54474	-1.095264
	57361	-1.09404
	57278	-1.0924200000000002
	56766	-1.091232
	57087	-1.08864
	58237	-1.0881
	54476	-1.0879679999999998
	56783	-1.086696
	50468	-1.0862399999999999
	57571	-1.0834560000000002
	57232	-1.08216
	54047	-1.0788479999999998
	51328	-1.075704
	57359	-1.075572
	54905	-1.074
	56886	-1.072224
	50646	-1.070304
	57154	-1.0684799999999999
	51365	-1.067388
	50954	-1.0562880000000001
	57237	-1.050084
	57458	-1.049976
	54027	-1.048704
	57195	-1.0478399999999999
	54494	-1.046976
	56441	-1.0464120000000001
	54339	-1.045632
	56190	-1.040688
	58225	-1.040256
	53529	-1.03872
	57046	-1.03836
	52978	-1.03608
	56198	-1.033668
	54231	-1.0322879999999999
	57464	-1.029132
	57907	-1.025892
	57293	-1.02432
	54187	-1.0214400000000001
	58236	-1.020492
	58246	-1.019088
	54497	-1.017888
	56854	-1.016928
	56763	-1.015956
	57075	-1.0151999999999999
	54236	-1.014816
	56793	-1.01304
	57544	-1.0099040000000001
	59845	-1.0091999999999999
	56970	-1.008828
	54094	-1.008
	57067	-1.00116
	53995	-0.99912
	57175	-0.99768
	57037	-0.99696
	54423	-0.9967199999999999
	57543	-0.9948960000000001
	57083	-0.99276
	54349	-0.9917759999999999
	50987	-0.990336
	54455	-0.9892799999999999
	54908	-0.98916
	54065	-0.988704
	54825	-0.9885599999999999
	53931	-0.98832
	54430	-0.9873599999999999
	58220	-0.985608
	54142	-0.982368
	57084	-0.97476
	50978	-0.9706560000000001
	54365	-0.969792
	57082	-0.9681599999999999
	56878	-0.967032
	57437	-0.9633600000000001
	56782	-0.9587160000000001
	56751	-0.958068
	58344	-0.9570960000000001
	58341	-0.95634
	56443	-0.9514800000000001
	57772	-0.9514400000000002
	56434	-0.9503759999999999
	56881	-0.9479160000000001
	54833	-0.9461999999999999
	58331	-0.943164
	54917	-0.94224
	58321	-0.941436
	58235	-0.9361440000000001
	57511	-0.9348480000000001
	50953	-0.9318719999999999
	59419	-0.9313920000000001
	57370	-0.930852
	59848	-0.9297399999999999
	50647	-0.929472
	58316	-0.9275040000000001
	52875	-0.925764
	57417	-0.9243720000000001
	57071	-0.92376
	55248	-0.922404
	54134	-0.921504
	59215	-0.9199680000000001
	56373	-0.919404
	57416	-0.918972
	54590	-0.9155519999999999
	58458	-0.9145920000000001
	58234	-0.9124920000000001
	58250	-0.911412
	57574	-0.9110080000000002
	58247	-0.9109800000000001
	51463	-0.909804
	54563	-0.902784
	54824	-0.90228
	57248	-0.9015599999999999
	50858	-0.89952
	57042	-0.8994000000000001
	59635	-0.895664
	58255	-0.894024
	50985	-0.89376
	58130	-0.892188
	53864	-0.8907599999999999
	52986	-0.88992
	56164	-0.886248
	57582	-0.8850600000000001
	56987	-0.8838720000000001
	58245	-0.8813880000000001
	50962	-0.8799359999999999
	57642	-0.8796480000000001
	56978	-0.874368
	56312	-0.8730960000000001
	50741	-0.872064
	59421	-0.8691200000000001
	57051	-0.86652
	56643	-0.86184
	59658	-0.86128
	53955	-0.8570399999999999
	56745	-0.856008
	54092	-0.855552
	56396	-0.855036
	57465	-0.854712
	57577	-0.8532160000000001
	56291	-0.8526600000000001
	57001	-0.85044
	54371	-0.84864
	54575	-0.848352
	57584	-0.8466080000000001
	54822	-0.84648
	56645	-0.845856
	50956	-0.84288
	58131	-0.8416440000000001
	57575	-0.841568
	57525	-0.83808
	58118	-0.837972
	54323	-0.8375039999999999
	53464	-0.836736
	50880	-0.834816
	54830	-0.8346
	58418	-0.8330040000000001
	53947	-0.83088
	59229	-0.8265600000000001
	57581	-0.826092
	57657	-0.8248800000000002
	53850	-0.81876
	59227	-0.816704
	54774	-0.8143199999999999
	54569	-0.81264
	56958	-0.812268
	57926	-0.8121600000000001
	58345	-0.8120520000000001
	59647	-0.81088
	52874	-0.810012
	57771	-0.809536
	57475	-0.8073000000000001
	56386	-0.806652
	58215	-0.806436
	58358	-0.8062200000000002
	58117	-0.8052480000000001
	59954	-0.802836
	54914	-0.8011199999999999
	59417	-0.798784
	50745	-0.7986239999999999
	53853	-0.79812
	57806	-0.798012
	56984	-0.7979040000000001
	58301	-0.79176
	57520	-0.790668
	57093	-0.78972
	57476	-0.7888320000000001
	51288	-0.788256
	57177	-0.78792
	54102	-0.7878719999999999
	54093	-0.784416
	53948	-0.7832399999999999
	54863	-0.7828799999999999
	56994	-0.782352
	58506	-0.7788480000000001
	57348	-0.778248
	56543	-0.7776000000000001
	56843	-0.7761960000000001
	58710	-0.7757120000000001
	56842	-0.771768
	54374	-0.7716479999999999
	57460	-0.7697160000000001
	58320	-0.76788
	57927	-0.7678720000000001
	57625	-0.7659360000000001
	57090	-0.76476
	58359	-0.76464
	54907	-0.76392
	50655	-0.7637759999999999
	57339	-0.762588
	58125	-0.7607520000000001
	58354	-0.7596720000000001
	56586	-0.758808
	54828	-0.75564
	58138	-0.754596
	52982	-0.75432
	56792	-0.75276
	58241	-0.7522200000000001
	57162	-0.75192
	54871	-0.7517999999999999
	58254	-0.7485480000000001
	58456	-0.747712
	54449	-0.7475999999999999
	57900	-0.7474680000000001
	56227	-0.747096
	52995	-0.7455599999999999
	57008	-0.7448400000000001
	57281	-0.73776
	58441	-0.736128
	50879	-0.735552
	58351	-0.7339680000000001
	53925	-0.73392
	57469	-0.733104
	57179	-0.7323599999999999
	57295	-0.732
	57238	-0.73188
	57908	-0.7317
	57432	-0.730836
	59951	-0.729756
	54039	-0.729696
	50742	-0.7291199999999999
	56944	-0.727596
	58311	-0.727164
	56594	-0.724464
	53856	-0.7203599999999999
	54234	-0.719712
	56651	-0.718632
	58104	-0.7175999999999999
	50884	-0.716832
	59851	-0.7109639999999999
	54851	-0.70944
	51717	-0.708876
	57328	-0.7055640000000001
	54816	-0.70524
	53992	-0.70464
	57773	-0.703696
	57564	-0.7028
	57687	-0.7011200000000001
	52968	-0.699216
	58377	-0.698544
	58836	-0.6973120000000002
	57398	-0.6951960000000001
	53759	-0.69384
	57355	-0.6934680000000001
	54579	-0.6912959999999999
	57049	-0.69036
	53994	-0.68904
	51087	-0.688296
	58100	-0.68736
	52863	-0.686784
	56444	-0.6860160000000001
	58453	-0.6836480000000001
	56986	-0.682992
	58356	-0.6804
	58107	-0.6800760000000001
	54909	-0.6789599999999999
	52993	-0.67416
	57916	-0.673164
	53384	-0.6691199999999999
	53949	-0.66876
	54819	-0.66552
	53958	-0.6644399999999999
	54852	-0.66264
	57079	-0.66156
	58472	-0.6613600000000001
	57333	-0.661176
	56697	-0.660096
	50842	-0.659616
	52868	-0.65898
	57181	-0.6571199999999999
	52985	-0.65484
	57279	-0.6543720000000001
	56092	-0.65412
	57377	-0.647568
	58238	-0.647352
	54660	-0.646848
	54829	-0.64548
	54540	-0.64464
	54778	-0.64452
	54848	-0.6442800000000001
	57558	-0.64288
	54135	-0.640416
	56267	-0.639252
	54568	-0.6357119999999999
	53730	-0.634464
	56790	-0.6300720000000001
	58147	-0.6298560000000001
	58327	-0.62802
	57415	-0.62748
	53611	-0.6274799999999999
	58240	-0.62478
	56158	-0.6237
	54855	-0.62136
	52963	-0.6210119999999999
	58553	-0.61992
	53978	-0.6192
	57077	-0.6189600000000001
	56973	-0.617328
	57809	-0.61668
	53984	-0.6158399999999999
	57192	-0.6157199999999999
	57420	-0.614304
	54132	-0.61248
	56307	-0.6098399999999999
	54936	-0.60876
	57605	-0.60858
	59453	-0.607936
	54662	-0.6059519999999999
	51356	-0.60522
	56891	-0.604584
	54861	-0.6039599999999999
	51804	-0.603456
	58450	-0.6014400000000001
	56889	-0.600804
	57680	-0.6007680000000001
	54776	-0.6005999999999999
	57565	-0.6005440000000001
	57658	-0.6002080000000001
	53961	-0.59808
	56951	-0.597996
	57536	-0.596592
	58724	-0.59584
	56844	-0.59562
	57396	-0.5952
	56394	-0.595188
	54223	-0.593376
	56946	-0.591516
	54834	-0.5905199999999999
	57061	-0.58992
	54541	-0.5890799999999999
	56317	-0.589008
	56996	-0.5884920000000001
	53924	-0.58476
	57595	-0.584064
	58224	-0.5825520000000001
	57461	-0.5788800000000001
	54900	-0.5785199999999999
	57260	-0.5776920000000001
	54377	-0.5771519999999999
	58114	-0.576936
	53972	-0.57468
	58463	-0.5742
	58336	-0.5734800000000001
	56462	-0.571644
	50851	-0.5696640000000001
	54835	-0.56916
	58326	-0.56754
	57388	-0.567216
	56065	-0.56574
	57573	-0.5625720000000001
	52974	-0.561288
	56097	-0.560412
	54284	-0.558816
	54115	-0.552288
	56290	-0.551664
	58202	-0.551556
	53547	-0.5498879999999999
	53986	-0.5472
	56393	-0.545724
	54818	-0.5448
	59001	-0.544432
	56480	-0.544428
	56094	-0.54072
	53810	-0.540708
	57481	-0.540324
	53945	-0.54
	56186	-0.536004
	54821	-0.5352
	58214	-0.53298
	57666	-0.531664
	50913	-0.53088
	54836	-0.53064
	58452	-0.52976
	54841	-0.52752
	57137	-0.52596
	57522	-0.52596
	58527	-0.5249440000000001
	57688	-0.5244960000000001
	58035	-0.523908
	58461	-0.521
	54766	-0.51816
	53859	-0.5172
	53857	-0.5161199999999999
	54534	-0.51588
	58834	-0.5135200000000001
	54823	-0.5124
	57044	-0.5089199999999999
	53612	-0.5050079999999999
	51329	-0.503832
	54832	-0.50376
	54927	-0.50364
	57315	-0.503604
	50136	-0.5027520000000001
	53942	-0.50244
	58464	-0.502096
	57414	-0.50112
	54420	-0.50052
	53778	-0.5004
	51145	-0.49879199999999996
	54363	-0.49824
	56846	-0.49734000000000006
	58369	-0.4968
	56183	-0.496152
	57623	-0.495612
	54752	-0.49452
	58931	-0.4931360000000001
	53614	-0.49291199999999996
	53987	-0.49199999999999994
	56116	-0.491904
	50871	-0.49180799999999997
	53519	-0.491064
	56081	-0.48912
	54318	-0.48767999999999995
	58477	-0.4872
	57554	-0.486752
	55228	-0.486696
	50756	-0.485568
	50979	-0.48537600000000003
	58938	-0.48216000000000003
	57590	-0.482004
	58102	-0.48168000000000005
	53848	-0.48156
	58109	-0.48103200000000007
	58108	-0.480384
	59750	-0.47992
	56137	-0.47972400000000004
	54530	-0.4794
	59426	-0.47868800000000006
	58353	-0.47768400000000005
	58428	-0.47768400000000005
	57409	-0.4766040000000001
	56840	-0.47120400000000007
	57405	-0.46969200000000005
	59757	-0.469452
	52889	-0.46943999999999997
	59431	-0.46928000000000003
	54843	-0.4686
	51829	-0.46821599999999997
	57206	-0.467208
	58923	-0.46681600000000006
	57052	-0.46668
	53937	-0.46463999999999994
	57905	-0.46332
	58249	-0.46332
	54842	-0.46199999999999997
	51367	-0.46166399999999996
	54831	-0.46068
	57477	-0.458784
	57792	-0.45763200000000004
	53610	-0.45737999999999995
	51359	-0.45653999999999995
	57307	-0.454788
	54226	-0.454752
	58314	-0.45457200000000003
	57673	-0.45393600000000006
	53852	-0.45371999999999996
	57636	-0.453492
	50877	-0.45167999999999997
	57033	-0.44939999999999997
	53979	-0.44832
	54122	-0.447648
	59021	-0.44475200000000004
	53982	-0.44339999999999996
	58329	-0.4428
	56295	-0.44226
	57743	-0.44072000000000006
	51573	-0.438228
	52203	-0.43646399999999996
	56297	-0.43632000000000004
	57178	-0.435
	54321	-0.43257599999999996
	58426	-0.43092
	54539	-0.43019999999999997
	57643	-0.4300800000000001
	54436	-0.42864
	54362	-0.42825599999999997
	57040	-0.42407999999999996
	58459	-0.423472
	58244	-0.422928
	50859	-0.42191999999999996
	53602	-0.421056
	50774	-0.42057599999999995
	57358	-0.42012000000000005
	57777	-0.41932800000000003
	50861	-0.41923199999999994
	57482	-0.41796000000000005
	56839	-0.417096
	58531	-0.41353200000000007
	54753	-0.41352
	57292	-0.41196
	53866	-0.41184
	50564	-0.41126399999999996
	56584	-0.410616
	58251	-0.40975200000000006
	54320	-0.40896
	58367	-0.4077
	56193	-0.405648
	54935	-0.40512
	53619	-0.401856
	53988	-0.40127999999999997
	51828	-0.399756
	53192	-0.398208
	53915	-0.39672
	58451	-0.39625600000000005
	51378	-0.394884
	57030	-0.39443999999999996
	53617	-0.392868
	50750	-0.39254399999999995
	53965	-0.39252
	53475	-0.39215999999999995
	51137	-0.392028
	53725	-0.39155999999999996
	53989	-0.3912
	51133	-0.391104
	54849	-0.39048
	58455	-0.38976
	57585	-0.38964800000000005
	53615	-0.38950799999999997
	57634	-0.38901600000000003
	52996	-0.3852
	54623	-0.38472
	57304	-0.38361600000000007
	54755	-0.38268
	56272	-0.38210400000000005
	54827	-0.38148
	58543	-0.3802400000000001
	54622	-0.37776000000000004
	57285	-0.37764
	54751	-0.37704
	57198	-0.37679999999999997
	57308	-0.37670400000000004
	58111	-0.37643999999999994
	54316	-0.37612799999999996
	58457	-0.37542400000000004
	54645	-0.37488
	57290	-0.3744
	57362	-0.37368
	58016	-0.373572
	53974	-0.36948
	56849	-0.369468
	57324	-0.368712
	58148	-0.3672
	58514	-0.36668800000000007
	57407	-0.36612000000000006
	58546	-0.36568000000000006
	53845	-0.36347999999999997
	54764	-0.363
	57306	-0.36298800000000003
	57194	-0.36072
	58128	-0.360504
	59228	-0.35952000000000006
	57902	-0.35910000000000003
	58339	-0.358344
	54812	-0.35831999999999997
	53463	-0.355584
	58257	-0.35499600000000003
	57589	-0.35467200000000004
	53928	-0.35316
	53963	-0.35196
	57031	-0.35124
	57045	-0.35112000000000004
	54844	-0.34919999999999995
	52856	-0.348348
	54533	-0.34487999999999996
	58501	-0.34452000000000005
	54736	-0.3444
	51826	-0.344064
	56378	-0.343548
	58011	-0.34332
	57297	-0.34164
	54910	-0.34092
	54815	-0.34068
	53518	-0.34062000000000003
	58352	-0.340308
	57191	-0.33696
	57462	-0.33642
	57029	-0.33455999999999997
	59446	-0.333872
	58221	-0.33091200000000004
	59626	-0.33051200000000003
	51353	-0.329364
	51827	-0.328188
	58346	-0.32691600000000004
	54744	-0.32664
	51931	-0.326088
	56580	-0.32497200000000004
	57768	-0.32491200000000003
	58619	-0.32155200000000006
	54531	-0.32064
	58550	-0.32043200000000005
	57094	-0.31980000000000003
	57800	-0.31903200000000004
	57502	-0.317844
	58704	-0.316624
	56596	-0.31287600000000004
	54710	-0.31283999999999995
	56079	-0.31104
	54810	-0.31092
	55591	-0.310296
	57047	-0.30972
	58306	-0.30844800000000006
	54522	-0.30828
	53533	-0.300288
	54915	-0.30012
	54730	-0.29951999999999995
	53467	-0.298944
	59451	-0.29848
	53861	-0.29724
	57041	-0.29675999999999997
	54439	-0.29603999999999997
	52836	-0.295176
	57413	-0.294516
	53455	-0.29424
	58712	-0.29344000000000003
	57318	-0.292248
	54738	-0.29208
	56082	-0.29052
	58417	-0.288684
	54916	-0.288
	58003	-0.288
	58264	-0.28717200000000004
	54535	-0.28548
	58027	-0.28533600000000003
	51655	-0.284004
	54837	-0.28319999999999995
	52998	-0.28308
	58435	-0.27853200000000006
	53618	-0.27837599999999996
	59435	-0.27832
	57320	-0.27745200000000003
	57196	-0.27636
	53446	-0.27532799999999996
	54618	-0.2742
	56841	-0.271296
	54204	-0.27100799999999997
	50915	-0.270624
	51839	-0.270396
	59449	-0.26812800000000003
	54918	-0.26676
	53757	-0.26292
	54731	-0.26255999999999996
	54921	-0.26208
	57682	-0.26196800000000003
	54702	-0.25992
	57752	-0.25760000000000005
	53466	-0.25756799999999996
	56836	-0.25704
	53983	-0.25284
	55299	-0.25157999999999997
	59012	-0.25088000000000005
	51572	-0.24872399999999997
	57431	-0.246672
	57793	-0.24438400000000002
	51470	-0.24343199999999998
	54711	-0.24287999999999998
	57211	-0.24228
	54777	-0.24167999999999998
	54727	-0.23963999999999996
	53083	-0.23951999999999998
	52418	-0.23831999999999998
	56180	-0.23716800000000002
	54925	-0.23712
	55690	-0.23553599999999997
	58034	-0.23399999999999999
	54429	-0.23328
	52895	-0.23207999999999998
	58503	-0.23172800000000002
	54919	-0.23147999999999996
	54734	-0.23112
	54438	-0.23087999999999997
	57832	-0.22896
	58944	-0.22870400000000002
	54113	-0.22655999999999998
	52546	-0.22608
	56247	-0.22248
	57499	-0.22226400000000002
	57387	-0.21934800000000002
	58462	-0.2174
	57519	-0.21632400000000002
	58484	-0.21593600000000002
	56067	-0.215376
	54627	-0.21528
	54528	-0.21516
	57445	-0.214056
	54807	-0.21384
	53770	-0.21264
	59038	-0.212016
	54759	-0.20628
	57586	-0.206064
	50767	-0.20592
	59015	-0.20540800000000004
	53392	-0.20520000000000002
	57608	-0.204984
	58454	-0.204736
	53324	-0.20284799999999997
	54700	-0.20268
	52446	-0.20243999999999998
	58146	-0.20239200000000002
	58500	-0.20239200000000002
	54628	-0.20123999999999997
	59209	-0.200816
	51379	-0.200508
	55593	-0.200508
	54532	-0.19871999999999998
	58467	-0.19712000000000002
	50852	-0.195648
	56371	-0.19342800000000002
	59218	-0.19140800000000002
	54846	-0.19104000000000002
	56691	-0.189972
	59022	-0.18984000000000004
	53926	-0.18984
	56582	-0.18792
	50973	-0.18364799999999998
	56091	-0.18336
	57014	-0.183
	53908	-0.18144
	53806	-0.179004
	58243	-0.17679600000000004
	54940	-0.17592
	54608	-0.17556000000000002
	57035	-0.17496
	58126	-0.173664
	56585	-0.173448
	58409	-0.17301600000000003
	51704	-0.172788
	51232	-0.169848
	58022	-0.16812
	57737	-0.167508
	58026	-0.166968
	58024	-0.16620000000000001
	58362	-0.1651
	57004	-0.16440000000000002
	54434	-0.16236
	57098	-0.16091999999999998
	54903	-0.15996
	57183	-0.15984
	58839	-0.1596
	56146	-0.157788
	52515	-0.15707999999999997
	56182	-0.15692400000000004
	56093	-0.15611999999999998
	54714	-0.15372
	57217	-0.15336
	58212	-0.152496
	54705	-0.15228
	58446	-0.151984
	53705	-0.15036
	59025	-0.15019200000000002
	54708	-0.14916
	51186	-0.148344
	57187	-0.14567999999999998
	56043	-0.144816
	53968	-0.14376
	54737	-0.14051999999999998
	57363	-0.140076
	57326	-0.13878000000000001
	52424	-0.1386
	58443	-0.13798400000000002
	53723	-0.137508
	54712	-0.13668
	58139	-0.13662000000000002
	57671	-0.136528
	53862	-0.13643999999999998
	56739	-0.13629600000000003
	57173	-0.13584
	53707	-0.13297199999999998
	54619	-0.13296
	56838	-0.132408
	53276	-0.13094399999999998
	54826	-0.1308
	58203	-0.130356
	54922	-0.12804
	53941	-0.12792
	53433	-0.127872
	58520	-0.12776400000000002
	58013	-0.126036
	58534	-0.126036
	54703	-0.12588
	56074	-0.1248
	55585	-0.124656
	56851	-0.12366000000000002
	56380	-0.12290400000000001
	53993	-0.12108
	58414	-0.12063600000000001
	58002	-0.11915999999999999
	56189	-0.118692
	51581	-0.117012
	54437	-0.11675999999999999
	53906	-0.11567999999999999
	53420	-0.115488
	53391	-0.115008
	54521	-0.11435999999999999
	54527	-0.11399999999999999
	50867	-0.11212799999999999
	51156	-0.111888
	52984	-0.1098
	57483	-0.10789200000000002
	59941	-0.10787999999999999
	54313	-0.10742399999999999
	54722	-0.10727999999999999
	51709	-0.10718399999999999
	54519	-0.10643999999999999
	58338	-0.10519200000000001
	58017	-0.10284
	57317	-0.099684
	54715	-0.09912
	52267	-0.098976
	53865	-0.09792000000000001
	51358	-0.097692
	53935	-0.09648
	51482	-0.09584399999999998
	56168	-0.09363600000000001
	55472	-0.092064
	54117	-0.09168
	58508	-0.08971200000000001
	54803	-0.08892
	51059	-0.087696
	54802	-0.08544
	57039	-0.0846
	57663	-0.08232
	58334	-0.08208
	54704	-0.07908
	52869	-0.078372
	54386	-0.077376
	57762	-0.07548800000000001
	51431	-0.071988
	56376	-0.071064
	53881	-0.070644
	54525	-0.06912
	53068	-0.06873599999999999
	56390	-0.068472
	57728	-0.065664
	58006	-0.06527999999999999
	57023	-0.06455999999999999
	54512	-0.06444
	58570	-0.06328
	56287	-0.062208
	58627	-0.059584000000000005
	54929	-0.05856
	57189	-0.0576
	50853	-0.057504
	58317	-0.054648
	58438	-0.05421600000000001
	53923	-0.053759999999999995
	52607	-0.053088
	56071	-0.053040000000000004
	51243	-0.05275199999999999
	53868	-0.052559999999999996
	54218	-0.052511999999999996
	57710	-0.051516
	57389	-0.048924
	57368	-0.046116000000000004
	57099	-0.041519999999999994
	58360	-0.041472
	54932	-0.03984
	51430	-0.03948
	56755	-0.038772
	57034	-0.03864
	59023	-0.038192000000000004
	57298	-0.03564
	57942	-0.034272000000000004
	57303	-0.032832
	53829	-0.0324
	50566	-0.03216
	58563	-0.030688000000000003
	59213	-0.029792000000000003
	56533	-0.028728
	56565	-0.028728
	57048	-0.028560000000000002
	51765	-0.027972
	57763	-0.024416000000000004
	56497	-0.024408
	53149	-0.021695999999999997
	58205	-0.01776
	58020	-0.017159999999999998
	56095	-0.01536
	53841	-0.010799999999999999
	56649	-0.010584
	53272	-0.010368
	53644	-0.008351999999999998
	53231	-0.0075840000000000005
	59254	-0.006720000000000001
	51818	-0.004872
	53950	-0.00456
	51656	-0.003696
	54729	-0.0032400000000000003
	54428	-0.0028799999999999997
	54412	-0.0016799999999999999
	52983	-7.199999999999999E-4
	56835	3.24E-4
	54719	9.6E-4
	52652	0.00456
	53869	0.00636
	56096	0.0064800000000000005
	56276	0.006588000000000001
	56374	0.007344
	57007	0.00996
	50658	0.009984
	51705	0.010248
	52943	0.010332
	53769	0.011399999999999999
	56016	0.011843999999999999
	57883	0.014784000000000002
	53863	0.016919999999999998
	58730	0.017248000000000003
	59031	0.019488000000000002
	59324	0.019600000000000003
	52112	0.019992
	58004	0.02256
	52972	0.022932
	57091	0.02316
	58828	0.023296
	57646	0.024528
	57294	0.02532
	56387	0.030348000000000003
	57002	0.032279999999999996
	54811	0.03312
	56391	0.03402
	59452	0.03561600000000001
	57208	0.036072
	54709	0.03612
	58154	0.036828
	58562	0.038304000000000005
	57197	0.039
	58468	0.03942400000000001
	54520	0.0402
	53517	0.044267999999999995
	52884	0.045
	53997	0.048119999999999996
	56147	0.048384
	52842	0.049728
	50659	0.050976
	57513	0.05421600000000001
	58113	0.054540000000000005
	56491	0.056592
	57314	0.056592
	53799	0.056639999999999996
	54923	0.05676
	52885	0.05736
	55589	0.057707999999999995
	56286	0.061128
	58021	0.06312
	53357	0.064224
	58129	0.065016
	57182	0.06563999999999999
	56171	0.065664
	57738	0.065664
	57604	0.06739200000000001
	58507	0.069776
	58340	0.07041599999999999
	54808	0.07188
	52436	0.07283999999999999
	59004	0.07403200000000001
	53522	0.0744
	59256	0.07660800000000001
	56278	0.07711200000000001
	51352	0.079128
	50674	0.080544
	56257	0.081
	54806	0.08220000000000001
	54913	0.08231999999999999
	57562	0.08265600000000001
	54617	0.0834
	53768	0.08484
	58626	0.085008
	57882	0.086016
	53873	0.08616
	58337	0.0864
	56080	0.08676
	54732	0.08987999999999999
	57313	0.09212400000000001
	54717	0.09372
	57912	0.09504
	54707	0.09552000000000001
	59255	0.09632
	54857	0.09708
	59041	0.099792
	54518	0.10319999999999999
	56194	0.10422000000000001
	57886	0.107296
	59127	0.109088
	57612	0.11253600000000001
	58542	0.113232
	54624	0.11615999999999999
	59205	0.11685600000000002
	54633	0.1182
	56383	0.120096
	58036	0.120312
	54723	0.1212
	57816	0.121716
	58040	0.121716
	52602	0.12205200000000001
	54718	0.12431999999999999
	57679	0.12488000000000002
	55664	0.12516
	54853	0.12947999999999998
	56641	0.13046400000000002
	53985	0.13463999999999998
	57411	0.13467600000000002
	57740	0.13552
	57395	0.13705200000000003
	57813	0.137484
	57811	0.140184
	56991	0.14083199999999998
	57909	0.14115600000000003
	58719	0.14134400000000003
	57649	0.14212800000000003
	50749	0.142176
	54701	0.14376
	55681	0.144228
	54644	0.14712
	51241	0.150192
	52866	0.150612
	54523	0.15264
	58442	0.153252
	54920	0.15504
	58601	0.15590400000000001
	53419	0.159264
	56285	0.15951600000000002
	58929	0.16004800000000002
	54724	0.1602
	55773	0.16094399999999998
	56331	0.162708
	51330	0.163212
	57401	0.163944
	57911	0.164484
	58408	0.1647
	58701	0.164976
	53884	0.16548
	57707	0.16578
	57096	0.16632
	58366	0.1667
	54814	0.16812
	52955	0.168504
	58015	0.17031600000000002
	54817	0.17256000000000002
	58906	0.17326400000000003
	54433	0.177
	53469	0.18028799999999998
	57674	0.183568
	51777	0.18429600000000002
	58045	0.184788
	57180	0.18624
	58725	0.187264
	56184	0.19094400000000003
	58928	0.19096000000000002
	58436	0.19126800000000002
	54943	0.1914
	57678	0.19264
	52557	0.19271999999999997
	56151	0.194376
	59945	0.19441599999999998
	57038	0.19487999999999997
	57485	0.197532
	58365	0.1978
	59856	0.19801199999999997
	56487	0.20217600000000002
	53348	0.202656
	54716	0.2046
	56289	0.206172
	54225	0.207552
	52855	0.209748
	53832	0.21348
	58145	0.215892
	57426	0.216756
	50673	0.21734399999999998
	57635	0.21837600000000001
	53938	0.21864
	55578	0.219324
	52876	0.22092
	54902	0.22151999999999997
	58548	0.224224
	54616	0.2244
	59017	0.224784
	51707	0.22621199999999997
	54713	0.22931999999999997
	58038	0.23155200000000004
	54511	0.23244
	58259	0.23382
	56595	0.23403600000000002
	51814	0.23595599999999997
	57089	0.24012
	51720	0.240324
	54515	0.24180000000000001
	54510	0.24263999999999997
	58936	0.24304000000000003
	58007	0.24492
	59230	0.245392
	53352	0.24547199999999997
	52797	0.24816
	54398	0.24828
	58116	0.249264
	54939	0.24936
	58207	0.25152
	58361	0.252
	52447	0.25464
	56384	0.254664
	53579	0.2568
	58523	0.25704
	51434	0.258972
	59940	0.25983999999999996
	53457	0.26016
	54805	0.26111999999999996
	58537	0.26353600000000005
	52576	0.265056
	57184	0.26555999999999996
	58222	0.265896
	58926	0.266448
	58846	0.26812800000000003
	58934	0.270704
	58048	0.27097200000000005
	50758	0.271488
	54945	0.27168
	52957	0.274512
	58608	0.27563200000000004
	57915	0.2781
	54597	0.2784
	51711	0.278964
	57494	0.280908
	53472	0.281376
	56483	0.28231200000000006
	57016	0.28656
	56045	0.287028
	58404	0.2916
	53874	0.29184
	54505	0.29196
	53337	0.29241599999999995
	54726	0.29303999999999997
	54706	0.29388
	53903	0.294672
	58602	0.29467200000000005
	56173	0.29494800000000004
	57769	0.29680000000000006
	54632	0.29832
	53927	0.29856
	59640	0.301168
	52313	0.301308
	58030	0.30263999999999996
	57176	0.30276000000000003
	54613	0.30348
	59246	0.303968
	58335	0.30466800000000005
	57603	0.30531600000000003
	56192	0.30696
	54615	0.3072
	57509	0.30920400000000003
	53929	0.30948000000000003
	51642	0.31046399999999996
	56251	0.314712
	56492	0.31514400000000004
	58269	0.316224
	58140	0.31708800000000004
	53694	0.3174
	57492	0.31806
	53505	0.31824
	59033	0.31942400000000004
	57349	0.319896
	53553	0.32054399999999994
	57922	0.32119200000000003
	59249	0.321776
	57824	0.32205600000000006
	51855	0.32256
	53666	0.32352
	58319	0.323568
	57399	0.32475600000000004
	53367	0.324864
	56995	0.325512
	57741	0.328212
	58132	0.328212
	54502	0.32844
	54214	0.329472
	58713	0.33196800000000004
	52745	0.333144
	52862	0.333732
	56490	0.33469200000000005
	53771	0.33624
	51559	0.337344
	56106	0.339024
	56202	0.34062000000000003
	51802	0.347004
	53860	0.34847999999999996
	57661	0.348768
	56381	0.350028
	54725	0.35159999999999997
	53289	0.352224
	58826	0.35425600000000007
	55279	0.354732
	57095	0.35724
	54596	0.35856
	57486	0.36244800000000005
	51053	0.36246
	54938	0.36288
	54801	0.3654
	58141	0.36558000000000007
	58718	0.36680000000000007
	57875	0.36825600000000003
	53562	0.368544
	52575	0.370176
	57296	0.37068
	59134	0.371056
	58416	0.371304
	58158	0.371736
	54606	0.37283999999999995
	59126	0.373296
	55680	0.37464
	59319	0.37632000000000004
	57714	0.37702800000000003
	54631	0.38016
	51568	0.380268
	52323	0.38051999999999997
	55572	0.38262
	57345	0.38502000000000003
	58143	0.38512799999999997
	51357	0.387576
	53953	0.38964
	58935	0.39088
	57872	0.39390400000000003
	53991	0.39396
	57640	0.39468800000000004
	55655	0.395472
	54425	0.39588
	58600	0.399056
	58544	0.399392
	51436	0.400932
	51708	0.40193999999999996
	58005	0.40247999999999995
	57729	0.40392
	57507	0.40446000000000004
	50656	0.405504
	57774	0.409472
	53767	0.41244
	53480	0.41385599999999995
	51238	0.4158
	58921	0.41708800000000007
	54507	0.41796
	53368	0.423168
	51722	0.424116
	57776	0.42638400000000004
	56187	0.428004
	59047	0.42840000000000006
	55437	0.42856799999999995
	51811	0.4288199999999999
	52713	0.43352399999999996
	51465	0.435204
	53980	0.43656
	57796	0.4373600000000001
	56493	0.43966800000000006
	53775	0.44016
	55696	0.44016
	57846	0.44072000000000006
	57489	0.44074800000000003
	58448	0.441728
	58437	0.445284
	51477	0.44545199999999996
	53362	0.446112
	52784	0.447
	56263	0.449064
	56992	0.44982
	53543	0.450144
	56038	0.4510080000000001
	53892	0.45192
	59849	0.45193599999999995
	57598	0.45248000000000005
	56479	0.45252000000000003
	56029	0.452676
	58714	0.45438400000000007
	54594	0.45443999999999996
	53545	0.45532799999999995
	59131	0.4553920000000001
	54399	0.45539999999999997
	57840	0.455652
	54820	0.45636
	51633	0.457296
	52657	0.45737999999999995
	53689	0.45971999999999996
	58044	0.46062000000000003
	58012	0.46148400000000006
	54728	0.4626
	58025	0.46571999999999997
	53930	0.46668
	58612	0.46670400000000006
	58032	0.46931999999999996
	57025	0.47063999999999995
	54612	0.47148
	58127	0.472932
	56033	0.47375999999999996
	56167	0.47422800000000004
	51810	0.474768
	56125	0.47493599999999997
	54800	0.47603999999999996
	54208	0.477216
	53481	0.478272
	51334	0.47972400000000004
	57132	0.4806
	57871	0.4818240000000001
	54912	0.48263999999999996
	52853	0.485184
	53774	0.486
	53679	0.48888
	53488	0.49319999999999997
	56178	0.49442400000000003
	51469	0.495348
	54514	0.49572
	57932	0.496692
	58415	0.499932
	57343	0.5022
	53796	0.50424
	55598	0.504504
	53788	0.50652
	57778	0.50736
	53934	0.5074799999999999
	56475	0.507492
	53662	0.50808
	57906	0.51246
	51058	0.5125679999999999
	58401	0.512784
	53772	0.51324
	53882	0.5136
	57006	0.5147999999999999
	57027	0.5154
	57381	0.515916
	54205	0.517056
	52980	0.51744
	54499	0.52368
	54610	0.52716
	54804	0.5322
	53513	0.533856
	57647	0.535356
	53484	0.5405760000000001
	51815	0.541968
	51629	0.546
	58402	0.547668
	52908	0.550368
	53735	0.5517599999999999
	58734	0.5536160000000001
	54424	0.55368
	54809	0.5568
	53512	0.5577599999999999
	58547	0.559104
	53889	0.55956
	58620	0.559776
	51567	0.5625479999999999
	54901	0.56424
	58565	0.5642560000000001
	53704	0.564396
	53756	0.5723999999999999
	59457	0.5728800000000001
	54636	0.57432
	54431	0.57624
	57698	0.57624
	57760	0.5778080000000001
	59037	0.58072
	57505	0.583524
	57517	0.584388
	57655	0.584752
	54506	0.58488
	58737	0.585312
	53651	0.59064
	54311	0.59112
	52825	0.592032
	56084	0.5922
	56021	0.59388
	59237	0.596064
	54640	0.59844
	53486	0.59976
	58903	0.6014400000000001
	59211	0.6030080000000001
	52833	0.6040439999999999
	58615	0.60424
	54421	0.6048
	54614	0.60756
	58907	0.608384
	58208	0.6125999999999999
	54213	0.613536
	53966	0.61488
	57309	0.61506
	51346	0.6174839999999999
	53890	0.61908
	59124	0.6250720000000001
	58150	0.6261840000000001
	57614	0.6300720000000001
	51636	0.630672
	56172	0.63234
	53385	0.6331199999999999
	56195	0.6372
	53794	0.63744
	58407	0.6380640000000001
	59266	0.6389600000000001
	58625	0.641536
	59242	0.64176
	53899	0.6423599999999999
	57913	0.642924
	52101	0.643608
	58268	0.644436
	56598	0.64476
	58041	0.64584
	59654	0.6475840000000002
	57921	0.650916
	59122	0.65296
	53888	0.65544
	53886	0.6564
	58519	0.658224
	57781	0.658784
	53740	0.6588
	53975	0.6589200000000001
	52378	0.6599999999999999
	59133	0.660576
	57020	0.6610799999999999
	53780	0.66288
	57134	0.6656399999999999
	53487	0.6658799999999999
	53343	0.669216
	53798	0.66936
	53877	0.66972
	53697	0.67452
	51571	0.675024
	58629	0.6764800000000001
	57299	0.6778799999999999
	52681	0.68004
	50755	0.680832
	56399	0.682776
	57606	0.683424
	53753	0.68736
	54419	0.69216
	58429	0.696816
	53599	0.6978
	58049	0.699408
	53699	0.7002
	53483	0.7039679999999999
	57996	0.705712
	52707	0.705852
	51730	0.70602
	53782	0.7068
	54305	0.7103039999999999
	59241	0.7122080000000001
	57696	0.7129920000000002
	56018	0.716184
	52656	0.7162799999999999
	53895	0.7165199999999999
	51076	0.719376
	57829	0.7217640000000001
	53776	0.72192
	53883	0.72204
	59655	0.7224
	58633	0.7239680000000001
	53677	0.7242000000000001
	57699	0.7249760000000001
	58549	0.7268800000000001
	58905	0.7269920000000001
	58821	0.7282240000000001
	51627	0.730548
	53748	0.73128
	58047	0.732024
	51526	0.732648
	53727	0.7358399999999999
	53573	0.73632
	59644	0.7396480000000001
	54626	0.7408799999999999
	59034	0.743232
	59448	0.748608
	53646	0.74964
	59441	0.7499520000000001
	56284	0.7517880000000001
	58421	0.7521120000000001
	57390	0.75228
	54416	0.75264
	58748	0.7537600000000001
	57021	0.75384
	53665	0.7550399999999999
	57126	0.7555200000000001
	59044	0.756672
	57637	0.7577280000000001
	53336	0.758496
	57766	0.761376
	57744	0.7650720000000001
	58932	0.768096
	53502	0.7688639999999999
	56593	0.7702559999999999
	52818	0.77028
	58101	0.77052
	58731	0.7743680000000001
	53738	0.7769999999999999
	56152	0.7777080000000001
	57735	0.7800840000000001
	53567	0.7828799999999999
	52737	0.784644
	53785	0.78576
	53893	0.7904399999999999
	59322	0.7922880000000001
	56188	0.794016
	58449	0.7945280000000001
	59027	0.7945280000000001
	51068	0.7962359999999999
	54308	0.79704
	53378	0.804576
	58941	0.8050560000000001
	53777	0.80736
	53959	0.80988
	57745	0.810656
	51435	0.814128
	57828	0.82134
	58616	0.8232
	54513	0.82368
	54609	0.82596
	51060	0.827736
	58823	0.8279040000000001
	56004	0.8284919999999999
	59321	0.8293600000000001
	53891	0.83268
	57941	0.8340640000000001
	53492	0.8353200000000001
	50772	0.835776
	51495	0.83874
	59320	0.8403360000000001
	58517	0.8477280000000001
	59471	0.8532160000000001
	58624	0.8543360000000001
	53660	0.85716
	53490	0.8622
	57992	0.8631840000000002
	56281	0.86346
	56185	0.8652960000000001
	53658	0.86712
	57822	0.8684280000000001
	56389	0.869724
	51639	0.8714160000000001
	57032	0.8749199999999999
	52643	0.8750399999999999
	57780	0.8764000000000001
	57669	0.8775200000000001
	54603	0.87768
	53787	0.87996
	58008	0.88056
	53784	0.88164
	53732	0.883296
	58509	0.883344
	53898	0.88404
	53576	0.88644
	59130	0.886592
	59235	0.8890560000000001
	57742	0.8894880000000001
	57895	0.8928640000000001
	53585	0.89508
	54620	0.89616
	59650	0.9007040000000001
	57894	0.9020480000000001
	57814	0.9033120000000001
	58837	0.9044000000000001
	53910	0.9050159999999999
	53914	0.9078719999999999
	57496	0.9089280000000001
	58529	0.9097760000000001
	56046	0.9150119999999999
	57105	0.91788
	54605	0.91884
	59224	0.9256800000000001
	57805	0.928044
	57839	0.9286920000000001
	51716	0.9346679999999999
	58946	0.9430400000000001
	57003	0.94572
	58135	0.9471600000000001
	58556	0.949424
	53577	0.9501599999999999
	53578	0.9533999999999999
	53676	0.9609599999999999
	59315	0.9615200000000002
	58555	0.9616320000000002
	58754	0.96208
	57989	0.962416
	58433	0.96606
	57936	0.9662760000000001
	58843	0.9698080000000001
	54301	0.9700799999999999
	57786	0.9741760000000002
	51628	0.9763320000000001
	57718	0.9769680000000001
	59007	0.977292
	53976	0.97752
	59318	0.9788800000000001
	53795	0.97932
	56382	0.981072
	53781	0.9847199999999999
	58420	0.9847440000000002
	57868	0.9875040000000002
	58933	0.9876160000000002
	53685	0.98784
	56496	0.989604
	57216	0.991008
	53763	0.99648
	58557	1.000048
	57498	1.000188
	57874	1.0006080000000002
	57859	1.003968
	53764	1.00752
	59265	1.011808
	55294	1.0133759999999998
	57899	1.0192
	53917	1.0209599999999999
	52633	1.02144
	57493	1.026
	54621	1.02612
	51644	1.0311839999999999
	53792	1.03176
	53698	1.0338
	59116	1.0347680000000001
	53681	1.03572
	57881	1.03712
	58432	1.039068
	54410	1.03944
	53789	1.04328
	52533	1.04508
	56181	1.0465200000000001
	51701	1.048824
	53791	1.05216
	57329	1.053324
	53751	1.05744
	54503	1.05948
	54408	1.05984
	52787	1.06032
	59855	1.062096
	59454	1.0654560000000002
	52896	1.06656
	51467	1.0684799999999999
	58632	1.07856
	59493	1.078784
	59125	1.0805760000000002
	59278	1.081584
	59313	1.0834880000000002
	56288	1.097172
	58637	1.1047680000000002
	53790	1.1055599999999999
	52495	1.1075519999999999
	54604	1.11048
	53659	1.12092
	51437	1.125768
	53491	1.1264399999999999
	56279	1.12968
	53916	1.130304
	57761	1.134336
	58618	1.141952
	57128	1.14432
	57600	1.1467440000000002
	58423	1.148256
	53981	1.15032
	57821	1.153764
	57988	1.1603200000000002
	54401	1.1627999999999998
	57127	1.16316
	52754	1.163484
	53588	1.16436
	59059	1.1686080000000003
	58918	1.1716320000000002
	54406	1.1778
	58634	1.1800320000000002
	53478	1.18032
	57818	1.18098
	54602	1.18872
	59462	1.2005280000000003
	52674	1.2006
	59238	1.200976
	58745	1.201424
	57865	1.2024320000000002
	52661	1.2029999999999998
	59476	1.2070240000000003
	57110	1.2072
	54405	1.209
	57779	1.209152
	58942	1.2093760000000002
	57803	1.211328
	53680	1.21584
	57514	1.216836
	59264	1.219792
	53693	1.2225599999999999
	58623	1.223824
	57609	1.224396
	53821	1.22616
	59268	1.2302080000000002
	58622	1.2328960000000002
	57994	1.233232
	53664	1.2332400000000001
	59469	1.238048
	51433	1.242192
	58606	1.244544
	57491	1.2464279999999999
	53996	1.2471599999999998
	53760	1.2472800000000002
	56273	1.24848
	57851	1.2508160000000001
	59046	1.2514880000000002
	53565	1.25376
	59456	1.2546240000000002
	57896	1.25608
	59314	1.2601120000000001
	59137	1.2619040000000001
	58747	1.2648160000000002
	58427	1.265112
	53896	1.27056
	58001	1.27512
	53669	1.27692
	53797	1.2784799999999998
	54611	1.2822
	58845	1.2863200000000001
	53973	1.2873599999999998
	53564	1.29252
	58819	1.2931520000000003
	53695	1.29456
	58210	1.295568
	58643	1.2959520000000002
	59312	1.3007680000000001
	54601	1.3032000000000001
	52679	1.3046399999999998
	51886	1.3095599999999998
	51438	1.3129199999999999
	53690	1.31592
	53499	1.31796
	59477	1.321152
	58911	1.321376
	58715	1.32552
	59316	1.328432
	53678	1.3292399999999998
	58558	1.33504
	53596	1.33608
	59664	1.3401920000000003
	56034	1.344084
	59090	1.3479200000000002
	59485	1.34904
	57012	1.3510799999999998
	57694	1.355648
	53663	1.3562400000000001
	53692	1.36236
	57993	1.3657280000000003
	53397	1.3734
	59310	1.3735680000000001
	59501	1.3776000000000002
	53817	1.378356
	53687	1.3812
	53754	1.3851600000000002
	53750	1.38816
	58642	1.3899200000000003
	57990	1.3984320000000001
	59117	1.398544
	57825	1.400112
	54404	1.4058
	57991	1.416128
	57891	1.4227360000000002
	58609	1.4235200000000001
	59653	1.4320320000000002
	57028	1.4325599999999998
	57739	1.4351040000000002
	59317	1.438528
	57518	1.438884
	53575	1.43976
	53691	1.44468
	56485	1.445364
	53580	1.44564
	57827	1.4475240000000003
	59656	1.448272
	53786	1.4502
	58424	1.461996
	53688	1.47288
	51542	1.4738639999999998
	53682	1.47792
	57914	1.479276
	54501	1.48428
	58693	1.4863520000000001
	53590	1.48992
	53674	1.4917200000000002
	59478	1.5013600000000002
	53593	1.5061200000000001
	53584	1.50924
	57717	1.5151320000000001
	57995	1.5163680000000002
	57124	1.5183600000000002
	57106	1.52724
	57870	1.5377600000000002
	58647	1.5405600000000002
	59269	1.5501920000000002
	57720	1.5523920000000002
	58631	1.5528800000000003
	56280	1.5539040000000002
	53696	1.55412
	53897	1.5677999999999999
	54607	1.57224
	58607	1.5776320000000001
	56592	1.5793920000000001
	58824	1.580656
	57213	1.58316
	53673	1.5852
	57713	1.58598
	53498	1.59168
	58746	1.5930880000000003
	57402	1.60542
	58750	1.6207520000000002
	58706	1.6238880000000002
	52765	1.6338
	53574	1.6365599999999998
	54749	1.65732
	57516	1.6603920000000003
	57731	1.6605000000000003
	59473	1.66152
	53894	1.6668
	57708	1.6670880000000001
	59055	1.6701440000000003
	58818	1.6749600000000002
	58804	1.6751840000000002
	58431	1.678536
	54304	1.67892
	58742	1.6849280000000002
	57102	1.6865999999999999
	58822	1.6925440000000003
	59470	1.6937760000000002
	58917	1.696688
	53773	1.6971599999999998
	59102	1.7077760000000002
	58820	1.7170720000000002
	58605	1.728272
	57204	1.7300520000000001
	58707	1.732304
	57506	1.748844
	57798	1.7495520000000002
	59481	1.759184
	59502	1.768256
	58847	1.773632
	59488	1.7741920000000002
	57789	1.7754240000000001
	57841	1.7754240000000001
	57842	1.7765440000000001
	57754	1.784272
	57835	1.786536
	53582	1.79052
	59663	1.7939040000000002
	57964	1.8133920000000001
	58814	1.8142880000000001
	56489	1.831572
	58644	1.8351200000000003
	57857	1.845872
	57734	1.8488520000000002
	59500	1.852592
	57767	1.859312
	59114	1.859312
	58751	1.867712
	58614	1.8801440000000003
	57887	1.893248
	59480	1.8934720000000003
	57971	1.9089280000000002
	58736	1.9115040000000003
	59659	1.9350240000000003
	58752	1.947456
	59306	1.9568640000000004
	58940	1.958768
	52645	1.9670279999999998
	59475	1.9677280000000001
	58912	1.9751200000000002
	58567	1.976576
	53399	1.983
	57722	1.9852560000000001
	57011	1.99212
	57844	2.001024
	58659	2.0033440000000002
	58806	2.01432
	59289	2.0175680000000003
	57981	2.0176800000000004
	58927	2.033808
	59093	2.0515040000000004
	57736	2.079648
	58744	2.0888
	58760	2.093728
	59673	2.095856
	57876	2.098656
	58705	2.1054880000000002
	59487	2.1192640000000003
	59106	2.123072
	56385	2.1251160000000002
	57923	2.131056
	56494	2.147796
	58848	2.1517440000000003
	59288	2.1535360000000003
	58666	2.1619360000000003
	53783	2.16324
	58664	2.166528
	57867	2.172016
	57965	2.186128
	58559	2.1890400000000003
	58813	2.1918400000000005
	59113	2.2118880000000005
	57947	2.230592
	56499	2.2321440000000004
	57956	2.237312
	56498	2.241108
	58667	2.25456
	58265	2.2605480000000004
	57837	2.2816080000000003
	58656	2.3124640000000003
	58646	2.3475200000000003
	58735	2.3701440000000003
	53594	2.38212
	59109	2.383696
	59071	2.3892960000000003
	57889	2.402512
	59057	2.404304
	58749	2.4164000000000003
	57732	2.425572
	57834	2.42838
	57974	2.433984
	59045	2.4345440000000003
	58652	2.4394720000000003
	57948	2.4484320000000004
	57508	2.4507360000000005
	58665	2.456608
	57955	2.468144
	59279	2.4887520000000003
	57949	2.5757760000000003
	58658	2.5856320000000004
	57853	2.5874240000000004
	57957	2.596048
	59096	2.6677280000000003
	58569	2.6763520000000005
	57985	2.6765760000000003
	57799	2.681616
	59298	2.7086080000000003
	59276	2.714096
	58657	2.7184640000000004
	57866	2.720816
	57113	2.7241199999999997
	58844	2.7295520000000004
	57966	2.7498240000000003
	59053	2.7779360000000004
	57111	2.802
	58568	2.8272160000000004
	59293	2.8497280000000003
	57972	2.8769440000000004
	58635	2.911664
	59092	2.930704
	58660	2.932272
	57845	2.980544
	59065	3.017728
	59072	3.0309440000000003
	59107	3.0327360000000003
	59304	3.0531200000000003
	59091	3.0607360000000003
	57860	3.07048
	57976	3.117632
	57960	3.1575040000000003
	57723	3.178656
	59082	3.22
	59099	3.2212320000000005
	59064	3.2290720000000004
	57975	3.238144
	59492	3.2689440000000003
	59297	3.2771200000000005
	57719	3.309984
	51468	3.31002
	59280	3.3520480000000004
	57958	3.35944
	59058	3.3941600000000003
	59285	3.4378400000000005
	59290	3.4531840000000007
	59052	3.4652800000000004
	59097	3.4693120000000004
	59287	3.4985440000000003
	59087	3.5171360000000003
	57969	3.522288
	59303	3.53248
	59088	3.5436800000000006
	59081	3.5794080000000004
	59270	3.5948640000000007
	57978	3.5959840000000005
	57758	3.6659840000000004
	57954	3.6988000000000008
	59294	3.7016000000000004
	57962	3.73016
	57973	3.763536
	59063	3.7690240000000004
	59271	3.7826880000000007
	59094	3.8235680000000003
	58654	3.8479840000000007
	59075	3.8902080000000003
	59284	3.8913280000000006
	59061	3.9763360000000003
	59074	4.155760000000001
	59051	4.166064
