	58148	-2.93964
	52972	-2.8587009
	58139	-2.71764
	58314	-2.7048
	57274	-2.6785384500000005
	50833	-2.65203024
	50758	-2.62216908
	52974	-2.47825176
	58356	-2.47272
	50945	-2.4720774600000004
	56065	-2.46163728
	50727	-2.46006564
	54662	-2.45187066
	58316	-2.41356
	54031	-2.40775248
	57260	-2.39472
	54047	-2.3670020999999997
	56171	-2.3634
	57361	-2.34984
	50655	-2.34690756
	50854	-2.2710198000000004
	56287	-2.2494
	57502	-2.21928
	58269	-2.21796
	53195	-2.2124200800000002
	53083	-2.2061335200000003
	58320	-2.20404
	58130	-2.1955199999999997
	58146	-2.19336
	54568	-2.18356926
	58145	-2.17644
	50639	-2.17301682
	50755	-2.1679651200000003
	54026	-2.15730042
	50842	-2.14068594
	56386	-2.12928
	54834	-2.12092818
	56082	-2.11857072
	57281	-2.1170499
	50425	-2.11531518
	56081	-2.10801828
	56079	-2.09616
	50526	-2.09611872
	56478	-2.0911199999999996
	54486	-2.0887095600000003
	57363	-2.08416
	57993	-2.07984
	58323	-2.0763599999999998
	57090	-2.07419793
	54334	-2.07052344
	57466	-2.0676
	50934	-2.0650227
	58804	-2.0591999999999997
	57481	-2.05536
	58240	-2.0412
	50745	-2.02416006
	57606	-2.01684
	50525	-2.0154037799999998
	57082	-2.0132296800000002
	57625	-2.00364
	50524	-2.00036094
	54248	-1.96724424
	57408	-1.9639199999999999
	57489	-1.9580399999999998
	54132	-1.95714084
	57253	-1.9451999999999998
	54575	-1.9369340400000001
	57093	-1.93542258
	50527	-1.9344643200000002
	52984	-1.93098426
	56378	-1.9232399999999998
	50844	-1.92323832
	57525	-1.9185599999999998
	54041	-1.9161659400000002
	50566	-1.91582916
	50838	-1.90808322
	54039	-1.9053889800000001
	58321	-1.9014
	53959	-1.9002250200000002
	57389	-1.89732
	56297	-1.8918
	58319	-1.87956
	57510	-1.87668
	58366	-1.8758
	57485	-1.87536
	57175	-1.8742220699999999
	57070	-1.8685317
	57271	-1.86202842
	57558	-1.85484
	58241	-1.8534
	57494	-1.85016
	52875	-1.8489222
	50953	-1.8446563200000001
	58234	-1.84404
	58905	-1.8396
	50749	-1.83780846
	50950	-1.82938896
	56278	-1.8258
	57486	-1.8251999999999997
	56074	-1.8189487800000002
	57522	-1.80612
	54266	-1.8026710799999999
	58259	-1.80156
	58327	-1.79976
	52968	-1.78650564
	56390	-1.78608
	50756	-1.78448496
	53965	-1.7832501
	57362	-1.7695199999999998
	57049	-1.7686563
	50658	-1.76450268
	52982	-1.76371686
	50656	-1.7630433
	58101	-1.75762755
	50742	-1.75664448
	58047	-1.7562
	57475	-1.75176
	56263	-1.74972
	50767	-1.74609204
	57040	-1.74249972
	57633	-1.72908
	57498	-1.7268000000000001
	50632	-1.7257729800000001
	51526	-1.7254362
	52985	-1.7212825800000002
	57061	-1.7188128599999999
	56836	-1.7185199999999998
	57565	-1.7178
	50247	-1.7146592400000003
	53944	-1.71331212
	57084	-1.71105942
	58147	-1.70784
	57409	-1.70604
	58127	-1.70496
	54335	-1.70489262
	51058	-1.70433132
	56173	-1.69536
	50958	-1.6949014800000002
	57083	-1.69247862
	58245	-1.69116
	53955	-1.68805362
	57091	-1.6836527399999999
	54237	-1.68120576
	57387	-1.6790399999999999
	58311	-1.67832
	57483	-1.67304
	58441	-1.6702799999999998
	58377	-1.66164
	57278	-1.6562400000000002
	58714	-1.6554
	54778	-1.64169024
	57460	-1.6272
	57067	-1.6196651100000001
	57268	-1.6173600000000001
	53997	-1.59829719
	58100	-1.5976004099999999
	58129	-1.59696
	57079	-1.59249069
	57477	-1.5862800000000001
	54236	-1.5828659999999999
	58665	-1.58172
	58656	-1.57956
	57520	-1.57668
	50964	-1.57366068
	56067	-1.57141548
	52963	-1.57062966
	58664	-1.5696
	54102	-1.5649043999999999
	57066	-1.56438723
	50858	-1.5637818
	56251	-1.56348
	57053	-1.5476163600000001
	54830	-1.54671828
	58236	-1.5422399999999998
	57087	-1.5415096199999998
	56084	-1.5413298
	57096	-1.54081284
	57646	-1.5397199999999998
	57482	-1.53396
	58346	-1.5252
	56391	-1.52484
	53892	-1.5241540199999999
	50948	-1.5222456000000002
	57044	-1.52202108
	56473	-1.5218399999999999
	56493	-1.51908
	53948	-1.5151732199999999
	58230	-1.5145199999999999
	51495	-1.51449966
	50928	-1.5140506200000001
	57035	-1.5120299400000001
	57636	-1.512
	54820	-1.5109073400000002
	54534	-1.509897
	58122	-1.50864
	54331	-1.50720276
	58401	-1.50648
	50431	-1.50608016
	53989	-1.5028383300000001
	58154	-1.5018
	53980	-1.5009162
	54806	-1.4994568200000002
	57178	-1.48855434
	54142	-1.4883430800000002
	57493	-1.48752
	58038	-1.4868000000000001
	58326	-1.48392
	57462	-1.48332
	54494	-1.48317912
	58243	-1.48224
	50834	-1.47925002
	58354	-1.47768
	56290	-1.47624
	57461	-1.476
	50750	-1.4750964000000002
	58223	-1.4740799999999998
	53956	-1.47217764
	58451	-1.4667599999999998
	58125	-1.46544
	53894	-1.464993
	54347	-1.4627478
	50349	-1.4617374600000002
	57078	-1.4590573199999999
	56043	-1.4533179600000001
	54812	-1.45298118
	54584	-1.4525321400000002
	56496	-1.45152
	54337	-1.4479294800000002
	54774	-1.44725592
	57194	-1.4469798
	58004	-1.44663141
	54522	-1.43760156
	54707	-1.43311116
	57564	-1.4325599999999998
	58102	-1.43184
	50741	-1.431315
	56381	-1.43028
	58814	-1.4284799999999997
	58362	-1.4278
	57191	-1.4260764
	57132	-1.4235690600000002
	54049	-1.4223341999999999
	50936	-1.4160476400000002
	57001	-1.4133533999999999
	57496	-1.4132399999999998
	50859	-1.41290436
	54712	-1.40695458
	56080	-1.40583198
	54943	-1.40325
	50939	-1.3931466000000001
	56185	-1.38912
	58666	-1.3854
	58117	-1.3847999999999998
	58255	-1.3845599999999998
	58254	-1.38444
	56387	-1.3839599999999999
	57623	-1.38096
	58365	-1.3808
	57004	-1.3801244400000001
	58658	-1.37892
	57519	-1.3772399999999998
	56178	-1.37712
	58118	-1.3755600000000001
	58222	-1.37448
	57169	-1.37230821
	58929	-1.3703999999999998
	57604	-1.36968
	56593	-1.3674
	57126	-1.36474482
	50963	-1.3595808600000001
	54274	-1.35340656
	57038	-1.3510491
	58244	-1.3505999999999998
	56045	-1.3497019799999999
	54710	-1.3489161600000001
	50603	-1.34846712
	54386	-1.34779356
	57603	-1.34244
	58752	-1.34244
	57245	-1.3420683
	56475	-1.34076
	57304	-1.33704
	54777	-1.3365675600000002
	58158	-1.33488
	57537	-1.3342800000000001
	57395	-1.3317599999999998
	53988	-1.32899172
	57476	-1.3284
	58461	-1.3258
	50940	-1.3252293000000002
	57469	-1.32408
	57094	-1.32237231
	57052	-1.3214124600000001
	50445	-1.32028986
	58331	-1.3182
	54703	-1.31804466
	53949	-1.31770788
	59133	-1.31388
	53967	-1.3123194
	53958	-1.31052324
	57505	-1.30776
	57086	-1.30460442
	58235	-1.30116
	58128	-1.29804
	54800	-1.29357198
	54323	-1.29334746
	58462	-1.2932
	51465	-1.29233712
	58268	-1.2912000000000001
	54225	-1.29031644
	51328	-1.28616282
	56182	-1.2855599999999998
	54362	-1.28335632
	57039	-1.28290728
	54346	-1.28077434
	53917	-1.2806620800000001
	54700	-1.2758349000000002
	59427	-1.27572
	58443	-1.27344
	58265	-1.2731999999999999
	54714	-1.27291614
	52995	-1.2688747800000002
	58138	-1.2678
	53950	-1.26539472
	58225	-1.2635999999999998
	58264	-1.2615599999999998
	51434	-1.26034302
	54261	-1.25641392
	57002	-1.2506886600000002
	58242	-1.25028
	57562	-1.24824
	57047	-1.24821894
	51369	-1.2410343
	58339	-1.2378
	53490	-1.23676842
	54627	-1.23587034
	54339	-1.23384966
	57642	-1.2332400000000001
	56151	-1.2331761
	57290	-1.23295221
	50852	-1.23283932
	57405	-1.22892
	57143	-1.2285734400000001
	50956	-1.21790874
	59137	-1.21632
	57465	-1.2162
	54533	-1.2146532
	53850	-1.2146532
	52993	-1.21431642
	58317	-1.21176
	53987	-1.2115842899999998
	57024	-1.2056724
	57043	-1.20410076
	53796	-1.2037639800000002
	54324	-1.20309042
	57637	-1.20228
	57370	-1.20216
	57162	-1.20206163
	58932	-1.20084
	58667	-1.20048
	54579	-1.20017166
	57643	-1.19736
	57065	-1.19590674
	54157	-1.1955689999999999
	58806	-1.19556
	50646	-1.19545674
	51431	-1.19253798
	54622	-1.19096634
	57071	-1.18986798
	57037	-1.1898437400000001
	54483	-1.1888334
	57614	-1.18464
	54349	-1.1834449200000001
	58351	-1.18284
	58131	-1.18248
	53890	-1.18007712
	56095	-1.17356604
	50960	-1.17289248
	58429	-1.16964
	57211	-1.1678407800000001
	58442	-1.167
	58361	-1.1657
	53871	-1.1629013400000001
	53457	-1.16099292
	58336	-1.16088
	58338	-1.16052
	53877	-1.1603193600000001
	53378	-1.1594212799999999
	53924	-1.1582986800000001
	54363	-1.15526766
	57077	-1.15514511
	52978	-1.15358376
	58448	-1.15128
	57566	-1.15116
	56071	-1.14740946
	57265	-1.14636
	53964	-1.1460623399999998
	56094	-1.14202098
	57517	-1.14192
	59125	-1.1394
	50647	-1.13898996
	54353	-1.1375305800000002
	51329	-1.1375305800000002
	58446	-1.13568
	57609	-1.13436
	57273	-1.13099007
	58150	-1.12968
	56164	-1.1288399999999998
	57031	-1.1287743000000001
	54244	-1.12641684
	57032	-1.12574328
	57003	-1.12529424
	58438	-1.12404
	57021	-1.1234980799999998
	52869	-1.1203548
	58404	-1.11972
	56380	-1.11624
	56569	-1.11612
	58001	-1.11426735
	57110	-1.11148626
	53963	-1.10778168
	54470	-1.10755716
	54617	-1.105761
	58569	-1.1046
	57137	-1.10385258
	56186	-1.1034
	54377	-1.10026026
	58113	-1.09536
	57634	-1.09164
	57127	-1.08993234
	56279	-1.08588
	56490	-1.0855199999999998
	58343	-1.08372
	58367	-1.0814
	50954	-1.08128832
	50962	-1.0810638
	57608	-1.07964
	54115	-1.07915538
	53757	-1.07724696
	57388	-1.0757999999999999
	58306	-1.0746
	52988	-1.07455272
	56393	-1.0734
	59124	-1.07232
	58220	-1.07136
	57385	-1.06944
	56384	-1.0648799999999998
	54342	-1.06298994
	53486	-1.06007118
	53862	-1.05939762
	59130	-1.0564799999999999
	53491	-1.05277428
	54871	-1.05165168
	57048	-1.0515394200000001
	58944	-1.04964
	57508	-1.0415999999999999
	58335	-1.04004
	57179	-1.03971189
	58938	-1.03764
	50879	-1.03638432
	57106	-1.0362720600000002
	58126	-1.03536
	57056	-1.0283311499999999
	54715	-1.02459702
	57573	-1.02108
	52855	-1.01752464
	57054	-1.01628978
	57600	-1.01532
	58360	-1.01412
	57735	-1.01316
	56184	-1.01268
	58143	-1.01256
	53817	-1.01213616
	54601	-1.0058496000000001
	53889	-1.00475676
	58353	-1.00464
	58903	-1.0042799999999998
	58140	-1.0026
	54809	-1.00203276
	58257	-0.9921599999999999
	57080	-0.9864082200000001
	57368	-0.9851999999999999
	58345	-0.9845999999999999
	53891	-0.9844079400000001
	58614	-0.97956
	54493	-0.97756008
	50442	-0.97699878
	54811	-0.97475358
	51655	-0.97340646
	56383	-0.96864
	53068	-0.96689538
	57188	-0.96562095
	58104	-0.96457578
	58454	-0.9645599999999999
	54476	-0.96105786
	58358	-0.9558
	58751	-0.95436
	57518	-0.9533999999999999
	50983	-0.9523015800000001
	57026	-0.95218932
	50937	-0.94983186
	53599	-0.9491583000000001
	58942	-0.9485999999999999
	58940	-0.9472799999999999
	53852	-0.94623954
	54621	-0.9452292
	58472	-0.9432
	57399	-0.9428399999999999
	57492	-0.94224
	58619	-0.94188
	54421	-0.9404020200000001
	57742	-0.93984
	54012	-0.9388303800000001
	57034	-0.9388303800000001
	58660	-0.9379199999999999
	53970	-0.9368097000000001
	58837	-0.9367199999999999
	58456	-0.9356399999999999
	58818	-0.93504
	54420	-0.93467676
	58477	-0.92844
	51059	-0.92659404
	58402	-0.9264
	50739	-0.926145
	57554	-0.9259199999999999
	58813	-0.9253199999999999
	58436	-0.92184
	58531	-0.9187199999999999
	53941	-0.9182868
	50861	-0.9162661200000001
	54609	-0.91188798
	51133	-0.9116634600000001
	50892	-0.9072853200000001
	58710	-0.9063599999999999
	57006	-0.90548916
	57640	-0.9040799999999999
	58828	-0.90324
	58251	-0.9024
	58210	-0.90204
	58659	-0.9013199999999999
	57187	-0.90128493
	53934	-0.9008865
	51572	-0.89942712
	50468	-0.8981922600000001
	53689	-0.8979677400000001
	54523	-0.8961715800000001
	53272	-0.89538576
	57512	-0.8943599999999999
	57028	-0.89392638
	54276	-0.89381412
	58941	-0.89304
	58237	-0.89124
	54231	-0.8906708400000001
	58529	-0.88776
	53996	-0.8870785200000001
	54218	-0.8862927
	58334	-0.8854799999999999
	50946	-0.8846088000000001
	53975	-0.8840475
	54619	-0.8837107200000001
	54606	-0.8825881200000001
	54135	-0.8821390800000001
	54338	-0.88202682
	51559	-0.88079196
	57975	-0.87984
	54541	-0.8791080600000001
	58458	-0.8754000000000001
	50979	-0.8705763
	57153	-0.87023952
	54705	-0.8690046600000001
	53916	-0.8676575400000001
	53664	-0.8675452800000001
	57248	-0.8663104200000001
	57575	-0.86436
	51430	-0.86350392
	53778	-0.86350392
	53908	-0.86058516
	58822	-0.85908
	58111	-0.85901361
	54608	-0.8554212
	54254	-0.8538495600000001
	51433	-0.8529514800000001
	58712	-0.85224
	53483	-0.8516043600000001
	56492	-0.84984
	59131	-0.8481599999999999
	53961	-0.84576684
	58550	-0.84576
	56385	-0.8422799999999999
	59126	-0.8414400000000001
	51367	-0.84060288
	53348	-0.83723508
	58109	-0.83592
	58247	-0.8341200000000001
	57242	-0.8335305000000001
	54624	-0.8329692000000001
	54833	-0.8284788000000001
	52203	-0.82825428
	53446	-0.8273562
	57081	-0.82417461
	53979	-0.8235939600000001
	58114	-0.82356
	56016	-0.8224167600000001
	54831	-0.82084512
	58745	-0.81972
	54535	-0.81961026
	54841	-0.8178141000000001
	51482	-0.8175895799999999
	57041	-0.8155689
	54631	-0.8123133600000001
	57124	-0.8110785
	57089	-0.81081966
	57045	-0.80804748
	50867	-0.8079352200000001
	57011	-0.80748618
	53899	-0.8063635800000001
	57231	-0.80613906
	57016	-0.8024344800000001
	54737	-0.80063832
	58337	-0.79992
	58027	-0.798
	51241	-0.79771956
	51469	-0.7964847
	57257	-0.7964399999999999
	54843	-0.7936782
	58246	-0.792
	58250	-0.79056
	53954	-0.7898613600000001
	54623	-0.78772842
	57723	-0.78588
	53903	-0.7843606200000001
	56168	-0.78396
	54530	-0.78323802
	58435	-0.78228
	56295	-0.7821600000000001
	56021	-0.78144186
	58006	-0.7814387700000001
	57027	-0.7803192600000001
	58342	-0.7783199999999999
	57249	-0.7781999999999999
	58008	-0.77725809
	57507	-0.7769999999999999
	54267	-0.7768392
	53685	-0.77639016
	56584	-0.7756799999999999
	58834	-0.7756799999999999
	57232	-0.77549208
	57042	-0.7748185200000001
	57324	-0.7746
	57571	-0.7742399999999999
	58846	-0.77208
	57736	-0.77076
	50968	-0.76976682
	58646	-0.768
	56046	-0.76752162
	58464	-0.76656
	58329	-0.76608
	58005	-0.76599348
	54249	-0.7639293
	54569	-0.76246992
	58116	-0.76068
	59304	-0.7601999999999999
	58568	-0.75948
	57129	-0.7565201400000001
	57377	-0.7562399999999999
	57464	-0.75612
	57417	-0.756
	54453	-0.7538259
	58107	-0.75372
	56298	-0.75312
	54214	-0.7518052199999999
	52866	-0.7518052199999999
	51356	-0.75169296
	57378	-0.7508400000000001
	50136	-0.74798838
	54645	-0.74686578
	54563	-0.74619222
	57057	-0.7456309200000001
	54940	-0.74551866
	54507	-0.74506962
	53985	-0.74474169
	51377	-0.74327346
	57085	-0.74288361
	51463	-0.74248764
	53790	-0.74226312
	56146	-0.74196
	56192	-0.74158956
	54336	-0.74136504
	54434	-0.7397934
	58530	-0.73812
	57198	-0.7380061499999999
	57315	-0.73632
	56281	-0.73392
	54711	-0.7336191
	52895	-0.7330578000000001
	57072	-0.73150287
	53759	-0.7311493800000001
	57511	-0.7300800000000001
	57233	-0.72643446
	54327	-0.7263222
	57074	-0.72198021
	57293	-0.7215156899999999
	57398	-0.7190399999999999
	56376	-0.7175999999999999
	57128	-0.7167801
	53594	-0.7156575
	53982	-0.71489628
	58912	-0.7130399999999999
	57425	-0.71268
	56399	-0.7117199999999999
	58534	-0.7107600000000001
	58221	-0.70932
	52862	-0.7080238200000001
	58455	-0.70548
	57238	-0.70521732
	58369	-0.701
	54590	-0.69836946
	53893	-0.6978081600000001
	53910	-0.69747138
	53986	-0.69631548
	54521	-0.69578748
	52868	-0.69533844
	57075	-0.69468966
	57025	-0.69298098
	57173	-0.69167028
	58917	-0.69084
	56180	-0.69048
	52874	-0.69017448
	54226	-0.6896131799999999
	52323	-0.68950092
	54848	-0.6886028399999999
	54846	-0.6881538
	52980	-0.6870312000000001
	58016	-0.68604
	56093	-0.68579634
	58823	-0.68532
	54204	-0.68321436
	53149	-0.68209176
	54429	-0.6814182
	51470	-0.68040786
	57033	-0.6789484800000001
	50659	-0.67816266
	54472	-0.6770400599999999
	53928	-0.67681554
	57181	-0.6759927299999999
	54613	-0.67378452
	56389	-0.6729599999999999
	58453	-0.6726
	57333	-0.67008
	53886	-0.6685083
	59127	-0.66612
	52983	-0.6653650200000001
	54861	-0.6649159800000001
	57513	-0.66276
	59116	-0.66072
	58843	-0.66
	58570	-0.6596399999999999
	58212	-0.6583199999999999
	53926	-0.65795586
	58015	-0.6569999999999999
	51145	-0.6569455200000001
	57196	-0.6549731999999999
	58340	-0.65472
	53945	-0.64976088
	57247	-0.64953636
	57991	-0.6492
	58760	-0.6489599999999999
	54628	-0.64785246
	54616	-0.6471789
	53861	-0.6454949999999999
	58450	-0.6452399999999999
	58330	-0.6451199999999999
	58249	-0.64188
	58608	-0.64128
	59134	-0.6391199999999999
	51573	-0.6387594
	57889	-0.6291599999999999
	58215	-0.62868
	54832	-0.62787018
	57314	-0.62724
	54849	-0.6247269
	58546	-0.6243599999999999
	58523	-0.62004
	57605	-0.6185999999999999
	54727	-0.61821582
	54701	-0.6150725400000001
	58484	-0.61476
	58459	-0.61356
	53391	-0.61249056
	56096	-0.6108066600000001
	58108	-0.60936
	53906	-0.60923502
	54260	-0.60912276
	53927	-0.6087859800000001
	53976	-0.60811242
	58416	-0.60696
	59471	-0.6056400000000001
	53730	-0.60373428
	58135	-0.60276
	58457	-0.60132
	58141	-0.6012
	57722	-0.59892
	58936	-0.59736
	58847	-0.597
	54640	-0.5959883400000001
	57318	-0.59568
	58433	-0.59412
	52101	-0.5927328000000001
	57714	-0.59268
	58615	-0.58896
	54208	-0.5881301400000001
	58449	-0.5875199999999999
	53784	-0.58745658
	56382	-0.58728
	54724	-0.58667076
	58002	-0.5861094600000001
	54439	-0.58386426
	53872	-0.58229262
	57731	-0.5813999999999999
	50853	-0.58139454
	58618	-0.58044
	56172	-0.5787599999999999
	54604	-0.57847578
	54374	-0.57735318
	58848	-0.5770799999999999
	57317	-0.5766
	53705	-0.57050532
	53787	-0.56938272
	54636	-0.5655658800000001
	54801	-0.5652290999999999
	53397	-0.56500458
	52889	-0.5630961600000001
	57438	-0.55932
	58431	-0.5560799999999999
	58238	-0.55596
	57023	-0.55523796
	57099	-0.5538239699999999
	53499	-0.55299276
	57060	-0.55265598
	53467	-0.5517579
	56371	-0.55116
	57509	-0.55068
	56152	-0.5502
	58468	-0.54984
	54351	-0.54827784
	57972	-0.5461199999999999
	54301	-0.54434874
	53781	-0.54098094
	57516	-0.53904
	58750	-0.53892
	53984	-0.5365206
	51378	-0.53615376
	52842	-0.53458212
	53873	-0.5321124
	57111	-0.53177562
	56097	-0.52956
	53543	-0.5294181600000001
	54518	-0.5284078200000001
	57307	-0.5267999999999999
	54539	-0.5248155000000001
	57581	-0.5239199999999999
	58432	-0.52332
	57095	-0.52246887
	57491	-0.5222399999999999
	54744	-0.52223352
	56183	-0.5209199999999999
	57213	-0.5204373600000001
	58301	-0.5200301399999999
	53863	-0.51504888
	54816	-0.51459984
	53464	-0.51381402
	54596	-0.5130282
	54511	-0.5108952600000001
	57046	-0.5104462200000001
	58931	-0.5075999999999999
	53602	-0.5023635000000001
	53792	-0.5023635000000001
	59303	-0.50208
	56373	-0.5001599999999999
	53962	-0.49877118
	58352	-0.49763999999999997
	57922	-0.49679999999999996
	57259	-0.49559999999999993
	57649	-0.49356
	53938	-0.4928214
	57251	-0.49127999999999994
	53276	-0.49080071999999997
	53923	-0.49046394000000004
	59092	-0.48863999999999996
	57407	-0.48852
	58359	-0.48779999999999996
	53481	-0.48732066
	58647	-0.48695999999999995
	57396	-0.48507501000000003
	58202	-0.48372
	58049	-0.4812
	54432	-0.47957472000000007
	58547	-0.47927999999999993
	53579	-0.47609466
	51137	-0.47474754
	57583	-0.4746
	53707	-0.47362494
	58844	-0.47052
	57720	-0.46824
	53937	-0.46789968000000004
	57976	-0.46763999999999994
	57713	-0.46715999999999996
	58035	-0.46152
	54063	-0.46049052
	53895	-0.45948018
	57008	-0.4591434
	51359	-0.4580208
	59417	-0.45599999999999996
	58935	-0.45468
	53690	-0.45375492
	50955	-0.45285684
	58609	-0.45048
	58749	-0.45011999999999996
	57739	-0.44999999999999996
	57020	-0.44960130000000004
	53697	-0.44881548
	53343	-0.44645802
	58203	-0.44496
	54660	-0.44477412
	53231	-0.44443734
	58693	-0.44351999999999997
	53829	-0.44264118
	50873	-0.44252892
	53864	-0.44241666
	54515	-0.44163084
	54532	-0.44151858
	51571	-0.44151858
	58706	-0.441
	54615	-0.44084502000000003
	53694	-0.43646688
	50434	-0.4361301
	57320	-0.43416
	58563	-0.43284
	58820	-0.42924
	53853	-0.42872094000000005
	58620	-0.42564
	58558	-0.42372000000000004
	53463	-0.42198534000000004
	58906	-0.41952
	54304	-0.41861754
	58344	-0.41844
	54263	-0.41727042
	53994	-0.41632605
	59235	-0.41424
	53367	-0.41221872000000004
	53973	-0.41064708000000005
	53795	-0.40828962
	54808	-0.40166628000000004
	58946	-0.40164
	57540	-0.3978
	52876	-0.3974004
	58746	-0.39648
	54452	-0.39549198
	57051	-0.39240326999999997
	58622	-0.38988
	53392	-0.38684796000000005
	54431	-0.38583762000000005
	52957	-0.38314338000000003
	57663	-0.38208000000000003
	57014	-0.38190852000000003
	58427	-0.38148
	57994	-0.3804
	57055	-0.37842846
	51232	-0.37696908
	52896	-0.37685682000000004
	58426	-0.37643999999999994
	53957	-0.37449936
	57992	-0.37356
	53983	-0.37115148
	58928	-0.37104
	57574	-0.37068
	58044	-0.37032
	53768	-0.3682128
	54824	-0.36753924000000004
	50880	-0.36574308
	51353	-0.36551856
	58567	-0.36479999999999996
	54328	-0.36046686
	53362	-0.35990556
	54717	-0.35934426
	58542	-0.35879999999999995
	58836	-0.35796
	53859	-0.35687454
	50987	-0.35575194000000004
	54234	-0.35451708000000004
	51365	-0.35395578000000005
	57536	-0.35196
	50965	-0.35126154000000004
	53947	-0.35114928000000006
	53942	-0.34879182
	58718	-0.34752
	53925	-0.34710791999999996
	58607	-0.34679999999999994
	57294	-0.34467384
	57734	-0.34452
	57895	-0.34415999999999997
	57105	-0.34351560000000003
	58845	-0.34319999999999995
	54321	-0.34205622
	56034	-0.33924972000000003
	54709	-0.33868842000000005
	57792	-0.33732
	51358	-0.33498384000000003
	57896	-0.3342
	56285	-0.33264
	58633	-0.33264
	50851	-0.33083022
	58631	-0.33047999999999994
	54732	-0.32914632000000005
	58824	-0.32808
	57254	-0.32622756
	56194	-0.32592
	54531	-0.32544174
	51477	-0.32521722000000003
	53841	-0.32476818
	59290	-0.32424
	54117	-0.32285976000000005
	53484	-0.32274749999999996
	53682	-0.32083908
	57102	-0.31960422
	53972	-0.31831233000000003
	57717	-0.31812
	54723	-0.31601189999999996
	57189	-0.31459616999999995
	58549	-0.3096
	56479	-0.3072
	54708	-0.30691883999999997
	57185	-0.30669933
	56286	-0.30576000000000003
	56571	-0.30348
	53695	-0.30332652
	57256	-0.303
	58934	-0.30072
	51330	-0.30040776
	58652	-0.29712
	54371	-0.29434572
	54633	-0.29210052
	57177	-0.29067339000000003
	54471	-0.28929402
	54326	-0.2885082
	56033	-0.28749786
	53478	-0.28727334000000004
	58460	-0.2855
	54729	-0.28525266
	54475	-0.28446684000000005
	57635	-0.28392
	58407	-0.28332
	58423	-0.28284
	56228	-0.28076226
	54713	-0.27795576
	52884	-0.27660864
	50985	-0.2744757
	52602	-0.27368988
	57119	-0.27200598
	54614	-0.26976078000000003
	54863	-0.26919948000000005
	57523	-0.26832
	53678	-0.2666175
	54819	-0.26482134
	58839	-0.2646
	53593	-0.2643723
	57661	-0.26352
	58036	-0.26339999999999997
	53512	-0.26313744
	54065	-0.2621271
	53915	-0.26145354
	50884	-0.25909608
	57292	-0.25885377
	54814	-0.25819800000000004
	59109	-0.25739999999999996
	53469	-0.25685088
	54433	-0.25640184
	53698	-0.25640184
	56227	-0.25617732
	57192	-0.25513761
	53693	-0.25213596
	54853	-0.25146240000000003
	53676	-0.25146240000000003
	53547	-0.25022753999999997
	54316	-0.25000302
	51352	-0.24843138
	59659	-0.24792
	58452	-0.24588
	53674	-0.24517584000000003
	59122	-0.24467999999999998
	54164	-0.24135900000000002
	58701	-0.24096
	58737	-0.24096
	58415	-0.2394
	57076	-0.23887941
	58548	-0.23736
	54313	-0.23731764000000002
	57655	-0.2364
	57343	-0.23215368000000003
	54734	-0.23159238000000001
	57012	-0.22968396000000002
	54901	-0.22807932
	54069	-0.22665294
	58736	-0.22524
	58923	-0.222
	58926	-0.22092
	54725	-0.21901926
	54611	-0.21789666
	58911	-0.21719999999999998
	59229	-0.21432
	50778	-0.21340626
	54134	-0.21239592000000002
	57577	-0.21192
	57966	-0.21156
	58557	-0.20748
	57156	-0.2067114
	53699	-0.20644614000000003
	56284	-0.20328
	54122	-0.20296608
	57710	-0.20184
	58754	-0.20136
	54602	-0.20116992
	53857	-0.19836342
	51435	-0.19522014000000001
	57545	-0.1938
	54618	-0.19376076
	53786	-0.19039296
	53368	-0.18927036
	57808	-0.18768
	58544	-0.18516
	57030	-0.18287154
	52863	-0.1818612
	58616	-0.18012
	50564	-0.17995278
	54455	-0.1779321
	54527	-0.1779321
	54827	-0.17748306
	58612	-0.17748
	54423	-0.17714628
	57303	-0.17664
	56395	-0.17628
	57306	-0.17364
	54620	-0.17243135999999998
	58543	-0.16752
	53472	-0.16715514
	57921	-0.1668
	53794	-0.1650222
	58748	-0.16416
	54828	-0.16266474
	57401	-0.16188
	53860	-0.16098084000000001
	54425	-0.15896016000000002
	53385	-0.15705174
	53513	-0.1566027
	54332	-0.15637818
	53930	-0.15559236
	57155	-0.15334716
	56952	-0.15048
	57796	-0.15
	57217	-0.14832
	54932	-0.14795868
	53773	-0.14638704
	50973	-0.14279472
	57887	-0.14051999999999998
	54702	-0.140325
	53914	-0.13965144
	57744	-0.13692
	56567	-0.13019999999999998
	54844	-0.12842544
	57899	-0.12516
	54738	-0.12303696000000001
	56394	-0.12228
	57285	-0.1196139
	57261	-0.11903325
	51855	-0.11697492000000001
	58527	-0.11603999999999999
	59656	-0.1134
	57216	-0.11327999999999999
	56898	-0.11315999999999998
	57909	-0.11267999999999999
	57309	-0.10992
	57415	-0.10872
	57184	-0.10683959999999999
	58341	-0.10584
	53974	-0.10393635
	58605	-0.09852000000000001
	58632	-0.09816
	53856	-0.09732942
	53868	-0.09699264
	54512	-0.09407388
	53696	-0.0937371
	52833	-0.0926145
	57007	-0.09216546
	54514	-0.09014478
	57662	-0.0894
	56491	-0.08832
	58519	-0.0876
	54510	-0.08745054
	58224	-0.08676
	52112	-0.08632794
	58025	-0.08587890000000001
	51707	-0.08441952000000001
	53289	-0.0830724
	53810	-0.0825111
	57279	-0.08088
	57995	-0.07908
	54284	-0.07723488
	54424	-0.07701036
	58012	-0.07655999999999999
	53981	-0.07633680000000001
	56199	-0.07524
	57029	-0.07465290000000001
	58826	-0.07428
	58467	-0.07404
	58735	-0.07152
	57195	-0.07060704
	58026	-0.0696
	59107	-0.06264
	58421	-0.06204
	56296	-0.06095999999999999
	53727	-0.06028362
	56116	-0.0583752
	50871	-0.05747712000000001
	59113	-0.056999999999999995
	50779	-0.056915820000000006
	53553	-0.050517
	54506	-0.049618920000000004
	58933	-0.04656
	50978	-0.04456722
	54906	-0.04445496000000001
	54437	-0.044230439999999996
	50862	-0.043220100000000004
	58725	-0.042
	57590	-0.04044
	54502	-0.039178740000000004
	50888	-0.03884196
	57186	-0.038671290000000004
	54632	-0.03715806
	54597	-0.03569868
	57349	-0.03564
	56595	-0.03528
	58634	-0.03492
	54113	-0.030085680000000004
	56147	-0.027
	53480	-0.0241359
	53582	-0.01717578
	52825	-0.015155100000000001
	53799	-0.01392024
	51436	-0.013695720000000002
	59102	-0.013199999999999998
	53878	-0.01302216
	53772	-0.011113740000000002
	53324	-0.010776959999999999
	53498	-0.010552440000000001
	59319	-0.006959999999999999
	51765	-0.0033678000000000002
	57134	-0.0022452
	50772	-0.0022452
	54936	-0.00202068
	59435	-0.0012
	57811	-2.4E-4
	57738	1.2E-4
	52986	0.0012348600000000002
	56840	0.00216
	54438	0.0028065
	59096	0.0033599999999999997
	57809	0.00564
	57981	0.00564
	58715	0.0064800000000000005
	57699	0.00828
	52818	0.00965436
	54752	0.010776959999999999
	57647	0.01128
	58017	0.011496870000000001
	57308	0.01272
	58821	0.01608
	57740	0.0168
	53771	0.01717578
	54076	0.018522900000000002
	58635	0.0186
	58040	0.01908
	53998	0.01927758
	54252	0.01953324
	53879	0.02065584
	54753	0.02323782
	54080	0.024809460000000002
	58414	0.025920000000000002
	56193	0.026520000000000002
	53352	0.02840178
	54517	0.0286263
	58629	0.02868
	58048	0.029519999999999998
	53968	0.03558642
	57063	0.03634869
	52784	0.037045800000000004
	53865	0.039178740000000004
	58463	0.0394
	51886	0.040525860000000004
	59117	0.0408
	54213	0.043444619999999996
	57612	0.04404
	58927	0.045
	51802	0.04524078
	53929	0.046924679999999996
	53774	0.04726146
	58707	0.048479999999999995
	51567	0.04950666
	54520	0.05074152
	59094	0.05279999999999999
	53791	0.052874460000000005
	57182	0.05539401
	57390	0.05655531
	57414	0.056639999999999996
	57871	0.05676
	54857	0.05680356
	56291	0.0576
	54766	0.05938554000000001
	54759	0.05972232
	53466	0.06084492
	58555	0.06132
	57582	0.06156
	54776	0.06387594
	54311	0.06454950000000001
	57113	0.06544758
	52885	0.06544758
	52657	0.06600888
	57295	0.0661941
	54719	0.06634566
	51346	0.0684786
	57437	0.07283999999999999
	54751	0.072969
	54064	0.07330578
	53420	0.07465290000000001
	57978	0.07872
	53681	0.08217432000000001
	56480	0.0828
	53519	0.0836337
	59278	0.0846
	57832	0.08471999999999999
	53806	0.08688923999999999
	53770	0.08711376000000001
	57183	0.08767815
	54156	0.08846087999999999
	53885	0.08992026
	54644	0.09238998
	57768	0.09312
	59848	0.09312
	53590	0.0931758
	50246	0.09519648
	54605	0.0999114
	57905	0.10128
	57906	0.10235999999999999
	58520	0.10392
	59664	0.10392
	57381	0.10596
	53488	0.10788186000000001
	57499	0.11064
	54319	0.11124966
	57358	0.11135999999999999
	57144	0.11237226
	57506	0.11291999999999999
	57197	0.11485257
	53769	0.11630136
	53475	0.1184343
	57732	0.1206
	56487	0.12299999999999998
	54412	0.12393504
	51542	0.12539442
	56038	0.12876
	53966	0.13067064
	52515	0.13235454000000002
	56280	0.13235999999999998
	58744	0.1326
	51379	0.13403844
	59099	0.13463999999999998
	58657	0.13488
	59754	0.13512
	54803	0.13617138
	58562	0.13643999999999998
	51060	0.1369572
	58606	0.13871999999999998
	58719	0.1404
	54925	0.1408863
	58556	0.14148
	58918	0.14376
	57822	0.14532
	53883	0.14548896
	59856	0.14759999999999998
	57799	0.14892
	56498	0.14964
	57541	0.15048
	54704	0.15166326
	53869	0.15289812
	54454	0.15368394
	58207	0.15503355000000002
	57022	0.15693948000000002
	53612	0.15750078
	56247	0.1626
	52674	0.1638996
	56497	0.16416
	54205	0.16659384000000002
	54428	0.16850226000000001
	57313	0.17052
	53775	0.17074746000000002
	54072	0.17198232000000002
	53533	0.17198232000000002
	57098	0.17198853
	58921	0.17628
	58003	0.17759532000000003
	53673	0.17939148
	59237	0.17964
	53897	0.17972826
	56289	0.18036
	51839	0.18264702000000002
	57296	0.18267249
	52955	0.18287154
	56643	0.18468
	56835	0.18611999999999998
	54626	0.1863516
	57359	0.18671999999999997
	55294	0.18983166
	58565	0.1914
	54285	0.19151556
	58501	0.192
	57707	0.19284
	56485	0.19548
	58654	0.19691999999999998
	56109	0.1981389
	54320	0.20195574000000002
	54540	0.20554806000000003
	57729	0.20687999999999998
	54805	0.20734422000000002
	51467	0.20869134000000003
	58214	0.20952
	57774	0.21312
	58742	0.21348
	53832	0.21576372000000002
	59041	0.21852000000000002
	57872	0.22008
	54823	0.22025412000000003
	52787	0.2205909
	57180	0.22296960000000002
	57974	0.22404
	57728	0.22428
	57835	0.22464
	52996	0.22665294
	57696	0.2268
	56307	0.22698972
	54436	0.22856136000000002
	54497	0.23148012
	51357	0.23204142
	58819	0.23244
	53618	0.23473566
	57927	0.23507999999999998
	53419	0.23675634
	53433	0.23709312000000002
	54855	0.23776668
	53898	0.23818263
	52418	0.23956284000000003
	56004	0.24124674000000002
	56144	0.24167999999999998
	57973	0.24216
	59315	0.24276
	59242	0.24312
	58637	0.24323999999999998
	57754	0.24383999999999997
	54730	0.24450228
	59046	0.24756
	51156	0.24932946
	54401	0.24944172
	54603	0.24955398
	59322	0.25007999999999997
	56856	0.25056
	54528	0.25303404
	59270	0.25416
	53866	0.25460568
	53821	0.25673862
	57758	0.2568
	53993	0.25931829
	53596	0.26066772
	58626	0.26148
	51068	0.263811
	58625	0.26388
	57882	0.26496
	54922	0.26684202
	57891	0.26855999999999997
	53732	0.2711079
	53584	0.27178146000000003
	59072	0.273
	58643	0.27396
	57923	0.27527999999999997
	53573	0.27571056000000005
	54499	0.27851706
	57971	0.27887999999999996
	58602	0.28056
	57996	0.28103999999999996
	54908	0.28244616
	56839	0.28416
	56948	0.28416
	59071	0.28524
	54945	0.28772238
	58731	0.28812
	56757	0.29303999999999997
	58642	0.2964
	53384	0.29659092
	57193	0.29903475
	59091	0.30012
	54810	0.3014181
	53666	0.30209166000000004
	53677	0.30332652
	56181	0.30372
	51334	0.30377556
	54716	0.30388782000000003
	58034	0.30478590000000005
	57299	0.30623480999999997
	53680	0.30849048
	53691	0.30882726000000005
	58537	0.31115999999999994
	57793	0.31212
	58747	0.3126
	54902	0.31413165000000004
	52679	0.31556286000000006
	56223	0.31589964
	54410	0.31623642
	57798	0.31632
	53611	0.31814484
	57426	0.31992
	59421	0.32136
	58032	0.32151264
	57779	0.3216
	57743	0.32255999999999996
	53789	0.32420688000000003
	58907	0.32592
	57886	0.32783999999999996
	59293	0.32867999999999997
	57297	0.32969307
	59271	0.33036
	53619	0.33262638
	57514	0.33504
	54612	0.33857616
	57741	0.33972
	53663	0.34171944000000004
	57778	0.34199999999999997
	57745	0.34319999999999995
	54765	0.34396464000000004
	56029	0.34396464000000004
	58627	0.34787999999999997
	59074	0.34979999999999994
	57718	0.35087999999999997
	56276	0.35268
	59093	0.35736
	54430	0.35945652
	55437	0.36102816
	50774	0.36282432
	56996	0.3636
	51568	0.36394692
	54519	0.36551856
	53487	0.36607986000000003
	51438	0.36843732
	54817	0.3704547
	54718	0.37247868
	51238	0.37483614
	59053	0.3756
	58705	0.37679999999999997
	54807	0.37730586000000005
	50775	0.37786716000000004
	58409	0.38148
	56985	0.38292
	58713	0.38532
	54308	0.38583762000000005
	59075	0.38808000000000004
	58500	0.38832
	56267	0.38904
	53782	0.38999124
	54706	0.39077706000000006
	54419	0.39425712
	56189	0.39575999999999995
	57965	0.39672
	54503	0.39751266
	58007	0.40053236999999997
	51931	0.40211532000000005
	54921	0.40346244000000003
	54726	0.40503408
	56752	0.40668
	56646	0.40704
	56548	0.40740000000000004
	53357	0.40828962
	56374	0.4098
	59425	0.41375999999999996
	57666	0.41459999999999997
	56949	0.41556
	51628	0.41738268000000006
	50557	0.42333246
	53880	0.42445506
	53884	0.42456731999999997
	53953	0.4254654
	53738	0.42894546
	56594	0.42936
	54305	0.42961902
	54919	0.43051710000000004
	54154	0.43265004
	57439	0.43356
	56691	0.43571999999999994
	52836	0.43579332
	52267	0.43657914000000003
	56197	0.44171999999999995
	52765	0.44320248
	57204	0.44592
	53688	0.44612124
	54939	0.44690706
	57737	0.4488
	55680	0.45049938
	54525	0.45072390000000007
	54404	0.45308136000000004
	54851	0.45375492
	51636	0.45409170000000004
	54829	0.45521430000000007
	58623	0.45683999999999997
	59055	0.46475999999999995
	59276	0.46475999999999995
	59457	0.46775999999999995
	56396	0.46956
	54610	0.46969584000000003
	57803	0.47052
	57870	0.47148
	57902	0.47315999999999997
	51708	0.47530884
	58559	0.47592
	57964	0.4776
	53545	0.47777856
	59320	0.47807999999999995
	57413	0.48012
	54398	0.4810341
	56838	0.48288
	57208	0.48335999999999996
	53723	0.48754518
	54093	0.48788196
	59321	0.48912
	56499	0.49788
	54027	0.49922022
	56128	0.49966926
	53882	0.50000604
	59090	0.5015999999999999
	53881	0.50213898
	50548	0.50314932
	59650	0.50544
	58041	0.5064
	54405	0.50977266
	53660	0.51156882
	51811	0.51201786
	58408	0.51684
	54286	0.51909024
	59047	0.51972
	54912	0.5203251000000001
	53848	0.52358064
	54905	0.52829556
	53780	0.5287446
	58730	0.5292
	57671	0.53076
	59082	0.53136
	58517	0.53232
	57807	0.53352
	54804	0.53424534
	54406	0.53682732
	54722	0.53862348
	57298	0.54023676
	56954	0.54288
	56792	0.54684
	56462	0.5474399999999999
	55591	0.54760428
	59426	0.5488799999999999
	51087	0.55029852
	52378	0.55074756
	58601	0.55104
	56273	0.5518799999999999
	52943	0.5525437200000001
	56854	0.55284
	58644	0.5534399999999999
	59044	0.5556
	55655	0.55636056
	53492	0.5590548000000001
	56580	0.56016
	53615	0.5605141800000001
	59470	0.564
	59324	0.56652
	58417	0.56904
	54749	0.57050532
	57825	0.5706
	53662	0.57230148
	54821	0.5753325
	57990	0.57552
	57206	0.5783999999999999
	57763	0.57984
	58734	0.5808
	56869	0.58248
	54449	0.5826294000000001
	54918	0.5856604200000001
	57584	0.58716
	56745	0.58812
	54594	0.59138568
	54098	0.5914979400000001
	59052	0.59424
	53336	0.59486574
	52656	0.5966619
	55589	0.5972232000000001
	56944	0.5977199999999999
	57767	0.60012
	50673	0.6028362
	59654	0.60288
	54325	0.60294846
	53991	0.61154058
	51053	0.61260282
	54920	0.61372542
	59488	0.6149999999999999
	57769	0.6163199999999999
	56879	0.61944
	53588	0.6194506799999999
	53614	0.61956294
	52707	0.62001198
	53896	0.62068554
	54903	0.62106324
	55593	0.62270622
	59316	0.6244799999999999
	56748	0.6257999999999999
	56876	0.62736
	57834	0.62928
	57912	0.6296400000000001
	53617	0.6321360600000001
	54815	0.63247284
	59318	0.63528
	54408	0.6359529
	52745	0.63920844
	56751	0.6439199999999999
	56976	0.6451199999999999
	53798	0.64515822
	59106	0.6477599999999999
	57339	0.64812
	59063	0.6523199999999999
	59462	0.6529200000000001
	57416	0.65352
	59750	0.6543599999999999
	55572	0.65436354
	53577	0.65526162
	57544	0.65988
	56106	0.6612114
	59297	0.6632399999999999
	53995	0.6643797300000001
	53725	0.66592632
	57586	0.66624
	53580	0.66783474
	56091	0.66951864
	53399	0.6696309
	57760	0.6703199999999999
	54764	0.67052898
	53562	0.67052898
	58503	0.6716399999999999
	56756	0.672
	57837	0.6738
	56977	0.67548
	56761	0.6765599999999999
	57786	0.67752
	52447	0.68007108
	54474	0.6851227799999999
	57766	0.68568
	54259	0.68624538
	57860	0.68688
	54399	0.68781702
	56317	0.6886028399999999
	50878	0.6887151
	56651	0.6888
	59265	0.6909599999999999
	53785	0.6978081600000001
	51639	0.6988185000000001
	58208	0.70014777
	53644	0.70128822
	56190	0.70212
	58011	0.70364568
	57762	0.7134
	56167	0.7146
	57829	0.71568
	51826	0.7181272200000001
	57674	0.72456
	59838	0.7299599999999999
	53610	0.7313739
	58132	0.7326
	56763	0.73632
	53522	0.73721142
	56649	0.73812
	59456	0.7398
	54273	0.74080374
	58045	0.74388
	51656	0.74495736
	59266	0.7452
	53797	0.74720256
	59065	0.75276
	59228	0.7535999999999999
	54916	0.7557343200000001
	56992	0.75732
	58724	0.7575599999999999
	56991	0.75972
	58509	0.7628400000000001
	58418	0.76464
	53783	0.7656132000000001
	56198	0.7663199999999999
	59238	0.76872
	53585	0.7689810000000001
	55493	0.76999134
	57876	0.77076
	54165	0.7717875000000001
	53888	0.77223654
	57680	0.7728
	53704	0.77885988
	57445	0.7817999999999999
	54513	0.78335028
	54731	0.78335028
	59446	0.78408
	53854	0.78671808
	59114	0.7875599999999999
	57875	0.78984
	56851	0.7908000000000001
	53687	0.7915452599999999
	54929	0.79266786
	54318	0.80018928
	59842	0.8004
	53845	0.8110785
	51829	0.8132114400000001
	58624	0.8158799999999999
	54505	0.82106964
	53777	0.82106964
	50674	0.82522326
	50788	0.82544778
	56641	0.8261999999999999
	57154	0.82769298
	56654	0.82992
	57345	0.8315999999999999
	59454	0.8327999999999999
	54935	0.83543892
	56674	0.8382
	53517	0.8403783600000001
	59429	0.8469599999999999
	52797	0.84778752
	54416	0.8498082
	54607	0.85003272
	52737	0.85025724
	59269	0.85056
	57926	0.85392
	53992	0.85564584
	57828	0.8592
	54818	0.85968708
	56645	0.8607600000000001
	55279	0.86283036
	51468	0.86372844
	51644	0.8675452800000001
	57402	0.87336
	59045	0.87552
	57140	0.87686286
	52645	0.88056744
	54835	0.8823636
	51633	0.88382298
	58437	0.88572
	57844	0.88764
	56312	0.8879766000000001
	59431	0.89388
	56989	0.89496
	57719	0.8960400000000001
	51704	0.8981922600000001
	51717	0.90021294
	54900	0.90186558
	54243	0.90290718
	54736	0.90301944
	59051	0.90456
	59485	0.9063599999999999
	57985	0.90696
	57781	0.9113999999999999
	53651	0.91345962
	58205	0.91463988
	58704	0.91548
	57411	0.9159599999999999
	59940	0.91644
	56092	0.91761324
	57329	0.9187199999999999
	57814	0.9192
	58013	0.9271199999999999
	54910	0.93018636
	56975	0.93024
	58424	0.9305999999999999
	52853	0.931758
	57969	0.9324
	54923	0.9334419
	53564	0.93366642
	53692	0.9393916800000001
	51716	0.94399434
	59227	0.9461999999999999
	54161	0.94623954
	56257	0.95148
	54836	0.95275062
	58600	0.954
	54909	0.9557816400000001
	57698	0.95772
	56188	0.9580799999999999
	56970	0.9581999999999999
	57657	0.9621599999999999
	57328	0.9642
	57595	0.96744
	57851	0.96852
	57806	0.9740399999999999
	51076	0.9773355600000001
	59097	0.9785999999999999
	56982	0.97932
	57839	0.9848399999999999
	57673	0.98796
	57589	0.9899999999999999
	59419	0.9949199999999999
	51629	0.9957462
	53565	0.99585846
	52533	1.00158372
	50787	1.0021450200000002
	59854	1.00332
	53505	1.00427796
	53748	1.0075335
	57585	1.00848
	56489	1.0102799999999998
	59057	1.01304
	51711	1.01673882
	52681	1.0176369
	57326	1.0182
	56969	1.02
	56578	1.02264
	56746	1.0285199999999999
	57881	1.03524
	59653	1.04136
	59284	1.04748
	59064	1.04772
	56444	1.05108
	57853	1.0522799999999999
	56331	1.05513174
	59264	1.05864
	59249	1.06008
	52998	1.06074474
	57772	1.07136
	58502	1.07364
	53764	1.08117606
	54911	1.08285996
	56994	1.08804
	54291	1.09184076
	51709	1.0938614400000002
	57989	1.0975199999999998
	59294	1.098
	57915	1.1004
	51828	1.1012706
	59647	1.1021999999999998
	54728	1.10789394
	57777	1.11276
	56842	1.1214
	53874	1.12158966
	54904	1.1267536200000001
	53502	1.1293356
	56764	1.1308799999999999
	54913	1.13337696
	58420	1.13928
	56483	1.1412
	56846	1.14432
	57914	1.149
	56959	1.1526
	56742	1.15392
	55773	1.1551554
	54914	1.15818642
	53763	1.1613297
	51642	1.1626768200000002
	51827	1.16278908
	51804	1.1678407800000001
	59015	1.1737199999999999
	56434	1.17547446
	57355	1.17756
	53578	1.18030164
	56755	1.18332
	55681	1.1845675199999999
	54822	1.1847920399999998
	59012	1.18656
	59038	1.1867999999999999
	57960	1.18692
	56652	1.1922
	57348	1.19256
	57816	1.19556
	53575	1.1983754999999998
	57988	1.1987999999999999
	54293	1.2083666400000002
	54096	1.21263252
	56592	1.21392
	57669	1.21416
	59255	1.2179999999999997
	51815	1.21948038
	59312	1.2204
	53754	1.22486886
	57868	1.22508
	59855	1.22628
	57761	1.22856
	57841	1.23096
	54169	1.2401362200000001
	56973	1.24092
	57865	1.24284
	51730	1.24406532
	54825	1.2465350400000001
	53679	1.2465350400000001
	56565	1.248
	54501	1.24990284
	56964	1.2499200000000001
	52436	1.2573120000000002
	57932	1.25772
	59246	1.2589199999999998
	56664	1.26432
	54938	1.26539472
	59034	1.2692400000000001
	57708	1.2700799999999999
	57908	1.27512
	54927	1.27561038
	57658	1.2763200000000001
	56766	1.27644
	57840	1.27716
	56739	1.2784799999999998
	58508	1.2800399999999998
	53529	1.29301068
	57420	1.29348
	54802	1.29727656
	54292	1.3010934
	59449	1.30416
	59843	1.3056
	54826	1.30704318
	59310	1.31592
	59473	1.3224
	56494	1.3245599999999997
	51722	1.3254538200000001
	57776	1.33404
	54837	1.3347714000000002
	52652	1.33544496
	57431	1.3371600000000001
	59313	1.3542
	57678	1.35828
	57821	1.36632
	56195	1.36668
	58022	1.3671022800000001
	59001	1.3724399999999999
	53574	1.37473596
	53978	1.3755598500000001
	57432	1.37868
	56878	1.38156
	59314	1.38372
	53931	1.38495162
	52546	1.3960653600000001
	55664	1.40078028
	56586	1.4014799999999998
	52576	1.4043725999999999
	56582	1.40748
	57900	1.40808
	57911	1.40844
	56673	1.42248
	59288	1.4231999999999998
	57176	1.42630866
	57800	1.43436
	59025	1.4357999999999997
	56342	1.4453475000000002
	54917	1.4464701
	52446	1.4503992
	59448	1.4514
	52661	1.45298118
	57805	1.45596
	56889	1.4628
	54852	1.46488074
	53735	1.4733002400000001
	57948	1.4748
	57954	1.4767199999999998
	58507	1.47768
	56272	1.4784
	59492	1.48308
	57752	1.49232
	53455	1.49956908
	57773	1.49964
	59061	1.50204
	57842	1.50732
	54181	1.5121422
	57679	1.51644
	56984	1.5183600000000002
	56844	1.52928
	56881	1.53084
	53518	1.5329103
	57936	1.53396
	53935	1.5343696800000002
	59213	1.5344399999999998
	57827	1.5369599999999999
	59655	1.53924
	52557	1.5397581599999999
	59452	1.54044
	57874	1.54056
	59033	1.54068
	56841	1.54284
	57866	1.55088
	53567	1.5523312800000002
	57867	1.5542399999999998
	57903	1.55988
	58021	1.5603017399999999
	57694	1.5615599999999998
	55228	1.5633327600000002
	57771	1.56492
	56441	1.57032
	59205	1.5714000000000001
	55696	1.5722013000000001
	53576	1.5748955400000002
	59224	1.5881999999999998
	56987	1.59012
	59279	1.59324
	51627	1.60015404
	56961	1.6048799999999999
	59287	1.61076
	59451	1.61592
	56767	1.62288
	57598	1.62312
	56288	1.6272
	53753	1.6325971799999999
	57447	1.6409999999999998
	59230	1.6548
	58419	1.6552799999999999
	57942	1.6802399999999997
	53665	1.6816548
	59268	1.6837199999999999
	53740	1.6892884799999999
	53767	1.69546278
	51720	1.69557504
	52607	1.70511714
	58030	1.71937416
	59218	1.7194800000000001
	58510	1.72872
	59478	1.73136
	53756	1.73172276
	57789	1.7380799999999998
	54099	1.73812158
	54290	1.7383461
	51705	1.7439591
	59081	1.7442
	59632	1.77588
	59640	1.77792
	54094	1.77977004
	56666	1.78368
	53646	1.7859443400000001
	53658	1.78673016
	59757	1.7868000000000002
	59480	1.8051599999999999
	59851	1.8054
	58514	1.81128
	59285	1.8119999999999998
	56697	1.8221999999999998
	53875	1.8252353399999999
	59004	1.8292799999999998
	59037	1.83036
	51818	1.8310728600000001
	55690	1.8315219
	56782	1.8470399999999998
	59849	1.85316
	57962	1.8543599999999998
	59289	1.8594
	57913	1.8608399999999998
	56585	1.86228
	53750	1.8622811400000001
	59215	1.86768
	52643	1.87047612
	56843	1.87872
	59087	1.8801599999999998
	57910	1.88412
	51810	1.90662384
	59017	1.90872
	57688	1.9094399999999998
	54915	1.91335944
	53760	1.9149310800000001
	56768	1.9272
	59306	1.9365599999999998
	57780	1.93884
	59847	1.9437599999999997
	57947	1.9451999999999998
	59031	1.9484399999999997
	59088	1.95528
	58512	1.95612
	59280	1.96164
	56357	1.96908
	57956	1.9782
	54092	1.9785825000000001
	59022	1.9806
	56670	1.98192
	59211	1.98348
	53776	1.98520584
	59256	1.9916399999999999
	51814	1.9942989
	59453	2.00364
	56688	2.00472
	59023	2.00784
	57818	2.0090399999999997
	56187	2.00964
	58506	2.02128
	57543	2.02188
	58020	2.0313447
	54907	2.04739788
	56863	2.0492399999999997
	57682	2.0508
	53669	2.0769222600000004
	56885	2.08032
	57883	2.0852399999999998
	54172	2.0874747
	59673	2.0982
	59758	2.1018
	57824	2.10468
	56870	2.12064
	59007	2.1234
	59476	2.1282
	56946	2.14392
	57859	2.15412
	56669	2.1688799999999997
	59317	2.1698399999999998
	53659	2.17795626
	56775	2.17944
	56793	2.18256
	56882	2.19372
	59254	2.1964799999999998
	56665	2.1978
	59241	2.2111199999999998
	57846	2.21292
	59298	2.2269599999999996
	56684	2.23344
	52633	2.23969926
	59845	2.2428
	56871	2.24664
	56862	2.24796
	57958	2.25744
	59027	2.26164
	54192	2.26394742
	57687	2.2676399999999997
	56867	2.2769999999999997
	57949	2.29776
	56978	2.3112
	59481	2.33736
	56196	2.33748
	56788	2.3381999999999996
	59058	2.34384
	56790	2.36568
	57813	2.3740799999999997
	57957	2.3832
	57894	2.3928
	56543	2.4054
	57955	2.4067199999999995
	59493	2.42736
	54755	2.45501394
	57451	2.45544
	59502	2.45784
	54195	2.4663522
	56777	2.4706799999999998
	58428	2.50968
	53788	2.5247274
	56872	2.529
	59469	2.5324799999999996
	56880	2.54976
	56873	2.5596
	54187	2.58343938
	53751	2.60454426
	59021	2.6058
	57857	2.6127599999999997
	59475	2.6239199999999996
	59658	2.66112
	56875	2.67348
	56778	2.71188
	57907	2.71476
	59487	2.7506399999999998
	59663	2.7824400000000002
	59501	2.7948
	56671	2.80428
	59644	2.81316
	56774	2.82132
	57941	2.82192
	56891	2.85264
	50776	2.9417733
	59626	2.98764
	56675	3.0713999999999997
	56958	3.1221599999999996
	56962	3.12936
	52754	3.1311559200000003
	56785	3.14832
	56849	3.15936
	56886	3.16008
	55248	3.16550748
	56783	3.19596
	59941	3.2039999999999997
	56951	3.213
	59500	3.2632799999999995
	59631	3.26904
	57845	3.32232
	54186	3.3338974800000005
	59477	3.345
	58024	3.3689226
	59945	3.4061999999999997
	56995	3.4113599999999997
	56772	3.41892
	56786	3.46824
	59635	3.5569200000000003
	59059	3.62832
	56883	3.7356
	59948	3.81624
	56781	4.0446
	59954	4.3872
	54171	4.52587416
