50136     0
50246     0
50349     2
50353     2
50425     2
50431     0
50434     0
50442     2
50445     2
50468     3
50514     2
50524     2
50525     3
50526     3
50527     2
50548     2
50557     3
50564     3
50566     3
50603     2
50618     3
50632     2
50639     3
50646     1
50647     3
50655     2
50656     3
50658     2
50673     2
50674     3
50727     3
50741     2
50742     2
50745     2
50749     1
50750     2
50755     2
50756     3
50758     1
50772     2
50774     2
50775     3
50776     3
50778     3
50779     2
50788     3
50832     1
50833     1
50834     1
50838     0
50842     1
50844     2
50851     3
50852     3
50853     4
50854     3
50858     2
50861     3
50862     3
50867     4
50871     3
50873     3
50877     3
50878     3
50879     3
50880     3
50884     3
50888     3
50892     3
50913     3
50915     3
50928     2
50934     1
50936     1
50937     1
50939     1
50940     2
50946     3
50948     2
50949     3
50950     3
50953     3
50954     3
50958     3
50960     3
50962     3
50963     3
50964     3
50965     2
50968     3
50978     3
50979     3
50983     3
50985     3
51053     3
51059  -999
51060  -999
51068     1
51076     2
51087     2
51133     2
51137     2
51145     2
51156     0
51186     2
51232     1
51238  -999
51241     2
51243     0
51288     3
51328    -1
51329    -1
51330    -4
51334     0
51346     0
51352     1
51353     0
51356     2
51357     2
51358  -999
51359     1
51365     1
51367     1
51369     1
51377     1
51378     2
51379     3
51430     0
51431     0
51433  -999
51434     1
51435    -5
51436     1
51437     0
51438    -1
51463     2
51465     2
51467    -6
51468     0
51469  -999
51470  -999
51477     0
51482     3
51495     0
51526     0
51542     2
51559     0
51567     0
51568     0
51571     0
51572     0
51573     0
51581     0
51627     0
51628     0
51629     0
51633     0
51636     0
51639  -999
51642     0
51644     0
51655  -999
51656     0
51701     1
51704  -999
51705     0
51707     0
51708     0
51709     0
51711   -11
51716     0
51717     0
51720     0
51722     0
51730     0
51765     0
51777     0
51802     0
51804     0
51810  -999
51811     0
51814     0
51815     0
51818     0
51826     0
51827     0
51828     0
51829     0
51839     0
51855     0
51886     0
51931     0
52101     2
52112  -999
52203     0
52267     0
52313     0
52323     0
52378     0
52418     0
52424     0
52436     0
52446     0
52447     0
52495     0
52515     0
52533     0
52546     0
52557     0
52575     0
52576     0
52602     0
52607     0
52633    -6
52643    -2
52645    -3
52652     0
52656     2
52657     0
52661     0
52674    -2
52679     0
52681     0
52707     0
52713     0
52737     0
52745    -6
52754    -1
52765     2
52784     2
52787     1
52797     0
52818     0
52825     0
52833     0
52836    -1
52842   -11
52853     1
52855    -9
52856    -8
52862    -7
52863    -5
52866     0
52868    -6
52869    -5
52874    -1
52876    -1
52884  -999
52885     0
52889     0
52895    -3
52896     0
52908     0
52943    -9
52955    -6
52957    -4
52963    -5
52968     1
52972    -4
52978     0
52980    -1
52982     0
52983    -2
52984    -1
52985     0
52986     0
52988     0
52993    -6
52995    -2
52996    -3
52998     1
53068     0
53083     3
53149     1
53192     3
53195     3
53231     1
53272     1
53276     2
53289     2
53324     0
53336     0
53337     0
53343     1
53348     1
53352     2
53357     2
53362     3
53367     3
53368     3
53378     3
53384     1
53385     1
53391     1
53392     3
53397     3
53399     3
53419     0
53420     0
53433     1
53446     1
53455     0
53457     2
53463     3
53464     2
53467     3
53469     3
53472     3
53475     3
53478     2
53480     3
53481     3
53483     3
53484     3
53486     1
53487     1
53488     1
53491     2
53492     1
53498     2
53499     2
53502     0
53512     0
53513     0
53517     0
53518     0
53519     0
53522     0
53529     0
53533     1
53543     2
53545    -8
53547     0
53553     3
53562     3
53564     3
53565     3
53567     2
53573     1
53574     0
53575     1
53576    -1
53577     0
53579     1
53580     1
53582     1
53584     2
53585     1
53588     2
53590     1
53593     3
53596     1
53599     1
53602     0
53610     0
53611     0
53614     0
53615     0
53617     0
53618     0
53619    -2
53644     0
53646     0
53651  -999
53658     1
53659     1
53660     2
53662     1
53663     1
53664     2
53665     0
53666     0
53669    -4
53673     0
53674     0
53676     1
53677    -2
53678     0
53679    -2
53680     0
53681     1
53682     1
53685    -4
53688     0
53689     1
53690     1
53691     1
53692     1
53693    -3
53694    -1
53695     0
53696     1
53697     1
53698     0
53699     1
53704     0
53705    -7
53707    -2
53723     0
53725     0
53727    -5
53730     0
53732     0
53735  -999
53738     0
53740     1
53748     0
53750     1
53751     0
53753     1
53754     0
53756     1
53757     0
53759     1
53760     3
53763    -2
53764     0
53767     1
53768    -1
53769    -4
53770    -2
53771    -5
53772    -2
53773     0
53774     0
53776     1
53777    -3
53778    -1
53780     0
53781    -5
53782    -4
53783    -7
53784     0
53785     0
53786     0
53787    -4
53788    -4
53789     0
53790     0
53791     0
53792    -3
53794    -4
53795    -2
53796     1
53797    -5
53798    -6
53799     0
53806     0
53810    -5
53817    -5
53821    -5
53829    -5
53832     0
53841     0
53845     0
53848     0
53850     0
53852     1
53853     0
53854  -999
53856     0
53857    -3
53860     1
53861    -4
53862     0
53863    -4
53864     0
53865    -6
53866    -7
53868    -7
53869     0
53871    -5
53872    -9
53873    -9
53874    -1
53875    -8
53878    -5
53879    -7
53880    -2
53881     0
53882    -5
53883    -4
53885     0
53886    -9
53888    -1
53889    -8
53890    -7
53891    -4
53892    -3
53893    -5
53894    -3
53895    -4
53896    -3
53897    -5
53898    -3
53899    -4
53903    -2
53906     0
53908    -5
53914     0
53915    -3
53916     0
53917     1
53923    -5
53924    -5
53925    -5
53926    -1
53927     0
53928    -1
53929    -6
53930    -4
53931     0
53934    -3
53935    -3
53937    -5
53938    -4
53941    -7
53942    -6
53945    -6
53947    -6
53948  -999
53949    -5
53950    -9
53953     1
53954    -9
53955  -999
53956    -8
53957    -7
53958   -10
53959    -6
53961    -4
53962    -4
53963    -7
53964    -7
53965    -2
53966    -4
53967    -6
53970   -13
53972    -6
53973    -9
53974    -7
53975   -10
53976    -9
53978    -6
53979    -7
53980    -1
53981     0
53982   -10
53983    -4
53984    -5
53985    -6
53986    -7
53987    -6
53988    -4
53989    -7
53991    -4
53992     0
53993    -4
53994    -6
53995    -1
53996     0
53997    -3
53998    -3
54012     3
54024     3
54026     0
54027     3
54031     1
54039     2
54041     2
54047     2
54049     2
54063     3
54065     3
54069     3
54072     3
54076     3
54080     3
54092     3
54093     3
54094     3
54096     3
54098     3
54099     3
54102     3
54113     3
54115     3
54117     3
54122     3
54132     3
54134     4
54135     3
54142     3
54154     3
54156     3
54157     3
54161     3
54164     3
54169     3
54171     3
54172     3
54181     3
54186     3
54187     3
54195     3
54204     3
54205     3
54208     3
54213     3
54214     3
54218     3
54223     4
54225     3
54226     3
54231     3
54234     3
54236     3
54237     3
54244     3
54245     3
54249     3
54252     3
54254     3
54259     3
54261     3
54263     3
54266     2
54267     3
54273     3
54274     3
54276     3
54284     3
54285     3
54290     3
54291     3
54292     3
54293     4
54301     3
54304     3
54305     3
54308     3
54311     2
54313     3
54316     2
54318     2
54319     3
54320     3
54321    -2
54323     3
54324     3
54325     3
54326     3
54327     3
54328     3
54331     3
54332     3
54333     2
54334  -999
54335     3
54336     3
54337     2
54338     3
54339     3
54342     3
54346     3
54347     3
54349  -999
54351     3
54362     2
54363     3
54365     3
54371     3
54374     2
54377     3
54386     2
54398     3
54399     3
54401     3
54404     3
54405     2
54408     1
54410     3
54412     3
54416     3
54419     3
54420     2
54421     2
54423     2
54424     3
54425     3
54428     3
54429     3
54430     2
54431     3
54432     2
54433     3
54434     3
54436     3
54437     3
54438     3
54439     3
54449     3
54453    -2
54454     2
54455     1
54471     3
54474     3
54475     3
54476     3
54483     3
54486     3
54493     3
54494     3
54497     3
54499     2
54501     3
54502     2
54503     2
54505     3
54506     3
54507     2
54510     3
54511     3
54512     3
54513     3
54514     2
54515     3
54517     2
54518     3
54519     2
54520     3
54521     3
54522     3
54523  -999
54525  -999
54527     2
54528  -999
54530     2
54531     3
54532     3
54533     3
54534     3
54535     3
54539     3
54540     3
54541     3
54563     3
54568     3
54569     3
54579     3
54584     3
54590     3
54594     3
54596     3
54597     3
54601     2
54602     2
54603     2
54604     2
54605     2
54606     2
54607     1
54608     1
54609     2
54610     2
54611     2
54612     2
54613     2
54614     1
54615     1
54616     1
54617     0
54618     1
54619     2
54620     2
54621     1
54622     2
54623     2
54624     0
54626     2
54627     1
54628     0
54631    -1
54632    -2
54633     1
54636     3
54640    -4
54644     1
54660  -999
54662     3
54700     1
54701     1
54702     1
54703     1
54704     1
54705     1
54706     0
54707     0
54708     1
54709     0
54710     1
54711     1
54712    -1
54713     1
54714     1
54715    -1
54716     1
54717     0
54718     0
54719     1
54722     1
54723     1
54724     0
54725     0
54726     0
54727  -999
54728     0
54729     0
54730     0
54731     0
54734     0
54736     0
54737     0
54738     0
54744  -999
54749     1
54751     1
54752     1
54753     2
54755     1
54759     1
54764     0
54765     0
54766     0
54774     0
54776     1
54777     1
54778     2
54800    -2
54801    -2
54802     0
54803     0
54804   -10
54805    -1
54806    -7
54807    -4
54808    -7
54809    -4
54810     0
54811     0
54814   -10
54815   -11
54816    -3
54817    -4
54818    -2
54819    -4
54820    -4
54821     1
54822    -2
54823    -2
54824     0
54825    -1
54826     0
54827    -1
54828     0
54829    -1
54830    -2
54831     1
54832     0
54833     0
54834     0
54835     0
54836     0
54837     1
54841     1
54842  -999
54843     1
54844     1
54846     1
54848     1
54849     0
54851     1
54852     1
54853     0
54855     0
54857     1
54861     0
54863     0
54871     2
54900    -4
54901    -8
54902    -4
54903    -6
54904    -7
54905    -6
54906    -4
54907    -2
54908    -7
54909    -8
54910    -5
54911    -4
54912    -1
54913    -5
54914    -6
54915    -7
54916    -2
54917    -4
54918    -2
54919    -1
54920     0
54921    -1
54922     0
54923     1
54925     1
54927     0
54929     1
54932     1
54935     1
54936  -999
54938     0
54939     1
54940     1
54943     1
54945     0
55228     0
55248     0
55279     0
55294    -4
55299    -1
55437     0
55472     2
55493   -14
55572  -999
55578    -7
55585    -9
55591   -15
55598    -5
55655   -12
55664    -5
55680    -2
55681    -7
55690   -12
55696   -10
55773   -11
56004    -1
56016    -5
56018    -1
56021     2
56029    -2
56033     0
56034    -7
56038     1
56043     0
56045     1
56046     0
56065     1
56067     2
56071     0
56074     0
56079    -1
56080     0
56081     1
56082     1
56084    -9
56091     0
56092    -4
56093     1
56094    -5
56095    -1
56096   -11
56097   -10
56106    -4
56116    -4
56125    -5
56137    -5
56144    -4
56146     0
56147    -6
56151    -8
56152     1
56158    -5
56164     0
56167    -3
56168    -7
56171    -9
56172     0
56173     0
56178    -4
56180     1
56181    -8
56182     0
56183     1
56184     1
56185    -1
56186    -4
56187  -999
56188    -7
56189   -13
56190   -10
56192    -6
56193    -9
56194    -7
56195    -9
56196   -12
56197    -8
56198    -9
56199   -15
56202    -1
56223    -9
56227    -3
56247   -13
56251    -4
56257   -10
56263    -8
56267   -10
56272    -8
56273    -5
56276   -16
56278    -5
56279    -7
56280    -6
56281    -1
56284    -9
56285    -9
56287    -3
56289    -9
56290   -16
56291   -14
56295    -9
56296   -15
56297    -9
56298   -11
56307    -8
56312   -10
56317    -5
56331   -12
56357   -10
56371    -7
56373    -5
56374    -5
56376    -3
56378    -8
56380    -6
56381    -8
56382    -8
56383    -6
56384    -3
56385     0
56386    -7
56387     0
56389    -4
56390   -13
56393    -9
56394   -10
56395   -10
56396    -8
56399    -1
56434    -3
56441   -12
56443    -8
56444   -11
56459    -6
56462   -12
56473    -6
56474    -6
56475   -10
56478    -6
56479     0
56480    -4
56483     0
56485     0
56487    -2
56489     0
56490     0
56492     0
56493     0
56496    -1
56497     0
56499    -1
56533  -999
56543   -14
56548   -19
56565   -11
56567   -15
56569    -5
56571    -2
56575    -5
56578    -5
56582     0
56584    -7
56585    -9
56586    -8
56592     0
56593    -1
56594    -2
56595    -8
56596     0
56598   -12
56641    -5
56645   -15
56646   -13
56649   -19
56651   -18
56652   -16
56654   -20
56664   -13
56665   -13
56669   -14
56670   -15
56671   -17
56673    -6
56675   -12
56684    -7
56688   -10
56691   -10
56693  -999
56697   -12
56739    -3
56742   -15
56745   -14
56746    -9
56748   -14
56751   -10
56752   -20
56755   -15
56756   -12
56757   -11
56761   -16
56763   -12
56764   -15
56766   -13
56767   -15
56768   -12
56772    -7
56774    -9
56775    -9
56777    -9
56778   -11
56781   -12
56782    -4
56783    -6
56785   -10
56786   -13
56788    -4
56790   -11
56792  -999
56793    -7
56835   -15
56836    -2
56838   -12
56839    -8
56840    -6
56841     0
56842   -13
56843   -12
56844   -10
56846    -6
56849    -2
56851   -19
56854   -11
56856   -17
56862    -3
56863   -12
56867    -3
56869    -5
56870   -14
56871    -6
56872    -5
56873   -13
56875    -6
56876    -7
56878    -2
56879    -2
56880    -7
56881    -5
56882    -9
56883   -10
56885    -9
56886    -7
56889    -5
56891   -10
56898    -8
56944    -6
56946    -8
56948    -4
56949    -7
56950    -4
56951    -1
56952    -1
56954    -1
56958    -2
56959     1
56961    -3
56962    -8
56964    -4
56966    -7
56969    -5
56970    -9
56973    -4
56975    -5
56976    -6
56977    -7
56978    -6
56982    -3
56984    -5
56985    -4
56986    -2
56987     0
56989     0
56992    -6
56994    -2
56995    -2
56996    -2
57001    -5
57002     0
57003  -999
57004    -3
57006    -1
57007    -3
57008     0
57011     0
57012     1
57014  -999
57016    -2
57020    -1
57021    -4
57022    -1
57023    -7
57024    -1
57025  -999
57026    -3
57027    -3
57028  -999
57029    -2
57030  -999
57031    -6
57032    -3
57033    -5
57034    -3
57035    -2
57036    -4
57037    -5
57038    -6
57039    -2
57040    -4
57042    -6
57043    -4
57044     0
57045    -3
57046     2
57047    -5
57048  -999
57049  -999
57051    -3
57053    -2
57054     0
57055     0
57056     0
57057    -3
57060     0
57061    -3
57063    -6
57065    -7
57066    -7
57067    -3
57070    -8
57071    -9
57072    -5
57074    -5
57075    -8
57076    -3
57077    -4
57078    -6
57079    -7
57080    -3
57081    -6
57082    -2
57083    -4
57085    -3
57086    -4
57087    -8
57089    -7
57090    -7
57091    -8
57093    -9
57094    -8
57095    -6
57096   -10
57098    -9
57099   -10
57102    -2
57105    -5
57106    -3
57110     0
57111     0
57113     0
57119     0
57124  -999
57126     0
57127    -1
57128    -3
57129     1
57132    -3
57134     0
57137     0
57140    -3
57143    -4
57144     0
57153     0
57154  -999
57155     0
57156    -2
57162    -6
57169     1
57173    -4
57175     1
57176    -2
57177    -4
57178     1
57179     0
57180    -5
57181    -7
57182    -7
57183    -6
57184    -7
57185    -5
57186    -6
57187     0
57188    -9
57189    -1
57191    -9
57192    -7
57193   -10
57194    -6
57195    -7
57196    -5
57198    -6
57206    -5
57208    -2
57211  -999
57213    -1
57216     1
57217    -1
57231     1
57232     0
57233     1
57237     0
57238  -999
57242     1
57245     1
57247     1
57248     1
57249     1
57251     0
57253     1
57254     1
57257     0
57259     0
57260     0
57261     1
57265    -1
57268     0
57271     1
57273     0
57274     1
57279     1
57281     0
57290    -4
57292    -3
57293     0
57294    -2
57295    -1
57296     1
57297     1
57298     0
57299     1
57303     0
57304    -8
57306     0
57307    -4
57308    -1
57309    -4
57313     0
57314     0
57315     1
57317     0
57318     0
57320    -3
57324    -2
57326    -4
57328    -5
57329    -6
57333     0
57339    -5
57343  -999
57345   -10
57348    -7
57349    -2
57355     0
57361    -3
57362    -2
57363     0
57368     0
57370     1
57377     1
57378     0
57385     0
57387     1
57388     1
57389     1
57390     0
57396     2
57398     1
57399     1
57401    -1
57402    -3
57405    -5
57407    -3
57408    -7
57409    -2
57411    -3
57413    -3
57414     0
57415    -1
57416    -2
57417    -2
57420    -6
57425    -3
57426     0
57431    -5
57432    -5
57438     0
57447     2
57458     2
57460     1
57461     1
57464     1
57465     1
57466     1
57469     1
57475     1
57476     2
57477     1
57481     1
57483     1
57485     2
57486     1
57489     1
57491     1
57492     1
57494     2
57496     2
57498     2
57499     2
57505     1
57506     1
57507     0
57509     1
57510     0
57511    -2
57513     0
57514     0
57516     0
57518     1
57519     1
57522     1
57525     0
57537     0
57540     1
57541     1
57543     2
57544     1
57545     1
57554     2
57558     2
57562     1
57564     1
57565     1
57566     1
57571     1
57574     2
57575     2
57577     2
57582     2
57583     2
57584     3
57585     3
57586     2
57589     3
57590     2
57598     3
57603     0
57605    -4
57606    -7
57608    -2
57609     0
57614  -999
57623     0
57625  -999
57633     2
57634    -6
57635     1
57636     0
57637    -3
57640     2
57643     2
57646     2
57647  -999
57649     2
57655     3
57657     2
57658     2
57661     2
57662     3
57663     2
57666     2
57669     2
57671     3
57674     2
57678     2
57680     3
57682     3
57687     2
57688     2
57694     2
57698     3
57699     3
57707    -9
57708   -10
57710  -999
57713   -10
57714    -3
57717    -6
57718  -999
57719     0
57720    -6
57722  -999
57723    -4
57728     1
57729  -999
57731     0
57732     0
57734     0
57735     2
57736     1
57737     1
57738     1
57739     2
57740     1
57741  -999
57742     2
57743     2
57744     2
57745     2
57754     3
57760     2
57762     2
57763     2
57766     2
57767     2
57768     2
57769     2
57771     2
57772     2
57773     3
57774     1
57776     2
57777     2
57778     3
57780     2
57781     3
57786     3
57792     3
57793     3
57796     3
57798     3
57799     2
57800    -9
57803    -6
57805  -999
57806    -6
57807    -7
57808    -7
57809     0
57811     0
57813    -1
57814    -3
57816     0
57818    -3
57821     0
57822     1
57824    -2
57825     0
57827  -999
57828     1
57829     0
57832     1
57834     0
57835     1
57837     0
57839  -999
57840  -999
57842     1
57844     1
57845     2
57846     2
57851     1
57853     2
57859     2
57860     2
57865     2
57866     2
57867     2
57868     3
57870     3
57871     2
57872     2
57874     2
57875     3
57876     3
57881     2
57882     2
57883     2
57886     3
57887     1
57891     3
57894     2
57895     2
57896     2
57899     2
57900    -5
57902    -2
57903    -3
57905    -4
57906    -6
57907  -999
57908    -8
57909    -7
57910  -999
57912  -999
57913     0
57914     0
57915     0
57916    -6
57921     0
57922     0
57923     0
57926  -999
57927     0
57932     0
57936     0
57941     1
57942     1
57947     2
57948     2
57949     2
57954     1
57955     2
57956     2
57957     1
57960     1
57962     1
57964     1
57965     1
57966     1
57969     1
57971     1
57972     2
57973     1
57975     2
57976     2
57978     1
57981     2
57985     2
57988     1
57989     2
57990     1
57991     1
57992     2
57993     2
57994     2
57995     1
57996     2
58001    -8
58002    -8
58003    -9
58004    -8
58005    -5
58006    -5
58007    -7
58008    -5
58011    -7
58012    -2
58013    -2
58015    -3
58016     0
58017    -1
58020     0
58021     0
58022     1
58024     1
58025     1
58026  -999
58027     1
58030     1
58032     1
58034  -999
58035     1
58036     1
58038  -999
58040     0
58041     0
58044     0
58047  -999
58048     1
58049     1
58100    -6
58101    -6
58102    -2
58104    -5
58107    -2
58108    -5
58109     0
58114     0
58117    -2
58118  -999
58122     0
58125     0
58126    -4
58127     0
58128    -2
58129     0
58130  -999
58131     1
58132     1
58135  -999
58138     1
58139     1
58140     1
58141     1
58143  -999
58145     1
58146     1
58147     1
58148     1
58150     1
58154     1
58158  -999
58202     0
58203    -1
58205     1
58207     0
58208     1
58210     0
58212     0
58214     1
58215     1
58220     1
58221     0
58222     1
58223     1
58224     1
58230     0
58234     1
58235     1
58236     1
58237     0
58238     1
58240     1
58241     0
58242     0
58243     1
58244     1
58245     0
58247     1
58249     1
58250     1
58251     1
58254     1
58255  -999
58257     1
58259     1
58264     1
58265     1
58268     1
58269     1
58301     2
58306     1
58311     1
58314     2
58316     1
58317     1
58319     0
58320     1
58321     1
58323     0
58326     1
58327     1
58329     1
58330     0
58331     0
58334     1
58335    -1
58337     1
58338     1
58339     1
58340     0
58341     1
58342     1
58343     1
58344     1
58345     1
58346     2
58352     1
58353     1
58354  -999
58356  -999
58358     1
58360     1
58361     1
58362     1
58365     1
58366     1
58367     1
58369     2
58401     2
58402     1
58404     2
58407     2
58408     2
58409     2
58415     1
58416     1
58417     2
58418     1
58420     1
58421     1
58424     1
58426     1
58427     1
58428     1
58431     1
58432     1
58433     1
58435     1
58436     1
58437     1
58438     1
58441     1
58442     1
58443     2
58446     1
58448  -999
58449     1
58450  -999
58451     1
58452     1
58453  -999
58454     1
58455     1
58456     1
58457     1
58458     1
58459     1
58460     1
58461     1
58462     2
58463     2
58464     2
58467     2
58468     1
58472     1
58477     1
58501     2
58502     1
58503     2
58506     2
58508     3
58509     3
58510     2
58514     1
58517     3
58519     3
58523     2
58527     2
58529     2
58530     1
58531     1
58534     2
58537     3
58542     1
58543     1
58544     2
58546     1
58547  -999
58548     2
58549     2
58550     1
58553  -999
58556     1
58557  -999
58558     2
58559     1
58562     1
58563     2
58565     1
58567     1
58569     1
58570  -999
58601     3
58602     3
58605     3
58606     3
58608     3
58609     3
58612     3
58614     3
58615     3
58616     3
58618     3
58620     3
58624     3
58625     3
58626     3
58629     3
58631     3
58632     3
58633     3
58634     3
58635     3
58642     1
58643     1
58644     3
58646     2
58647     2
58652  -999
58654     1
58656     2
58657     1
58658     1
58659     1
58660     1
58664     1
58665     1
58666     1
58667     1
58693     3
58701     3
58704     3
58706     3
58707     3
58710     3
58712     3
58713     3
58714     3
58715     3
58719     3
58724     3
58725     3
58730     3
58731     2
58735     3
58736     3
58737     2
58742  -999
58745     3
58746     1
58747     2
58748     2
58749     1
58750     1
58751     1
58752     2
58754     1
58760     2
58804     2
58813     2
58814     2
58819     3
58820     2
58821     2
58822     2
58823     2
58824     2
58826     2
58828     2
58834     1
58836     1
58839     1
58844     1
58845     1
58846     2
58847     0
58848     1
58903     2
58905     2
58906     1
58907     0
58911     2
58912     2
58917     0
58918     0
58921     2
58923     1
58926     0
58928     0
58929    -1
58931     1
58932    -2
58933     2
58934     0
58935     0
58941     0
58942    -2
58944    -2
58946    -6
59001    -3
59004    -9
59007    -1
59012    -1
59015     0
59017     0
59021     0
59022     1
59023     1
59025     0
59027     1
59031     1
59033     1
59034     1
59037     1
59038     1
59041     0
59044     1
59045     1
59046     0
59047     1
59051     1
59052     1
59053     2
59055     1
59057     0
59058     1
59059     1
59061     2
59063     2
59064     1
59065     1
59071     1
59072     1
59074     1
59075     1
59081     2
59082     1
59087     1
59088  -999
59090     2
59091     1
59093     1
59094     0
59096    -3
59097  -999
59099    -5
59102     1
59106    -1
59107  -999
59109     0
59114    -2
59116  -999
59117     0
59122    -3
59124    -9
59125    -2
59126    -4
59127   -12
59130     0
59131    -3
59133    -3
59134    -5
59137    -1
59205    -6
59209    -1
59211    -1
59213    -3
59215    -1
59218    -4
59224    -4
59227    -3
59228    -4
59229     0
59230     0
59235     2
59237     0
59238     1
59241     0
59242     0
59246    -1
59249     0
59254     0
59255     0
59256     1
59264     0
59265     1
59266     0
59268     1
59269     1
59270     1
59271     0
59276     1
59278     1
59279     1
59280  -999
59284     0
59285     1
59287     0
59288     1
59289  -999
59290     1
59293     0
59294     0
59297     0
59298    -3
59303    -4
59304  -999
59306  -999
59310    -7
59312    -8
59313    -3
59314    -4
59315    -1
59316    -2
59318     0
59319    -7
59320    -7
59321    -4
59322   -10
59324    -5
59417    -6
59419    -3
59421     0
59425     1
59426     1
59427     0
59429     2
59431     1
59435     1
59441     2
59446    -4
59448    -5
59449     2
59451     1
59452     2
59453     2
59454     2
59456     2
59457     3
59462     1
59469     1
59470     2
59471     1
59473     1
59475     1
59476     1
59477     1
59478     1
59480     1
59481     0
59485  -999
59487     1
59488  -999
59492    -6
59493    -3
59500    -9
59501    -5
59502    -7
59626    -5
59632     2
59640     1
59644     2
59647     1
59650     1
59653     1
59654     0
59655     2
59656     1
59658     3
59659     0
59663     2
59664     2
59673     1
59750     1
59754     0
59757     0
59758     0
59838    -5
59842     1
59843     0
59845     0
59847    -3
59848     0
59849     2
59851     0
59854     1
59855     1
59856     0
59940    -1
59941     1
59945     1
59948     0
59951     1
59954     1
