	57043	-3.19124076
	53947	-2.91307278
	53942	-2.68504314
	53854	-2.65498362
	53945	-2.5448436599999997
	54533	-2.5354500599999996
	57031	-2.52875712
	57037	-2.5220641799999997
	50527	-2.51098848
	53931	-2.4903607799999996
	54534	-2.4533734799999998
	57022	-2.3878531199999995
	57076	-2.37763758
	57081	-2.36108136
	53948	-2.3130565799999996
	53935	-2.27783058
	57030	-2.2709027999999996
	57033	-2.24013876
	53938	-2.2280444999999998
	52889	-2.1766145399999997
	54437	-2.1736790399999997
	57066	-2.17144806
	57054	-2.1663989999999997
	58259	-2.1560110200000002
	57065	-2.13892272
	53926	-2.12459748
	57029	-2.0762204399999997
	57056	-2.06506554
	57055	-2.06201262
	58223	-2.05736301
	53757	-2.04263832
	57071	-2.03653248
	54530	-2.02995696
	53925	-2.02596468
	50844	-2.00223738
	57155	-2.00013228
	53850	-1.9948483799999999
	53937	-1.9872160799999998
	53934	-1.9866289799999999
	57002	-1.9753566599999997
	57074	-1.9715992199999999
	50833	-1.9619449200000003
	57035	-1.95762624
	57023	-1.9328506199999997
	58241	-1.92974976
	50834	-1.9287859500000002
	54541	-1.9276841399999998
	57072	-1.9133588999999998
	54436	-1.91089308
	50940	-1.90683675
	53963	-1.9032607799999999
	58264	-1.9001909700000001
	56571	-1.89959742
	54449	-1.8975072
	53829	-1.89527622
	50945	-1.89209943
	58243	-1.89093159
	53929	-1.8902271599999998
	52985	-1.8784851599999999
	57080	-1.8688567199999997
	57003	-1.8608721599999998
	52988	-1.8586411799999998
	58268	-1.85199471
	57041	-1.8483082199999998
	53924	-1.84325916
	53848	-1.8346874999999998
	53759	-1.8234151799999998
	57042	-1.79570406
	52797	-1.7795001
	58234	-1.77898806
	58236	-1.77863193
	58240	-1.7782758
	54515	-1.77233748
	57193	-1.7706936
	53955	-1.77057618
	57510	-1.7650989900000003
	50838	-1.7641669500000001
	59838	-1.76414588
	57707	-1.76224995
	57040	-1.75319802
	53972	-1.7501451
	57156	-1.749558
	58247	-1.74717378
	50832	-1.7465292000000003
	52983	-1.7455657199999999
	57067	-1.73687664
	57051	-1.7303011199999998
	54540	-1.72266882
	53941	-1.72055526
	53821	-1.71808944
	57084	-1.7131578
	56772	-1.7102549700000003
	50557	-1.70882361
	58147	-1.70313237
	58138	-1.69802784
	53928	-1.6950751199999998
	57057	-1.69155252
	53917	-1.6907305799999999
	57511	-1.6881749099999999
	56673	-1.6753542300000002
	57049	-1.6604362199999998
	53930	-1.66008396
	57512	-1.65659805
	57085	-1.6545652199999998
	56964	-1.6532741700000002
	53857	-1.6520994
	54904	-1.6363651199999998
	57034	-1.63237284
	57175	-1.63072896
	56948	-1.61659278
	58265	-1.6156431
	54532	-1.60654044
	57083	-1.6029004199999999
	52895	-1.6011391199999998
	57079	-1.5918629399999997
	53986	-1.591041
	57048	-1.58646162
	57070	-1.5801209399999998
	56670	-1.5768249300000001
	58341	-1.5767062200000002
	53988	-1.5749544599999998
	57261	-1.5748370399999998
	54512	-1.5742499399999998
	58237	-1.57112685
	52986	-1.5673221599999998
	58220	-1.5645978
	58343	-1.55878101
	53987	-1.5586330799999997
	54438	-1.5558149999999997
	56594	-1.55367648
	56357	-1.5521332500000002
	57523	-1.5508274400000002
	54521	-1.54970916
	53853	-1.5470084999999998
	56582	-1.5403809600000002
	53978	-1.53632328
	57039	-1.5277516199999999
	54365	-1.52413677
	53923	-1.5230548199999998
	59843	-1.52139645
	50246	-1.51363251
	57038	-1.5135437999999999
	53984	-1.51131282
	58225	-1.50821055
	57082	-1.5080250599999998
	58245	-1.50797313
	56584	-1.50488667
	54432	-1.50461988
	53738	-1.49933598
	57153	-1.49863146
	53756	-1.4968701599999998
	57605	-1.495746
	57047	-1.48959012
	50939	-1.48713669
	57143	-1.4841887999999999
	54539	-1.4803139399999998
	53950	-1.4753823
	50524	-1.4753781900000003
	58257	-1.47390336
	53859	-1.4698635599999998
	58344	-1.46784915
	54531	-1.46516676
	54455	-1.45781883
	56462	-1.4565717000000002
	50842	-1.4551535700000002
	53915	-1.4547163799999998
	54535	-1.4533073399999998
	57045	-1.4515460399999998
	53979	-1.4495498999999998
	57438	-1.448262
	56598	-1.44315747
	54439	-1.4351072399999998
	54502	-1.43416788
	50936	-1.42740351
	56792	-1.4203651499999999
	57408	-1.41870321
	54522	-1.41526326
	54523	-1.4144413199999997
	58254	-1.40113413
	56688	-1.39852251
	53865	-1.3975328399999998
	56569	-1.3833276300000001
	57021	-1.3830901799999997
	56595	-1.3817844
	53845	-1.3767495
	56966	-1.36623339
	54507	-1.3639507199999998
	58230	-1.36077273
	53832	-1.35103452
	57090	-1.3478641799999997
	50353	-1.3451724
	53949	-1.3434022199999998
	54454	-1.34180163
	54349	-1.33850925
	57306	-1.3308578100000001
	53692	-1.3308382799999998
	58244	-1.33026426
	53862	-1.32966408
	56870	-1.3286023200000001
	50618	-1.32345837
	52984	-1.3216795199999998
	58250	-1.3199364900000001
	53730	-1.31985243
	54431	-1.3174524
	54471	-1.3147570800000001
	58148	-1.30497903
	50603	-1.29798162
	56596	-1.29773772
	57044	-1.2976084199999998
	57425	-1.2935828699999998
	56669	-1.2887157599999999
	57046	-1.28492706
	52784	-1.28387028
	58353	-1.28384865
	54483	-1.28238201
	58235	-1.2808809
	57063	-1.2760031399999998
	56962	-1.2691286099999999
	56969	-1.26865377
	57028	-1.26790116
	53860	-1.26602244
	58351	-1.26378666
	54597	-1.26308694
	57012	-1.2601514399999998
	54428	-1.2540456
	50934	-1.25353449
	54525	-1.2520494599999998
	58158	-1.24716726
	57162	-1.2435952199999998
	52993	-1.2434777999999997
	54351	-1.24161921
	59848	-1.24114207
	56281	-1.23743304
	54511	-1.2358455
	57304	-1.23529626
	57385	-1.23505884
	54260	-1.23425055
	56196	-1.22936076
	54328	-1.2292335900000002
	54826	-1.2276261
	56982	-1.22591817
	53998	-1.2242209199999998
	54377	-1.2211594200000002
	58330	-1.22010138
	58154	-1.21689621
	58242	-1.2155904
	50564	-1.2119094000000001
	57185	-1.21130472
	58251	-1.20704328
	53841	-1.20672534
	54520	-1.20155886
	53982	-1.20144144
	56188	-1.20122649
	52884	-1.19932788
	53997	-1.19016912
	53725	-1.18993428
	56949	-1.18615032
	57731	-1.18531935
	56872	-1.18460709
	58249	-1.1796212700000002
	54475	-1.17765297
	57078	-1.17666582
	54911	-1.17607872
	58146	-1.17605997
	56080	-1.17208644
	57273	-1.17196902
	54423	-1.1699728799999998
	54910	-1.1699728799999998
	52978	-1.16668512
	54501	-1.16234058
	56383	-1.1621709
	54824	-1.16163606
	56278	-1.15492959
	59854	-1.14721663
	54622	-1.14531468
	54434	-1.14437532
	57154	-1.14343596
	57016	-1.1401481999999998
	54286	-1.13681178
	54602	-1.1294629799999998
	54623	-1.1294629799999998
	54499	-1.12746684
	54486	-1.12442616
	58345	-1.12359015
	57169	-1.1223003599999999
	57714	-1.12192821
	54276	-1.12121217
	54433	-1.12100874
	54510	-1.11971712
	53682	-1.1161945199999999
	58360	-1.11504303
	57416	-1.10863269
	59476	-1.1061
	56197	-1.10507139
	57522	-1.10435913
	54325	-1.1030256900000002
	56684	-1.10198493
	54424	-1.09916862
	57025	-1.097877
	55493	-1.09756452
	58255	-1.0943874900000001
	50639	-1.09283499
	50948	-1.09267821
	58224	-1.0910636100000002
	58354	-1.08916425
	52885	-1.0884833999999999
	53750	-1.08566532
	54819	-1.0855479
	57140	-1.08272982
	59500	-1.0808
	57144	-1.07051814
	56381	-1.06791516
	54493	-1.06735824
	54807	-1.0652342399999999
	56880	-1.0648287
	59948	-1.0599224999999999
	54324	-1.05944085
	54903	-1.05889356
	54405	-1.0576019399999999
	57253	-1.0528389900000001
	56871	-1.05260157
	59324	-1.0519
	57020	-1.04750382
	58342	-1.04357961
	57271	-1.0432766999999998
	53995	-1.0426895999999999
	56373	-1.04215509
	50442	-1.04086242
	57315	-1.04025573
	57087	-1.03987152
	52980	-1.03987152
	56778	-1.0364570100000001
	54528	-1.03482246
	54476	-1.03412088
	53994	-1.03188696
	53492	-1.03176954
	56976	-1.03135248
	56441	-1.02696021
	56885	-1.02648537
	54261	-1.02620349
	50774	-1.02314628
	56970	-1.02292407
	54399	-1.0223759399999999
	56666	-1.0213808400000002
	54416	-1.0139217
	54263	-1.00911447
	53927	-1.00675908
	56761	-1.00618596
	56665	-1.0044053099999999
	54594	-1.00300164
	56296	-1.0026246600000002
	56291	-0.9896852700000001
	57001	-0.98938092
	50739	-0.9891250200000001
	52896	-0.9884415599999999
	59842	-0.9870868
	54292	-0.98497035
	58331	-0.98351235
	51059	-0.9832718999999999
	58215	-0.98149428
	54408	-0.9803395799999999
	56190	-0.97769556
	51145	-0.9767393999999999
	57132	-0.9755253599999999
	54453	-0.97509321
	56198	-0.9711665100000001
	54363	-0.9697626900000001
	53529	-0.9696059100000002
	56863	-0.96606198
	56756	-0.96440004
	53989	-0.96296142
	54900	-0.9602607599999999
	54470	-0.9601207200000001
	56371	-0.9569213100000001
	57014	-0.95626848
	54519	-0.9493406999999999
	54611	-0.9493406999999999
	54323	-0.94405077
	50854	-0.94216941
	52995	-0.93830322
	57708	-0.93828384
	54290	-0.9381715200000001
	59318	-0.9374
	56199	-0.93389157
	54273	-0.9319003200000001
	56954	-0.92510703
	54908	-0.9218644199999999
	54905	-0.9151714799999999
	58323	-0.91359216
	58246	-0.91323603
	58346	-0.91311732
	56664	-0.91299861
	56691	-0.91181151
	59758	-0.91055496
	54249	-0.9086184900000001
	54474	-0.9083833200000001
	57178	-0.90519078
	53727	-0.90350856
	57124	-0.9034294799999999
	58365	-0.9034
	56975	-0.89887212
	57052	-0.89814558
	53690	-0.89321394
	54319	-0.8903958599999999
	57233	-0.88757778
	50745	-0.8865909000000001
	56781	-0.8865262800000001
	59754	-0.8834
	54452	-0.8818091100000001
	52656	-0.8798280599999999
	53764	-0.87959322
	56109	-0.8711741999999999
	52963	-0.8690315399999999
	53596	-0.8686731599999999
	59229	-0.8681
	56973	-0.86765139
	56578	-0.86598945
	53863	-0.8611582799999999
	56693	-0.86100363
	56674	-0.8580358800000001
	54342	-0.85782177
	57722	-0.8575610400000001
	54259	-0.8528048100000001
	56898	-0.85031973
	51133	-0.84880692
	56443	-0.8483016600000001
	56479	-0.84806424
	54817	-0.8477723999999999
	58316	-0.8469958500000001
	54353	-0.8469255600000001
	56585	-0.84687714
	50937	-0.8466120000000001
	56567	-0.84533391
	57091	-0.8423710799999999
	57900	-0.84212874
	53490	-0.83990526
	57086	-0.83873106
	50862	-0.8338344300000001
	54274	-0.8332857
	54420	-0.8301593999999999
	57808	-0.8285958
	54430	-0.82745874
	56768	-0.8274087
	59319	-0.8263
	52974	-0.8244537599999999
	52862	-0.8242969799999998
	57520	-0.8239661100000001
	59478	-0.8232
	54827	-0.82123548
	53696	-0.81806514
	58321	-0.81779319
	51633	-0.8170850999999999
	56586	-0.81245124
	54429	-0.8118418799999999
	54331	-0.8086712400000001
	54619	-0.8084366999999999
	53817	-0.8083097999999999
	56081	-0.8070276599999999
	57105	-0.8053837799999999
	54165	-0.8042814
	54906	-0.7991605199999999
	54569	-0.79863732
	50878	-0.7982453700000001
	56384	-0.7970189400000001
	56873	-0.79618797
	57295	-0.7949334
	57846	-0.794
	56876	-0.7929828000000001
	57842	-0.7921
	56869	-0.79203312
	54346	-0.7902495900000001
	51711	-0.78484068
	56752	-0.78407955
	54337	-0.7831944900000001
	56777	-0.7798059900000001
	56977	-0.7789750200000001
	56862	-0.7777879200000001
	54818	-0.77638104
	51467	-0.7763745599999999
	54362	-0.7733957400000001
	59316	-0.7733
	58334	-0.7731582300000001
	54374	-0.7674381
	54596	-0.7672222799999999
	57032	-0.7646390399999999
	56878	-0.7617620700000001
	57011	-0.75994224
	54607	-0.7588854599999999
	57075	-0.7588854599999999
	56671	-0.7579633499999999
	57857	-0.7579
	58311	-0.7573698000000001
	56867	-0.7570136700000001
	50776	-0.75614994
	56785	-0.75523302
	54506	-0.75465834
	58377	-0.7526214
	53914	-0.7520767199999999
	57297	-0.7520750999999999
	52674	-0.7509008999999999
	56985	-0.7500097800000001
	50655	-0.74917323
	59317	-0.7485
	56652	-0.74680461
	57186	-0.74655636
	59847	-0.74596802
	54505	-0.7443253799999999
	59493	-0.7429
	56766	-0.74276847
	59473	-0.7425
	54494	-0.7420397400000001
	57800	-0.74110653
	53806	-0.73800216
	59492	-0.7371
	54527	-0.7270646399999999
	52863	-0.7267275599999999
	56786	-0.72626778
	54031	-0.72463716
	56287	-0.7237748700000001
	52875	-0.7229125799999999
	53195	-0.72283419
	56952	-0.7222316400000001
	53983	-0.72084138
	56391	-0.72068841
	53695	-0.71966718
	56764	-0.7186703400000001
	56875	-0.71570259
	56654	-0.71522775
	54169	-0.7140545100000001
	59475	-0.7111
	54620	-0.71109552
	50915	-0.70950789
	53754	-0.7089819599999999
	59501	-0.7087
	57811	-0.70822386
	57720	-0.70644321
	54291	-0.70590195
	54472	-0.70574517
	57274	-0.7015844999999999
	54604	-0.7000580399999999
	54252	-0.69837651
	57405	-0.69611544
	53611	-0.69506172
	56775	-0.6939786600000001
	54293	-0.6932811600000001
	57723	-0.6927915600000001
	53446	-0.69241887
	50928	-0.69163497
	51644	-0.69066816
	51628	-0.6905113799999999
	56280	-0.6898238099999999
	54398	-0.68972508
	54267	-0.6890481
	54514	-0.68890314
	52972	-0.6884732399999999
	57407	-0.68828058
	59227	-0.6878
	54575	-0.68630445
	58339	-0.68578767
	56285	-0.68471928
	56386	-0.6830573400000001
	54919	-0.68267988
	53688	-0.6799792199999999
	54164	-0.67940613
	56189	-0.67771539
	53884	-0.67446048
	56382	-0.6741540899999999
	54513	-0.67293402
	59502	-0.6728
	56788	-0.67023666
	50658	-0.6685883100000001
	54254	-0.6674124600000001
	57409	-0.664776
	56959	-0.6578908200000001
	56757	-0.6576534
	51629	-0.6553403999999999
	53810	-0.6547276799999999
	53751	-0.6527377799999999
	58306	-0.65266758
	51232	-0.6504802199999999
	50756	-0.6493827600000001
	50873	-0.6460119900000001
	54603	-0.64334418
	56793	-0.6411527100000001
	54186	-0.63676197
	53674	-0.6357118799999999
	58329	-0.63533592
	53974	-0.63442026
	54828	-0.6328938
	56790	-0.6303501
	56395	-0.6278571900000001
	56886	-0.6276197699999999
	51377	-0.6258657599999999
	53881	-0.62579664
	58356	-0.62572041
	56767	-0.62393976
	50788	-0.62382762
	57217	-0.62358363
	54338	-0.6231221100000001
	53579	-0.6230305199999999
	59314	-0.6212
	53694	-0.6200950199999999
	59750	-0.6177
	54412	-0.61622016
	50525	-0.61332336
	52869	-0.61332336
	56854	-0.6130184399999999
	59485	-0.6118
	52787	-0.61164078
	53486	-0.61152336
	51353	-0.61076262
	52101	-0.60888126
	59025	-0.6078
	53467	-0.6076008900000001
	54518	-0.6061220399999999
	50955	-0.6059547000000001
	54563	-0.60548436
	57293	-0.60459558
	57192	-0.60447816
	51365	-0.6029236199999999
	54339	-0.6027407100000001
	57006	-0.60248202
	53723	-0.60201324
	58139	-0.59996034
	50775	-0.59670468
	57851	-0.596
	50445	-0.5947449300000001
	53910	-0.59412888
	59215	-0.5925
	59663	-0.5921
	54916	-0.5912096999999998
	58238	-0.5910570900000001
	53680	-0.59027034
	53615	-0.58930704
	54660	-0.5888656800000001
	51369	-0.58876116
	56646	-0.5863086900000001
	54244	-0.58533813
	53705	-0.5844851999999999
	56782	-0.5844093300000001
	57195	-0.5828728799999999
	54243	-0.57953727
	54636	-0.57923286
	59487	-0.5772
	54918	-0.57547542
	59276	-0.5741
	57303	-0.57372543
	57903	-0.5726570400000001
	58100	-0.57030894
	53868	-0.5684302199999999
	51334	-0.56759586
	59284	-0.5664
	54069	-0.56605419
	51156	-0.5649306
	56096	-0.56314632
	51642	-0.5629969799999999
	55664	-0.5628401999999999
	51087	-0.5624743799999999
	52855	-0.5620563
	56380	-0.5614983
	54921	-0.5596237199999999
	54825	-0.55844952
	50656	-0.55507959
	57211	-0.5523436799999999
	54645	-0.55222626
	56097	-0.54998343
	54925	-0.54976044
	56289	-0.54879633
	54830	-0.54846882
	54248	-0.54841644
	58352	-0.54832149
	56580	-0.54737181
	56257	-0.54642213
	56193	-0.54630342
	53192	-0.54339948
	51705	-0.54334722
	51636	-0.5405251799999999
	51329	-0.54000258
	57177	-0.53942748
	59845	-0.53833192
	50960	-0.5322681
	57614	-0.53004015
	57007	-0.52792032
	57314	-0.52683498
	53498	-0.52651128
	56950	-0.5263601400000001
	56783	-0.52624143
	57106	-0.5256893399999999
	53518	-0.52538508
	57805	-0.52481691
	51708	-0.5222341799999999
	56387	-0.52161174
	57540	-0.52030593
	51707	-0.5196211799999999
	54334	-0.51847146
	54425	-0.51641316
	53619	-0.5160672
	59218	-0.5159
	54336	-0.51533586
	59279	-0.5139
	57216	-0.51318333
	58942	-0.5128
	56186	-0.51211494
	57437	-0.5106904200000001
	57181	-0.51054216
	54823	-0.50983764
	57941	-0.5086
	56879	-0.5080788
	56290	-0.50653557
	52874	-0.5053542
	56247	-0.50522976
	51186	-0.5030547599999999
	56856	-0.50226201
	53553	-0.5014608300000001
	56147	-0.5009562
	52876	-0.50070306
	54662	-0.49957947
	59469	-0.4988
	58314	-0.49751361
	57859	-0.4907
	53992	-0.49046333999999997
	53614	-0.48922128
	53610	-0.48869999999999997
	54914	-0.48823236
	50880	-0.48813453000000007
	51330	-0.4868541599999999
	54406	-0.48647105999999996
	54327	-0.48570444000000007
	56961	-0.48528648
	54115	-0.48492054000000007
	53771	-0.48447492
	54915	-0.4831832999999999
	54371	-0.48303918
	54266	-0.48249045000000007
	53491	-0.48106973999999997
	51811	-0.48084425999999997
	58362	-0.4794
	57265	-0.47709549
	51815	-0.47530469999999997
	52868	-0.47378915999999993
	58214	-0.47317806
	56746	-0.47151612000000004
	56763	-0.47009160000000005
	53519	-0.46778363999999995
	57324	-0.46142577
	56989	-0.46047609000000006
	52866	-0.46030607999999995
	51720	-0.45884279999999994
	57541	-0.45869544000000007
	51243	-0.45758856
	54113	-0.45756243
	52446	-0.45664638
	58202	-0.45430317
	51627	-0.45319871999999994
	59289	-0.4528
	59481	-0.4526
	56565	-0.45192897
	50749	-0.4515264
	51328	-0.45147413999999997
	51639	-0.44943599999999995
	58117	-0.44931735
	59477	-0.4491
	59015	-0.449
	51704	-0.4464049199999999
	56183	-0.44587476
	56844	-0.44551863
	53646	-0.44549148
	57251	-0.44350056
	56996	-0.44302572
	59856	-0.44168873
	50647	-0.43961112
	56168	-0.43887086999999997
	54816	-0.4386811199999999
	54102	-0.43694586
	57513	-0.43578441
	57839	-0.43578441
	51463	-0.43511676
	56882	-0.43459731
	50659	-0.43396704
	56307	-0.4324515
	59278	-0.4324
	53567	-0.42823074
	57268	-0.42723729
	54326	-0.42722550000000004
	56984	-0.42711858
	59256	-0.4266
	54012	-0.42597126
	59298	-0.4259
	50954	-0.42518736
	54335	-0.42495219000000006
	50646	-0.41985684
	53484	-0.41656446
	53882	-0.41578422
	50787	-0.41515344
	52203	-0.41473535999999994
	53464	-0.41366402999999996
	57077	-0.41214419999999996
	54347	-0.41162589000000005
	51431	-0.40977065999999995
	53877	-0.40967837999999995
	53499	-0.40885644
	54401	-0.4086215999999999
	56774	-0.40848111000000004
	56298	-0.40812498
	57242	-0.40732998
	51717	-0.4069486199999999
	51378	-0.40480595999999996
	57061	-0.40228092
	53903	-0.3984534
	51288	-0.39775086
	57188	-0.39699702
	51430	-0.39660113999999996
	53906	-0.39594023999999994
	54192	-0.39579111000000006
	54606	-0.3957054
	54237	-0.39453687
	50741	-0.39445848
	58222	-0.39376107
	51559	-0.39346553999999995
	53735	-0.39241763999999996
	56434	-0.38928473999999996
	54843	-0.38842535999999994
	58221	-0.38402685000000003
	58417	-0.38355201
	51567	-0.3833271
	54909	-0.38044079999999997
	56389	-0.38010942
	54605	-0.37997112
	58359	-0.37915974
	50755	-0.37854531
	57926	-0.37737909000000003
	56182	-0.37559844000000003
	53617	-0.37265003999999996
	50946	-0.37031436
	52982	-0.36975558
	59647	-0.369
	54154	-0.36898173
	51573	-0.36780588
	59488	-0.3668
	59631	-0.3661
	50514	-0.36129951
	56228	-0.35996687999999993
	53618	-0.35883612
	59285	-0.3568
	58461	-0.3559
	54579	-0.35573382
	53612	-0.35342784
	56390	-0.35304354
	50958	-0.35283339
	51814	-0.3519711
	52955	-0.35160527999999996
	51656	-0.35103041999999995
	54601	-0.34732836
	54245	-0.34679736000000005
	57571	-0.34627707
	54172	-0.34499439
	54308	-0.34497996
	57194	-0.34486254
	54076	-0.34374015
	53953	-0.34321865999999995
	57803	-0.34212222000000003
	59288	-0.3412
	56475	-0.34117254
	59266	-0.3404
	57832	-0.33962931
	57911	-0.33844221
	50566	-0.33801768000000004
	54834	-0.33781733999999997
	59429	-0.3365
	56295	-0.33571188
	51568	-0.33503886
	59315	-0.3349
	56286	-0.33440607
	57113	-0.33417732
	58320	-0.33393123
	57841	-0.3332
	54831	-0.32830632
	50772	-0.32571045
	57110	-0.32396178
	56751	-0.32324733
	56651	-0.32229765000000005
	59480	-0.3202
	51434	-0.31977893999999996
	53562	-0.31928247000000004
	53547	-0.31849857000000004
	54568	-0.31826340000000003
	57868	-0.317
	50950	-0.31653882
	54161	-0.31606848000000004
	50968	-0.3151278
	57573	-0.31410666000000004
	51137	-0.31397808
	57910	-0.31386924000000005
	54626	-0.31339398
	54610	-0.31304171999999997
	58340	-0.31018923
	57916	-0.30935826
	57290	-0.30846233999999995
	53908	-0.30799266
	50674	-0.30760236
	51709	-0.30734105999999994
	57835	-0.30686535000000004
	56272	-0.30508470000000004
	54832	-0.30400038
	54584	-0.30391803
	59254	-0.3022
	53788	-0.29953841999999997
	53985	-0.29707259999999996
	56742	-0.29701242
	52856	-0.29490318
	57196	-0.29484161999999997
	53873	-0.29296289999999997
	53916	-0.28742076
	51482	-0.28659384
	57845	-0.2865
	51379	-0.28204721999999993
	50913	-0.28079298
	50750	-0.28071459
	51722	-0.27452178
	54171	-0.27436499999999997
	57807	-0.27338913000000004
	51053	-0.27232686
	53676	-0.27100536
	54829	-0.26983115999999996
	54195	-0.26762346
	57307	-0.26757234
	57865	-0.2651
	59057	-0.2635
	58327	-0.26151813
	51076	-0.26072513999999997
	50892	-0.25892217
	51655	-0.25873925999999997
	51730	-0.25832118
	58367	-0.2582
	56312	-0.25722372
	57996	-0.2565
	54157	-0.25594335
	53392	-0.25585818
	53687	-0.25574075999999996
	54702	-0.25550591999999994
	59228	-0.2553
	57735	-0.25475166000000005
	57908	-0.25475166000000005
	54187	-0.25461072
	51581	-0.25393133999999995
	51810	-0.25367004
	59653	-0.2535
	53481	-0.25296453
	54332	-0.25249419
	54156	-0.25171029
	52853	-0.24943697999999997
	54920	-0.24916523999999998
	53707	-0.24806411999999997
	53391	-0.24551747999999998
	54609	-0.24235488
	54710	-0.24200262
	53577	-0.23988906
	59237	-0.2382
	54181	-0.23814882
	54041	-0.23454288000000004
	54024	-0.23336703000000003
	52657	-0.23260925999999998
	53798	-0.23049545999999999
	51716	-0.22738325999999998
	53472	-0.22529286
	53463	-0.22200048000000003
	54902	-0.22027991999999996
	54099	-0.21988395000000002
	53475	-0.21870810000000004
	57867	-0.2164
	51470	-0.21447503999999998
	52679	-0.20971212
	56376	-0.20940444
	54701	-0.20489789999999997
	54612	-0.20360627999999997
	54836	-0.20348886
	54497	-0.20342205000000002
	52842	-0.20245523999999998
	53545	-0.20224620000000001
	57127	-0.20219723999999997
	54703	-0.20196239999999996
	54917	-0.19879206
	53886	-0.19867463999999999
	51436	-0.19837895999999997
	54822	-0.1966785
	53578	-0.19573913999999998
	54751	-0.18951587999999997
	54913	-0.1890462
	52818	-0.18850182
	59027	-0.187
	57840	-0.18566244
	58269	-0.18506889
	58934	-0.1827
	54912	-0.17847839999999998
	59022	-0.1766
	53748	-0.17612999999999998
	58145	-0.17474112
	59449	-0.1736
	57525	-0.17272305
	51465	-0.17214444
	54026	-0.17096859
	57254	-0.16931964
	57907	-0.16809336
	57932	-0.16726239
	56843	-0.16702497
	57927	-0.1658
	54614	-0.1649751
	58931	-0.1634
	54590	-0.16289442
	59246	-0.1614
	57245	-0.16110023999999998
	59306	-0.1608
	57298	-0.16074797999999998
	57396	-0.15757764
	51572	-0.15714582
	53272	-0.15701517
	53483	-0.15670161
	56745	-0.15634107000000003
	54833	-0.15464214
	53732	-0.15419313
	51058	-0.15359214
	58104	-0.15252857999999997
	54615	-0.1514718
	53651	-0.15064986
	58205	-0.15053244
	58301	-0.14982791999999998
	57544	-0.1444
	56835	-0.14162103
	50778	-0.14157234000000002
	53455	-0.14016132
	56881	-0.13900941
	53384	-0.13812318
	56192	-0.1373814
	59954	-0.13316975
	57204	-0.1329552
	57502	-0.13259906999999999
	54621	-0.13233234
	57281	-0.1320975
	54608	-0.12869232
	59419	-0.1284
	59320	-0.1274
	53673	-0.12657875999999998
	59287	-0.1256
	53663	-0.12317357999999998
	58336	-0.12179646
	58944	-0.1207
	57581	-0.11977839000000001
	58358	-0.11965968
	57566	-0.1192
	54142	-0.11876085
	56043	-0.11868245999999999
	54713	-0.11812451999999998
	59658	-0.1166
	57809	-0.11657322
	54204	-0.11444939999999999
	59127	-0.1141
	50434	-0.11186253
	59471	-0.1106
	53068	-0.10943244
	59297	-0.1091
	54226	-0.10864854
	56082	-0.10849607999999998
	58102	-0.10766997
	50888	-0.10747269000000001
	54752	-0.1068522
	53576	-0.10379928
	54027	-0.10159344
	53517	-0.10015091999999999
	53698	-0.09980699999999999
	58938	-0.0996
	54753	-0.09875021999999999
	56851	-0.09401832000000002
	54318	-0.09370115999999999
	59632	-0.0931
	53787	-0.09205727999999999
	53466	-0.09187308000000001
	56263	-0.09045702000000001
	50468	-0.08944299
	52112	-0.08042814
	57814	-0.07965441000000001
	53704	-0.07832232
	50425	-0.07831161
	54421	-0.0751488
	52707	-0.07483631999999998
	51356	-0.07389564
	54613	-0.07315266
	51818	-0.07295496
	53457	-0.07251075
	51804	-0.07143941999999999
	53149	-0.0713349
	59664	-0.0676
	59322	-0.0667
	56267	-0.06386598
	55228	-0.0629733
	52607	-0.06286878
	57313	-0.06256017
	54700	-0.06246743999999999
	51435	-0.062293919999999996
	57717	-0.058405320000000004
	52957	-0.05743374
	57320	-0.05484402
	50742	-0.05424588
	53599	-0.0540132
	54711	-0.05366093999999999
	54929	-0.05366093999999999
	57763	-0.0528
	57179	-0.05236932
	57198	-0.05236932
	59421	-0.0498
	57231	-0.048259619999999996
	56958	-0.04795884
	59041	-0.0473
	56883	-0.04689045
	53693	-0.046850579999999996
	59312	-0.0463
	57173	-0.046146059999999996
	56748	-0.045228510000000006
	57565	-0.0428
	51469	-0.03929952
	51068	-0.039194999999999994
	56276	-0.03881817
	50953	-0.038567880000000006
	54285	-0.037470420000000004
	57853	-0.0366
	52745	-0.03538002
	59470	-0.0344
	57806	-0.03418848
	54072	-0.03386448
	57509	-0.033832350000000004
	54815	-0.03193823999999999
	57710	-0.02908395
	54419	-0.0287679
	51802	-0.02686164
	56284	-0.02362329
	54117	-0.02304666
	51352	-0.02252406
	59033	-0.0213
	54410	-0.020313659999999997
	54844	-0.0193743
	58203	-0.01709424
	51839	-0.01400568
	51060	-0.013901159999999997
	59673	-0.0122
	59427	-0.0119
	54738	-0.01162458
	57308	-0.01127745
	58212	-0.01080261
	54333	-0.010033920000000002
	54922	-0.0099807
	51346	-0.00987714
	59462	-0.0089
	54617	-0.007632299999999999
	57883	-0.0067
	51495	-0.00668928
	58114	-5.9355E-4
	56279	-1.1871000000000001E-4
	57902	0.00154323
	53699	0.0021135599999999996
	56223	0.00282204
	51827	0.0032923799999999997
	55598	0.0035536799999999996
	58946	0.0056
	57309	0.00617292
	58936	0.0069
	55696	0.007368659999999999
	50983	0.00932841
	54935	0.009745859999999999
	54134	0.01042587
	57517	0.01115874
	54049	0.01442376
	54717	0.01444266
	57008	0.015264599999999998
	53888	0.01620396
	53740	0.01925688
	53644	0.019283940000000003
	53689	0.019843979999999997
	51826	0.020485919999999998
	53993	0.022192379999999998
	59205	0.022911030000000002
	57824	0.024216840000000003
	57874	0.0257
	56497	0.02635362
	56889	0.02682846
	51931	0.02889978
	58118	0.03074589
	54821	0.03182082
	56092	0.03252533999999999
	51238	0.03323736
	57093	0.0340518
	54618	0.03534341999999999
	54208	0.03590262
	52633	0.038724659999999994
	57737	0.03881817
	56951	0.039293009999999996
	54624	0.0399228
	53480	0.040449240000000004
	59047	0.0407
	54727	0.042623459999999995
	50526	0.045936540000000005
	59457	0.0477
	57728	0.04843368000000001
	59452	0.0492
	56091	0.05506997999999999
	53602	0.05542173
	57278	0.055556280000000006
	59855	0.056855329999999996
	56645	0.05804919
	51477	0.059837699999999994
	56487	0.06089823
	52998	0.06152808
	59012	0.0646
	58834	0.0689
	56643	0.06956406
	57004	0.07244814
	53691	0.07444427999999999
	59951	0.0750099
	58921	0.0762
	58418	0.07668666
	59137	0.0776
	57789	0.0812
	58122	0.08131635000000001
	59280	0.0826
	59456	0.0829
	57564	0.0833
	53659	0.08395529999999998
	53697	0.08477723999999999
	58007	0.08689079999999999
	56543	0.08701443
	54063	0.08779680000000001
	50858	0.08803197
	57762	0.0896
	56649	0.09294993
	54855	0.09323147999999999
	58923	0.0933
	54320	0.094068
	50884	0.094068
	58361	0.0943
	51367	0.09662873999999999
	59451	0.0968
	57915	0.09722349000000001
	57988	0.0974
	51828	0.09819654
	52713	0.09819654
	52378	0.09830106000000001
	51829	0.09903269999999999
	56994	0.10078479000000001
	58828	0.1016
	54047	0.10339641
	54316	0.10378836
	57256	0.10529577000000001
	54236	0.10535616
	57208	0.10541448
	57909	0.10577061
	58130	0.10648287000000001
	58462	0.1086
	54835	0.10873092
	53420	0.11076507000000001
	54841	0.111549
	56180	0.11324934
	54627	0.11483675999999998
	59294	0.1153
	54812	0.1162458
	57606	0.11669193
	54231	0.1168011
	59265	0.1177
	53522	0.12001509000000002
	56846	0.12155904000000001
	57102	0.12340841999999999
	51241	0.12511044
	59321	0.1253
	53513	0.12581595
	57995	0.1332
	59122	0.1335
	58836	0.134
	56158	0.13521069
	54837	0.13608978
	58903	0.1364
	59034	0.1373
	54311	0.1379685
	56227	0.13880256
	59021	0.1393
	54205	0.13961259
	53774	0.14008205999999998
	57183	0.14125626
	57417	0.14173974
	57111	0.14477886
	58929	0.145
	56187	0.14625072
	53658	0.14654015999999997
	50956	0.1473732
	54737	0.1479492
	56480	0.14945589
	59113	0.1496
	50767	0.14996007
	59038	0.1504
	57516	0.15171138
	57899	0.1526
	59044	0.1527
	59114	0.1532
	59213	0.1533
	50758	0.15364440000000001
	58369	0.1546
	52836	0.15474185999999998
	56331	0.15510768
	53385	0.15842619000000002
	59058	0.1593
	59310	0.1597
	57603	0.16310754
	54719	0.164388
	57537	0.16607529000000001
	58510	0.1672
	53543	0.16744104
	59655	0.1688
	56288	0.16916175
	56297	0.16939917
	58338	0.16951788
	53789	0.16990673999999997
	52267	0.17018469
	59088	0.1734
	57238	0.17425127999999998
	54616	0.17683452
	58451	0.1789
	50548	0.17966988
	56839	0.18127017
	57094	0.18470166
	58442	0.18506889
	57128	0.18587585999999998
	56194	0.18661212000000002
	56444	0.19456568999999999
	54301	0.19479977999999998
	57962	0.1949
	57633	0.19539666
	56137	0.1957137
	57536	0.19788957
	54218	0.19958094
	53795	0.19973142
	58128	0.20002635000000002
	57860	0.2005
	56946	0.20358765000000004
	58366	0.2038
	54305	0.20397078
	53533	0.20428434
	53890	0.20431079999999996
	59126	0.2067
	54945	0.20759856
	53083	0.20890935000000002
	59031	0.2093
	58458	0.2118
	56317	0.21369113999999997
	57402	0.21391542
	50985	0.21682674000000002
	51542	0.21771516
	51571	0.21802871999999998
	57921	0.22139415
	50851	0.22254921
	50871	0.22301954999999998
	52765	0.22330698
	55591	0.22466573999999997
	53433	0.22529286
	53781	0.22591607999999996
	51358	0.22879428
	59106	0.232
	59001	0.2324
	57872	0.2325
	58926	0.2325
	59017	0.2344
	53419	0.23556195
	58905	0.2387
	57482	0.23872581
	54936	0.23918453999999997
	51526	0.23971661999999996
	57361	0.24110001
	58911	0.2433
	53324	0.24645816
	57476	0.24751035
	53797	0.24834329999999996
	54734	0.24963491999999998
	59849	0.250033
	57296	0.25045685999999995
	52943	0.2505867
	54731	0.25139622
	54503	0.25174848
	57828	0.25202133
	59656	0.2554
	57829	0.25973748
	53276	0.26072514
	53892	0.26114207999999994
	57666	0.2619
	51438	0.26239745999999997
	56986	0.26306136
	53784	0.26325564
	50779	0.26425269
	56485	0.26484201
	59133	0.2651
	59242	0.2659
	59134	0.2664
	54404	0.26642597999999995
	59941	0.26731789
	59425	0.2691
	54708	0.27030084
	56065	0.2722746
	57936	0.27362655
	56842	0.2742201
	56697	0.27445752
	58843	0.2751
	58408	0.27564462
	51359	0.27661218
	58326	0.27754398
	56548	0.27837495
	58414	0.27968076000000003
	54223	0.28306629
	59945	0.28329825999999997
	59131	0.2836
	53487	0.28427382
	56393	0.28668465
	54065	0.2876913
	52737	0.28863197999999995
	57401	0.28953369
	52754	0.29019977999999996
	57743	0.2904
	57514	0.29060208
	54064	0.29153241
	59264	0.2933
	54744	0.29601582
	53564	0.29636808
	57575	0.2977
	51777	0.29971109999999995
	58837	0.3013
	56184	0.30247308000000006
	53664	0.3029436
	57713	0.30496599
	56987	0.30615309
	56128	0.30833399999999994
	54631	0.30834491999999997
	54080	0.30885660000000004
	56849	0.30888342
	58335	0.30888342
	53772	0.30928428
	50965	0.31301127
	57658	0.3142
	57189	0.31456818000000003
	53505	0.31536297
	53512	0.31865535
	57875	0.3191
	58748	0.3193
	52833	0.31988345999999995
	58419	0.32099184
	54707	0.32102627999999994
	59116	0.3212
	58404	0.32241636
	57738	0.32277248999999997
	57989	0.3231
	57398	0.32348475000000004
	51765	0.32578883999999997
	57886	0.3262
	54712	0.32677986
	57974	0.3271
	59313	0.3271
	57777	0.3273
	58452	0.33
	53469	0.33049224
	58460	0.3322
	58101	0.33229859999999994
	54640	0.33265086
	56144	0.33404994
	57134	0.33734766
	54943	0.33910895999999996
	57519	0.34022286
	54628	0.34040057999999995
	59094	0.3408
	55593	0.34151909999999996
	54632	0.34157477999999997
	52602	0.34679735999999994
	58706	0.3476
	58472	0.3482
	51701	0.34930584
	53378	0.34938423
	54820	0.35143806
	59249	0.3519
	57577	0.3543
	57260	0.35553645
	57882	0.3562
	57414	0.35648613
	58150	0.35696097000000004
	59046	0.3578
	58129	0.35826678
	54714	0.35848325999999997
	57483	0.35933517000000004
	54122	0.35996688
	57279	0.36432099
	56841	0.36764486999999996
	54907	0.3692859
	58463	0.3712
	53678	0.3712820399999999
	53891	0.37456979999999995
	57415	0.37785393000000006
	59130	0.3782
	58040	0.38129651999999997
	54851	0.38138015999999997
	56394	0.38402685000000003
	54938	0.38466792
	54871	0.38513759999999997
	54321	0.38560041
	58125	0.38687589000000006
	57206	0.38865654000000005
	57889	0.3887
	50859	0.38936313
	55589	0.39006863999999997
	54706	0.39183053999999995
	53790	0.39194795999999993
	54811	0.39206537999999996
	51437	0.39262938
	54705	0.39300473999999996
	51357	0.39304745999999996
	56739	0.39364236
	54932	0.39523571999999996
	56033	0.39539915999999997
	57981	0.4013
	57729	0.40290174
	54214	0.40300299
	50861	0.40323816
	54810	0.40462932
	54725	0.40533384
	50136	0.40566825
	58456	0.4065
	57969	0.4123
	56178	0.41239854
	53976	0.41461002
	55681	0.41572829999999994
	58337	0.41655339
	57612	0.41833404
	58003	0.42036359999999995
	52968	0.42179046
	59290	0.4221
	57411	0.42248889
	53895	0.42282941999999996
	54927	0.42365136
	53799	0.42423846
	59023	0.4243
	54808	0.42506039999999995
	59851	0.42646933
	54730	0.42940494
	57760	0.4295
	56181	0.42984891
	53792	0.43163591999999995
	56944	0.43174827000000005
	57718	0.43269795
	57554	0.435
	59124	0.4368
	57197	0.43762433999999995
	55585	0.43971563999999996
	56995	0.44017668000000004
	57475	0.44100765000000003
	58107	0.44148249
	51886	0.44180603999999996
	52996	0.44349533999999996
	53893	0.44478696
	57905	0.44658702
	54234	0.44799885
	57506	0.4484863800000001
	59096	0.4511
	53883	0.452067
	57816	0.45240381
	54940	0.45652895999999993
	58477	0.4571
	56991	0.46035738
	58824	0.4607
	54729	0.46357415999999996
	55299	0.46574111999999995
	51855	0.46871994
	52313	0.46887671999999997
	58035	0.47495871
	58819	0.4762
	53791	0.47637293999999997
	53352	0.47723832000000005
	56396	0.47840130000000003
	55578	0.48141912
	57922	0.48148776000000004
	57494	0.48279357
	54304	0.48623622
	54704	0.48846719999999993
	57822	0.48967875
	59125	0.4925
	54849	0.49422077999999997
	54846	0.49480788
	59045	0.4963
	53968	0.49762596
	56094	0.4979782199999999
	52825	0.4991352599999999
	54863	0.49938726
	56164	0.49953168000000003
	57881	0.5002
	54724	0.5003266199999999
	54633	0.50161824
	57994	0.5035
	56840	0.50404266
	57489	0.50463621
	53796	0.50525826
	59654	0.5056
	53794	0.5061976199999999
	54716	0.51089442
	54722	0.51159894
	54848	0.51159894
	52661	0.51159894
	57498	0.51294591
	59099	0.5134
	58826	0.5138
	58907	0.5151
	54039	0.51549264
	56489	0.5197123800000001
	57870	0.5198
	54715	0.5204054399999999
	54135	0.52066638
	56273	0.52184916
	59635	0.5236
	57975	0.5238
	57895	0.5241
	57942	0.5244
	57866	0.5246
	59209	0.5256
	54098	0.52638885
	57493	0.52920918
	59644	0.5299
	58928	0.5314
	54861	0.5314429199999999
	59238	0.5325
	57558	0.534
	54853	0.53637456
	57623	0.53763759
	58143	0.53787501
	57818	0.53799372
	54800	0.5386055399999999
	57232	0.5386055399999999
	56151	0.53900964
	59109	0.5419
	57821	0.54286083
	59446	0.5459
	52575	0.5503761899999999
	54774	0.55081722
	54923	0.55105206
	58022	0.5516391599999999
	58512	0.5548
	59271	0.5549
	54709	0.55574886
	53775	0.55574886
	54801	0.5577449999999999
	57772	0.5613
	56116	0.56163822
	59097	0.563
	59053	0.5633
	54857	0.56349858
	58111	0.56373342
	57213	0.5649076199999999
	50632	0.56683809
	58024	0.5674908599999999
	59417	0.5687
	56146	0.5699267100000001
	57518	0.57016413
	57582	0.5796609300000001
	59640	0.5813
	54313	0.5844758400000001
	59255	0.5857
	59055	0.5868
	54644	0.5869825799999999
	50963	0.5875330500000001
	54901	0.58792194
	54749	0.5915619599999999
	57779	0.5936
	59064	0.595
	57099	0.59719812
	57294	0.6035387999999999
	57583	0.6037590600000001
	52681	0.6054175199999999
	56185	0.60684552
	59117	0.6073
	57426	0.6073203600000001
	54736	0.6094098
	58409	0.61005069
	57292	0.6121104599999999
	53991	0.61316724
	52546	0.6144588599999999
	59087	0.6146
	59107	0.6179
	59090	0.618
	58707	0.6189
	57378	0.61895394
	57876	0.6219
	57958	0.6226
	57887	0.6247
	57643	0.6255
	50673	0.62860941
	54094	0.63346959
	53685	0.6391170599999999
	53231	0.63927045
	56838	0.64055916
	57837	0.64139013
	57774	0.6422
	57768	0.648
	57625	0.64875015
	54803	0.65179842
	55472	0.65210028
	57562	0.6538
	57363	0.6540921000000001
	54723	0.65414682
	59061	0.655
	54732	0.65543844
	53669	0.65543844
	57237	0.65599146
	57485	0.6561101699999999
	57871	0.6594
	54755	0.66072234
	58935	0.6618
	58818	0.6619
	57637	0.66418245
	50964	0.66443364
	57976	0.6684
	56836	0.6696431100000001
	57971	0.6699
	53588	0.67011594
	56374	0.67284828
	59082	0.6782
	58570	0.68
	56029	0.6801116399999999
	53785	0.6811534199999999
	59659	0.6833
	54852	0.68408892
	58484	0.6843
	56125	0.68465826
	57642	0.6858
	54759	0.6867895799999999
	50852	0.6874803
	56167	0.6900612300000001
	57545	0.69065478
	55680	0.69239274
	54225	0.69281082
	57740	0.6935
	58502	0.6937
	59059	0.6948
	57896	0.6966
	57719	0.69730254
	56992	0.6983709300000001
	59092	0.7019
	58464	0.7025
	53996	0.7067509799999999
	56978	0.7075116
	57574	0.711
	52908	0.7113108599999999
	59091	0.7141
	56891	0.71795808
	53776	0.7201368599999999
	58401	0.7224690600000001
	58443	0.7226
	53343	0.7227558000000001
	53502	0.7235397000000001
	57604	0.72876069
	57985	0.7302
	58011	0.73023498
	58140	0.73113489
	58108	0.73327167
	59211	0.7352
	58932	0.7368
	57990	0.7394
	57096	0.7437382799999999
	58017	0.74667378
	51433	0.74674314
	56171	0.74811042
	57769	0.7497
	57834	0.7555891499999999
	54802	0.75641964
	57991	0.7567
	58207	0.757359
	53399	0.7579460999999998
	56483	0.7585569000000001
	52418	0.7626428999999999
	52424	0.7631125799999999
	59453	0.7648
	58520	0.76508595
	54765	0.76546098
	57496	0.7666291800000001
	57993	0.7672
	58719	0.7684
	59063	0.7685
	57505	0.7713775800000001
	59224	0.7729
	57608	0.77292081
	57508	0.7749388800000001
	54809	0.7817823599999999
	54777	0.78694884
	58501	0.78728472
	58450	0.7882
	53773	0.7890623999999999
	57469	0.79476345
	54778	0.79528566
	59304	0.7994
	53894	0.7996302
	57191	0.8006869799999998
	57492	0.8044976699999999
	57180	0.8055012
	57439	0.80924607
	58906	0.8132
	52515	0.8136031799999999
	58918	0.8143
	57906	0.8185054500000001
	59052	0.8285
	54766	0.82863294
	57966	0.8307
	57965	0.8319
	59072	0.8337
	56592	0.8346500099999999
	59270	0.8348
	52576	0.8361861300000001
	57894	0.8366
	59650	0.842
	57778	0.8441
	58407	0.84497778
	57137	0.8460111
	54132	0.8497476000000002
	53889	0.85329114
	58530	0.8541184500000001
	59431	0.8582
	58503	0.8613
	57098	0.8615105399999999
	56491	0.86254686
	53980	0.86280216
	59071	0.8647
	53289	0.8686395900000001
	56195	0.86907591
	59293	0.8767
	54718	0.8777145
	57447	0.8803533600000001
	57466	0.8814217500000001
	55572	0.8816784599999999
	57745	0.8817
	57827	0.88237143
	57499	0.88296498
	57912	0.88296498
	57913	0.8830836900000001
	57758	0.8847
	55655	0.8871134999999999
	58718	0.8872
	58467	0.8889
	52652	0.8900435999999999
	56071	0.8935662
	58821	0.8943
	57507	0.8950734
	53899	0.8970887999999999
	57370	0.89851599
	53397	0.9008462399999999
	56095	0.9011984999999999
	59093	0.904
	56172	0.9043327800000001
	58016	0.90801279
	55437	0.90989886
	57798	0.9112
	52643	0.9116488799999999
	50349	0.91191087
	57973	0.9152
	53897	0.9201031199999999
	57741	0.92142702
	57813	0.92166444
	58917	0.9243
	59757	0.92457855
	52323	0.9282050999999999
	57844	0.9331793100000001
	58002	0.9332541599999998
	57761	0.9333
	56074	0.93454578
	59102	0.9385
	53975	0.9390077399999999
	53337	0.94083678
	50973	0.9428749200000002
	53357	0.94350204
	57348	0.94445676
	56106	0.9461672999999999
	58435	0.94754322
	54804	0.9533329799999999
	57359	0.9559716300000001
	57978	0.9564
	57662	0.9569
	58912	0.9571
	56498	0.9591768
	57176	0.96143496
	58113	0.9662993999999999
	54726	0.9669536999999999
	56755	0.96701166
	50879	0.96717582
	58563	0.9675
	59075	0.9714
	54386	0.9747796500000001
	58027	0.9773394300000001
	53780	0.97834344
	56084	0.98022216
	50431	0.9822267
	58846	0.9823
	55773	0.98389902
	58820	0.9852
	58004	0.9899680199999998
	58036	0.99051624
	57420	0.9953833500000001
	58455	0.9955
	58141	0.9955020600000001
	57992	0.9983
	53896	0.9994790399999999
	56045	0.99962928
	57481	1.00250595
	57752	1.0062
	53898	1.01356944
	58933	1.0141
	57413	1.01413953
	57799	1.0154
	57285	1.0193230199999999
	57955	1.0236
	52557	1.0250766
	57345	1.02743505
	52447	1.02789468
	56093	1.02883404
	58208	1.02930372
	54764	1.0298908199999999
	58454	1.0309
	59074	1.0311
	57182	1.0321217999999999
	57328	1.03598217
	56016	1.0370474399999998
	56067	1.0371519599999999
	50962	1.0381971600000002
	57595	1.03835637
	58006	1.0445683199999998
	58021	1.04726898
	59448	1.0475
	57609	1.04915898
	57766	1.0499
	57781	1.0511
	56496	1.0545009300000001
	58839	1.0632
	52495	1.06406586
	58109	1.0648287
	57187	1.06488198
	53362	1.06539849
	55279	1.068717
	57891	1.0741
	58705	1.0741
	57739	1.0743255
	54284	1.08154683
	57339	1.08204165
	59051	1.0837
	52533	1.08871824
	57767	1.0945
	58804	1.0964
	58459	1.0965
	58025	1.0988163599999998
	57825	1.10091654
	50978	1.10192823
	58941	1.1033
	58713	1.11
	58562	1.1112
	58030	1.1154899999999999
	54939	1.11584226
	58814	1.1198
	56493	1.12442112
	56004	1.12505328
	58127	1.12632048
	58844	1.1279
	56251	1.12881339
	53368	1.1397122100000001
	59235	1.1398
	58013	1.14187149
	57776	1.1431
	50247	1.1434749300000002
	54814	1.1447275799999999
	59268	1.1467
	59081	1.1502
	53478	1.1521250399999998
	53336	1.1531169000000001
	57732	1.1531489400000001
	57742	1.15635411
	58457	1.1574
	57736	1.16478252
	56385	1.16893737
	56034	1.16947428
	57744	1.17
	58453	1.1724
	50727	1.1726360100000002
	50987	1.17326313
	57972	1.1737
	58428	1.17689094
	57584	1.1783
	58032	1.1788968
	54842	1.18288908
	52436	1.1835936
	58813	1.184
	57964	1.1844
	57343	1.1871161999999997
	59269	1.1898
	58940	1.1901
	57259	1.19493486
	58500	1.19944584
	58426	1.20110778
	58132	1.2031258500000002
	59065	1.2067
	59004	1.2087
	57634	1.21179168
	59230	1.212
	58317	1.2167774999999998
	57477	1.21986396
	58468	1.2206
	57464	1.22473107
	53367	1.2252357
	54092	1.2257060400000002
	53348	1.2260196
	58020	1.2297396599999997
	57184	1.2318532199999999
	58754	1.2383
	58126	1.24419951
	57754	1.2449
	57792	1.2481
	56399	1.2509659800000001
	57089	1.25298882
	58041	1.2565453500000001
	58026	1.2574950299999998
	54213	1.25855145
	58441	1.26319311
	55690	1.2693953999999998
	54093	1.2707019000000002
	57399	1.28040606
	58523	1.28812221
	56378	1.29215835
	56202	1.2947415
	57095	1.3046536199999998
	58415	1.30675968
	57432	1.3069971
	58448	1.307
	54776	1.3070020199999999
	58553	1.3083
	57458	1.32468489
	58319	1.3248036
	58927	1.3265
	54728	1.32813762
	58131	1.33501266
	58704	1.3389
	58710	1.3461
	57780	1.3522
	56494	1.35400626
	57586	1.36089144
	52645	1.3653970199999999
	58845	1.3712
	58847	1.3714
	58116	1.3726437300000003
	57486	1.3728811500000002
	57636	1.37905407
	58045	1.38166569
	56046	1.39173606
	58514	1.3961
	56492	1.3989973500000001
	57257	1.39923477
	56490	1.40469543
	57460	1.40528898
	58402	1.41431094
	58715	1.4151
	59435	1.4168
	58848	1.4175
	58015	1.41894063
	54806	1.42007748
	57317	1.4202464399999999
	50853	1.42254333
	58416	1.4232141900000002
	58049	1.42428258
	57635	1.42713162
	59940	1.4427991199999999
	58034	1.4487279599999998
	53959	1.4563602599999999
	58714	1.4574
	58737	1.4643
	57590	1.46678076
	58005	1.4732687399999997
	50867	1.47365361
	58806	1.484
	57388	1.48648662
	59454	1.4889
	57793	1.497
	58048	1.50274989
	57923	1.51212798
	57647	1.51509573
	59303	1.5233
	58044	1.53705708
	54805	1.5372626399999998
	58427	1.53895644
	57491	1.56317328
	58823	1.5684
	57796	1.5744
	57674	1.5748
	57957	1.5764
	59626	1.5847
	58550	1.5966
	57318	1.6049592000000001
	57431	1.61362503
	57585	1.6183
	55294	1.62654024
	58556	1.6337
	57333	1.6346367000000002
	57389	1.6370109000000002
	58822	1.6383
	58724	1.6457
	57786	1.6486
	57947	1.6492
	58446	1.658
	57248	1.66114074
	56079	1.6625335500000002
	58625	1.678
	50877	1.67958414
	58725	1.6895
	57914	1.6918549200000002
	57687	1.6934
	56593	1.69672203
	53590	1.7049383999999999
	58646	1.7115
	57734	1.72663695
	56533	1.72996083
	57773	1.7353
	58508	1.7376
	57949	1.7394
	57649	1.7413
	57461	1.7512099200000002
	58565	1.7533
	58509	1.7818
	57682	1.7823
	56018	1.7862990599999997
	57960	1.7872
	58543	1.7901
	58601	1.8028
	57465	1.81839978
	58712	1.8188
	58735	1.8377
	57387	1.8489082500000003
	59007	1.85413149
	59441	1.8601
	57694	1.865
	58736	1.8713
	50979	1.8939807900000003
	59241	1.907
	56641	1.9073135700000001
	56173	1.90909422
	59426	1.9109
	56021	1.9123501799999998
	58038	1.91526714
	58542	1.9188
	58701	1.9201
	58546	1.9263
	57954	1.9334
	53593	1.94318358
	57355	1.94458851
	58431	1.95527241
	57657	1.962
	57771	1.9757
	57956	1.9764
	57673	1.981
	58619	1.9855
	58749	1.9864
	58449	1.9941
	58534	1.99480284
	57671	2.0037
	58666	2.0139
	57646	2.0169
	57395	2.02008807
	59037	2.0223
	58008	2.0436951
	58507	2.0554
	58747	2.0615
	51468	2.0670397799999995
	58629	2.0851
	58734	2.0874
	58012	2.09000826
	58548	2.0908
	58750	2.0917
	57377	2.1050844300000002
	57249	2.1076960500000004
	58624	2.1147
	57589	2.11576833
	57462	2.1237219
	58421	2.12645223
	58527	2.1395
	57680	2.1471
	57358	2.14793874
	58730	2.1509
	57299	2.1517215
	58001	2.15336538
	58608	2.167
	57326	2.17464849
	58517	2.1826
	58615	2.1853
	58135	2.18699433
	58745	2.1926
	58433	2.19672855
	57948	2.2114
	57600	2.21322924
	58600	2.2203
	58529	2.2283
	58506	2.2314
	58665	2.238
	58537	2.245
	58660	2.2694
	57679	2.2796
	58626	2.2844
	58637	2.2855
	58627	2.2903
	58612	2.2923
	58047	2.2982256
	58623	2.301
	58423	2.30760369
	58652	2.3191
	58437	2.32849665
	53594	2.3324308799999995
	58731	2.3335
	58746	2.3458
	56499	2.35200123
	58616	2.3544
	58436	2.3658903000000002
	58424	2.3789484
	58568	2.3904
	58210	2.39236263
	58438	2.3955678
	57696	2.4306
	58693	2.4395
	58429	2.45765313
	58602	2.4718
	58544	2.483
	58549	2.4853
	58557	2.4882
	57598	2.5034
	58634	2.5112
	58620	2.5167
	58647	2.5362
	58631	2.539
	58519	2.5421
	53582	2.5440217199999995
	57663	2.5455
	58632	2.5529
	57698	2.5628
	58654	2.5906
	58606	2.5989
	57699	2.6111
	58751	2.6124
	58420	2.6220664800000004
	57381	2.6231348700000003
	58622	2.6239
	58744	2.6276
	56038	2.65601754
	58633	2.6599
	58432	2.6973286200000004
	57688	2.7081
	58567	2.71
	58742	2.714
	58531	2.72427579
	58605	2.7293
	58618	2.7306
	58569	2.7633
	58547	2.7876
	58760	2.7882
	58558	2.7886
	58752	2.8032
	58609	2.8131
	58607	2.8257
	57543	2.8412051400000005
	57362	2.92418343
	58614	2.9311
	57390	2.93855292
	58659	2.9395
	58643	2.9408
	58664	2.95
	58644	2.9694
	57661	2.9786
	58555	2.9867
	58642	2.9964
	57445	2.99647782
	57349	3.04194375
	57678	3.0448
	58635	3.1108
	57329	3.11542524
	57368	3.12527817
	57669	3.1356
	56152	3.1446279
	58559	3.1637
	58667	3.1638
	58657	3.2346
	58658	3.3007
	57640	3.3132
	58656	3.3555
	57655	3.7965
