50136     0
50246     0
50349     0
50353     0
50425     0
50431     1
50434     0
50442     0
50445     0
50468     0
50514     1
50524     2
50525     1
50526     1
50527     0
50548     0
50557     0
50564     0
50566     0
50603     1
50618     1
50632     0
50639     0
50646     0
50647     0
50655     0
50656     0
50658     0
50673     0
50674     0
50727     0
50741     0
50742     0
50745     0
50749     0
50750     0
50755     0
50756     0
50758     0
50772     0
50774     0
50775     0
50776     0
50778     0
50779     0
50788     0
50832     0
50833     0
50834     0
50838     0
50842     0
50844     0
50851     0
50852     0
50853     0
50854     0
50858     0
50861     0
50862     0
50867     0
50871     0
50873     0
50877     0
50878     0
50879     0
50880     0
50884     0
50888     0
50892     0
50913     1
50915     1
50928     0
50934     1
50936     0
50937     0
50939     0
50940     0
50946     0
50948     0
50949     0
50950     0
50953     0
50954     0
50958     0
50960     0
50962     0
50963     0
50964     0
50965     0
50968     0
50978     0
50979     0
50983     0
50985     0
51053     0
51059  -999
51060  -999
51068     0
51076     0
51087     0
51133    -5
51137    -3
51145     0
51156     0
51186     0
51232     0
51238  -999
51241     0
51243     0
51288     0
51328     1
51329     0
51330     0
51334     1
51346     1
51352     0
51353     1
51356     0
51357     0
51358  -999
51359     0
51365     0
51367     0
51369     0
51377     0
51378     0
51379     0
51430     0
51431     0
51433  -999
51434     1
51435     0
51436     1
51437     0
51438     0
51463     0
51465     0
51467     0
51468     0
51469  -999
51470  -999
51477     1
51482     0
51495     0
51526     1
51542     0
51559     1
51567     1
51568     1
51571     1
51572     0
51573     0
51581     0
51627     2
51628     1
51629     1
51633     0
51636     1
51639  -999
51642     1
51644     1
51655  -999
51656     1
51701     1
51704  -999
51705     1
51707     1
51708     1
51709     2
51711     2
51716     1
51717     2
51720     1
51722     1
51730     1
51765     0
51777     1
51802     1
51804     0
51810  -999
51811     1
51814     1
51815     1
51818     1
51826     1
51827     1
51828     1
51829     1
51839     1
51855     0
51886     1
51931     1
52101     0
52112  -999
52203     1
52267     0
52313     0
52323     1
52378     0
52418     0
52424     0
52436     0
52446     0
52447     0
52495     0
52515     0
52533     1
52546     0
52557     0
52575     0
52576     0
52602     0
52607     1
52633     0
52643     0
52645     1
52652     0
52656     0
52657     1
52661     1
52674     1
52679     1
52681     1
52707     0
52713     0
52737     0
52745     1
52754     1
52765     1
52784     1
52787     0
52797     1
52818     0
52825     0
52833     1
52836     0
52842     1
52853     1
52855     1
52856     1
52862     1
52863     1
52866     1
52868     2
52869     1
52874     2
52876     1
52884  -999
52885     1
52889     2
52895     1
52896     0
52908     2
52943     1
52955     1
52957     0
52963     1
52968     2
52972    -8
52978     2
52980     1
52982     1
52983     1
52984     2
52985     2
52986     1
52988     3
52993     1
52995     2
52996     2
52998     2
53068     0
53083     0
53149     0
53192     1
53195     0
53231     0
53272     0
53276     0
53289     0
53324     0
53336     0
53337     0
53343     1
53348     1
53352     0
53357     1
53362     1
53367     1
53368     1
53378     0
53384     0
53385     1
53391     0
53392     0
53397     0
53399     0
53419     0
53420     0
53433     0
53446     2
53455     2
53457     1
53463     1
53464     2
53467     1
53469     1
53472     1
53475     1
53478     1
53480     1
53481     0
53483     0
53484     0
53486     0
53487     1
53488     0
53491     0
53492     1
53498     0
53499     0
53502     0
53512     0
53513     0
53517     1
53518     1
53519     1
53522     1
53529     2
53533     2
53543     2
53545     2
53547     2
53553     1
53562     1
53564     1
53565     1
53567     1
53573     1
53574     1
53575     1
53576     1
53577     1
53579     1
53580     1
53582     1
53584     1
53585     1
53588     0
53590     1
53593     0
53596     0
53599     1
53602     1
53610     1
53611     1
53614     2
53615     1
53617     2
53618     1
53619     2
53644     2
53646     1
53651  -999
53658     1
53659     1
53660     1
53662     1
53663     1
53664     1
53665     1
53666     1
53669     1
53673     1
53674     1
53676     1
53677     1
53678     1
53679     1
53680     0
53681     1
53682     0
53685     2
53688     0
53689     0
53690     1
53691     0
53692     0
53693     1
53694     0
53695     0
53696    -2
53697     2
53698     0
53699    -2
53704     2
53705     2
53707     2
53723     2
53725     2
53727     2
53730     2
53732     2
53735  -999
53738     1
53740     2
53748     1
53750     1
53751     1
53753     1
53754     1
53756     1
53757     1
53759     1
53760     1
53763     1
53764     1
53767     1
53768     1
53769     2
53770     2
53771     1
53772     1
53773     1
53774     1
53776     1
53777     1
53778     2
53780     1
53781     1
53782     1
53783     2
53784     0
53785     0
53786     1
53787     1
53788     1
53789     0
53790     1
53791     0
53792     1
53794     1
53795     1
53796     0
53797     1
53798     1
53799     0
53806     1
53810     1
53817     2
53821     2
53829     2
53832     1
53841     1
53845     1
53848     1
53850     2
53852     1
53853     1
53854  -999
53856     1
53857     2
53860     1
53861     1
53862     1
53863     2
53864     1
53865     1
53866     1
53868     1
53869     1
53871     2
53872     1
53873     1
53874     1
53875     1
53878     1
53879     1
53880     1
53881     2
53882     1
53883     1
53885     0
53886     2
53888     1
53889     1
53890     2
53891     1
53892     1
53893     1
53894     1
53895     1
53896     0
53897     1
53898     1
53899     0
53903     1
53906     2
53908     2
53914     2
53915     3
53916     2
53917     3
53923     3
53924     3
53925     2
53926     3
53927     3
53928     3
53929     3
53930     1
53931     1
53934     2
53935     2
53937     2
53938     3
53941     1
53942     1
53945     2
53947     1
53948  -999
53949     1
53950     1
53953     3
53954     1
53955  -999
53956     1
53957     0
53958     0
53959     1
53961     1
53962     1
53963     1
53964     1
53965     1
53966     2
53967     1
53970     1
53972     1
53973     1
53974     1
53975     1
53976     1
53978     1
53979     1
53980     1
53981     1
53982     1
53983     1
53984     1
53985     1
53986     1
53987     1
53988     1
53989     1
53991     1
53992     1
53993     1
53994     1
53995     1
53996     1
53997     1
53998     1
54012     1
54024     0
54026     0
54027     0
54031     0
54039     0
54041     0
54047     0
54049     0
54063     0
54065     0
54069     0
54072     0
54076     0
54080     0
54092     0
54093     0
54094     0
54096     0
54098     0
54099     0
54102     1
54113     0
54115     0
54117     0
54122     0
54132     1
54134     0
54135     0
54142     0
54154     0
54156     0
54157     0
54161     0
54164     0
54169     0
54171     0
54172     0
54181     0
54186     0
54187     0
54195     0
54204     1
54205     0
54208     0
54213     0
54214     0
54218     0
54223     0
54225     0
54226     0
54231     0
54234     0
54236     0
54237     0
54244     0
54245     0
54249     0
54252     0
54254     0
54259     0
54261     0
54263     0
54266     0
54267     0
54273     0
54274     0
54276     0
54284     0
54285     0
54290     0
54291     0
54292     0
54293     0
54301     0
54304     0
54305     0
54308     0
54311     0
54313     0
54316     0
54318     0
54319     0
54320     0
54321     0
54323     0
54324     0
54325     0
54326     0
54327     0
54328     0
54331     0
54332     0
54333     0
54334  -999
54335     0
54336     0
54337    -1
54338     0
54339     2
54342     0
54346     0
54347     0
54349  -999
54351     0
54362     0
54363     0
54365     0
54371     0
54374     0
54377     0
54386     0
54398     0
54399     0
54401    -1
54404     0
54405     0
54408    -1
54410     0
54412     0
54416     0
54419     0
54420     0
54421     1
54423     0
54424     0
54425     1
54428     0
54429     1
54430     0
54431     0
54432     0
54433     0
54434     0
54436     1
54437     0
54438     0
54439     0
54449     0
54453     0
54454     1
54455     0
54471    -2
54474     0
54475     0
54476     0
54483     0
54486    -2
54493    -9
54494    -4
54497     0
54499     0
54501     0
54502    -3
54503    -3
54505     0
54506    -2
54507    -3
54510     0
54511     0
54512     0
54513    -1
54514     0
54515    -1
54517    -3
54518    -3
54519    -4
54520     0
54521     0
54522     0
54523    -3
54525  -999
54527    -4
54528    -3
54530    -2
54531     0
54532     0
54533    -2
54534     0
54535     0
54539     0
54540     0
54541     0
54563     0
54568     1
54569    -2
54579     1
54584     0
54590     0
54594     0
54596     0
54597    -4
54601    -5
54602    -8
54603    -7
54604    -3
54605    -5
54606    -5
54607    -2
54608    -2
54609    -3
54610    -6
54611    -3
54612    -3
54613    -1
54614    -5
54615    -3
54616    -3
54617    -5
54618    -3
54619    -2
54620    -5
54621    -2
54622    -4
54623     1
54624    -3
54626    -5
54627     0
54628    -2
54631     0
54632     0
54633     0
54636    -2
54640     1
54644     0
54660  -999
54662     1
54700    -3
54701    -2
54702     0
54703    -2
54704     0
54705     0
54706     0
54707     0
54708     0
54709     0
54710     0
54711     0
54712     0
54713    -2
54714     0
54715     0
54716     0
54717    -1
54718     0
54719    -3
54722     0
54723     0
54724     0
54725     0
54726     0
54727  -999
54728     0
54729     1
54730     0
54731     0
54734     0
54736     0
54737     0
54738     0
54744  -999
54749     0
54751    -6
54752    -1
54753    -4
54755     0
54759     0
54764     0
54765     1
54766     1
54774     0
54776     1
54777     1
54778     0
54800     0
54801     0
54802     0
54803     0
54804     1
54805     0
54806     1
54807     1
54808     0
54809     0
54810     0
54811     0
54814     1
54815     1
54816     1
54817     1
54818     1
54819     1
54820     0
54821     0
54822     1
54823     1
54824     1
54825     1
54826     1
54827     1
54828     1
54829     0
54830     0
54831     1
54832     0
54833     1
54834     0
54835     1
54836     1
54837     0
54841     0
54842  -999
54843     0
54844    -1
54846    -4
54848    -3
54849    -6
54851    -3
54852    -3
54853    -7
54855    -3
54857    -6
54861     0
54863    -5
54871    -3
54900     1
54901     1
54902     1
54903     1
54904     1
54905     1
54906     1
54907     0
54908     1
54909     1
54910     1
54911     1
54912     1
54913     1
54914     1
54915     1
54916     1
54917     1
54918     1
54919     1
54920     1
54921     1
54922     0
54923     0
54925     0
54927     0
54929     0
54932     0
54935     0
54936    -2
54938     0
54939     0
54940    -1
54943    -6
54945     0
55228     0
55248     0
55279    -2
55294     0
55299     0
55437     0
55472    -7
55493     0
55572  -999
55578     0
55585     0
55591     0
55598     0
55655     1
55664    -1
55680    -7
55681     0
55690     0
55696    -2
55773     1
56004     1
56016     1
56018     1
56021     2
56029     1
56033     2
56034     2
56038     1
56043     2
56045     2
56046     2
56065     2
56067     1
56071     2
56074     2
56079     2
56080     3
56081     1
56082     2
56084     1
56091     3
56092     3
56093     2
56094     1
56095     2
56096     2
56097     1
56106     0
56116     1
56125    -6
56137     0
56144     0
56146     3
56147     1
56151     1
56152     1
56158     2
56164     1
56167     1
56168     1
56171     2
56172     2
56173     1
56178     1
56180     0
56181     1
56182     1
56183    -5
56184    -1
56185     0
56186     2
56187  -999
56188     2
56189     1
56190     0
56192     1
56193     2
56194     2
56195     2
56196     1
56197     1
56198     2
56199     2
56202     1
56223     2
56227    -5
56247    -6
56251     1
56257   -11
56263    -6
56267     0
56272     2
56273     1
56276     1
56278     3
56279     3
56280     3
56281     1
56284     2
56285     1
56287     3
56289     1
56290     1
56291     1
56295     1
56296     1
56297     1
56298     2
56307     1
56312     1
56317     1
56331    -4
56357    -5
56371    -2
56373     1
56374    -4
56376     0
56378     0
56380     3
56381     2
56382     1
56383     1
56384     2
56385     0
56386     1
56387     0
56389     2
56390     1
56393     3
56394     1
56395     2
56396     3
56399     3
56434     1
56441    -3
56443    -6
56444     1
56459    -3
56462   -15
56473    -5
56474    -5
56475    -6
56478     0
56479     1
56480     1
56483     2
56485     1
56487     2
56489     0
56490     3
56492     2
56493     3
56496     2
56497     1
56499     3
56533     2
56543     1
56548     2
56565   -10
56567    -4
56569   -13
56571    -5
56575    -6
56578    -6
56582     1
56584    -4
56585     1
56586     0
56592     2
56593     2
56594     0
56595     2
56596     3
56598     1
56641     2
56645     0
56646    -6
56649    -6
56651    -9
56652    -4
56654    -4
56664    -2
56665   -12
56669   -11
56670   -11
56671   -12
56673    -1
56675   -10
56684    -4
56688    -3
56691     0
56693     3
56697    -2
56739   -12
56742    -5
56745    -6
56746    -6
56748    -9
56751    -2
56752    -7
56755    -7
56756    -3
56757    -6
56761    -6
56763    -6
56764    -2
56766     0
56767     0
56768    -3
56772    -2
56774    -4
56775    -5
56777    -1
56778    -1
56781    -8
56782   -10
56783    -4
56785    -5
56786   -11
56788    -4
56790    -3
56792    -4
56793     0
56835   -16
56836   -13
56838   -13
56839    -1
56840   -11
56841    -9
56842    -9
56843    -7
56844   -15
56846    -5
56849    -3
56851    -3
56854   -10
56856    -3
56862     0
56863    -3
56867    -3
56869    -1
56870    -3
56871     0
56872    -2
56873    -6
56875    -2
56876    -2
56878    -6
56879    -4
56880    -7
56881    -8
56882    -1
56883    -2
56885    -9
56886   -12
56889    -2
56891     1
56898    -4
56944    -2
56946     0
56948     0
56949     0
56950    -3
56951    -1
56952     1
56954     0
56958     0
56959    -5
56961    -4
56962     0
56964    -2
56966    -3
56969     0
56970    -4
56973    -1
56975     0
56976    -1
56977     1
56978     1
56982     0
56984     1
56985     0
56986     2
56987     2
56989     1
56992     0
56994     0
56995     1
56996     0
57001     3
57002     2
57003  -999
57004     4
57006     2
57007     3
57008     3
57011     2
57012     2
57014  -999
57016     3
57020     3
57021     2
57022     2
57023     2
57024     3
57025  -999
57026     3
57027     3
57028  -999
57029     2
57030  -999
57031     2
57032     2
57033     2
57034     2
57035     3
57036     1
57037     2
57038     2
57039     1
57040     1
57042     1
57043     1
57044     1
57045     1
57046     0
57047     1
57048  -999
57049  -999
57051     1
57053     1
57054     1
57055     0
57056     0
57057     2
57060     1
57061     1
57063     1
57065     1
57066     1
57067     1
57070     2
57071     1
57072     1
57074     2
57075     1
57076     1
57077     0
57078     1
57079     1
57080     1
57081     1
57082     1
57083     1
57085     1
57086     1
57087     1
57089     1
57090     1
57091     1
57093     1
57094     1
57095     1
57096     1
57098     1
57099     1
57102     3
57105     3
57106     1
57110     2
57111     2
57113     1
57119     1
57124  -999
57126     0
57127     0
57128     0
57129     0
57132     2
57134     1
57137     1
57140     1
57143     1
57144     1
57153     1
57154  -999
57155     1
57156     1
57162     1
57169     0
57173     1
57175     1
57176     1
57177     1
57178     1
57179     1
57180     1
57181     1
57182     1
57183     1
57184     1
57185     1
57186     1
57187     0
57188     1
57189     0
57191     1
57192     1
57193     1
57194     1
57195     1
57196     1
57198     1
57206     2
57208     2
57211  -999
57213     1
57216     1
57217     2
57231     1
57232     1
57233     1
57237     2
57238  -999
57242     0
57245     1
57247     1
57248     0
57249     1
57251     1
57253     1
57254     1
57257     1
57259     0
57260     1
57261     1
57265     1
57268     1
57271     0
57273     0
57274     0
57279    -4
57281     1
57290     1
57292     1
57293     0
57294     1
57295     0
57296     0
57297    -1
57298    -1
57299    -7
57303     3
57304     2
57306     3
57307     3
57308     2
57309     3
57313     2
57314     3
57315     3
57317     3
57318     3
57320     1
57324     2
57326     2
57328     2
57329     2
57333     2
57339     2
57343  -999
57345     0
57348     1
57349     0
57355     0
57361     0
57362     2
57363     1
57368     1
57370     0
57377     1
57378     0
57385    -4
57387    -5
57388    -2
57389    -2
57390     1
57396    -1
57398    -4
57399    -8
57401     3
57402     3
57405     3
57407     2
57408     3
57409     3
57411     3
57413     2
57414     3
57415     3
57416     4
57417     3
57420     3
57425     3
57426     2
57431     2
57432     2
57438     0
57447     2
57458     1
57460     0
57461     1
57464     2
57465     1
57466    -7
57469     0
57475     0
57476     0
57477    -1
57481     0
57483    -2
57485     0
57486     1
57489     0
57491     0
57492     0
57494     0
57496     1
57498     0
57499     1
57505     2
57506     1
57507     3
57509     1
57510     2
57511     3
57513     2
57514     2
57516     2
57518     2
57519     1
57522     1
57525     1
57537     1
57540     1
57541     3
57543     1
57544     1
57545     1
57554     1
57558     1
57562     1
57564     0
57565     0
57566     1
57571     1
57574     1
57575     1
57577     1
57582     1
57583     1
57584     1
57585     0
57586     1
57589     0
57590     1
57598     1
57603     1
57605     1
57606     1
57608     3
57609     2
57614     2
57623     1
57625     1
57633     1
57634     2
57635     1
57636     1
57637     1
57640     1
57643     1
57646     1
57647     1
57649     1
57655     1
57657     1
57658     1
57661     1
57662     0
57663     1
57666     1
57669     1
57671     1
57674     1
57678     1
57680     1
57682     1
57687     1
57688     1
57694     1
57698     1
57699     1
57707     2
57708     2
57710     2
57713     1
57714     3
57717     2
57718     1
57719     2
57720     1
57722     2
57723     2
57728     2
57729     0
57731     0
57732     1
57734     0
57735     1
57736     0
57737     1
57738     1
57739     1
57740     1
57741     1
57742     1
57743     1
57744     1
57745     1
57754     1
57760     1
57762     1
57763     2
57766     2
57767     2
57768     2
57769     2
57771     2
57772     1
57773     2
57774     2
57776     2
57777     2
57778     1
57780     2
57781     2
57786     2
57792     1
57793     1
57796     1
57798     1
57799     2
57800     2
57803     1
57805     2
57806     1
57807     1
57808     1
57809    -2
57811     1
57813     1
57814     1
57816     2
57818     2
57821     1
57822     2
57824     1
57825     1
57827     1
57828     1
57829     1
57832     1
57834     1
57835     1
57837     1
57839     1
57840     1
57842     1
57844     1
57845     1
57846     1
57851     2
57853     2
57859     1
57860     2
57865     2
57866     2
57867     2
57868     2
57870     2
57871     2
57872     2
57874     2
57875     2
57876     2
57881     2
57882     2
57883     2
57886     2
57887     2
57891     2
57894     2
57895     2
57896     2
57899     2
57900     1
57902     1
57903     1
57905     2
57906     1
57907     1
57908     0
57909     1
57910     1
57912     0
57913     1
57914     2
57915     1
57916    -1
57921     1
57922     2
57923     2
57926     2
57927     2
57932     1
57936     2
57941     1
57942     1
57947     2
57948     2
57949     2
57954     2
57955     2
57956     1
57957     2
57960     2
57962     2
57964     2
57965     1
57966     2
57969     2
57971     2
57972     2
57973     2
57975     2
57976     2
57978     2
57981     2
57985     2
57988     2
57989     2
57990     2
57991     2
57992     2
57993     2
57994     2
57995     2
57996     2
58001     1
58002     1
58003     1
58004     1
58005     0
58006     0
58007     1
58008     1
58011     0
58012     0
58013     0
58015     0
58016     0
58017     0
58020     0
58021     0
58022     0
58024     0
58025    -1
58026  -999
58027     0
58030     0
58032     0
58034  -999
58035   -10
58036    -5
58038  -999
58040    -1
58041    -3
58044    -2
58047  -999
58048    -7
58049    -9
58100     1
58101     1
58102     1
58104     1
58107     1
58108     1
58109     1
58114     0
58117     0
58118  -999
58122    -4
58125    -4
58126    -4
58127    -1
58128    -3
58129    -4
58130  -999
58131    -6
58132    -6
58135  -999
58138    -2
58139    -5
58140    -9
58141    -4
58143  -999
58145    -7
58146    -2
58147    -6
58148    -3
58150    -8
58154    -8
58158  -999
58202    -4
58203    -2
58205    -6
58207    -4
58208    -7
58210    -4
58212    -3
58214    -8
58215    -4
58220    -4
58221    -4
58222    -1
58223    -6
58224    -2
58230    -8
58234     0
58235   -10
58236    -4
58237    -6
58238    -6
58240     0
58241    -7
58242    -4
58243    -8
58244    -8
58245    -7
58247    -9
58249    -8
58250    -7
58251   -12
58254    -7
58255  -999
58257    -1
58259    -1
58264    -6
58265    -7
58268    -6
58269    -4
58301    -3
58306     0
58311    -3
58314     1
58316     0
58317     0
58319     0
58320    -6
58321    -3
58323    -7
58326    -2
58327     0
58329     1
58330    -7
58331    -8
58334     0
58335     0
58337     1
58338     1
58339     1
58340     0
58341    -7
58342     0
58343     0
58344    -5
58345     1
58346     1
58352     1
58353    -1
58354  -999
58356  -999
58358     1
58360     0
58361     1
58362     1
58365     1
58366     0
58367     2
58369     1
58401    -8
58402    -1
58404     1
58407     1
58408     1
58409     1
58415     1
58416     1
58417     1
58418     1
58420     1
58421     1
58424     1
58426     1
58427     1
58428     1
58431     1
58432     1
58433     1
58435     1
58436     1
58437     1
58438     1
58441     1
58442     1
58443     1
58446     1
58448  -999
58449     2
58450  -999
58451     1
58452     2
58453  -999
58454     1
58455     2
58456     1
58457     2
58458     2
58459     2
58460     1
58461     1
58462     2
58463     1
58464     2
58467     2
58468     2
58472     1
58477     2
58501     1
58502     1
58503     1
58506     1
58508     1
58509     1
58510     1
58514     1
58517     1
58519     1
58523     1
58527     1
58529     1
58530     1
58531     1
58534     1
58537     2
58542     2
58543     2
58544     2
58546     2
58547  -999
58548     2
58549     2
58550     2
58553  -999
58556     2
58557  -999
58558     2
58559     3
58562     2
58563     2
58565     2
58567     3
58569     2
58570  -999
58601     1
58602     1
58605     1
58606     1
58608     1
58609     1
58612     1
58614     2
58615     1
58616     2
58618     2
58620     1
58624     2
58625     2
58626     2
58629     2
58631     2
58632     2
58633     2
58634     2
58635     2
58642     2
58643     2
58644     2
58646     2
58647     2
58652  -999
58654     3
58656     3
58657     2
58658     2
58659     2
58660     2
58664     2
58665     2
58666     2
58667     2
58693     1
58701     2
58704     1
58706     2
58707     2
58710     1
58712     2
58713     2
58714     2
58715     2
58719     2
58724     2
58725     3
58730     2
58731     2
58735     3
58736     2
58737     3
58742  -999
58745     2
58746     2
58747     3
58748     3
58749     3
58750     3
58751     3
58752     3
58754     3
58760     2
58804     2
58813     2
58814     2
58819     3
58820     2
58821     3
58822     2
58823     3
58824     3
58826     3
58828     3
58834     3
58836     3
58839     3
58844     3
58845     3
58846     3
58847     3
58848     3
58903     2
58905     2
58906     2
58907     2
58911     3
58912     3
58917     2
58918     3
58921     3
58923     3
58926     3
58928     2
58929     2
58931     3
58932     3
58933     3
58934     3
58935     3
58941     3
58942     3
58944     3
58946     3
59001     1
59004     0
59007     1
59012     1
59015     1
59017     1
59021     2
59022     2
59023     2
59025     2
59027     3
59031     3
59033     2
59034     2
59037     1
59038     1
59041     2
59044     1
59045     1
59046     1
59047     2
59051     1
59052     2
59053     2
59055     1
59057     1
59058     1
59059     1
59061     1
59063     2
59064     2
59065     1
59071     1
59072     2
59074     1
59075     2
59081     2
59082     2
59087     2
59088  -999
59090     2
59091     2
59093     2
59094     2
59096     2
59097  -999
59099     2
59102     2
59106     2
59107  -999
59109     2
59114     2
59116  -999
59117     2
59122     2
59124     2
59125     2
59126     2
59127     2
59130     2
59131     2
59133     2
59134     2
59137     3
59205     1
59209     1
59211     3
59213     3
59215     2
59218     2
59224     1
59227     1
59228     1
59229     1
59230     2
59235     1
59237     1
59238     1
59241     2
59242     1
59246     1
59249     2
59254     2
59255     1
59256     2
59264     2
59265     2
59266     2
59268     2
59269     2
59270     2
59271     2
59276     2
59278     2
59279     2
59280  -999
59284     2
59285     2
59287     2
59288     2
59289  -999
59290     2
59293     1
59294     1
59297     2
59298     1
59303     2
59304  -999
59306  -999
59310     2
59312     1
59313     1
59314     2
59315     1
59316     2
59318     2
59319     1
59320     1
59321     2
59322     1
59324     1
59417     1
59419     1
59421     1
59425     1
59426     1
59427     2
59429     1
59431     2
59435     2
59441     2
59446     2
59448     2
59449     2
59451     2
59452     2
59453     2
59454     2
59456     1
59457     2
59462     2
59469     1
59470     1
59471     2
59473     1
59475     1
59476     1
59477     1
59478     1
59480     1
59481     1
59485  -999
59487     1
59488  -999
59492     1
59493     1
59500     1
59501     1
59502     1
59626     1
59632     1
59640     2
59644     1
59647     1
59650     0
59653     1
59654     1
59655     1
59656     1
59658     1
59659     1
59663     1
59664     1
59673     0
59750     1
59754     0
59757     1
59758     1
59838     1
59842     1
59843     1
59845     1
59847     1
59848     1
59849     1
59851     0
59854     1
59855     0
59856     0
59940     0
59941     0
59945     0
59948     0
59951     0
59954    -1
