50136     2
50246     2
50349     1
50353     2
50425     0
50431    -4
50434    -1
50442     2
50445     1
50468     3
50514     1
50524     1
50525     1
50526     2
50527     1
50548     1
50557     2
50564     3
50566     3
50603     0
50618     1
50632     2
50639     2
50646     2
50647     1
50655     2
50656     1
50658     1
50673     3
50674     3
50727     2
50741     1
50742     1
50745     1
50749     1
50750     2
50755     1
50756     2
50758     1
50772     2
50774     2
50775     1
50776     2
50778     2
50779     2
50788     2
50832     0
50833     1
50834     1
50838     0
50842     2
50844     1
50851     1
50852     1
50853     1
50854     2
50858     0
50861     1
50862     1
50867     1
50871     1
50873     1
50877     1
50878     1
50879     2
50880     1
50884     1
50888     1
50892     2
50913     2
50915     1
50928     1
50934     1
50936     0
50937     0
50939    -1
50940     0
50946     1
50948     1
50949     1
50950     1
50953     1
50954     0
50958     1
50960     1
50962     1
50963     1
50964     1
50965     0
50968     0
50978     1
50979     2
50983     2
50985     2
51053     2
51059  -999
51060  -999
51068     0
51076     0
51087     1
51133     0
51137     0
51145     0
51156     0
51186     1
51232     0
51238  -999
51241     0
51243     0
51288     1
51328    -4
51329    -7
51330   -10
51334     0
51346     0
51352     0
51353     0
51356     0
51357     0
51358  -999
51359     0
51365     0
51367     0
51369     0
51377     0
51378     1
51379     1
51430    -7
51431    -7
51433  -999
51434    -7
51435   -13
51436    -2
51437     0
51438     0
51463     1
51465     2
51467    -5
51468     2
51469  -999
51470  -999
51477     0
51482     1
51495     0
51526     0
51542     0
51559     0
51567     0
51568     0
51571     0
51572     0
51573     0
51581     0
51627     0
51628     0
51629     0
51633     0
51636     0
51639  -999
51642     0
51644     0
51655  -999
51656     0
51701     1
51704  -999
51705     0
51707     0
51708     0
51709     0
51711    -7
51716     0
51717     0
51720     0
51722     0
51730     0
51765     0
51777     0
51802     0
51804     0
51810  -999
51811     0
51814     0
51815     0
51818     0
51826     0
51827     0
51828     0
51829     0
51839     0
51855     0
51886     0
51931     0
52101     1
52112  -999
52203     0
52267     0
52313     0
52323     0
52378     0
52418     0
52424     0
52436     0
52446     0
52447     0
52495     0
52515     0
52533     0
52546     0
52557     0
52575     0
52576     0
52602     0
52607     0
52633   -14
52643    -6
52645    -4
52652     0
52656     0
52657    -6
52661    -2
52674    -8
52679     0
52681     0
52707     0
52713     0
52737     0
52745   -11
52754    -6
52765    -1
52784     0
52787     1
52797     0
52818     0
52825     0
52833     0
52836   -12
52842   -12
52853    -5
52855    -4
52856    -6
52862    -1
52863     0
52866     0
52868    -1
52869     0
52874    -1
52876    -1
52884  -999
52885    -2
52889    -3
52895    -5
52896     0
52908     2
52943    -9
52955    -8
52957     0
52963    -3
52968    -2
52972     0
52978    -2
52980     0
52982     0
52983    -3
52984    -1
52985    -1
52986     1
52988     1
52993    -6
52995     0
52996     0
52998     1
53068     0
53083     1
53149     0
53192     2
53195     1
53231     0
53272     0
53276     0
53289     1
53324     0
53336     1
53337     0
53343     0
53348     1
53352     1
53357     1
53362     2
53367     2
53368     2
53378     1
53384     0
53385     0
53391     1
53392     1
53397     2
53399     2
53419     0
53420     0
53433     0
53446     0
53455    -3
53457     1
53463     2
53464     1
53467     2
53469     3
53472     2
53475     2
53478     2
53480     1
53481     1
53483     2
53484     2
53486     1
53487     1
53488     1
53491     1
53492     1
53498     1
53499     1
53502     0
53512     0
53513     0
53517     0
53518     0
53519     0
53522     0
53529    -2
53533     1
53543     1
53545   -10
53547    -3
53553     2
53562     2
53564     2
53565     2
53567     1
53573     1
53574    -3
53575     1
53576    -8
53577     0
53579     0
53580     0
53582     1
53584     1
53585     0
53588     1
53590     0
53593     2
53596     0
53599     0
53602    -4
53610     0
53611     0
53614     0
53615     0
53617     0
53618     0
53619    -3
53644     0
53646     0
53651  -999
53658     0
53659     0
53660     1
53662     1
53663     1
53664     1
53665    -4
53666    -2
53669    -7
53673    -3
53674    -4
53676    -1
53677    -5
53678    -5
53679    -3
53680    -3
53681     0
53682     0
53685    -7
53688    -3
53689    -1
53690    -3
53691     0
53692     0
53693    -7
53694    -6
53695    -4
53696    -1
53697    -1
53698    -2
53699     0
53704     0
53705   -11
53707    -7
53723    -1
53725     0
53727    -5
53730    -2
53732     0
53735  -999
53738    -3
53740     1
53748     0
53750     1
53751    -1
53753     0
53754     0
53756     0
53757    -1
53759     0
53760     1
53763    -6
53764    -2
53767     0
53768    -4
53769    -6
53770    -5
53771    -7
53772    -4
53773     0
53774    -2
53776     0
53777    -5
53778    -4
53780     0
53781    -8
53782    -7
53783    -6
53784    -2
53785    -5
53786    -1
53787    -4
53788    -4
53789    -2
53790    -4
53791    -4
53792    -5
53794    -7
53795    -5
53796     0
53797    -7
53798    -8
53799    -5
53806     0
53810    -4
53817    -2
53821    -4
53829    -7
53832    -5
53841    -2
53845    -4
53848    -3
53850     0
53852     0
53853     0
53854  -999
53856    -3
53857    -4
53860     0
53861    -4
53862    -1
53863    -5
53864    -2
53865    -6
53866    -6
53868    -4
53869    -2
53871    -6
53872    -8
53873    -9
53874    -2
53875    -6
53878    -6
53879    -3
53880    -3
53881     0
53882    -8
53883    -9
53885    -4
53886    -9
53888    -5
53889   -11
53890    -9
53891    -8
53892    -6
53893    -7
53894    -6
53895    -6
53896    -7
53897    -8
53898    -5
53899    -7
53903    -6
53906     0
53908    -4
53914     0
53915    -4
53916    -2
53917     0
53923    -6
53924    -8
53925    -6
53926    -5
53927    -1
53928    -6
53929    -8
53930    -5
53931    -3
53934    -5
53935    -7
53937    -8
53938   -10
53941    -8
53942    -3
53945   -10
53947    -9
53948  -999
53949    -5
53950    -7
53953     1
53954    -7
53955  -999
53956    -8
53957    -6
53958   -13
53959   -11
53961    -1
53962    -4
53963    -5
53964    -7
53965    -7
53966    -4
53967    -9
53970   -17
53972    -6
53973   -12
53974    -8
53975   -13
53976   -12
53978    -7
53979    -8
53980    -4
53981    -3
53982    -9
53983    -1
53984    -5
53985    -9
53986    -8
53987    -6
53988    -5
53989    -4
53991    -8
53992    -3
53993    -9
53994    -7
53995    -3
53996    -4
53997    -2
53998    -3
54012     2
54024     1
54026    -1
54027     1
54031     1
54039     1
54041     1
54047     1
54049     1
54063     1
54065     1
54069     0
54072     1
54076     1
54080     1
54092     2
54093     2
54094     2
54096     3
54098     3
54099     2
54102     2
54113     3
54115     1
54117     1
54122     1
54132     2
54134     1
54135     1
54142     1
54154     1
54156     1
54157     1
54161     1
54164     1
54169     1
54171     1
54172     1
54181     1
54186     1
54187     2
54195     3
54204     2
54205     2
54208     1
54213     2
54214     1
54218     1
54223     4
54225     2
54226     2
54231     3
54234     2
54236     2
54237     3
54244     1
54245     1
54249     1
54252     1
54254     1
54259     2
54261     2
54263     1
54266     1
54267     2
54273     1
54274     2
54276     2
54284     2
54285     2
54290     3
54291     2
54292     3
54293     3
54301     2
54304     3
54305     2
54308     2
54311     1
54313     3
54316     1
54318     1
54319     1
54320     1
54321     0
54323     2
54324     2
54325     1
54326     2
54327     2
54328     2
54331     1
54332     2
54333     1
54334  -999
54335     2
54336     2
54337     1
54338     2
54339     1
54342     2
54346     2
54347     2
54349  -999
54351     2
54362     1
54363     2
54365     2
54371     2
54374     1
54377     2
54386     1
54398     2
54399     2
54401     1
54404     1
54405     1
54408     0
54410     3
54412     2
54416     2
54419     2
54420     1
54421     1
54423     0
54424     2
54425     2
54428     2
54429     2
54430     1
54431     2
54432     1
54433     2
54434     2
54436     1
54437     2
54438     3
54439     2
54449     2
54453    -2
54454     1
54455     1
54471     2
54474     2
54475     1
54476     2
54483     3
54486     3
54493     3
54494     3
54497     3
54499     1
54501     1
54502     1
54503     1
54505     2
54506     1
54507     1
54510     2
54511     1
54512     2
54513     1
54514     1
54515     2
54517     1
54518     1
54519     2
54520     2
54521     2
54522     2
54523  -999
54525  -999
54527     1
54528  -999
54530     1
54531     2
54532     2
54533     1
54534     2
54535     2
54539     2
54540     2
54541     2
54563     2
54568     1
54569     1
54579     2
54584     2
54590     3
54594     1
54596     1
54597     1
54601     1
54602     0
54603     1
54604     1
54605     1
54606     1
54607     0
54608     0
54609     1
54610     1
54611     0
54612     1
54613     1
54614     0
54615     0
54616     1
54617    -2
54618     0
54619     1
54620     1
54621     0
54622     1
54623     1
54624     0
54626     1
54627     0
54628    -1
54631    -5
54632    -6
54633     0
54636     1
54640    -7
54644     0
54660  -999
54662     1
54700     0
54701     0
54702     0
54703     0
54704     0
54705     0
54706    -1
54707    -2
54708     0
54709    -3
54710     0
54711     0
54712     0
54713     0
54714     0
54715    -4
54716     0
54717     0
54718    -1
54719     0
54722     0
54723     0
54724     0
54725    -1
54726     0
54727  -999
54728     0
54729     0
54730     0
54731     0
54734     0
54736     0
54737     0
54738     0
54744  -999
54749     1
54751     1
54752     1
54753     1
54755     1
54759     0
54764     0
54765     0
54766     0
54774     0
54776     1
54777     1
54778     1
54800    -4
54801    -2
54802     0
54803     0
54804   -14
54805    -4
54806    -9
54807    -6
54808    -8
54809    -6
54810     0
54811     0
54814    -7
54815   -11
54816    -5
54817    -5
54818    -4
54819    -5
54820    -5
54821     1
54822    -3
54823    -3
54824    -1
54825    -4
54826    -1
54827    -4
54828    -1
54829    -4
54830    -4
54831     0
54832     0
54833    -2
54834    -1
54835    -3
54836     0
54837     0
54841     0
54842  -999
54843     0
54844     0
54846     0
54848     0
54849     0
54851     0
54852     0
54853     0
54855    -1
54857     0
54861    -1
54863    -1
54871     1
54900    -7
54901   -11
54902    -8
54903    -8
54904    -8
54905    -6
54906    -4
54907     0
54908    -7
54909    -3
54910    -7
54911    -6
54912    -2
54913    -5
54914    -6
54915    -7
54916    -3
54917    -2
54918    -5
54919    -2
54920     0
54921    -3
54922     0
54923     0
54925     0
54927     0
54929     1
54932     0
54935     0
54936  -999
54938     0
54939     0
54940     0
54943     0
54945    -1
55228     0
55248     0
55279    -7
55294   -10
55299     0
55437     0
55472    -1
55493   -11
55572  -999
55578   -11
55585   -11
55591   -15
55598    -8
55655   -12
55664    -4
55680    -4
55681   -11
55690    -3
55696   -10
55773    -4
56004     1
56016     1
56018     1
56021     2
56029     1
56033     2
56034     1
56038     2
56043     0
56045     1
56046     0
56065     1
56067     1
56071     1
56074     0
56079    -3
56080     0
56081     1
56082     1
56084    -7
56091     1
56092    -1
56093     1
56094     0
56095     0
56096    -9
56097    -9
56106     1
56116     1
56125     1
56137     0
56144     1
56146     2
56147     0
56151     0
56152     2
56158     1
56164     2
56167     0
56168     1
56171    -2
56172     2
56173     1
56178    -2
56180     1
56181    -5
56182     1
56183     1
56184     1
56185     1
56186    -2
56187  -999
56188     0
56189    -9
56190    -6
56192    -7
56193    -6
56194    -4
56195    -3
56196    -7
56197    -4
56198    -3
56199    -7
56202   -10
56223    -3
56227     1
56247   -14
56251    -4
56257   -11
56263     0
56267    -3
56272    -4
56273    -2
56276    -8
56278    -2
56279    -1
56280     0
56281     0
56284     0
56285    -2
56287     0
56289    -1
56290    -7
56291    -8
56295    -4
56296    -8
56297    -7
56298    -4
56307    -9
56312    -4
56317     0
56331   -10
56357    -7
56371   -10
56373    -4
56374    -5
56376    -2
56378    -8
56380    -1
56381    -4
56382    -4
56383    -1
56384     0
56385     1
56386    -3
56387    -5
56389    -3
56390   -11
56393    -1
56394    -4
56395    -3
56396    -2
56399     0
56434     0
56441   -13
56443    -6
56444    -5
56459    -6
56462    -5
56473    -7
56474    -4
56475    -8
56478    -5
56479     1
56480    -5
56483     0
56485    -3
56487    -4
56489     0
56490     0
56492     0
56493     0
56496    -4
56497    -1
56499    -2
56533  -999
56543    -9
56548   -12
56565    -9
56567   -15
56569    -5
56571    -4
56575    -5
56578    -5
56582    -2
56584    -9
56585   -10
56586   -10
56592     0
56593    -2
56594    -5
56595    -8
56596    -3
56598   -12
56641    -1
56645   -13
56646    -8
56649   -10
56651   -13
56652    -6
56654   -15
56664    -4
56665    -6
56669   -12
56670   -11
56671   -10
56673    -5
56675    -6
56684    -7
56688   -12
56691    -8
56693  -999
56697   -12
56739     0
56742   -12
56745   -10
56746    -7
56748    -6
56751    -7
56752   -17
56755   -14
56756   -14
56757   -10
56761   -14
56763   -14
56764   -11
56766   -13
56767   -17
56768   -13
56772   -15
56774   -11
56775    -8
56777   -17
56778   -17
56781   -16
56782    -8
56783    -8
56785   -12
56786   -20
56788    -9
56790   -14
56792  -999
56793   -10
56835   -10
56836    -3
56838   -12
56839   -10
56840    -3
56841     0
56842   -11
56843   -11
56844    -9
56846    -5
56849    -2
56851   -18
56854   -11
56856   -19
56862    -7
56863   -18
56867    -8
56869    -9
56870   -20
56871   -11
56872   -11
56873   -22
56875   -12
56876   -10
56878    -7
56879    -7
56880   -13
56881    -6
56882   -16
56883   -13
56885   -13
56886   -11
56889    -5
56891   -14
56898   -11
56944   -10
56946   -11
56948   -10
56949   -12
56950    -7
56951    -6
56952   -11
56954    -6
56958    -5
56959     1
56961    -8
56962   -16
56964   -11
56966   -12
56969    -9
56970   -14
56973   -11
56975    -8
56976   -11
56977    -6
56978   -13
56982   -10
56984    -6
56985    -7
56986    -8
56987    -2
56989    -1
56992   -12
56994    -5
56995    -3
56996    -2
57001    -4
57002     0
57003  -999
57004     0
57006    -1
57007     0
57008    -1
57011     0
57012     1
57014  -999
57016    -6
57020    -6
57021    -5
57022    -6
57023   -10
57024    -6
57025  -999
57026    -8
57027    -7
57028  -999
57029    -8
57030  -999
57031    -9
57032    -7
57033    -8
57034    -7
57035    -8
57036    -7
57037    -9
57038   -11
57039    -7
57040    -7
57042    -8
57043    -8
57044    -5
57045    -3
57046     0
57047    -7
57048  -999
57049  -999
57051    -7
57053    -8
57054    -4
57055    -2
57056    -5
57057    -9
57060    -5
57061    -8
57063   -10
57065    -8
57066    -7
57067    -3
57070    -9
57071    -9
57072    -5
57074    -4
57075   -10
57076    -1
57077    -5
57078    -7
57079    -7
57080    -3
57081    -4
57082     0
57083    -1
57085    -1
57086    -3
57087    -6
57089    -8
57090    -5
57091    -5
57093    -6
57094    -6
57095    -7
57096    -5
57098    -9
57099    -7
57102    -4
57105    -7
57106    -7
57110     0
57111     0
57113     0
57119     0
57124  -999
57126    -5
57127    -5
57128    -9
57129     0
57132    -9
57134    -2
57137    -6
57140    -9
57143    -8
57144    -6
57153    -3
57154  -999
57155    -4
57156    -4
57162    -5
57169     0
57173    -4
57175     0
57176    -6
57177    -5
57178     0
57179     0
57180    -3
57181    -6
57182    -7
57183    -7
57184    -8
57185    -6
57186    -5
57187     0
57188    -6
57189     0
57191    -6
57192    -1
57193    -6
57194    -3
57195    -2
57196     0
57198    -2
57206    -4
57208     0
57211  -999
57213    -5
57216     0
57217    -3
57231     1
57232    -2
57233     0
57237     0
57238  -999
57242     0
57245     0
57247     0
57248     1
57249     0
57251     0
57253     0
57254     0
57257    -1
57259     0
57260    -1
57261     0
57265    -3
57268     0
57271     0
57273     0
57274     1
57279     1
57281     0
57290    -4
57292    -1
57293     0
57294    -3
57295     0
57296     1
57297     1
57298     0
57299     1
57303    -1
57304    -5
57306     0
57307    -1
57308     0
57309    -3
57313    -1
57314     0
57315     0
57317    -3
57318    -2
57320    -4
57324    -5
57326    -8
57328    -9
57329   -12
57333     0
57339    -9
57343  -999
57345    -9
57348    -6
57349     0
57355     0
57361     0
57362     1
57363    -2
57368     0
57370     1
57377     1
57378     0
57385     0
57387     1
57388     1
57389     0
57390     0
57396     1
57398     1
57399     0
57401     0
57402    -1
57405    -3
57407    -2
57408    -4
57409     0
57411    -3
57413    -7
57414    -3
57415    -5
57416    -5
57417    -4
57420   -12
57425    -9
57426    -6
57431   -10
57432    -8
57438    -3
57447     2
57458     2
57460     1
57461     1
57464     0
57465     1
57466     1
57469     1
57475     1
57476     2
57477     1
57481     1
57483     1
57485     1
57486     1
57489     1
57491     1
57492     1
57494     1
57496     1
57498     2
57499     1
57505     0
57506     1
57507     0
57509     0
57510    -3
57511    -4
57513    -2
57514     0
57516     0
57518     0
57519     1
57522     0
57525     0
57537     0
57540     1
57541     1
57543     2
57544     1
57545     1
57554     1
57558     1
57562     1
57564     1
57565     1
57566     1
57571     1
57574     1
57575     0
57577     1
57582     1
57583     1
57584     1
57585     1
57586     1
57589     1
57590     2
57598     1
57603    -1
57605    -4
57606   -11
57608    -5
57609    -6
57614  -999
57623     0
57625  -999
57633     1
57634    -9
57635     2
57636     0
57637     0
57640     1
57643     1
57646     1
57647  -999
57649     1
57655     2
57657     2
57658     2
57661     1
57662     2
57663     1
57666     1
57669     1
57671     1
57674     1
57678     1
57680     1
57682     1
57687     1
57688     1
57694     0
57698     2
57699     2
57707   -12
57708   -14
57710  -999
57713   -13
57714    -6
57717   -10
57718  -999
57719     1
57720    -1
57722  -999
57723    -5
57728     1
57729  -999
57731     0
57732     1
57734    -1
57735     1
57736     0
57737     0
57738     1
57739     1
57740     1
57741  -999
57742     1
57743     1
57744     1
57745     1
57754     2
57760     1
57762     1
57763     1
57766     1
57767     1
57768     1
57769     1
57771     1
57772     1
57773     1
57774     0
57776     1
57777     1
57778     1
57780     1
57781     1
57786     1
57792    11
57793     2
57796    16
57798     1
57799     1
57800   -13
57803    -7
57805  -999
57806    -5
57807    -7
57808    -3
57809     0
57811     1
57813     0
57814    -2
57816     1
57818    -5
57821     0
57822     0
57824    -7
57825     0
57827  -999
57828     0
57829    -2
57832     1
57834     0
57835     1
57837     0
57839  -999
57840  -999
57842     0
57844    -2
57845     1
57846     1
57851     1
57853     1
57859     1
57860     1
57865     1
57866     1
57867     1
57868     2
57870     2
57871     1
57872     1
57874     1
57875    18
57876     1
57881     1
57882     1
57883     2
57886     2
57887     0
57891     2
57894     1
57895     1
57896     1
57899     1
57900    -7
57902    -8
57903    -4
57905    -9
57906    -9
57907  -999
57908   -13
57909   -11
57910  -999
57912  -999
57913    -5
57914    -1
57915     0
57916   -13
57921    -7
57922    -5
57923    -6
57926  -999
57927    -5
57932    -4
57936    -2
57941    -1
57942     0
57947     1
57948     0
57949     1
57954     0
57955     1
57956     0
57957     1
57960     0
57962     0
57964     0
57965     1
57966     0
57969     1
57971     0
57972     1
57973     0
57975     0
57976     1
57978     0
57981     1
57985     0
57988    -2
57989     1
57990     0
57991     0
57992     0
57993     0
57994     0
57995     0
57996     0
58001    -7
58002    -6
58003    -7
58004    -6
58005    -4
58006    -6
58007    -6
58008    -3
58011    -7
58012     0
58013    -3
58015     0
58016     1
58017     0
58020     0
58021     0
58022     0
58024     1
58025     1
58026  -999
58027     0
58030     0
58032     0
58034  -999
58035     0
58036     0
58038  -999
58040     0
58041     0
58044     0
58047  -999
58048     0
58049     0
58100     0
58101    -5
58102    -2
58104     0
58107    -1
58108     0
58109     0
58114     0
58117    -2
58118  -999
58122     0
58125    -1
58126    -2
58127    -1
58128    -2
58129    -1
58130  -999
58131     0
58132     0
58135  -999
58138     0
58139     0
58140     1
58141     1
58143  -999
58145     0
58146     1
58147     0
58148     0
58150    -1
58154    -1
58158  -999
58202     0
58203    -2
58205     1
58207     0
58208     1
58210    -1
58212     0
58214     1
58215     0
58220     0
58221    -2
58222     0
58223    -1
58224     0
58230    -2
58234    -1
58235     0
58236     0
58237     0
58238     0
58240    -1
58241    -2
58242    -4
58243     0
58244    -2
58245    -3
58247     0
58249     0
58250     0
58251    -2
58254    -1
58255  -999
58257     0
58259    -1
58264     0
58265     0
58268     0
58269    -1
58301     2
58306     1
58311     0
58314     1
58316     1
58317     1
58319    -3
58320     1
58321     1
58323     0
58326     0
58327     0
58329     0
58330    -2
58331     0
58334     0
58335    -3
58337     0
58338     0
58339     0
58340    -1
58341     0
58342    -1
58343    -2
58344    -1
58345    -1
58346     0
58352    -4
58353     0
58354  -999
58356  -999
58358     0
58360    -1
58361     0
58362     0
58365     0
58366    -1
58367     0
58369     1
58401     2
58402     1
58404     2
58407     2
58408     1
58409     2
58415     0
58416     0
58417     1
58418     1
58420    -3
58421     0
58424     0
58426     0
58427     0
58428     0
58431     0
58432     0
58433     0
58435     0
58436     0
58437     1
58438     0
58441     1
58442     0
58443     0
58446    -1
58448  -999
58449     0
58450  -999
58451    -5
58452     0
58453  -999
58454     0
58455    -3
58456    -6
58457    -5
58458    -4
58459    -5
58460    -2
58461    -1
58462     0
58463     0
58464    -2
58467    -4
58468    -2
58472    -4
58477    -9
58501     1
58502     1
58503     1
58506     1
58508     1
58509     1
58510     1
58514     0
58517     0
58519     1
58523     0
58527     0
58529     0
58530     0
58531     0
58534     0
58537     1
58542     0
58543     0
58544     1
58546     0
58547  -999
58548     1
58549     0
58550    -7
58553  -999
58556     0
58557  -999
58558     1
58559     0
58562    -2
58563     0
58565    -4
58567    -3
58569    -5
58570  -999
58601     1
58602     1
58605     1
58606     1
58608     1
58609     2
58612     0
58614    14
58615     1
58616     1
58618     1
58620     1
58624    15
58625    11
58626     1
58629    12
58631     1
58632     1
58633     1
58634     1
58635    12
58642     0
58643    -1
58644     1
58646     1
58647     1
58652  -999
58654     0
58656     1
58657    -1
58658     0
58659     0
58660    -2
58664     0
58665     0
58666     1
58667     1
58693     1
58701    15
58704    17
58706    15
58707    12
58710    15
58712    15
58713    16
58714    15
58715    12
58719    10
58724    11
58725     1
58730    10
58731     9
58735     9
58736     1
58737     0
58742  -999
58745    11
58746     0
58747     0
58748     1
58749     0
58750     0
58751     0
58752     1
58754     0
58760     1
58804     1
58813     8
58814     0
58819     0
58820     1
58821     1
58822     1
58823     0
58824     0
58826     0
58828     0
58834    -3
58836    -5
58839    -5
58844    -5
58845    -3
58846     0
58847    -3
58848    -6
58903    -1
58905     0
58906     0
58907     0
58911     0
58912     0
58917    -4
58918    -1
58921    -2
58923     0
58926    -4
58928    -4
58929    -5
58931    -2
58932    -8
58933     1
58934    -3
58935    -1
58941    -9
58942    -7
58944    -7
58946   -11
59001   -11
59004   -13
59007    -5
59012    -7
59015     0
59017   -10
59021    -4
59022    -1
59023    -1
59025     0
59027     0
59031    -3
59033     0
59034    -3
59037     1
59038     0
59041    -1
59044     0
59045     0
59046     0
59047     1
59051     0
59052     0
59053     1
59055     1
59057    -3
59058     0
59059     0
59061     0
59063     1
59064     0
59065     0
59071     0
59072     0
59074     1
59075    -2
59081     0
59082     0
59087     0
59088  -999
59090     1
59091    -2
59093    -2
59094    -6
59096    -7
59097  -999
59099    -8
59102     0
59106    -3
59107  -999
59109    -2
59114    -8
59116  -999
59117    -4
59122    -8
59124   -13
59125    -5
59126    -6
59127   -12
59130    -4
59131    -8
59133   -10
59134    -8
59137    -8
59205    -5
59209     0
59211    -9
59213    -6
59215    -6
59218    -3
59224    -5
59227    -1
59228    -1
59229     0
59230    -1
59235     1
59237     0
59238     1
59241     0
59242    -2
59246    -3
59249     0
59254    -3
59255     0
59256     0
59264    -1
59265     0
59266    -1
59268     0
59269     1
59270     0
59271     0
59276     0
59278     0
59279    -2
59280  -999
59284    -5
59285     1
59287    -2
59288    -1
59289  -999
59290    -2
59293    -7
59294    -4
59297    -7
59298   -11
59303   -11
59304  -999
59306  -999
59310    -9
59312   -14
59313   -10
59314   -12
59315    -5
59316   -12
59318   -11
59319   -19
59320   -14
59321   -11
59322   -14
59324    -9
59417    -5
59419     0
59421     0
59425     1
59426     1
59427     1
59429     2
59431     1
59435     1
59441     2
59446    -8
59448    -8
59449     1
59451     0
59452     0
59453     1
59454     0
59456     0
59457     1
59462     0
59469     0
59470     1
59471     1
59473    -2
59475     0
59476     0
59477    -2
59478    -4
59480    -1
59481    -3
59485  -999
59487    -5
59488  -999
59492   -11
59493   -13
59500   -13
59501   -14
59502   -16
59626    -2
59632     1
59640    -9
59644     1
59647     1
59650    -3
59653     0
59654    -5
59655     1
59656    -2
59658     2
59659    -4
59663     0
59664     1
59673    -3
59750     1
59754     0
59757    -2
59758     0
59838    -8
59842     0
59843     0
59845     0
59847    -2
59848     0
59849     1
59851    -3
59854     0
59855     0
59856    -1
59940    -3
59941     0
59945     1
59948    -6
59951     1
59954     1
