	59017	-2.6372400000000003
	59750	-2.53236
	54513	-2.13147165
	54531	-2.1138078499999997
	57023	-2.0895798
	50739	-2.07418365
	57872	-2.0664
	54115	-2.055207
	57314	-2.03976
	54616	-2.0310983
	57022	-2.0158215
	56094	-2.0109281500000002
	59211	-1.92072
	56046	-1.9029164
	57128	-1.8871622
	54514	-1.87701745
	54613	-1.87534655
	57870	-1.87188
	54622	-1.8678275
	57868	-1.8631199999999999
	54603	-1.8488508499999998
	54851	-1.8415705
	57007	-1.8279646
	54236	-1.82163905
	59021	-1.81608
	57003	-1.8018269500000001
	54852	-1.79490465
	54532	-1.7947853
	57124	-1.79251765
	57176	-1.78646336
	54611	-1.76626065
	50913	-1.73785535
	54438	-1.72496555
	58118	-1.72452
	57127	-1.69679895
	59849	-1.6962
	59012	-1.6895999999999998
	54433	-1.68462525
	54472	-1.6823576
	57315	-1.68048
	59209	-1.66512
	54449	-1.66505185
	54505	-1.6537136
	59427	-1.65288
	54511	-1.6465526
	52998	-1.6365272
	57012	-1.6328273500000001
	54311	-1.63187255
	57025	-1.6315145
	50524	-1.62423415
	57119	-1.5952321
	57253	-1.59372
	53908	-1.5799553000000002
	57777	-1.5768
	54615	-1.5701686000000001
	54026	-1.56145605
	54399	-1.5613367
	58108	-1.54824
	57021	-1.54403095
	59419	-1.52328
	54113	-1.5211157499999999
	53927	-1.5186093999999999
	56880	-1.51416
	54601	-1.5026164999999998
	59429	-1.50156
	52825	-1.4947394
	54024	-1.4941426500000001
	54213	-1.49151695
	53730	-1.4899654
	54503	-1.4868623
	54494	-1.4862655500000002
	54610	-1.4794626
	57401	-1.4641199999999999
	57026	-1.46072465
	56095	-1.4589344
	54486	-1.4570248000000001
	54320	-1.4532056
	54628	-1.44950575
	54134	-1.4474768000000002
	53580	-1.4448511
	57865	-1.44168
	57408	-1.43976
	57016	-1.4391223
	59227	-1.43628
	54943	-1.43518375
	54334	-1.4338709
	54753	-1.425039
	54624	-1.413104
	57106	-1.4121492
	54507	-1.398782
	54533	-1.3952015
	52707	-1.38076015
	59015	-1.38036
	54327	-1.3710928
	56173	-1.36536
	56976	-1.36212
	54362	-1.3607093499999998
	54522	-1.3536677000000001
	54714	-1.3405392
	57024	-1.3403005
	54751	-1.3336169
	57020	-1.33087185
	57178	-1.32916608
	54828	-1.3283655
	59125	-1.3262399999999999
	54325	-1.3185788
	57037	-1.31750465
	54540	-1.3126113000000001
	50525	-1.3099855999999999
	50514	-1.3058083500000002
	54619	-1.3054503000000002
	57187	-1.30319552
	50928	-1.2955442499999998
	54493	-1.2923218
	54645	-1.2904122
	57008	-1.2880251999999999
	58117	-1.2879599999999998
	51855	-1.2811028999999998
	54326	-1.2808642
	54704	-1.2806255
	50647	-1.2801481
	52993	-1.269884
	54117	-1.2677357
	54527	-1.26403585
	57134	-1.2632004000000001
	50246	-1.2525782500000002
	57110	-1.2494751499999999
	54534	-1.24684945
	52515	-1.23921105
	59306	-1.2379200000000001
	53810	-1.2371821
	54132	-1.23419835
	54605	-1.2314533
	59025	-1.2293999999999998
	51826	-1.22918565
	54237	-1.2265599500000002
	57363	-1.22652
	54499	-1.2264406
	57087	-1.2254035200000002
	56966	-1.22376
	56092	-1.2215472500000002
	54226	-1.2145056
	58109	-1.2133200000000002
	54530	-1.2123573
	54602	-1.2123573
	54633	-1.2084187499999999
	57004	-1.20794135
	57871	-1.20696
	57261	-1.1991936
	59854	-1.19796
	57126	-1.1918291
	56184	-1.19004
	52995	-1.1861003
	50557	-1.18407135
	59319	-1.18176
	59023	-1.18092
	54135	-1.17905865
	54774	-1.1770297
	50658	-1.17619425
	59754	-1.17444
	54660	-1.1686752
	57002	-1.167243
	59425	-1.15692
	59426	-1.155
	54627	-1.15399515
	59218	-1.1526
	54612	-1.15256295
	57094	-1.15120192
	57194	-1.142944
	50656	-1.1425375500000001
	53705	-1.14158275
	54539	-1.14086665
	57099	-1.13947328
	53928	-1.13609265
	54429	-1.1343024
	57196	-1.1340876800000002
	59838	-1.1264399999999999
	54455	-1.12535115
	57048	-1.12463505
	54423	-1.12320285
	54861	-1.1220093500000001
	54437	-1.12153195
	54031	-1.1185482
	53584	-1.1152064
	59007	-1.1131199999999999
	58104	-1.10739904
	54764	-1.10553905
	57866	-1.1028
	54755	-1.09742325
	57198	-1.09638848
	57875	-1.09596
	59229	-1.09524
	57778	-1.08528
	54497	-1.0846528
	59213	-1.08456
	53903	-1.08405605
	57405	-1.08384
	53917	-1.08286255
	57189	-1.0805907200000002
	57001	-1.07594025
	51931	-1.0753435
	54596	-1.0752241500000002
	54719	-1.0737919500000002
	54836	-1.07235975
	54244	-1.07092755
	56985	-1.06872
	54510	-1.06830185
	54590	-1.06639225
	57317	-1.0661999999999998
	54766	-1.0653181
	54620	-1.06161825
	57195	-1.05701376
	57247	-1.0552927
	59001	-1.05504
	54027	-1.0507574
	57027	-1.05016065
	50527	-1.0466995000000001
	52986	-1.04610275
	54777	-1.04323835
	57213	-1.0424029
	57192	-1.03930112
	54702	-1.038345
	50434	-1.0377482500000001
	50603	-1.03559995
	52602	-1.0333323
	54218	-1.03273555
	54214	-1.03249685
	56886	-1.03248
	56885	-1.0308
	54752	-1.0299905
	54416	-1.0290356999999999
	59324	-1.02732
	54636	-1.02652935
	54363	-1.02056185
	54525	-1.0173394
	54041	-1.0159072
	50727	-1.0151911
	58660	-1.0149599999999999
	58125	-1.0146
	53845	-1.01292345
	57175	-1.0116550400000002
	53673	-1.0075527
	57156	-1.00507264
	57309	-1.00368
	52652	-1.0034948
	54778	-0.99907885
	58629	-0.99624
	54518	-0.9941854999999999
	50834	-0.98953085
	54371	-0.9882179999999999
	53929	-0.9870245
	57857	-0.9863999999999999
	56898	-0.9847199999999999
	50745	-0.98404075
	57211	-0.9839214000000001
	57029	-0.97950545
	58128	-0.9787199999999999
	53938	-0.9774765
	58007	-0.9767084800000001
	57185	-0.9761100800000001
	54142	-0.9710316
	50349	-0.96948005
	54386	-0.9693607000000001
	58100	-0.9684505600000001
	53475	-0.96637695
	54662	-0.96566085
	54432	-0.96470605
	54225	-0.9631545
	57606	-0.96276
	54039	-0.9623190500000001
	54517	-0.96040945
	59314	-0.9595199999999999
	54506	-0.9562322
	57186	-0.9540889600000001
	54707	-0.9532484499999999
	54535	-0.95014535
	57816	-0.94956
	57881	-0.94716
	56065	-0.94680355
	57254	-0.9457293999999999
	50618	-0.94513265
	53796	-0.94322305
	59215	-0.9425999999999999
	54430	-0.93964255
	57096	-0.93757312
	52983	-0.93701685
	58609	-0.9341999999999999
	57313	-0.93024
	54424	-0.92866235
	57789	-0.9283199999999999
	56196	-0.9194399999999999
	54398	-0.9144597
	59856	-0.9138
	54452	-0.9125500999999999
	54521	-0.9115953
	59316	-0.9077999999999999
	53576	-0.9044343
	54337	-0.8991829
	58122	-0.8987999999999999
	59230	-0.89844
	58608	-0.89232
	59124	-0.8896799999999999
	53582	-0.88879945
	57191	-0.8850336000000001
	54204	-0.8839061
	50431	-0.8836674
	59205	-0.8809199999999999
	50842	-0.8785353499999999
	57091	-0.8766560000000001
	54333	-0.8766257500000001
	59235	-0.8749199999999999
	54621	-0.8740000499999999
	57086	-0.87390336
	57306	-0.87336
	57042	-0.8717324000000001
	58004	-0.8670816000000001
	54434	-0.8667197
	57411	-0.8634000000000001
	57033	-0.86039415
	50548	-0.8555008
	54453	-0.85538145
	59269	-0.8547600000000001
	54431	-0.8543073
	59228	-0.85332
	59421	-0.85128
	50838	-0.8478624
	57093	-0.84709504
	57035	-0.8470269500000001
	50750	-0.8455947500000001
	57882	-0.84396
	54834	-0.8428497
	53881	-0.8416562000000001
	58658	-0.8408399999999999
	52818	-0.8404627
	54832	-0.8389111499999999
	58001	-0.8383584000000001
	57962	-0.83772
	50247	-0.8356887000000001
	54841	-0.8354499999999999
	54267	-0.83509195
	53821	-0.83127275
	54857	-0.8309147
	56183	-0.8277599999999999
	51827	-0.8268568
	59224	-0.82596
	53486	-0.82530525
	53579	-0.8232763
	53699	-0.8183829499999999
	57208	-0.81468
	54346	-0.81217675
	54765	-0.80907365
	54319	-0.80811885
	54470	-0.8058512
	54425	-0.8048964
	57318	-0.8011199999999999
	53925	-0.79976435
	57102	-0.7977354
	57206	-0.79728
	58664	-0.79692
	54569	-0.7949903500000001
	53926	-0.79379685
	54731	-0.7922452999999999
	56198	-0.7916399999999999
	59855	-0.7878
	54249	-0.7872326
	56164	-0.7854
	54608	-0.7822199
	57248	-0.7813844499999999
	54520	-0.78066835
	54349	-0.7772072
	57320	-0.77676
	57031	-0.77565565
	56029	-0.7736267
	53934	-0.76825595
	59321	-0.76728
	52633	-0.7670624500000001
	53968	-0.7670624500000001
	58704	-0.7663199999999999
	54436	-0.7634819500000001
	57028	-0.7632432499999999
	54614	-0.75799185
	56171	-0.7567200000000001
	56982	-0.74964
	56958	-0.7475999999999999
	53945	-0.74510205
	58027	-0.74196
	54853	-0.7403280499999999
	57113	-0.7392538999999999
	51829	-0.7384184500000001
	59237	-0.7372799999999999
	56172	-0.73608
	53696	-0.7356733999999999
	58126	-0.735
	53681	-0.73292835
	52895	-0.7323316000000001
	50939	-0.728035
	56871	-0.72768
	54321	-0.72600605
	57891	-0.7249199999999999
	53916	-0.71979985
	54335	-0.7175322
	54575	-0.71478715
	54597	-0.7125195
	56079	-0.70848
	54906	-0.7077454999999999
	57193	-0.70742848
	54374	-0.70428435
	57006	-0.70404565
	53487	-0.7032101999999999
	54626	-0.7005844999999999
	57971	-0.69804
	57251	-0.69612
	53490	-0.6956911499999999
	59322	-0.69408
	55690	-0.69234935
	53806	-0.68638185
	54644	-0.6831594
	54541	-0.6806530500000001
	59313	-0.67944
	56996	-0.6764399999999999
	56034	-0.67587905
	51058	-0.6755209999999999
	53785	-0.6752823
	57256	-0.6749999999999999
	53832	-0.67420815
	58212	-0.67272
	57274	-0.6726016000000001
	57197	-0.67236224
	57720	-0.67212
	50646	-0.6712244
	53499	-0.6708663500000001
	53725	-0.6688374
	56096	-0.66489885
	56109	-0.6585732999999999
	57407	-0.6549599999999999
	53707	-0.6545154
	57906	-0.6528
	58659	-0.65172
	57956	-0.6492
	57927	-0.64908
	50758	-0.6473544
	53959	-0.6473544
	54223	-0.64174495
	52988	-0.6405514499999999
	53848	-0.6405514499999999
	51633	-0.64007405
	59047	-0.63936
	53829	-0.63840315
	54604	-0.63792575
	57095	-0.63741568
	53574	-0.6344645999999999
	54012	-0.6332711
	57249	-0.6296400000000001
	54502	-0.6295712499999999
	58202	-0.62892
	56992	-0.62748
	55655	-0.6245585499999999
	50832	-0.6224102499999999
	53695	-0.6200232499999999
	57698	-0.6176400000000001
	54849	-0.6156073000000001
	50742	-0.61381705
	57030	-0.60593995
	52889	-0.60426905
	54584	-0.6036723
	59644	-0.6012
	56199	-0.5930399999999999
	53795	-0.5924534
	58017	-0.5922963200000001
	51839	-0.5905438000000001
	59266	-0.5905199999999999
	54428	-0.5888729
	57781	-0.58836
	57981	-0.58764
	57179	-0.58499584
	56097	-0.58488
	56386	-0.58212
	50425	-0.5820699500000001
	56984	-0.58068
	51704	-0.57801205
	57011	-0.5778927
	58619	-0.57648
	56192	-0.57634115
	53357	-0.5743122
	59320	-0.57048
	51708	-0.5692995
	57273	-0.56812096
	56973	-0.56796
	54709	-0.56774795
	53841	-0.56655445
	57014	-0.56559965
	54157	-0.5623772
	54234	-0.56178045
	53518	-0.5595128
	53594	-0.5595128
	57860	-0.55704
	51628	-0.5545001
	53666	-0.5523518
	53491	-0.55223245
	54454	-0.5502035000000001
	57735	-0.5466
	53948	-0.544236
	51886	-0.54196835
	58625	-0.54192
	53083	-0.54029745
	54701	-0.5397007
	59044	-0.53868
	53433	-0.5382685
	54940	-0.5377911
	56777	-0.5376
	57056	-0.53748288
	50755	-0.5373137
	58667	-0.53316
	57846	-0.53148
	52869	-0.52979465
	50442	-0.5296753
	53942	-0.5294366
	50632	-0.5278850500000001
	55664	-0.5233497500000001
	59470	-0.52128
	53797	-0.52120145
	58203	-0.5207999999999999
	57658	-0.51996
	59303	-0.5177999999999999
	53680	-0.51714355
	51717	-0.51571135
	52833	-0.5152339499999999
	57063	-0.5098368
	57183	-0.50792192
	56190	-0.50604
	57066	-0.50528896
	57129	-0.5027022
	54324	-0.4993604
	54708	-0.49828625
	52853	-0.49721210000000005
	54475	-0.49601860000000003
	54412	-0.4948251
	57090	-0.48721728000000003
	53488	-0.48133855
	54843	-0.47847415
	58665	-0.47735999999999995
	54922	-0.4764452
	58210	-0.47603999999999996
	56227	-0.47560975000000005
	53923	-0.47441625000000004
	53689	-0.47393885
	56788	-0.4734
	54607	-0.47274535
	53723	-0.4707164
	53446	-0.4695229
	53596	-0.46749395
	57292	-0.46555520000000006
	56084	-0.4599749
	54932	-0.4590201
	57308	-0.4584
	52982	-0.4540074
	57954	-0.45383999999999997
	59034	-0.45324
	56775	-0.45299999999999996
	53914	-0.45293325
	56018	-0.45245585
	53343	-0.45233650000000003
	53492	-0.45197845
	58107	-0.4482
	57307	-0.44556
	56080	-0.44434005000000004
	54726	-0.44266915
	54606	-0.44123694999999996
	57077	-0.44114048
	53674	-0.44052084999999996
	59318	-0.43968
	59304	-0.43932
	54276	-0.43861125
	56195	-0.43476
	54871	-0.4330018
	53910	-0.42954065
	59027	-0.42804000000000003
	59004	-0.42168
	54316	-0.4198733
	59647	-0.41532
	58742	-0.41412
	54945	-0.4136671
	53794	-0.41235425
	59431	-0.41124
	56994	-0.40968
	54308	-0.4096092
	58750	-0.40872
	52643	-0.40853505
	52884	-0.40495454999999997
	50445	-0.4045965
	58848	-0.40368
	56989	-0.4032
	58015	-0.40115999999999996
	57303	-0.39996
	57960	-0.39887999999999996
	50934	-0.3988677
	57825	-0.39864
	53697	-0.3974355
	53690	-0.3950485
	54254	-0.39349695
	59022	-0.393
	59293	-0.39155999999999996
	58013	-0.3906
	53944	-0.3902745
	57245	-0.3895584
	53599	-0.38872295
	57853	-0.38843999999999995
	54846	-0.3883649
	53611	-0.38717140000000005
	53399	-0.38705205
	58701	-0.38543999999999995
	57061	-0.3847844
	57874	-0.38388
	59310	-0.38088
	52842	-0.38012975
	53735	-0.3800104
	58646	-0.37608
	58635	-0.37091999999999997
	54844	-0.3673593
	54419	-0.36723995
	57076	-0.36717824000000004
	53780	-0.3668819
	54936	-0.36294335
	57646	-0.36036
	54703	-0.35912415
	57734	-0.3576
	57738	-0.35711999999999994
	54092	-0.35673715
	57814	-0.35519999999999996
	59664	-0.35472
	54156	-0.35244055
	58944	-0.35208
	52836	-0.35112770000000004
	53195	-0.34444410000000003
	50659	-0.34050555
	57217	-0.33924
	57915	-0.33755999999999997
	57370	-0.33347999999999994
	58752	-0.33336
	53799	-0.33191235
	54833	-0.3303608
	54519	-0.33000275
	57955	-0.32747999999999994
	56697	-0.32712
	53967	-0.32582550000000005
	53578	-0.3224837
	56774	-0.32112
	54331	-0.3186645
	56873	-0.31836
	59276	-0.31812
	57188	-0.31810944
	51707	-0.30302965000000004
	58008	-0.30267072000000006
	53457	-0.3024329
	54318	-0.30040395
	57052	-0.30004590000000003
	57719	-0.29832
	57038	-0.29777825
	59238	-0.29724
	58044	-0.29628
	57162	-0.29560960000000003
	50741	-0.29527190000000003
	57713	-0.2946
	54713	-0.29443645
	57972	-0.29244
	59758	-0.29112
	57729	-0.29052
	56091	-0.2893044
	58102	-0.28884
	54929	-0.2828595
	52985	-0.28274015
	54523	-0.2807112
	58614	-0.27924
	53602	-0.2776081
	57242	-0.276892
	57425	-0.27648
	54736	-0.2764146
	58652	-0.276
	57728	-0.2754
	54734	-0.274505
	56863	-0.27432
	54732	-0.272118
	54776	-0.2685375
	52996	-0.2671053
	59449	-0.26664
	56462	-0.26652
	57271	-0.26545024
	53192	-0.26519570000000003
	54722	-0.26519570000000003
	53593	-0.26316675
	53937	-0.26304740000000004
	58016	-0.26304
	56766	-0.26039999999999996
	54421	-0.25719925
	54914	-0.25433485
	54365	-0.25302199999999997
	53883	-0.25242525
	58637	-0.25104
	57098	-0.25084928
	57889	-0.24972
	53691	-0.24669644999999998
	59848	-0.24636
	53856	-0.24550295
	54623	-0.24526425
	54332	-0.24454815
	54476	-0.2437127
	57994	-0.243
	57811	-0.24263999999999997
	53692	-0.2406096
	57957	-0.23831999999999998
	54252	-0.2379839
	54259	-0.2377452
	57082	-0.23672704000000003
	52101	-0.23631300000000002
	56295	-0.23604
	52885	-0.23571625000000002
	59099	-0.23567999999999997
	57044	-0.2348808
	51571	-0.23428405
	58618	-0.23004
	54098	-0.229152
	57996	-0.22835999999999998
	57914	-0.22139999999999999
	59847	-0.22104
	56168	-0.21888
	54855	-0.21852985000000003
	54406	-0.2167396
	53682	-0.2157848
	59462	-0.21144
	54483	-0.21124949999999998
	54471	-0.21113015000000002
	54825	-0.21065275
	54528	-0.21017535
	54439	-0.210056
	51642	-0.20468525
	53790	-0.2036111
	57051	-0.20273792000000002
	53577	-0.2019402
	58654	-0.1998
	53619	-0.1988371
	51709	-0.1976436
	59254	-0.19764
	54248	-0.19513725
	52674	-0.1931083
	57041	-0.19227285
	53868	-0.18964715000000001
	50749	-0.18916975
	57909	-0.18888000000000002
	53955	-0.18630534999999998
	54618	-0.1852312
	57075	-0.1849056
	54816	-0.1828442
	59435	-0.18108
	57657	-0.18095999999999998
	53727	-0.18057655
	53588	-0.1795024
	59650	-0.17748
	57137	-0.1740123
	59092	-0.16620000000000001
	58847	-0.16427999999999998
	58710	-0.16247999999999999
	58647	-0.16116
	50861	-0.15909355
	53784	-0.1570646
	54102	-0.15694525
	53964	-0.15622914999999998
	52713	-0.15563239999999998
	57268	-0.1548
	56021	-0.15408085
	57835	-0.15191999999999997
	51818	-0.1513358
	53678	-0.15050034999999998
	57779	-0.15011999999999998
	53704	-0.1477553
	53963	-0.14620375
	57776	-0.14484
	54187	-0.14477155
	57798	-0.14388
	59045	-0.14388
	52908	-0.14286195000000002
	54164	-0.1422652
	52863	-0.14190715
	54749	-0.14095235
	54632	-0.1382073
	57796	-0.13812
	57285	-0.13607616
	54205	-0.13426875
	57737	-0.13008
	51711	-0.1279432
	58034	-0.1269884
	54609	-0.1260336
	58623	-0.12456
	51802	-0.1231692
	57265	-0.12312
	57169	-0.12255232000000002
	53455	-0.12233374999999999
	56081	-0.12209505
	51655	-0.12185635
	54568	-0.11720169999999999
	56870	-0.11592
	54810	-0.11529210000000001
	51810	-0.11135355
	51572	-0.11063745000000001
	57105	-0.1095633
	50954	-0.1062215
	54640	-0.105028
	56045	-0.10156685
	56781	-0.10092
	53941	-0.1007314
	54351	-0.10061205
	53392	-0.1000153
	57324	-0.09876
	58605	-0.09587999999999999
	52557	-0.09416714999999999
	57089	-0.09406848000000001
	57991	-0.09227999999999999
	56881	-0.09179999999999999
	54072	-0.090706
	59242	-0.08964
	52607	-0.0890351
	57060	-0.08796095
	58214	-0.08519999999999998
	56688	-0.08171999999999999
	56016	-0.08068059999999999
	58666	-0.0798
	50833	-0.07960645
	54154	-0.07745815
	59941	-0.0744
	50950	-0.0742357
	56146	-0.0726
	50526	-0.06743275
	54738	-0.0654038
	57916	-0.05687999999999999
	56962	-0.053880000000000004
	56986	-0.051719999999999995
	51828	-0.0503657
	57990	-0.04836
	57402	-0.04788
	53798	-0.047859349999999995
	57257	-0.04632
	56844	-0.04548
	54705	-0.04427885
	56969	-0.04272
	57237	-0.04188
	57067	-0.04057152
	55773	-0.04045965
	50877	-0.0374759
	57942	-0.0372
	53498	-0.03687915
	59249	-0.03684
	52737	-0.0346115
	56285	-0.029039999999999996
	57216	-0.028319999999999998
	57034	-0.02804725
	54501	-0.0269731
	53783	-0.02566025
	58745	-0.02256
	52418	-0.0224378
	52546	-0.021363649999999998
	53732	-0.021363649999999998
	53519	-0.01993145
	54938	-0.0181412
	56876	-0.01764
	57894	-0.015479999999999999
	53817	-0.014918750000000001
	59951	-0.01236
	53789	-0.00990605
	50955	-0.005967500000000001
	58719	-0.00588
	59271	-0.004679999999999999
	54284	-0.0036998499999999998
	56093	-0.00226765
	57786	-2.4E-4
	54812	1.1935E-4
	50655	0.0019096
	56197	0.00432
	54835	0.00513205
	51053	0.0076384
	56889	0.00888
	54064	0.0102641
	53850	0.01157695
	53610	0.015634850000000002
	54617	0.0186186
	58101	0.020465280000000002
	56152	0.022199999999999998
	58113	0.022319999999999996
	59851	0.02244
	57949	0.0246
	54717	0.02542155
	54243	0.02589895
	54274	0.0274505
	54811	0.028644
	50858	0.0305536
	52875	0.0319858
	59502	0.03252
	52745	0.0346115
	58712	0.035399999999999994
	53792	0.0365211
	57754	0.03708
	56395	0.0372
	54579	0.0374759
	57278	0.03864
	53947	0.0396242
	54935	0.04022095
	52862	0.04404015
	52656	0.0479787
	54826	0.05000765
	53998	0.050864000000000006
	57281	0.05182144
	50844	0.05239465
	59417	0.05328
	57988	0.0582
	56297	0.05964
	59312	0.06011999999999999
	56977	0.06323999999999999
	59280	0.0642
	52866	0.0661199
	54842	0.07053585
	50940	0.0723261
	59065	0.0726
	56867	0.07608
	53773	0.07626465
	50948	0.07650335000000001
	59133	0.08052000000000001
	57717	0.08076
	57414	0.081
	59241	0.08363999999999999
	58643	0.08544
	50468	0.08700615
	50136	0.09273495000000001
	53483	0.09345105
	59948	0.0936
	57948	0.09492
	57827	0.09516
	59673	0.09827999999999999
	57964	0.09924
	57040	0.0995379
	54921	0.09965725
	58626	0.10008
	58130	0.10128
	54837	0.10299905000000001
	57769	0.10379999999999999
	53478	0.1040732
	56286	0.10416
	59264	0.10584
	50788	0.1059828
	57294	0.10639552000000002
	58036	0.10919999999999999
	53614	0.10968264999999999
	54186	0.10968264999999999
	57867	0.11027999999999999
	53698	0.11171160000000001
	58940	0.11352
	59031	0.11375999999999999
	58040	0.11399999999999999
	50960	0.11612755
	54094	0.1162469
	59845	0.11675999999999999
	59107	0.11735999999999999
	57845	0.11807999999999999
	57818	0.12072
	50353	0.1229305
	54716	0.12376595
	59046	0.12431999999999999
	54377	0.12448205000000001
	59656	0.12468
	53978	0.12494592000000002
	56290	0.1266
	57182	0.12674112
	56296	0.1308
	56598	0.13176
	57437	0.13176
	57043	0.1320011
	57085	0.13224640000000001
	54165	0.1324785
	50983	0.1329559
	58472	0.13332
	57431	0.1338
	57913	0.13535999999999998
	59278	0.13535999999999998
	54718	0.13665575
	54261	0.13689445
	59096	0.14112
	57649	0.14135999999999999
	57614	0.14196
	57079	0.14708672
	58224	0.14759999999999998
	53484	0.1477553
	59081	0.14856
	59500	0.14928
	58644	0.14987999999999999
	54723	0.1501423
	50973	0.15038100000000001
	56181	0.15791999999999998
	50756	0.1589742
	57081	0.16192704000000002
	53763	0.16231600000000002
	54161	0.16386755
	58205	0.1639616
	54800	0.16565780000000002
	52447	0.1699544
	58215	0.17004
	53693	0.17043180000000002
	58624	0.1722
	56263	0.17316
	58634	0.17328
	58207	0.17509184000000003
	51076	0.1771154
	54266	0.18296355
	54474	0.1847538
	56186	0.18552
	58813	0.18648
	57177	0.18658112000000002
	51060	0.18785690000000002
	50946	0.1919148
	54347	0.1943018
	59093	0.195
	56991	0.19524
	57132	0.1974049
	59842	0.19871999999999998
	52972	0.19991125
	57739	0.20220000000000002
	59094	0.20316
	53893	0.20325305000000002
	57032	0.2040885
	56970	0.20543999999999998
	57361	0.2058
	59265	0.20616
	57279	0.20928
	54401	0.2098173
	59659	0.21084
	57851	0.21192
	53852	0.21351715000000002
	53896	0.2141139
	55437	0.21471065
	56878	0.21552000000000002
	54049	0.21566545
	53772	0.2167396
	50937	0.21864920000000002
	54290	0.21948465
	56272	0.21984
	56390	0.22044
	56869	0.22211999999999998
	58934	0.22332
	56882	0.22332
	56067	0.22354255
	58918	0.2256
	53467	0.2270037
	56493	0.22776
	59298	0.23147999999999996
	53957	0.23356795000000002
	58005	0.23397440000000003
	56872	0.2388
	54420	0.24705449999999998
	52765	0.24765125
	56284	0.24779999999999996
	55585	0.250635
	56768	0.25128
	56071	0.25314135
	53590	0.25457355
	53950	0.2573186
	57821	0.258
	52868	0.2587508
	57947	0.25992
	57973	0.25992
	53391	0.26054105
	54819	0.26459895
	59130	0.26568
	58942	0.26616
	57912	0.26927999999999996
	54260	0.27008905
	51629	0.27032775000000003
	56180	0.27108
	59063	0.27155999999999997
	54063	0.27366955
	53915	0.27390825
	56189	0.28308
	58845	0.28416
	53961	0.28417235
	56391	0.28512
	56267	0.28596
	53979	0.28627456
	53983	0.28806976
	53336	0.2895431
	54273	0.28990115
	57921	0.29124
	52784	0.29276555
	56125	0.29395905
	54730	0.29467515
	56793	0.29712
	57072	0.29931968000000003
	56182	0.30119999999999997
	57941	0.30168
	59843	0.30168
	54404	0.30279095
	54631	0.30326835
	59757	0.30383999999999994
	58846	0.30456
	57903	0.30528
	50987	0.30649079999999995
	59663	0.3066
	59091	0.30851999999999996
	56752	0.31188
	54911	0.31400985
	57144	0.31400985
	51716	0.31436790000000003
	57070	0.31655360000000005
	57813	0.3186
	56082	0.31949995
	56151	0.3243933
	57647	0.32796
	58569	0.3282
	54908	0.32880925000000005
	54737	0.3303608
	54715	0.33095755
	50936	0.33310585000000004
	57260	0.33779999999999993
	57829	0.33827999999999997
	56879	0.33827999999999997
	54909	0.34611499999999995
	58627	0.3474
	57604	0.34787999999999997
	57887	0.34944000000000003
	53892	0.35005355
	59451	0.35136
	53853	0.35148575
	57057	0.35148575
	58012	0.35268
	53895	0.3585274
	56147	0.35964
	56763	0.36011999999999994
	59134	0.36119999999999997
	50915	0.36151115
	56761	0.36228
	51777	0.36342075
	57655	0.36347999999999997
	52978	0.36485295
	54563	0.3649723
	57065	0.36514368
	53861	0.3659271
	54706	0.36652385
	57577	0.36719999999999997
	56875	0.36756
	56194	0.36828
	54829	0.3692689
	53677	0.36938825
	54900	0.371008
	56193	0.37128
	54822	0.37416225000000003
	57290	0.37567552000000004
	59640	0.37572
	57900	0.37704
	54801	0.37845885
	51815	0.3790556
	59475	0.38111999999999996
	56684	0.38375999999999993
	52980	0.384307
	54285	0.38442635
	54338	0.38442635
	57238	0.38466504999999995
	52679	0.38669400000000004
	56396	0.387
	53996	0.3886036
	57343	0.38943904999999995
	50767	0.39015515
	58843	0.39143999999999995
	50949	0.39146800000000004
	57896	0.39288
	54065	0.3957646
	50985	0.39636135
	54195	0.3964807
	57723	0.39827999999999997
	59033	0.399
	53420	0.40447714999999995
	58135	0.40547999999999995
	58546	0.40752
	57293	0.40894656
	57792	0.4116
	58748	0.41184
	56772	0.41279999999999994
	56144	0.41424
	57806	0.41579999999999995
	50778	0.4162928
	57053	0.4196346
	56767	0.42132000000000003
	53512	0.42405055
	53397	0.42452795000000004
	57184	0.42749696000000004
	59090	0.4296
	50853	0.42977934999999995
	53676	0.42977934999999995
	57074	0.43276288
	57045	0.43335985
	58127	0.43344
	53782	0.43479205000000004
	52974	0.4353888
	54823	0.4380145
	57054	0.43932735
	53899	0.43956605000000004
	58631	0.43992
	53781	0.44135630000000003
	57154	0.4418337
	56276	0.44508
	54905	0.44744315
	59122	0.44783999999999996
	57899	0.45324
	57985	0.45348
	59473	0.45468
	54712	0.46558435
	58041	0.46656
	53956	0.4668972
	57180	0.46938496
	54172	0.4704777
	59106	0.47184
	54047	0.47298405
	57635	0.47363999999999995
	53962	0.4738195
	52576	0.47560975000000005
	57232	0.47560975000000005
	54923	0.47656455
	56792	0.47687999999999997
	57416	0.47772
	52661	0.4788322
	50639	0.48324815
	54725	0.48336750000000006
	50958	0.48372555
	59127	0.48516
	58754	0.48612
	59270	0.48660000000000003
	54818	0.4883802
	53776	0.48945435000000004
	57883	0.49127999999999994
	59116	0.49127999999999994
	57743	0.4925999999999999
	57710	0.49272
	53615	0.49315420000000004
	59058	0.49319999999999997
	59446	0.4962
	59088	0.49632
	53738	0.49673470000000003
	54192	0.4969734
	58734	0.49979999999999997
	53517	0.5005539
	59653	0.50196
	52754	0.50664075
	50851	0.5091471
	51059	0.50950515
	54804	0.50950515
	59041	0.51336
	57822	0.51576
	51573	0.51762095
	58032	0.5184564
	53864	0.5220369
	58129	0.5224799999999999
	53612	0.5226336500000001
	58111	0.52395904
	57333	0.52416
	53984	0.52635264
	54803	0.5278850500000001
	57975	0.52932
	58222	0.53016
	56649	0.53196
	56785	0.5324399999999999
	57876	0.53304
	54724	0.5337332
	53276	0.5343299499999999
	53958	0.5344493
	57409	0.53928
	57908	0.54048
	54342	0.5416103
	53906	0.5430425
	53368	0.54602625
	58026	0.54852
	50978	0.5487713
	57722	0.55092
	54910	0.55223245
	58002	0.55247115
	56383	0.55296
	51722	0.55438075
	58568	0.5547599999999999
	51288	0.55509685
	58715	0.55512
	57809	0.55704
	52323	0.5597515
	53662	0.5602289
	57799	0.56148
	58030	0.565719
	58706	0.5676
	52313	0.57013495
	57758	0.57084
	54336	0.5716865
	53930	0.5718058500000001
	54830	0.5725219500000001
	54939	0.5788475
	53748	0.58135385
	53894	0.5817119
	57731	0.58248
	50878	0.5843376
	59082	0.5857199999999999
	53884	0.58612785
	56228	0.5907825
	59493	0.59568
	51705	0.6055819
	54301	0.6085656500000001
	56389	0.6097199999999999
	53618	0.61119135
	50787	0.6125041999999999
	59038	0.6137999999999999
	58735	0.61428
	52424	0.6148912
	57824	0.61644
	57362	0.62028
	57834	0.62088
	53378	0.6265875000000001
	55248	0.62694555
	53890	0.6289745
	54286	0.6304067
	54711	0.63267435
	52876	0.6335098
	51495	0.6356581
	59037	0.6364799999999999
	54171	0.637329
	54339	0.6386418500000001
	51811	0.64031275
	58746	0.64116
	51814	0.64341585
	54927	0.64449
	59477	0.64584
	57844	0.6468
	58003	0.64699635
	53857	0.6490252999999999
	57886	0.64944
	54815	0.6496220500000001
	52896	0.6514122999999999
	57718	0.6516000000000001
	59476	0.65328
	53337	0.6566637000000001
	59457	0.6584399999999999
	53786	0.6590507
	58927	0.66012
	58656	0.66084
	52446	0.66084095
	59059	0.66252
	53665	0.66298925
	53469	0.66895675
	59448	0.6714
	54169	0.6717018
	55294	0.67182115
	53854	0.67253725
	56593	0.67536
	57974	0.6774
	59064	0.67848
	51644	0.67898215
	57326	0.68112
	53859	0.6814884999999999
	56106	0.6817272000000001
	57926	0.68196
	54080	0.68399485
	57966	0.68652
	57514	0.69036
	53660	0.69091715
	52968	0.6912752000000001
	58555	0.69192
	56851	0.6925199999999999
	56862	0.69552
	50945	0.6955718
	56178	0.699
	51720	0.7022554000000001
	52984	0.7022554000000001
	54292	0.7029715
	58132	0.70644
	53505	0.7069100500000001
	54817	0.7088646400000002
	56757	0.70992
	59453	0.71016
	53757	0.7102518499999999
	53954	0.7122808
	53466	0.7126388499999999
	56764	0.7163999999999999
	56137	0.71693545
	58455	0.71712
	50871	0.71717415
	57958	0.71736
	53348	0.7176515499999999
	56786	0.71808
	57080	0.71831936
	54293	0.7194418
	50867	0.7212320499999999
	57837	0.72312
	58047	0.7242000000000001
	59052	0.72468
	53740	0.7262447500000001
	57155	0.72815435
	56399	0.72924
	58929	0.72948
	57084	0.7345958400000001
	50854	0.7347186
	58657	0.735
	57766	0.73608
	59256	0.73632
	58223	0.7383599999999999
	56961	0.7384799999999999
	57910	0.7386
	51068	0.73913455
	57600	0.73944
	57339	0.7404
	56778	0.74064
	55493	0.74104415
	53513	0.7425957
	51765	0.74653425
	53770	0.74677295
	59478	0.7477199999999999
	51356	0.7477277499999999
	56995	0.74844
	53788	0.7490406000000001
	57808	0.75132
	50566	0.7516663
	51330	0.751905
	54820	0.75250175
	50979	0.7547693999999999
	53975	0.7557242
	53891	0.75703705
	58751	0.76008
	52657	0.76037885
	50956	0.76061755
	53685	0.76157235
	51477	0.7632432499999999
	58208	0.76367808
	51156	0.7640787
	54727	0.76443675
	53352	0.76610765
	53970	0.7681366
	59481	0.7699199999999999
	58468	0.77388
	58457	0.7752
	58024	0.7764911
	57992	0.7812
	58547	0.7831199999999999
	56944	0.78372
	58147	0.7841999999999999
	50776	0.78424885
	53775	0.78687455
	58714	0.7876799999999999
	59441	0.7876799999999999
	53976	0.78854545
	51358	0.7898583000000001
	56394	0.7916399999999999
	53759	0.7927227
	57520	0.79464
	57173	0.7981459200000001
	54925	0.7986902
	58045	0.7998
	54814	0.8003610999999999
	58035	0.8021999999999999
	54919	0.8072834
	56289	0.8083199999999999
	52575	0.80859625
	58642	0.81204
	54093	0.81217675
	51639	0.8132509
	57995	0.8154
	56854	0.81972
	52955	0.82172475
	59297	0.82224
	56223	0.8223214999999999
	53663	0.8230376
	57803	0.8242799999999999
	56674	0.82536
	59469	0.8286
	57911	0.83076
	53949	0.8316308
	54410	0.8366435
	58632	0.83772
	58616	0.83796
	58917	0.83976
	56387	0.8410799999999999
	56382	0.84324
	59137	0.84444
	56840	0.846
	56782	0.8466
	54710	0.84678825
	57328	0.84756
	58146	0.8494799999999999
	56592	0.85044
	58145	0.8509199999999999
	52533	0.85108485
	59109	0.8528399999999999
	53472	0.8538299
	53231	0.8543073
	54700	0.8547847
	58932	0.8560800000000001
	57295	0.8563104000000001
	50964	0.8602748
	59279	0.86064
	57523	0.8607600000000001
	53324	0.8660036
	59246	0.86604
	59075	0.8661599999999999
	58615	0.87396
	56185	0.87396
	59452	0.87432
	58463	0.8772
	53562	0.8772225
	57297	0.87833152
	59655	0.87864
	57663	0.8809199999999999
	57181	0.88120384
	58025	0.8812804
	56883	0.8821199999999999
	57153	0.8825932500000001
	54729	0.88319
	59074	0.8834399999999999
	51804	0.8858157
	58006	0.88706816
	58453	0.89028
	56298	0.89112
	59072	0.89136
	59501	0.8934000000000001
	56158	0.8958
	56755	0.8958
	57832	0.897
	53480	0.8977507
	51369	0.899899
	56033	0.9026440499999999
	56836	0.9027599999999999
	50673	0.90336015
	50674	0.90479235
	53419	0.90980505
	51627	0.9099244
	58020	0.9102824500000001
	58707	0.91164
	58905	0.91644
	58361	0.918
	56835	0.9228
	58138	0.9266399999999999
	59658	0.92856
	50873	0.93176545
	51467	0.93510725
	59113	0.9373199999999999
	57767	0.93768
	54181	0.9382103500000001
	53993	0.93876992
	59284	0.93984
	50880	0.9435811
	53897	0.94441655
	52112	0.95038405
	59126	0.9564
	56043	0.9576644
	53553	0.95873855
	53982	0.96091072
	57745	0.9679199999999999
	52797	0.9695994
	50963	0.96971875
	58760	0.9712799999999999
	58804	0.9715199999999999
	56975	0.9766799999999999
	56987	0.97716
	58116	0.97764
	54806	0.9801022
	53992	0.9852057600000002
	59290	0.9908399999999999
	59285	0.99516
	53644	0.99716925
	56665	0.9980399999999999
	51468	1.0017045500000001
	57708	1.00572
	57768	1.0074
	57774	1.008
	59940	1.00812
	57049	1.00934295
	57772	1.01136
	53687	1.01435565
	53481	1.014475
	58935	1.01676
	59114	1.01688
	53877	1.019249
	54263	1.0196070499999998
	53869	1.02080055
	59294	1.0218
	56891	1.02216
	58542	1.02444
	58837	1.02444
	58220	1.0248
	56498	1.0248
	56378	1.0254
	58548	1.0282799999999999
	56745	1.0284
	52681	1.03488385
	58824	1.03524
	56373	1.03728
	56948	1.03968
	58131	1.04052
	58038	1.04412
	52203	1.0463414500000001
	57744	1.04676
	58633	1.047
	56444	1.0522799999999999
	57204	1.05528
	55578	1.05636685
	52267	1.0665116
	52874	1.0667503
	59055	1.06704
	53565	1.0711662499999999
	57640	1.07124
	58557	1.07304
	59061	1.07388
	58941	1.07484
	56499	1.0755599999999998
	51581	1.07665635
	54408	1.07713375
	57233	1.0774918
	54802	1.07999815
	57432	1.0808399999999998
	59945	1.08468
	56278	1.0872
	58725	1.0928399999999998
	56954	1.09608
	58806	1.0974
	54821	1.09766195
	55680	1.09802
	51087	1.09813935
	57525	1.0986
	59492	1.09932
	53289	1.1030327
	55228	1.1085228
	50879	1.1111485
	57143	1.11270005
	58221	1.1172
	58928	1.11984
	59071	1.1241599999999998
	50953	1.124277
	53384	1.1271414
	54903	1.12870208
	51463	1.1295284
	56381	1.1321999999999999
	52787	1.13442175
	57517	1.13592
	57840	1.13784
	59087	1.13796
	57699	1.13916
	54096	1.1399118499999998
	57047	1.14229885
	58544	1.1423999999999999
	59053	1.14276
	53617	1.143373
	58460	1.1435
	56434	1.1464761
	58458	1.1468399999999999
	58367	1.1476
	58448	1.14792
	50564	1.15208555
	51431	1.1543531999999999
	53953	1.1594852500000001
	58464	1.16532
	58844	1.16724
	56742	1.1677199999999999
	58911	1.16844
	53981	1.1687945499999999
	53973	1.1689139000000002
	57969	1.17156
	54902	1.1737017600000001
	57415	1.1778
	58021	1.17810385
	57932	1.1823599999999999
	57259	1.18308
	53966	1.1849068
	54916	1.18574225
	58612	1.18728
	53367	1.1878905499999999
	53879	1.1884873
	57519	1.1892
	56288	1.1904
	59288	1.1920799999999998
	59954	1.1956799999999999
	57510	1.1982
	58749	1.20288
	56951	1.20576
	53754	1.2065091499999998
	53575	1.20722525
	51526	1.2075833
	51542	1.2097316
	50962	1.2116412
	53522	1.21271535
	58744	1.21308
	53543	1.2134314499999999
	58519	1.21404
	58620	1.21416
	59255	1.2144
	57296	1.21666688
	51377	1.2180860999999998
	56838	1.2194399999999999
	50965	1.2214279000000001
	56004	1.2217859500000001
	58369	1.2228
	58449	1.22316
	57083	1.2245657600000002
	58240	1.2253199999999997
	58467	1.22844
	56188	1.22952
	52957	1.2315726500000002
	53791	1.23467575
	58921	1.23504
	51378	1.2371821
	56312	1.2376595
	57522	1.23852
	57502	1.2387599999999999
	52963	1.23992715
	57905	1.24368
	51482	1.2451785499999999
	53991	1.24562944
	50852	1.2469687999999999
	54904	1.2475655499999998
	57466	1.25172
	53866	1.2517428
	54069	1.2526976
	51568	1.2531750000000001
	56167	1.2533999999999998
	58730	1.2570000000000001
	54291	1.2591424999999998
	57605	1.26084
	54808	1.2639164999999999
	57513	1.26732
	57740	1.2685199999999999
	57574	1.26972
	57603	1.2779999999999998
	51359	1.2820577
	57907	1.28352
	51436	1.2836092499999998
	53272	1.2857575499999998
	57671	1.28664
	54907	1.2870704
	56187	1.28868
	57661	1.28952
	50779	1.29029285
	58225	1.2946799999999998
	54920	1.31487895
	57895	1.3191599999999999
	54805	1.32323345
	57841	1.3244399999999998
	58141	1.32576
	59454	1.32792
	53502	1.3300364
	51186	1.3336169
	59456	1.3418400000000001
	59480	1.3435199999999998
	51334	1.3460292999999999
	50774	1.3477002
	54915	1.3485356499999999
	59315	1.3526399999999998
	51328	1.35545795
	58462	1.3557
	51567	1.355816
	54231	1.3565321000000001
	54917	1.35712885
	59131	1.3572
	56596	1.3579199999999998
	58549	1.36128
	58819	1.36128
	57679	1.3619999999999999
	59471	1.36248
	57732	1.3662
	59654	1.36692
	57696	1.3677599999999999
	58365	1.3685
	57859	1.3750799999999999
	51133	1.3782538
	58484	1.3825199999999997
	56376	1.3865999999999998
	58736	1.38804
	51469	1.39460475
	57612	1.3959599999999999
	56950	1.3974
	53564	1.3985433
	58926	1.40088
	51636	1.4015270499999999
	51352	1.4026012
	53756	1.4123879
	59488	1.41504
	58543	1.4185199999999998
	56849	1.41888
	58456	1.42536
	54208	1.42730665
	53898	1.43113344
	59051	1.4337600000000001
	56357	1.43484
	50859	1.43661595
	57609	1.43712
	54918	1.43780945
	58011	1.44091255
	57902	1.44204
	57304	1.44384
	57637	1.4465999999999999
	57071	1.4487264
	56739	1.4530800000000001
	56374	1.45488
	57842	1.45632
	58143	1.4624399999999997
	56746	1.464
	51434	1.46478255
	56669	1.4691599999999998
	53995	1.4691916800000002
	56748	1.4693999999999998
	50862	1.4749273
	54807	1.4763595
	57359	1.47744
	58570	1.47756
	57055	1.4811335
	53771	1.4900847499999998
	57575	1.49664
	56384	1.51056
	52645	1.5128806000000001
	56565	1.51356
	58139	1.5151199999999998
	57566	1.51584
	58362	1.5179
	58048	1.52412
	56691	1.5258
	55591	1.5260091
	58148	1.527
	51379	1.52970895
	56790	1.5302399999999998
	58731	1.53192
	56952	1.53324
	53874	1.53519905
	53529	1.5362732
	57634	1.5378
	57417	1.5446399999999998
	58022	1.5505951999999998
	58903	1.55808
	53751	1.5594271
	57584	1.56096
	57046	1.57100405
	58452	1.57464
	51437	1.57768765
	56843	1.5809999999999997
	58565	1.58256
	56670	1.58388
	58049	1.5855599999999999
	58923	1.58688
	53753	1.5917709500000001
	56473	1.5942
	56751	1.59432
	56128	1.5947547
	57348	1.59864
	50968	1.6011996
	53871	1.6074058
	59117	1.6121999999999999
	53787	1.6133733
	58828	1.61676
	58906	1.6184399999999999
	53149	1.6206536500000002
	51701	1.6341402
	58461	1.6349
	51243	1.6371239499999999
	58550	1.6377599999999999
	51329	1.63807875
	53888	1.6453591
	51367	1.6475074
	53463	1.6484622
	56307	1.6564586499999998
	59097	1.6588800000000001
	58558	1.65924
	58567	1.6599599999999999
	57707	1.6605599999999998
	57349	1.6652399999999998
	57793	1.6668
	56654	1.67076
	53545	1.6708999999999998
	55593	1.67125805
	58537	1.6725599999999998
	56281	1.67532
	57965	1.6755600000000002
	57558	1.6764
	59317	1.6782000000000001
	56756	1.68708
	59268	1.68936
	57298	1.6929932800000003
	51559	1.6966796
	51145	1.6973957
	51137	1.7033632
	51465	1.71112095
	57505	1.71264
	56652	1.71732
	55589	1.7195948
	58622	1.7214
	57329	1.7236799999999999
	56279	1.72548
	56842	1.7288400000000002
	57511	1.7325599999999999
	56595	1.7364
	59102	1.73892
	58820	1.7394
	56116	1.7417939
	50888	1.7511032
	58907	1.75536
	53862	1.75933835
	50892	1.7606512
	57469	1.76784
	57438	1.77024
	56675	1.7711999999999999
	56074	1.77533125
	53777	1.7761666999999999
	57506	1.77864
	57936	1.7793599999999998
	58818	1.7841599999999997
	54912	1.7861920999999998
	53885	1.7866695000000001
	57923	1.7894400000000001
	53882	1.7976497
	51353	1.799798
	51357	1.8014689000000002
	57516	1.80216
	59057	1.80384
	51238	1.8040946
	53875	1.8119717
	58814	1.81368
	56543	1.815
	53878	1.8222357999999999
	53764	1.8239067
	58529	1.82496
	57476	1.8271199999999999
	56492	1.8286799999999999
	57680	1.8312
	56964	1.83228
	53664	1.835603
	58559	1.84092
	56651	1.84872
	58823	1.8544800000000001
	53774	1.8630535
	56251	1.8639599999999998
	57993	1.8648
	53567	1.8659179
	53872	1.86603725
	56839	1.86924
	56247	1.87392
	58301	1.8770611200000002
	58822	1.8774
	57381	1.8774
	56584	1.87968
	50884	1.8823881999999998
	58834	1.8857999999999997
	58933	1.8864
	53659	1.8897879
	58606	1.8931199999999997
	59487	1.90116
	50775	1.90208095
	58356	1.9045199999999998
	57039	1.9103161
	58836	1.91292
	58477	1.9158
	58826	1.9172399999999998
	56475	1.9221599999999999
	53889	1.92397568
	56594	1.93212
	52495	1.9387214000000002
	51232	1.95244665
	56641	1.9607999999999999
	52943	1.96629125
	57763	1.9676399999999998
	56443	1.97112
	51656	1.9754812
	51365	1.9761973
	58459	1.97748
	58236	1.97928
	58235	1.9895999999999998
	58562	1.9897199999999997
	58451	1.99272
	56273	1.99416
	56693	1.99764
	57773	2.01552
	56548	2.0225999999999997
	53974	2.02283136
	57752	2.02404
	58693	2.04168
	57800	2.0419199999999997
	50772	2.04721055
	51346	2.048046
	56646	2.05176
	53997	2.05478592
	52856	2.0583101
	53464	2.0592649
	57420	2.06112
	56578	2.06196
	57507	2.0638799999999997
	57780	2.07216
	56483	2.0743199999999997
	57540	2.0744399999999996
	58602	2.07684
	57687	2.08284
	56202	2.08850565
	56571	2.08956
	53880	2.0914894
	56643	2.0972399999999998
	58821	2.10264
	57682	2.10504
	51470	2.1115402000000003
	56671	2.1297599999999997
	55299	2.1437647
	57541	2.14392
	55696	2.14507755
	56978	2.1468
	53750	2.14818065
	54076	2.1514031
	56582	2.1546
	58747	2.1563999999999997
	56856	2.15832
	57736	2.16708
	56569	2.16996
	58600	2.1704399999999997
	59289	2.1726
	57536	2.18196
	58938	2.18268
	57231	2.1862533
	58358	2.2023599999999997
	57390	2.2024710400000003
	58269	2.20248
	55472	2.2039171
	56496	2.21868
	58912	2.22276
	53760	2.22671295
	57669	2.22708
	56287	2.22744
	56586	2.2377599999999997
	58607	2.23944
	58366	2.2399
	56459	2.2550399999999997
	51241	2.2629953499999997
	57464	2.2638
	58438	2.26836
	57642	2.2686
	53768	2.2733788
	57688	2.27364
	57461	2.27664
	56664	2.29788
	53886	2.30858705
	57694	2.31804
	58150	2.32524
	56673	2.3260799999999997
	57585	2.32992
	53988	2.3337600000000003
	56257	2.33952
	53989	2.3468051200000004
	53865	2.3492854
	56533	2.3508
	57140	2.35179175
	57839	2.35716
	54901	2.3600896000000002
	56949	2.36256
	58446	2.37288
	58140	2.38176
	57662	2.38188
	51435	2.39571255
	56331	2.40072525
	56846	2.4069599999999998
	58454	2.40828
	56666	2.4119999999999995
	56489	2.41272
	53646	2.41480855
	57714	2.41512
	57565	2.41968
	58531	2.43252
	57355	2.4380399999999995
	53994	2.4412326400000004
	58503	2.44296
	59485	2.44572
	58230	2.4607200000000002
	53767	2.4621905
	56645	2.5057199999999997
	51433	2.51100465
	56480	2.5141199999999997
	58509	2.5165200000000003
	57625	2.5872
	57760	2.59368
	57805	2.59656
	56380	2.6200799999999997
	59287	2.64552
	56474	2.6801999999999997
	53860	2.68024295
	57554	2.6804399999999995
	57761	2.68632
	58234	2.68992
	55279	2.690149
	58931	2.6946
	58946	2.6983200000000003
	58563	2.7046799999999998
	56371	2.7056400000000003
	56567	2.70924
	58321	2.71752
	58241	2.72556
	51438	2.7288184
	57586	2.7313199999999997
	58601	2.73204
	53362	2.74731765
	57460	2.7486
	57509	2.75052
	58316	2.75604
	57458	2.7574799999999997
	57345	2.77428
	58323	2.7876
	58530	2.80116
	59635	2.80596
	57544	2.80764
	56487	2.80968
	57483	2.8097999999999996
	56342	2.8148697499999997
	57623	2.8296
	58527	2.8363199999999997
	53769	2.83993325
	53533	2.8454233500000004
	57396	2.84826432
	56946	2.8484399999999996
	58320	2.85648
	57771	2.86584
	57666	2.868
	56478	2.87592
	58839	2.8794
	58737	2.8935600000000004
	57742	2.90028
	58237	2.91012
	58377	2.9106
	58426	2.9183999999999997
	57439	2.9309999999999996
	57589	2.9362799999999996
	57581	2.9594400000000003
	56580	2.9680799999999996
	56585	2.98572
	57582	2.98992
	57562	2.99232
	57518	3.0021599999999995
	57636	3.0128399999999997
	58502	3.01368
	57595	3.01644
	58507	3.02664
	57643	3.0311999999999997
	56385	3.05364
	58158	3.0696
	57475	3.0974399999999997
	53651	3.10345805
	53547	3.1064418
	59632	3.1182
	58311	3.1261200000000002
	58247	3.13284
	57508	3.15516
	57387	3.1628399999999997
	58246	3.16956
	57741	3.17808
	58306	3.1973999999999996
	58354	3.2018400000000002
	57673	3.2239199999999997
	57571	3.22848
	58534	3.2286
	57368	3.23004
	57385	3.2332799999999997
	57678	3.23544
	58435	3.2486399999999995
	57358	3.25536
	58352	3.25968
	57590	3.30612
	58264	3.3110399999999998
	58244	3.32436
	58418	3.3306
	57564	3.3320399999999997
	59631	3.33924
	58242	3.34884
	57674	3.372
	58250	3.38964
	58436	3.40812
	58359	3.43104
	57537	3.4400399999999998
	57378	3.4658399999999996
	58428	3.48888
	57545	3.49248
	57598	3.51936
	58245	3.53448
	57447	3.56976
	57389	3.58764
	57762	3.59424
	57922	3.6096
	58243	3.6144
	57451	3.6414
	58500	3.6427199999999997
	57477	3.654
	58501	3.6768
	57481	3.7044
	57445	3.70512
	59626	3.7319999999999998
	58520	3.7419599999999997
	58317	3.74832
	58437	3.74952
	57462	3.76272
	58514	3.7895999999999996
	57543	3.7978799999999997
	53658	3.80022335
	57388	3.8099999999999996
	57633	3.81012
	58423	3.8150399999999998
	57583	3.8270399999999998
	58255	3.84192
	57499	3.8448
	58330	3.8611199999999997
	58336	3.8627999999999996
	57377	3.8678399999999997
	58329	3.8705999999999996
	58523	3.88092
	58512	3.8814
	58353	3.8826
	58517	3.9017999999999997
	56280	3.9075599999999997
	58327	3.9320399999999998
	58401	3.94524
	58402	3.94848
	57496	3.9534000000000002
	57608	3.95784
	58360	3.99444
	57482	4.03932
	58334	4.05036
	58408	4.0602
	58314	4.0847999999999995
	58443	4.09488
	58407	4.09908
	57486	4.11288
	58319	4.113
	58506	4.113
	58419	4.12524
	57498	4.1346
	57491	4.13484
	58238	4.14312
	58420	4.14456
	57395	4.1537999999999995
	58249	4.17
	57489	4.18368
	58331	4.19112
	58404	4.19148
	58251	4.2133199999999995
	58424	4.2204
	57399	4.226999999999999
	58421	4.2288
	58429	4.23156
	58508	4.23876
	57485	4.240799999999999
	57573	4.24152
	58432	4.26756
	58351	4.29264
	57398	4.294919999999999
	53986	4.29507584
	58510	4.303439999999999
	58337	4.3052399999999995
	58450	4.3104
	58335	4.31832
	58343	4.385999999999999
	57494	4.38996
	58341	4.4002799999999995
	58342	4.43112
	58414	4.4394
	58257	4.467359999999999
	58431	4.47288
	58344	4.4778
	58326	4.5161999999999995
	58427	4.52436
	58338	4.52856
	58265	4.53492
	58409	4.53696
	58254	4.54284
	57492	4.57092
	57493	4.57872
	58416	4.62828
	58441	4.66776
	58345	4.69008
	58268	4.75596
	58346	4.78044
	58339	4.790039999999999
	58259	4.81056
	58417	4.853280000000001
	58433	4.86252
	58340	4.95048
	58442	5.2224
	53985	5.3636985600000004
