	56962	-3.42808362
	57274	-3.24768
	56948	-3.18189744
	56969	-3.1576492800000002
	56688	-3.1424941800000004
	56964	-3.12329772
	57273	-3.0823199999999997
	57271	-3.0143999999999997
	57065	-2.98656
	57078	-2.94708
	57074	-2.93004
	56767	-2.90349264
	57076	-2.89716
	57070	-2.89608
	57056	-2.89188
	57063	-2.8802399999999997
	56961	-2.85769056
	56693	-2.83647342
	57084	-2.82372
	57080	-2.81784
	57066	-2.81052
	57175	-2.7942
	56959	-2.7913449
	57072	-2.77992
	56950	-2.76260634
	56748	-2.74520604
	54904	-2.74152
	57187	-2.73684
	56844	-2.7296019000000005
	56768	-2.7234276000000004
	56761	-2.7165797400000002
	57186	-2.6968799999999997
	57081	-2.68056
	56867	-2.67246156
	54824	-2.6718
	57162	-2.67048
	56856	-2.6696550599999997
	57281	-2.6690400000000003
	57293	-2.65896
	58214	-2.6552857800000003
	56949	-2.65506126
	57188	-2.6526
	57295	-2.6502
	56954	-2.6450701199999997
	54828	-2.61996
	56766	-2.6173419000000004
	57082	-2.61624
	53998	-2.6142
	57285	-2.6124
	54825	-2.5968
	57370	-2.59522668
	57185	-2.5644
	53864	-2.53968
	56835	-2.5376373
	54836	-2.52828
	57298	-2.5239599999999998
	57169	-2.5150799999999998
	57279	-2.48756934
	57083	-2.48148
	57177	-2.4787199999999996
	57363	-2.47275102
	57193	-2.46516
	57178	-2.4594
	57071	-2.4576
	54831	-2.4551999999999996
	58223	-2.45355456
	54822	-2.45136
	57179	-2.4465600000000003
	54935	-2.4453599999999995
	56739	-2.4321129000000004
	56975	-2.42043786
	57297	-2.4142799999999998
	56966	-2.41235514
	57085	-2.39508
	53972	-2.3882399999999997
	56843	-2.38429014
	56764	-2.3766564600000004
	54744	-2.37552
	54936	-2.37432
	57079	-2.36292
	54731	-2.35848
	56673	-2.35487802
	57075	-2.34576
	53984	-2.34444
	56643	-2.34151908
	57290	-2.3412
	53994	-2.3375999999999997
	57090	-2.334
	56977	-2.33208924
	58104	-2.33004
	58118	-2.3293950000000003
	57254	-2.32668
	57087	-2.32536
	54833	-2.32224
	54925	-2.31708
	57061	-2.3135999999999997
	56793	-2.3003196600000004
	57067	-2.30004
	57294	-2.29932
	53987	-2.29656
	54841	-2.2874399999999997
	57292	-2.28576
	54765	-2.2843199999999997
	56952	-2.28359292
	58202	-2.28247032
	58220	-2.2802251200000003
	54737	-2.27976
	57156	-2.27628
	54832	-2.26776
	53978	-2.26536
	53995	-2.26308
	56870	-2.2494658800000003
	58207	-2.24376
	54923	-2.24256
	57265	-2.24228124
	54908	-2.24028
	57195	-2.22768
	57299	-2.2269599999999996
	56838	-2.2260035400000002
	54734	-2.22192
	56752	-2.2210641
	56946	-2.22095184
	56757	-2.22072732
	53986	-2.22
	56756	-2.21870664
	56745	-2.21836986
	57053	-2.2095599999999997
	54929	-2.2084799999999998
	56585	-2.20119408
	53961	-2.19792
	54843	-2.1975599999999997
	57194	-2.19216
	56841	-2.1837937800000002
	54729	-2.1824399999999997
	58507	-2.1816
	56763	-2.18109954
	58225	-2.17806852
	58514	-2.1688799999999997
	58311	-2.1654954
	53854	-2.1625199999999998
	56854	-2.15393262
	56586	-2.15236098
	53866	-2.1504
	54909	-2.1462
	53979	-2.14476
	53982	-2.14104
	57181	-2.14104
	54842	-2.14068
	56976	-2.13765492
	57051	-2.1322799999999997
	53989	-2.13108
	54837	-2.12484
	57196	-2.1197999999999997
	53853	-2.11596
	57191	-2.1144
	58215	-2.11374354
	58109	-2.10689568
	58117	-2.1066711600000003
	56462	-2.10532404
	57144	-2.10372
	57256	-2.1022930200000003
	58203	-2.09847618
	57054	-2.0962799999999997
	57296	-2.09172
	57197	-2.0878799999999997
	53988	-2.08416
	56778	-2.082423
	54736	-2.0789999999999997
	57268	-2.07647322
	53964	-2.06784
	56944	-2.06681886
	53962	-2.0665199999999997
	56548	-2.06547174
	54914	-2.06496
	53948	-2.05992
	57099	-2.0597999999999996
	57091	-2.05956
	57523	-2.0577258
	53957	-2.05668
	57094	-2.0551199999999996
	53958	-2.0512799999999998
	57077	-2.05044
	58100	-2.04636
	54827	-2.04624
	58128	-2.04526494
	57385	-2.04223392
	58114	-2.0406622800000003
	54922	-2.0403599999999997
	56842	-2.03965194
	58126	-2.03100792
	56580	-2.02977306
	56862	-2.0257317
	54727	-2.02068
	57192	-2.00676
	53983	-2.00568
	57902	-2.0032797
	57098	-2.0022
	53850	-1.99752
	58125	-1.9971054
	58108	-1.9947479399999999
	57055	-1.9940399999999998
	58224	-1.99227822
	56684	-1.9921659600000001
	56567	-1.98486906
	56746	-1.9840832400000001
	53859	-1.9838399999999998
	53967	-1.9826399999999997
	56645	-1.97195916
	54932	-1.97088
	54848	-1.9652399999999999
	57184	-1.96464
	57903	-1.96455
	56646	-1.96331514
	53949	-1.95156
	56863	-1.9502929800000002
	54940	-1.94952
	53865	-1.94412
	56879	-1.9431083400000002
	57093	-1.9430399999999999
	56869	-1.93805664
	56951	-1.9370463000000002
	53873	-1.9354799999999999
	56669	-1.93300494
	53861	-1.93212
	57043	-1.93188
	58011	-1.926
	56872	-1.92379962
	57359	-1.91919696
	56652	-1.91886018
	53993	-1.9172399999999998
	54776	-1.9169999999999998
	56691	-1.9165027200000002
	54846	-1.9161599999999999
	56742	-1.9151556
	57390	-1.9150800000000001
	57096	-1.9132799999999999
	53963	-1.9124399999999997
	54710	-1.9124399999999997
	57042	-1.91136
	54774	-1.90824
	58138	-1.90606254
	58212	-1.9003372800000002
	56851	-1.8960714
	54911	-1.89324
	54849	-1.8907199999999997
	58251	-1.88383506
	57189	-1.8821999999999999
	58122	-1.8814776
	58004	-1.8792
	57278	-1.87889562
	56664	-1.87732398
	53997	-1.87392
	54700	-1.8731999999999998
	57259	-1.8731703600000003
	57348	-1.87272132
	57173	-1.87224
	58111	-1.8705599999999998
	58208	-1.8687599999999998
	56846	-1.86710832
	58306	-1.86587346
	56790	-1.8657612
	54816	-1.8654
	57261	-1.8636
	53885	-1.86228
	57060	-1.86036
	53985	-1.85928
	58221	-1.85812752
	54806	-1.85604
	56839	-1.85498424
	58036	-1.85318808
	57095	-1.84524
	53770	-1.84104
	58034	-1.8397199999999998
	58006	-1.83804
	53956	-1.83636
	53955	-1.8354
	58040	-1.8351142200000001
	57182	-1.8299999999999998
	58017	-1.8298799999999997
	57180	-1.8272399999999998
	57257	-1.82501082
	58035	-1.8189487800000002
	58127	-1.812999
	57328	-1.80884538
	53889	-1.8073199999999998
	58205	-1.80648
	58102	-1.8059266200000001
	53970	-1.80396
	57183	-1.8031199999999998
	58129	-1.79862972
	57438	-1.79582322
	58005	-1.7941200000000002
	54829	-1.794
	59241	-1.7937599999999998
	53856	-1.78344
	57052	-1.7809199999999998
	58344	-1.77909648
	57037	-1.7766
	58007	-1.7738399999999999
	58527	-1.7727600000000001
	56571	-1.77269766
	58027	-1.77168732
	53868	-1.77144
	54723	-1.7689199999999998
	54851	-1.76796
	54759	-1.7634
	58338	-1.7628187800000001
	53877	-1.7624399999999998
	57049	-1.7621999999999998
	58032	-1.7621999999999998
	53875	-1.75788
	54835	-1.75368
	54917	-1.7500799999999999
	57361	-1.74743916
	58458	-1.7466
	53879	-1.7448
	54821	-1.7429999999999999
	56671	-1.74070356
	58301	-1.74012
	54724	-1.73928
	57245	-1.73892
	54764	-1.73868
	57033	-1.7333999999999998
	57942	-1.7325599999999999
	58045	-1.73250858
	51328	-1.7318350200000001
	58508	-1.7316
	57396	-1.7314800000000001
	58048	-1.72914078
	53757	-1.72752
	58038	-1.7215071000000002
	53862	-1.7196
	53769	-1.7132399999999999
	54905	-1.707
	57333	-1.70377002
	54818	-1.7015999999999998
	54902	-1.6972800000000001
	54810	-1.69644
	56223	-1.6855839000000001
	53759	-1.6843199999999998
	53965	-1.6782000000000001
	53968	-1.67628
	55585	-1.67480694
	56840	-1.67469468
	54803	-1.67448
	58140	-1.6740211200000001
	57176	-1.67148
	58003	-1.6708800000000001
	58132	-1.67031654
	56849	-1.6699797600000001
	57057	-1.66944
	54943	-1.66776
	57247	-1.656
	57242	-1.6558799999999998
	51717	-1.64191476
	54722	-1.6416000000000002
	58314	-1.64034312
	53950	-1.63812
	58008	-1.63536
	53869	-1.635
	58013	-1.6339443
	53872	-1.63344
	54830	-1.62744
	57040	-1.62504
	53778	-1.6237199999999998
	54871	-1.623
	54834	-1.62264
	58016	-1.62148344
	56878	-1.62080988
	57447	-1.6184524200000001
	58147	-1.61800338
	58222	-1.6172175600000003
	54920	-1.61052
	53954	-1.60212
	56985	-1.60183794
	58245	-1.5980211
	56543	-1.59790884
	58113	-1.59701076
	57326	-1.5968985000000002
	53464	-1.59499008
	54766	-1.59408
	53775	-1.59252
	57154	-1.59156
	57910	-1.5896016
	58044	-1.58657058
	54728	-1.5850799999999998
	54703	-1.5806399999999998
	58139	-1.57815108
	57445	-1.57702848
	54617	-1.57656
	53768	-1.56876
	56973	-1.5681599400000001
	54618	-1.56732
	58015	-1.56569022
	59059	-1.56468
	57231	-1.56276
	57233	-1.56024
	54844	-1.55856
	53863	-1.5557999999999998
	58146	-1.55547456
	57355	-1.55300484
	54719	-1.55292
	53981	-1.5528
	58145	-1.55278032
	57237	-1.5519945000000002
	57260	-1.54851444
	58242	-1.5453711600000002
	56594	-1.5423401399999999
	59446	-1.54104
	58210	-1.54031946
	53871	-1.53996
	58002	-1.53924
	57464	-1.5385233
	54863	-1.5378
	55578	-1.53650262
	53788	-1.53432
	53966	-1.5303600000000002
	54815	-1.5302399999999998
	54725	-1.5228
	54627	-1.5220799999999999
	53857	-1.5168
	54632	-1.5100799999999999
	57908	-1.50810084
	58369	-1.5065
	53974	-1.5053999999999998
	58148	-1.5020388000000002
	53852	-1.5
	58330	-1.4976606600000002
	53888	-1.4976
	54900	-1.4964000000000002
	54486	-1.49406834
	58247	-1.49406834
	56751	-1.4928334800000003
	57044	-1.4925599999999999
	56783	-1.49182314
	58627	-1.49028
	58131	-1.4885676
	58460	-1.4881
	58047	-1.487445
	58143	-1.48699596
	54644	-1.4866799999999998
	54939	-1.4837999999999998
	56666	-1.48306686
	58049	-1.4795868
	53884	-1.4784
	54938	-1.47792
	54826	-1.4772
	58107	-1.47655578
	57047	-1.476
	53941	-1.47516
	58472	-1.4738399999999998
	58321	-1.47161634
	57086	-1.47012
	58341	-1.46757498
	53845	-1.4643599999999999
	58001	-1.46292
	53780	-1.4600399999999998
	53776	-1.4599199999999999
	57432	-1.45747158
	58464	-1.45644
	58101	-1.45488
	53782	-1.452
	54778	-1.44972
	57906	-1.4463578400000001
	57198	-1.44564
	53860	-1.4425199999999998
	53992	-1.43892
	53959	-1.4374799999999999
	53679	-1.4372399999999999
	54726	-1.437
	56569	-1.43602992
	56755	-1.4307537
	54823	-1.4305199999999998
	53774	-1.4298
	54812	-1.42944
	58316	-1.4268246
	56786	-1.42581426
	54718	-1.4234399999999998
	58452	-1.41828
	58254	-1.41750702
	57395	-1.4166089400000001
	57153	-1.4163599999999998
	53874	-1.41252
	53694	-1.4116799999999998
	58030	-1.41048
	53947	-1.40508
	54712	-1.40136
	53898	-1.40004
	58041	-1.3986473400000001
	54711	-1.39848
	57251	-1.39752474
	57462	-1.3966266600000001
	58612	-1.39236
	50431	-1.39224852
	57029	-1.39224
	58615	-1.3921199999999998
	53953	-1.392
	58250	-1.3910136600000003
	57769	-1.3908
	58241	-1.38113478
	53767	-1.38072
	57439	-1.38068574
	54631	-1.37736
	58462	-1.3759
	54820	-1.37472
	58234	-1.37226624
	56876	-1.37170494
	53931	-1.37148
	57598	-1.37088
	53662	-1.3677599999999999
	54619	-1.36656
	53841	-1.3662
	59041	-1.3652399999999998
	54716	-1.36356
	58246	-1.35823374
	53677	-1.3573199999999999
	53772	-1.3552799999999998
	53730	-1.3529575200000001
	54801	-1.35228
	58463	-1.3519
	58361	-1.3481
	58240	-1.3433031600000003
	58141	-1.34060892
	58342	-1.34027214
	56871	-1.33836372
	58509	-1.3382399999999999
	55493	-1.33746564
	56584	-1.33319976
	58238	-1.32904614
	57381	-1.3235454000000002
	54802	-1.32324
	56875	-1.32197376
	57541	-1.31782014
	52988	-1.3160399999999999
	54906	-1.3147199999999999
	54814	-1.3139999999999998
	57089	-1.3119599999999998
	50527	-1.3058083200000001
	57809	-1.3055838000000002
	56582	-1.30311408
	54752	-1.30212
	56198	-1.30154244
	58022	-1.2985200000000001
	54800	-1.2953999999999999
	54286	-1.2943578
	57249	-1.2942455400000001
	54919	-1.29396
	52986	-1.29108
	50524	-1.2890815800000002
	57039	-1.28748
	54730	-1.2853199999999998
	53796	-1.2849599999999999
	53848	-1.28172
	56898	-1.28133564
	56777	-1.28111112
	53725	-1.27968
	57155	-1.2738
	58517	-1.2735599999999998
	53763	-1.26636
	53991	-1.26588
	57634	-1.2650579400000002
	55248	-1.26337404
	53973	-1.2627599999999999
	53665	-1.26252
	56649	-1.2596694600000002
	56772	-1.2573120000000002
	53945	-1.2546000000000002
	56836	-1.25270934
	54753	-1.25148
	58135	-1.24799442
	54660	-1.24675956
	58130	-1.2460860000000002
	56984	-1.24305498
	56357	-1.24260594
	57048	-1.2408
	53463	-1.24058526
	57358	-1.2399117000000002
	56697	-1.2389013599999998
	54569	-1.2375542400000001
	53883	-1.2366
	57349	-1.23407418
	58367	-1.2336
	54276	-1.23216576
	57941	-1.2318
	57041	-1.2301199999999999
	53892	-1.2298799999999999
	59847	-1.22952
	59246	-1.22484
	53685	-1.2232800000000001
	53786	-1.21752
	54713	-1.21656
	58020	-1.21584
	53886	-1.2138
	56775	-1.20668274
	57137	-1.20624
	55773	-1.20129426
	54738	-1.1987999999999999
	57035	-1.19832
	56654	-1.19792646
	57808	-1.19523222
	58012	-1.19321154
	56665	-1.19287476
	51573	-1.19062956
	51377	-1.1904050400000001
	52875	-1.1904050400000001
	54291	-1.18804758
	53748	-1.1874
	54915	-1.1844
	54608	-1.18356
	58345	-1.1828836200000001
	57566	-1.1823599999999999
	57437	-1.18232232
	54732	-1.17888
	53533	-1.17873
	57807	-1.1744641200000001
	54852	-1.1714399999999998
	56885	-1.1689633799999999
	53891	-1.16856
	54701	-1.16736
	54907	-1.1654399999999998
	59058	-1.16436
	58451	-1.16388
	54640	-1.1616
	58264	-1.1613297
	54861	-1.161
	57922	-1.1551554
	53890	-1.15248
	53735	-1.14648
	52978	-1.14636
	59435	-1.14504
	54717	-1.1418
	56886	-1.1396635200000003
	56479	-1.1366325
	53785	-1.13652
	54805	-1.13652
	52974	-1.1349486
	58461	-1.1308
	58026	-1.13000916
	54704	-1.128
	58327	-1.12608006
	58353	-1.12462068
	54817	-1.12236
	58467	-1.122
	56533	-1.12181418
	58331	-1.12136514
	53644	-1.11822186
	59046	-1.11792
	54628	-1.1168399999999998
	57916	-1.11406824
	54804	-1.1136
	54476	-1.11328242
	53980	-1.113
	53878	-1.1124
	54910	-1.10988
	51827	-1.10957784
	58025	-1.10748
	58244	-1.10250546
	54901	-1.10184
	53466	-1.1012706
	56596	-1.10003574
	51828	-1.09924992
	52853	-1.09835184
	54903	-1.0968
	58614	-1.09668
	56891	-1.0961066400000001
	53799	-1.0926
	57907	-1.0861155
	56578	-1.0849929
	58237	-1.0838703
	54633	-1.0795199999999998
	56788	-1.07803278
	51329	-1.0770224400000001
	57378	-1.07253204
	58326	-1.072083
	58377	-1.06736808
	53777	-1.06728
	56641	-1.0670313
	55664	-1.06377576
	54702	-1.06164
	54855	-1.05936
	58606	-1.056
	56267	-1.0553562600000002
	58236	-1.05490722
	57605	-1.0546827
	51365	-1.05434592
	52963	-1.05277428
	52968	-1.0518762000000001
	54568	-1.0469367600000001
	54715	-1.04436
	53467	-1.0434567000000001
	57577	-1.04136
	53882	-1.03752
	53687	-1.03572
	54626	-1.03284
	56443	-1.0260564
	57045	-1.02588
	58362	-1.0224
	51829	-1.0221273
	57466	-1.02021888
	57680	-1.0188
	59012	-1.01688
	54662	-1.01673882
	53756	-1.01604
	58249	-1.0109013
	52863	-1.0100032200000002
	58601	-1.0063199999999999
	54708	-1.00488
	59254	-1.0009199999999998
	59037	-1.00068
	59237	-0.9995999999999999
	57253	-0.9988894800000001
	55696	-0.99731784
	56487	-0.99361326
	53455	-0.98811252
	54290	-0.9873267
	54606	-0.98424
	54921	-0.98352
	56595	-0.9745290600000001
	57637	-0.97430454
	58343	-0.9719470800000001
	54777	-0.97176
	56978	-0.97127352
	51482	-0.9709367400000001
	59249	-0.97092
	58150	-0.96958962
	53975	-0.9678
	53790	-0.9667199999999999
	57900	-0.9638643600000001
	53579	-0.9619199999999999
	57343	-0.96156
	56065	-0.9583636200000001
	54918	-0.9579599999999999
	53751	-0.95688
	53781	-0.9549599999999999
	53529	-0.9528628800000001
	54749	-0.95268
	56444	-0.9525261
	54913	-0.94968
	52868	-0.9489337800000001
	53699	-0.9465599999999998
	58607	-0.9448799999999999
	54706	-0.9446399999999999
	53942	-0.94308
	51436	-0.94275948
	54621	-0.93972
	53678	-0.93852
	57608	-0.9375955200000001
	54819	-0.93516
	53723	-0.9334419
	58356	-0.9320947800000001
	53787	-0.93168
	56565	-0.93097218
	58563	-0.9264
	57806	-0.91918488
	54386	-0.91907262
	54575	-0.91738872
	58339	-0.9168274200000001
	57458	-0.9152557800000001
	57465	-0.9152557800000001
	54645	-0.91296
	54192	-0.9116634600000001
	53832	-0.91092
	58154	-0.90638724
	54714	-0.90564
	50434	-0.9053769
	53698	-0.90384
	54353	-0.9017845800000001
	51826	-0.8997639000000001
	59044	-0.89592
	57046	-0.89508
	53658	-0.89496
	57034	-0.89496
	51330	-0.8913444
	53693	-0.8895599999999999
	53676	-0.8886000000000001
	53798	-0.88572
	56674	-0.8846088000000001
	51232	-0.88202682
	57425	-0.8800061400000001
	54705	-0.87996
	54612	-0.87456
	57140	-0.8742
	52869	-0.87237246
	54616	-0.87132
	53976	-0.87096
	58230	-0.8701272600000001
	53753	-0.86388
	59948	-0.86244
	58618	-0.85752
	57238	-0.8541599999999999
	54811	-0.85368
	58626	-0.85332
	53446	-0.85239018
	57707	-0.8519411400000001
	53795	-0.85164
	53547	-0.8485733400000001
	51434	-0.84677718
	53553	-0.8449810200000001
	58624	-0.8434799999999999
	53893	-0.84036
	56228	-0.83992932
	53738	-0.83976
	57543	-0.83622474
	50525	-0.8357757000000001
	59209	-0.8353200000000001
	53899	-0.83304
	53619	-0.8329692000000001
	58455	-0.83136
	56781	-0.8284788000000001
	53585	-0.82728
	54755	-0.8254799999999999
	54563	-0.8248864800000001
	57536	-0.82309032
	53475	-0.8205083400000001
	51572	-0.81983478
	58625	-0.81636
	54614	-0.81492
	57912	-0.8127624
	57614	-0.8089455600000001
	56651	-0.80804748
	53357	-0.8079352200000001
	57426	-0.8078229600000001
	57420	-0.8069248800000001
	54259	-0.8041183800000001
	59255	-0.804
	59429	-0.804
	58329	-0.80164866
	53392	-0.80136
	58334	-0.8009751
	57132	-0.8004
	57143	-0.8004
	58616	-0.7992
	58562	-0.79608
	57031	-0.79584
	53794	-0.79404
	57329	-0.79356594
	55299	-0.79233108
	58360	-0.7918820400000001
	53881	-0.7884019800000001
	57926	-0.7853709600000001
	57413	-0.78402384
	53789	-0.7834800000000001
	52993	-0.78252
	58021	-0.7802399999999999
	53764	-0.77916
	54636	-0.7788
	58336	-0.7785231
	53895	-0.77844
	56475	-0.77751276
	53659	-0.7761600000000001
	54622	-0.7723199999999999
	58024	-0.7697999999999999
	55655	-0.7683074400000001
	53457	-0.763368
	58158	-0.763368
	53472	-0.76314348
	58346	-0.76202088
	53651	-0.7577999999999999
	56167	-0.75640788
	57562	-0.75576
	54475	-0.7543872
	58235	-0.75405042
	53784	-0.75312
	53791	-0.75144
	53760	-0.7462799999999999
	57345	-0.74361024
	53797	-0.74016
	53681	-0.73608
	56480	-0.735303
	53771	-0.732
	56774	-0.7307003400000001
	53545	-0.72789384
	59015	-0.7251599999999999
	56970	-0.7249750800000001
	58629	-0.7240800000000001
	54474	-0.7235157
	54751	-0.7223999999999999
	58116	-0.7221685800000001
	52855	-0.71487168
	57248	-0.7106399999999999
	53577	-0.70716
	58257	-0.70566636
	57958	-0.70332
	58354	-0.7031966399999999
	57571	-0.7027476
	57522	-0.7014004800000001
	54579	-0.70095144
	58456	-0.70008
	53792	-0.699
	57030	-0.69804
	58477	-0.69504
	54605	-0.69456
	58365	-0.6942
	57431	-0.69062352
	53149	-0.68938866
	53433	-0.6863576400000001
	53930	-0.6846
	56986	-0.6829898400000001
	58506	-0.6824399999999999
	50618	-0.68220402
	51369	-0.68108142
	54096	-0.68108142
	58340	-0.67501938
	57232	-0.67392
	57965	-0.67116
	56441	-0.6654772800000001
	58693	-0.66504
	56137	-0.6645792
	54527	-0.66336
	53810	-0.66323208
	56199	-0.66222174
	54518	-0.66216
	58602	-0.6617999999999999
	53576	-0.6588
	53691	-0.6557999999999999
	54102	-0.65571066
	53669	-0.654
	56982	-0.6539145000000001
	53567	-0.6529200000000001
	57415	-0.6529041600000001
	56227	-0.6522306
	57368	-0.65077122
	51777	-0.64875054
	54945	-0.64704
	58259	-0.64628082
	58557	-0.6442800000000001
	51465	-0.64369884
	54285	-0.6401065200000001
	59047	-0.6365999999999999
	58255	-0.63617742
	57957	-0.63468
	58634	-0.63348
	54807	-0.63264
	53646	-0.63084
	58243	-0.63078894
	57038	-0.62868
	56371	-0.62831922
	50247	-0.6280947
	53578	-0.62796
	53324	-0.62596176
	58484	-0.624
	58265	-0.62371656
	59057	-0.62292
	57606	-0.62147136
	54266	-0.62012424
	58268	-0.61496028
	51058	-0.61473576
	55593	-0.61159248
	53754	-0.6115200000000001
	56081	-0.6110399999999999
	54169	-0.61046988
	53486	-0.6097199999999999
	53618	-0.60856146
	54267	-0.60654078
	58352	-0.60642852
	56785	-0.60631626
	53880	-0.6043200000000001
	58632	-0.6042
	55572	-0.60249942
	53906	-0.60216
	59001	-0.60192
	51818	-0.60092778
	58556	-0.6004799999999999
	53707	-0.5989071
	56312	-0.59845806
	51431	-0.5967741599999999
	53582	-0.59628
	53666	-0.5890799999999999
	53484	-0.58588494
	59242	-0.5857199999999999
	53562	-0.5856604200000001
	53588	-0.58428
	53914	-0.58285392
	54604	-0.582
	53732	-0.58105776
	54374	-0.58083324
	55228	-0.5775777
	56247	-0.5756692800000001
	57827	-0.57275052
	58337	-0.57241374
	52982	-0.56832
	53750	-0.56784
	58468	-0.56712
	52862	-0.5664639600000001
	54809	-0.564
	59063	-0.5620799999999999
	59017	-0.56136
	53660	-0.55824
	54602	-0.55752
	57388	-0.55321728
	50727	-0.5531050200000001
	58335	-0.5519824200000001
	53348	-0.54883914
	53783	-0.54624
	54615	-0.54468
	57564	-0.5418
	57909	-0.5415422400000001
	58359	-0.54075642
	53488	-0.54048
	59417	-0.53952
	57673	-0.53628
	54857	-0.5354399999999999
	54363	-0.53458212
	56296	-0.53289822
	55589	-0.53233692
	58745	-0.53028
	57870	-0.5297999999999999
	51241	-0.5294181600000001
	53573	-0.5281199999999999
	57398	-0.52672392
	57872	-0.52608
	54273	-0.52515228
	56263	-0.52504002
	59055	-0.5244
	54261	-0.5243664600000001
	53695	-0.52332
	59426	-0.51972
	58609	-0.51816
	56197	-0.51561018
	54519	-0.51396
	57829	-0.51347724
	57682	-0.5131199999999999
	59004	-0.51264
	55681	-0.5119056000000001
	53420	-0.51100752
	54377	-0.50831328
	51288	-0.5064048600000001
	59238	-0.50508
	57469	-0.50326158
	54620	-0.5031599999999999
	56196	-0.50314932
	58457	-0.5014799999999999
	53688	-0.49788
	57955	-0.49679999999999996
	54916	-0.49656
	58269	-0.49641372
	59441	-0.49452
	54613	-0.49332
	53680	-0.49319999999999997
	59230	-0.48972
	50514	-0.48776970000000003
	52972	-0.48720840000000004
	53696	-0.48635999999999996
	53773	-0.4854
	52866	-0.48507546
	53522	-0.48473868000000003
	51379	-0.48372834000000003
	50425	-0.4832793
	53614	-0.48316704000000005
	59640	-0.4824
	54471	-0.48193218000000004
	52874	-0.47979924
	53682	-0.47916
	59431	-0.47807999999999995
	51087	-0.47744178000000004
	56144	-0.47665596
	53690	-0.47663999999999995
	57720	-0.47272685999999997
	53697	-0.47267999999999993
	53674	-0.47195999999999994
	59007	-0.46879776000000006
	53925	-0.46835999999999994
	58502	-0.46752
	56792	-0.46419509999999997
	53543	-0.46318476000000003
	58366	-0.4622
	54709	-0.46188
	58320	-0.46116408000000003
	53487	-0.45971999999999996
	54181	-0.45790854
	51707	-0.45779628
	51855	-0.45162198000000003
	53368	-0.44960130000000004
	53481	-0.44589672
	51469	-0.44544768
	57914	-0.44499864
	57969	-0.44256
	57635	-0.44129406000000004
	57023	-0.438
	58443	-0.43776
	57339	-0.43635462
	56190	-0.43624236
	57575	-0.4362
	53611	-0.43152744000000004
	58429	-0.43152744000000004
	57540	-0.43130292
	54472	-0.42254664000000003
	57731	-0.42232211999999997
	53478	-0.42119999999999996
	53673	-0.41664
	57636	-0.41423940000000004
	53689	-0.41352
	57582	-0.41278002
	58569	-0.40812
	51931	-0.40795284000000004
	56186	-0.4069425
	53924	-0.40632
	59065	-0.40584
	53596	-0.40428
	53705	-0.40368696
	53829	-0.40368
	55591	-0.40177854
	54624	-0.40032
	58622	-0.39864
	57590	-0.39784944
	53897	-0.39755999999999997
	58351	-0.39571649999999997
	56491	-0.38987898
	54292	-0.387297
	57417	-0.38561310000000004
	54293	-0.38471502
	54611	-0.38136000000000003
	54365	-0.37898976
	56483	-0.37898976
	54349	-0.37427484
	57871	-0.37379999999999997
	51133	-0.37303998
	50603	-0.37292772
	56598	-0.37113156
	57126	-0.37056
	51704	-0.3654063
	57774	-0.36516
	54371	-0.36484500000000003
	57510	-0.36450822
	51243	-0.36170172
	57921	-0.36125268
	54607	-0.35976
	52842	-0.35687454
	56092	-0.35651999999999995
	51378	-0.35440482
	52995	-0.35304
	53492	-0.35219999999999996
	52707	-0.35126154000000004
	56109	-0.35114928000000006
	56257	-0.34867956
	53937	-0.34632
	57032	-0.34512000000000004
	54274	-0.34284204
	52889	-0.33912000000000003
	52656	-0.33612000000000003
	56194	-0.33520836
	52895	-0.33408
	53337	-0.3306057
	52657	-0.3283605
	58565	-0.32664
	57865	-0.32567999999999997
	54927	-0.32555999999999996
	57399	-0.32544174
	54609	-0.32376
	56147	-0.32229846000000006
	57362	-0.32207394
	56195	-0.32173716
	56396	-0.32061456000000005
	57022	-0.312
	53610	-0.30444912
	54412	-0.30276000000000003
	53367	-0.30254070000000005
	56496	-0.29636640000000003
	53896	-0.29532
	57936	-0.2946825
	57905	-0.29322312
	55690	-0.29086566
	56074	-0.2868
	57558	-0.28596
	53615	-0.28491588000000007
	53692	-0.2838
	58450	-0.28296
	57317	-0.28065
	53740	-0.27396
	54099	-0.27211824
	57377	-0.2643723
	57844	-0.26302518
	57947	-0.26268
	52984	-0.26184
	51145	-0.26100450000000003
	53584	-0.25823999999999997
	51463	-0.25741218
	57211	-0.25379999999999997
	51437	-0.2509011
	57573	-0.24966623999999998
	57868	-0.24659999999999999
	54398	-0.24479999999999996
	58459	-0.24444
	56016	-0.24439002
	58358	-0.24270612000000003
	52652	-0.24228
	57482	-0.24147126000000002
	51059	-0.24090996000000003
	57846	-0.23963999999999996
	58570	-0.2388
	59229	-0.23783999999999997
	51711	-0.23720538
	53612	-0.2368686
	54263	-0.23529696000000003
	58519	-0.23399999999999999
	57512	-0.22710198
	57461	-0.2217135
	53617	-0.22092768000000002
	50915	-0.21969282
	55279	-0.2161005
	57971	-0.21132
	56493	-0.21037524000000002
	58550	-0.20844
	56071	-0.20652
	53384	-0.19712856
	53594	-0.19668
	58503	-0.19655999999999998
	54808	-0.19487999999999997
	58567	-0.1938
	54187	-0.19095426000000001
	58553	-0.1902
	56670	-0.17939148
	57414	-0.1790547
	58637	-0.17772000000000002
	56307	-0.1773708
	53391	-0.17703402000000001
	53923	-0.17639999999999997
	56317	-0.17512560000000002
	56373	-0.17433978
	58323	-0.17299266
	57768	-0.16872
	54503	-0.16691999999999999
	53590	-0.16476
	53664	-0.16104000000000002
	56291	-0.16064406
	57581	-0.15750078
	51810	-0.15458202
	56592	-0.14863224
	52267	-0.14851998
	51581	-0.14773416
	53575	-0.14724
	51137	-0.14683608
	54601	-0.144
	58731	-0.14028
	53996	-0.1398
	54098	-0.13931466
	53894	-0.13776
	57714	-0.13516104
	59021	-0.13308
	53903	-0.13179324
	59256	-0.12936
	53602	-0.1285377
	53821	-0.12636
	51433	-0.1251699
	56880	-0.12337374
	51811	-0.12023046000000001
	57460	-0.11630136
	51765	-0.11169870000000001
	54195	-0.11068836
	57589	-0.10979028
	54540	-0.10416
	58442	-0.10372824
	57544	-0.09732
	58546	-0.0966
	58454	-0.09432
	57520	-0.09306354
	50745	-0.08969574
	57778	-0.08519999999999998
	57732	-0.08509308000000002
	56434	-0.0830724
	59954	-0.08303999999999999
	51839	-0.0813885
	58623	-0.07992
	59031	-0.07895999999999999
	56989	-0.07420386000000001
	58555	-0.07308
	54346	-0.07263222
	57387	-0.0724077
	57713	-0.07106058
	54423	-0.0684
	57545	-0.06690696
	59264	-0.06636
	54362	-0.06387594
	55437	-0.05916102
	51747	-0.056354520000000005
	56497	-0.05534418
	51470	-0.05489514
	54584	-0.054221580000000005
	53564	-0.051359999999999996
	51053	-0.050517
	56158	-0.044904
	53599	-0.042
	56987	-0.03962778
	54541	-0.039479999999999994
	53192	-0.03861744
	53574	-0.03804
	54494	-0.037382580000000006
	56782	-0.03345348
	58547	-0.032279999999999996
	57604	-0.02772822
	57014	-0.02724
	54505	-0.026399999999999996
	51068	-0.0235746
	51815	-0.022452
	50349	-0.01953324
	56386	-0.017737080000000002
	53565	-0.01728
	57671	-0.015
	52985	-0.014759999999999999
	56093	-0.013199999999999998
	57625	-0.01268538
	57026	-0.0096
	53917	-0.00888
	53519	-0.0061743
	56593	-0.00583752
	57640	-0.0057599999999999995
	54912	-0.005039999999999999
	57389	-0.00404136
	59451	-0.0033599999999999997
	54522	0.0036
	58600	0.00444
	51367	0.0061743
	57766	0.0090
	56091	0.01164
	57772	0.012
	53727	0.01212408
	58441	0.0123486
	51526	0.015267359999999999
	56128	0.01953324
	56376	0.019870020000000002
	57728	0.021104880000000003
	57106	0.02208
	59235	0.023039999999999998
	54483	0.02492172
	57409	0.027503700000000002
	55294	0.02784048
	57134	0.02916
	57127	0.03084
	57956	0.03192
	53806	0.0348006
	51633	0.03581094
	56290	0.03805614
	52998	0.03984
	53276	0.040301340000000005
	54597	0.04044
	53926	0.041519999999999994
	56251	0.04288332
	50445	0.04333236000000001
	57763	0.043680000000000004
	52661	0.04404
	56080	0.045599999999999995
	57662	0.04596
	53518	0.04625112
	54171	0.04726146
	52112	0.0482718
	57574	0.05004
	52546	0.05112
	50526	0.05264994
	50647	0.05264994
	54076	0.055007400000000005
	56297	0.060395880000000006
	57128	0.0654
	54507	0.07404
	54351	0.07487742
	57481	0.07689810000000001
	53938	0.07692
	53195	0.07835748000000001
	57828	0.07903104000000001
	54252	0.08183754000000001
	53336	0.08430726000000001
	53517	0.08430726000000001
	59045	0.09036000000000001
	57318	0.09115511999999999
	57304	0.0942984
	57008	0.09492
	53231	0.09631908
	56082	0.09684
	56125	0.09867654000000001
	57740	0.10176
	57110	0.10368000000000001
	59023	0.10608000000000001
	54493	0.10619796000000001
	58453	0.10848
	53663	0.111
	53935	0.11172
	59656	0.11244
	51804	0.11439294000000001
	54094	0.11495424000000001
	58633	0.11652
	59632	0.11688
	59034	0.12444
	53513	0.12550668
	54204	0.12618024
	54514	0.12684
	54610	0.12947999999999998
	50739	0.1307829
	57913	0.13403844
	54399	0.13416
	54707	0.13512
	59501	0.13632
	57027	0.13884
	51814	0.14010048
	50646	0.14268245999999998
	59022	0.14351999999999998
	51720	0.14515218
	57006	0.14567999999999998
	56168	0.15368394
	54539	0.15372
	53512	0.15402072
	50742	0.15536784
	54449	0.15564
	51438	0.15570462
	58665	0.15636
	53490	0.1578
	57981	0.15852
	53580	0.16140000000000002
	56084	0.16140000000000002
	56399	0.16199118
	52754	0.16210344000000002
	52996	0.16668
	52983	0.16727999999999998
	57307	0.16816548
	54260	0.16906356000000003
	57020	0.17136
	51709	0.17164554
	53362	0.17288040000000002
	53469	0.17321718
	57851	0.17892
	56882	0.18085086
	55680	0.18163668
	57519	0.18275928
	51435	0.18287154
	54408	0.18444
	50756	0.18444318
	50741	0.185229
	53480	0.18590256
	54319	0.18744
	54853	0.1878
	57737	0.19252590000000003
	58558	0.19296
	59064	0.19452
	57923	0.1947711
	56285	0.1953324
	58667	0.19668
	51642	0.19690404
	54534	0.19716
	57687	0.20232
	51629	0.20341512
	52515	0.20387999999999998
	52836	0.2054358
	50913	0.20577258
	56193	0.20588484
	57612	0.20869134000000003
	52557	0.20987999999999998
	56188	0.21654953999999998
	54186	0.21969282
	59061	0.22092
	51186	0.22160124
	58568	0.22296
	54347	0.22362192
	54454	0.22463226
	56374	0.22541808000000002
	53505	0.22788780000000003
	50353	0.22856136000000002
	59848	0.23087999999999997
	57324	0.23271498000000002
	57985	0.23328
	56490	0.2363073
	58631	0.23663999999999996
	57874	0.23687999999999998
	53419	0.23720538
	57688	0.24
	50833	0.2407977
	51655	0.24135900000000002
	58620	0.24228
	57511	0.24439002
	53704	0.24540035999999998
	57899	0.24936
	52607	0.25011528
	57001	0.25416
	55598	0.25864704
	57583	0.2593206
	58643	0.26148
	52833	0.26201484
	54320	0.26280066
	58549	0.26292
	56378	0.26482134
	59419	0.26711999999999997
	52576	0.2677401
	58666	0.26855999999999997
	56331	0.27133242
	54513	0.27312
	57773	0.27371999999999996
	59754	0.27636
	59449	0.27827999999999997
	59856	0.27984
	51238	0.28659978
	57949	0.2868
	54428	0.29292
	50854	0.29333538
	50639	0.29838707999999997
	57767	0.30672
	54531	0.309
	51477	0.30905178
	54072	0.31241958000000003
	56018	0.31354218
	57889	0.31536
	56187	0.31724676
	50632	0.31848162
	57882	0.32544
	56079	0.325554
	54455	0.32869728000000004
	57411	0.32869728000000004
	57800	0.32903406
	57320	0.32914632000000005
	56106	0.33251412
	56492	0.33374898000000003
	58401	0.33880068
	57647	0.34306656
	51467	0.3440769
	58404	0.3446382
	57771	0.34872000000000003
	57824	0.34924086
	54623	0.35015999999999997
	57600	0.35272092
	54405	0.3534
	54284	0.3569868
	57012	0.35724
	53908	0.36011999999999994
	54528	0.36288
	53817	0.36439596
	53928	0.36456
	56489	0.36551856
	54316	0.36709020000000003
	54502	0.36804
	58608	0.36923999999999996
	57745	0.37032
	57948	0.37283999999999995
	51334	0.37315223999999997
	54424	0.3744
	52713	0.37472388
	51495	0.37550970000000006
	57408	0.37797942
	58706	0.37823999999999997
	59027	0.3786
	54499	0.37968
	58446	0.38136000000000003
	57002	0.38423999999999997
	57492	0.38505180000000006
	54520	0.38652
	57954	0.3882
	52784	0.39048
	52323	0.39072
	58319	0.39088932000000004
	51722	0.39751266
	53491	0.39792
	57663	0.39887999999999996
	58836	0.39887999999999996
	54433	0.40055999999999997
	54533	0.4032
	57837	0.404136
	56384	0.40503408
	54439	0.40656
	56390	0.40828962
	58635	0.41087999999999997
	58605	0.41100000000000003
	57213	0.41712
	59317	0.41796
	59631	0.42036
	56021	0.42131178
	50834	0.42580218000000003
	51568	0.4271493
	57657	0.42924
	53934	0.43271999999999994
	57016	0.43356
	57537	0.43399716
	59116	0.43476
	58656	0.43848
	54535	0.44004000000000004
	51802	0.44207988
	56991	0.44207988
	57679	0.4422
	54525	0.4446
	58750	0.44592
	50136	0.44679480000000005
	54308	0.44711999999999996
	59266	0.4488
	57642	0.44976
	57217	0.44993808
	59072	0.45011999999999996
	52856	0.45555108
	54596	0.45696000000000003
	56391	0.45948018
	56958	0.46004148
	51627	0.46217442000000003
	51571	0.4625112
	57821	0.46385832000000005
	54164	0.465879
	56180	0.46879776000000006
	52876	0.47014488000000004
	57595	0.47306364
	51886	0.47384946
	56393	0.47564562000000005
	52884	0.47988
	58735	0.4806
	51636	0.48080958
	54437	0.48275999999999997
	57743	0.48324
	54305	0.4860858
	54092	0.49080071999999997
	52643	0.49104
	53593	0.49176
	57866	0.49739999999999995
	54041	0.49820988
	59298	0.49932
	57729	0.50090412
	57839	0.50270028
	57476	0.50606808
	53915	0.5061599999999999
	56289	0.50943588
	52980	0.51
	54510	0.51132
	53929	0.51204
	52679	0.5134799999999999
	50557	0.51403854
	51716	0.51437532
	57832	0.51909024
	58537	0.52032
	51708	0.52155996
	50658	0.52335612
	58843	0.5244
	52101	0.52515228
	53927	0.52776
	58664	0.52968
	58804	0.53004
	57025	0.5324399999999999
	57565	0.53268
	58529	0.53268
	56485	0.5330104800000001
	58543	0.53304
	50548	0.53413308
	54063	0.54288936
	58657	0.54336
	57875	0.54492
	58317	0.5450223
	57028	0.5461199999999999
	54080	0.5489514
	51356	0.5534418
	57932	0.55389084
	50758	0.55636056
	54165	0.55826898
	50750	0.56219808
	58436	0.56680074
	57796	0.5698799999999999
	58704	0.5706
	54434	0.57072
	56387	0.5709543600000001
	52378	0.57174018
	56095	0.57348
	57762	0.5753999999999999
	54404	0.57636
	57206	0.57746544
	57887	0.58284
	54603	0.58392
	59485	0.58488
	57780	0.58704
	59851	0.58992
	57584	0.5920799999999999
	53916	0.5927328000000001
	52203	0.5936308800000001
	59071	0.5958
	52575	0.5966619
	58531	0.6007032600000001
	57021	0.60228
	59324	0.60264
	50655	0.6028362
	54410	0.6036
	57216	0.60800016
	57124	0.6083999999999999
	58642	0.60852
	56499	0.60923502
	54248	0.6093472799999999
	56033	0.61204152
	52896	0.61668
	58730	0.6174
	56284	0.6185526000000001
	59421	0.6187199999999999
	53378	0.62046102
	57927	0.6217199999999999
	57004	0.62796
	54590	0.63067668
	56096	0.63372
	57609	0.63381996
	58659	0.63516
	56994	0.6359529
	54249	0.63617742
	56151	0.63696324
	58530	0.6370755
	56286	0.63864714
	52674	0.64176
	54157	0.6445969200000001
	56873	0.6466176
	50442	0.6503221800000001
	59052	0.6511199999999999
	51353	0.6513325200000001
	54327	0.65312868
	58433	0.65975202
	57303	0.66053784
	56116	0.66210948
	57416	0.6626707800000001
	54511	0.66384
	59635	0.6658799999999999
	56394	0.66671214
	57734	0.6680592599999999
	58941	0.66816
	52797	0.66864
	57678	0.66972
	51358	0.66974316
	57655	0.6704399999999999
	58501	0.67333548
	54429	0.67416
	57586	0.68287758
	58419	0.6844492200000001
	50978	0.68669442
	59452	0.6875999999999999
	57799	0.68796
	57883	0.68952
	58742	0.69144
	54318	0.6915600000000001
	57516	0.69365454
	59025	0.69444
	52745	0.6976959
	53498	0.6988800000000001
	50954	0.70645218
	54205	0.70925868
	59448	0.71208
	51705	0.71374908
	57401	0.7140858600000001
	57505	0.7150962000000001
	59269	0.7163999999999999
	59427	0.71832
	58715	0.7189199999999999
	57674	0.72048
	57722	0.7207092
	53068	0.72138276
	51628	0.72194406
	51430	0.72531186
	53499	0.72564
	58942	0.72804
	57407	0.72890418
	50973	0.7291287
	53289	0.7296900000000001
	52681	0.7309199999999999
	53385	0.73092486
	57554	0.74064
	58712	0.7415999999999999
	57896	0.7482000000000001
	57507	0.7511316600000001
	54012	0.75393816
	57514	0.75708144
	50851	0.7598879399999999
	57738	0.76067376
	50842	0.76291896
	58559	0.76452
	50950	0.76493964
	54172	0.76999134
	58652	0.77628
	50880	0.77863536
	54501	0.78012
	50956	0.7813296
	54342	0.78312576
	57491	0.78402384
	50963	0.78772842
	53502	0.79221882
	59425	0.7968000000000001
	54254	0.7969337400000001
	52495	0.79715826
	58619	0.79824
	54406	0.7995599999999999
	56295	0.80591454
	53352	0.80726166
	51730	0.8078229600000001
	59951	0.8084399999999999
	50979	0.8088333000000001
	54438	0.813
	50955	0.81410952
	54419	0.81456
	57845	0.81504
	52418	0.8155199999999999
	56298	0.8166915000000001
	57834	0.81747732
	54313	0.82252902
	58534	0.8257845600000001
	58448	0.8276399999999999
	56189	0.82982592
	53343	0.83274468
	59092	0.8334
	52825	0.83341824
	56094	0.8353200000000001
	58500	0.83622474
	50946	0.8374596000000001
	53910	0.8393680200000001
	57995	0.84036
	58420	0.84340938
	58544	0.84648
	59502	0.84804
	58752	0.84936
	56380	0.85014498
	58510	0.85044
	50987	0.8516043600000001
	54470	0.8539618200000001
	59205	0.8550844200000001
	51060	0.85519668
	52645	0.85587024
	56498	0.8574418800000001
	54243	0.8584522200000001
	59313	0.85932
	58646	0.8607600000000001
	56996	0.8609219400000001
	57736	0.8630548800000001
	58944	0.86364
	57494	0.86518782
	58418	0.8672084999999999
	54452	0.8683311
	50755	0.8691169200000001
	57974	0.86928
	57007	0.87324
	57105	0.87336
	57208	0.8746176600000001
	57111	0.87564
	57840	0.87630156
	59315	0.8774399999999999
	59075	0.88068
	50468	0.8811287400000001
	52943	0.881241
	58647	0.88164
	54339	0.886854
	56992	0.88954824
	57646	0.89016
	58542	0.89052
	59453	0.89112
	54420	0.89136
	50953	0.8941509
	58754	0.8952
	57493	0.89673288
	54521	0.90096
	57717	0.90245814
	54326	0.9026826600000001
	56389	0.9026826600000001
	54532	0.90312
	57964	0.9036
	57777	0.90648
	59644	0.9072
	57975	0.90948
	58658	0.9107999999999999
	57966	0.9138
	58813	0.91548
	56381	0.91738872
	57779	0.92016
	57891	0.9221999999999999
	53483	0.92255268
	52818	0.9231139800000001
	59215	0.9235199999999999
	50852	0.92704308
	54328	0.92715534
	57825	0.92805342
	52424	0.92916
	54065	0.93097218
	54332	0.9340032
	57525	0.9392794200000001
	57585	0.9433199999999999
	59134	0.94644
	50776	0.94758666
	58806	0.95028
	54432	0.95088
	57113	0.9523199999999999
	56883	0.95297514
	54594	0.95568
	50939	0.95600616
	57475	0.95724102
	58714	0.96156
	57842	0.9632399999999999
	59051	0.9705599999999999
	57881	0.97116
	59270	0.97236
	57486	0.97306968
	57119	0.97332
	50945	0.97677426
	57694	0.97824
	57499	0.9789072000000001
	58746	0.97956
	56146	0.9828363
	52787	0.9859199999999999
	56881	0.98867382
	50879	0.99395004
	54336	0.99395004
	57633	0.9943990800000001
	51156	0.9955216800000001
	54156	1.0010224200000002
	59650	1.00128
	58707	1.00248
	56288	1.0024818
	54039	1.0043902200000001
	57718	1.0047270000000001
	50940	1.0097787
	56276	1.0097787
	58905	1.01064
	51639	1.01325876
	50962	1.01909628
	56273	1.0193208
	57314	1.01965758
	52447	1.02312
	51359	1.0235866800000002
	57306	1.02571962
	50958	1.02583188
	50659	1.02616866
	58654	1.0262399999999998
	56043	1.02919968
	57699	1.02936
	54512	1.0322399999999998
	57696	1.03308
	58428	1.0333533
	57990	1.03344
	58449	1.03872
	50832	1.0443547800000001
	58848	1.04532
	57477	1.0473858
	56278	1.0478348400000002
	52765	1.04817162
	51076	1.04929422
	59278	1.0494
	54093	1.05782598
	50892	1.0610815200000001
	59137	1.0611599999999999
	57853	1.06332
	50936	1.06647
	57011	1.0668
	57506	1.0675926
	57102	1.06776
	50884	1.07051136
	57962	1.07064
	54497	1.07163396
	50877	1.0741036800000001
	57666	1.07412
	50928	1.0770224400000001
	57758	1.07724
	57857	1.07832
	59843	1.08036
	59845	1.08132
	59279	1.0844399999999998
	56383	1.0903813800000002
	59480	1.09548
	59211	1.09716
	50858	1.09969896
	58760	1.10004
	57508	1.10486292
	52446	1.10544
	59314	1.10988
	50948	1.11227208
	57835	1.11238434
	59500	1.11252
	58423	1.11541536
	51644	1.1155276200000002
	59838	1.11636
	54430	1.11768
	59316	1.11792
	59654	1.11828
	57483	1.11833412
	56494	1.1210283600000002
	57313	1.12574328
	51567	1.12798848
	54523	1.13496
	57405	1.13539764
	56287	1.1360712
	57776	1.1363999999999999
	57698	1.13664
	50844	1.13898996
	58407	1.14370488
	59091	1.1441999999999999
	50964	1.14493974
	51346	1.15088952
	58834	1.15116
	51357	1.1533592400000001
	59130	1.16196
	50566	1.1632381200000002
	54031	1.1670549600000002
	56279	1.16716722
	58814	1.1687999999999998
	53083	1.1764848
	57649	1.1768399999999999
	57886	1.1772
	52885	1.18272
	58644	1.18404
	58548	1.1907599999999998
	57976	1.19088
	53272	1.1922012000000002
	56004	1.1924257200000001
	58431	1.1929870200000001
	54421	1.19688
	52313	1.19826324
	59647	1.20168
	58718	1.20516
	54047	1.2078053400000002
	50838	1.20926472
	57994	1.21632
	54453	1.22206236
	59099	1.2249599999999998
	51352	1.23126768
	58823	1.2379200000000001
	58660	1.23804
	56281	1.23901362
	56181	1.24339176
	58402	1.2459737400000002
	57308	1.2465350400000001
	58747	1.2487199999999998
	57996	1.25328
	57822	1.25428098
	56038	1.2578733000000002
	59297	1.26
	56184	1.2606798000000001
	58751	1.26204
	54321	1.2640475999999998
	50853	1.2647211600000001
	59849	1.26528
	52737	1.2657315
	58705	1.26576
	54425	1.26636
	57754	1.26636
	57498	1.2686502600000003
	50965	1.27392648
	59945	1.28016
	56183	1.2830195400000002
	51542	1.28414214
	54069	1.28515248
	52633	1.28975514
	53397	1.28988
	57489	1.28997966
	52957	1.29177582
	57867	1.2984
	59122	1.29888
	57841	1.3001999999999998
	58737	1.3008
	58409	1.30154244
	57911	1.3122071400000002
	50934	1.3127684400000001
	58416	1.31826918
	56202	1.3280358
	54218	1.32904614
	58408	1.3309545600000001
	54333	1.33174038
	57003	1.34724
	54416	1.34988
	54214	1.35026328
	50564	1.35340656
	50873	1.3594686
	56097	1.3599176400000001
	57818	1.36104024
	58903	1.36356
	57792	1.3692
	52602	1.37338884
	59033	1.3768799999999999
	58845	1.37916
	50656	1.38147156
	57309	1.38158382
	54064	1.3861864799999999
	57513	1.3931466000000001
	50867	1.39393242
	57315	1.39696344
	59265	1.39968
	57894	1.40136
	59268	1.4032799999999999
	56272	1.40628102
	59114	1.4068800000000001
	57517	1.408863
	57204	1.4094243000000002
	51701	1.41133272
	54530	1.41252
	56382	1.41256758
	58907	1.42044
	57643	1.4244
	59470	1.4272799999999999
	58736	1.4299199999999999
	54401	1.43388
	51656	1.43501958
	59664	1.43664
	50960	1.44411264
	57760	1.4500799999999998
	58822	1.4523599999999999
	57708	1.46184972
	59855	1.4628
	56395	1.46398266
	56173	1.46600334
	58748	1.47216
	57978	1.4764799999999998
	59127	1.48272
	58839	1.4836799999999999
	59322	1.48452
	50878	1.48643466
	59842	1.4865599999999999
	57786	1.4896800000000001
	50767	1.49822196
	56889	1.5059679
	54049	1.51023378
	58432	1.51696938
	54245	1.51899006
	57811	1.52572566
	58421	1.5261746999999999
	56995	1.5272973
	59306	1.52796
	50968	1.53021606
	57661	1.53048
	57603	1.53549228
	50749	1.53930912
	54337	1.54784088
	59284	1.54992
	56029	1.55884236
	58701	1.5663599999999998
	59276	1.5688799999999998
	54324	1.5725380800000002
	54225	1.57646718
	59213	1.57788
	54506	1.57932
	57744	1.5809999999999997
	54208	1.5817434000000001
	57860	1.58196
	54311	1.58376
	58512	1.58904
	58713	1.58964
	59492	1.59744
	57496	1.5976843200000002
	56152	1.6020624600000002
	57761	1.60848
	50888	1.6112677800000001
	58719	1.61136
	52908	1.61182908
	50775	1.61452332
	59320	1.62348
	58415	1.62507576
	58417	1.62597384
	54024	1.6351791599999999
	59750	1.63524
	50859	1.63742436
	57518	1.6402308600000002
	54301	1.64544
	56034	1.64651742
	57502	1.6469664600000002
	57723	1.6524672
	59319	1.6542000000000001
	56172	1.65662082
	57710	1.66459128
	58710	1.67124
	59228	1.6743599999999998
	58523	1.68255288
	58424	1.6867065
	50871	1.6877168400000002
	56192	1.68792
	58847	1.69044
	59088	1.7041199999999999
	56045	1.71117918
	54244	1.71129144
	59053	1.71348
	58933	1.71672
	59493	1.71696
	50862	1.72307874
	57895	1.72572
	59318	1.72752
	56164	1.73037564
	58744	1.7323199999999999
	59124	1.7323199999999999
	59454	1.73568
	54026	1.73598864
	58906	1.7408400000000002
	54223	1.7439591
	59757	1.7514
	57509	1.75260312
	57741	1.7554096200000002
	57803	1.75720578
	57623	1.7625942600000002
	51559	1.7643904200000002
	58940	1.7668799999999998
	59109	1.7817599999999998
	59093	1.78512
	58749	1.78812
	56171	1.7915573400000002
	54436	1.7929199999999998
	54304	1.79736
	59096	1.7981999999999998
	54325	1.7995278000000001
	54338	1.80693696
	57960	1.8080399999999999
	51468	1.8110905800000001
	56046	1.8124377
	50246	1.8158055
	54431	1.8158400000000001
	54231	1.81591776
	52533	1.8175199999999998
	57991	1.81968
	58820	1.82388
	57781	1.82676
	59106	1.8268799999999998
	58725	1.82904
	56385	1.8337671
	57798	1.83552
	57993	1.8368399999999998
	52436	1.84524
	56280	1.8559945800000002
	59280	1.8634799999999998
	57972	1.8666
	58426	1.8672205800000001
	57485	1.8775485000000003
	57988	1.8821999999999999
	54334	1.8837228
	50787	1.8876519
	56182	1.88911128
	56067	1.88944806
	59469	1.89732
	57992	1.90332
	54117	1.9053889800000001
	59224	1.9100399999999997
	59941	1.9141199999999998
	59288	1.9191599999999998
	59303	1.9494
	58819	1.9535999999999998
	57742	1.9570285800000002
	58818	1.96176
	59321	1.9671599999999998
	54134	1.96758102
	57793	1.9725599999999999
	59090	1.9798799999999999
	50779	1.99194144
	53399	1.9984799999999998
	59290	2.00472
	57816	2.0167509
	59074	2.0252399999999997
	57735	2.03785578
	59097	2.0465999999999998
	57402	2.0542457400000003
	57805	2.0634510600000002
	57915	2.06738016
	54027	2.07579966
	56185	2.07815712
	59126	2.09016
	59113	2.0983199999999997
	57814	2.1071202
	54135	2.11060026
	54154	2.1127332
	57876	2.12796
	50788	2.13249096
	58724	2.13324
	50937	2.16190308
	50674	2.16470958
	58520	2.17470072
	59094	2.18196
	59659	2.1888
	58435	2.19266232
	58734	2.1976799999999996
	54122	2.20669482
	58846	2.21124
	59125	2.21892
	58427	2.23823988
	59462	2.23968
	54234	2.2443019200000003
	52955	2.2682133
	59287	2.2692
	50985	2.2868484600000003
	54515	2.29476
	54113	2.29987062
	59471	2.31024
	57719	2.31390312
	58938	2.31972
	54226	2.3226594
	54115	2.3484792000000003
	58931	2.35908
	59133	2.37108
	58917	2.3720399999999997
	59289	2.38164
	57789	2.3838
	54331	2.40472146
	59081	2.4099600000000003
	58821	2.4132000000000002
	50772	2.41538616
	59658	2.4198
	58946	2.42364
	54237	2.42616312
	50861	2.4285205800000003
	54335	2.43671556
	59117	2.43972
	59038	2.4421199999999996
	54132	2.44917642
	57739	2.46388248
	57973	2.4642
	54213	2.4761188200000004
	50774	2.49756048
	58826	2.52336
	54323	2.53224882
	59456	2.5326
	59285	2.5329599999999997
	59940	2.547
	59758	2.5645200000000004
	57813	2.56469196
	59312	2.56812
	59481	2.56896
	59488	2.59884
	58926	2.60904
	59293	2.619
	58918	2.63148
	59457	2.6390399999999996
	58844	2.6458799999999996
	58911	2.6557199999999996
	58438	2.65842906
	58921	2.7234
	58929	2.7329999999999997
	54236	2.75081904
	58927	2.7658799999999997
	59476	2.77584
	59655	2.8054799999999998
	54142	2.8415251200000005
	58414	2.8639771200000004
	59218	2.8754399999999998
	57658	2.88576
	59102	2.90556
	59854	2.9481599999999997
	59310	2.96832
	57752	2.9893199999999998
	58928	3.0119999999999996
	50983	3.0737910600000005
	59304	3.07776
	59473	3.1092
	58923	3.1112399999999996
	59271	3.13128
	56178	3.1404735
	57859	3.1476
	58934	3.1652400000000003
	59131	3.18744
	57669	3.20232
	57989	3.21156
	58437	3.26092848
	59087	3.28224
	59107	3.29364
	58837	3.30156
	50778	3.3271618800000002
	58935	3.3334799999999998
	59477	3.3403199999999997
	58828	3.36648
	58824	3.4297199999999997
	59653	3.44424
	59475	3.4617599999999995
	59227	3.48792
	59294	3.50556
	54161	3.5443849800000002
	59626	3.62628
	59082	3.6602399999999995
	59478	3.70308
	50673	3.7193983200000003
	58912	3.75336
	58936	3.81372
	59673	4.16412
	59487	4.21296
	59663	4.32936
	58932	4.887
