	54455	-1.9967
	52998	-1.9848
	54835	-1.8782
	52868	-1.8662
	54766	-1.8399
	52995	-1.8108
	54142	-1.787
	54804	-1.7828
	57011	-1.7751
	54844	-1.7323
	54806	-1.7139
	57198	-1.7052
	54186	-1.6936
	54454	-1.6879
	54805	-1.6821
	57001	-1.6777
	54846	-1.6714
	56091	-1.6615
	54327	-1.6586
	54453	-1.6435
	56092	-1.6425
	54777	-1.6395
	57006	-1.6393
	57184	-1.6301
	52993	-1.6127
	54810	-1.6003
	55279	-1.5942
	59626	-1.5773
	54814	-1.5769
	54778	-1.5753
	57195	-1.5689
	57634	-1.5679
	54816	-1.5638
	54540	-1.5591
	57194	-1.5587
	56193	-1.5537
	54338	-1.5455
	54237	-1.5383
	54842	-1.5351
	52863	-1.5294
	54815	-1.5282
	54776	-1.5149
	58100	-1.5069
	54836	-1.4985
	59429	-1.4961
	54935	-1.4928
	57004	-1.4901
	54812	-1.4843
	54828	-1.4732
	56171	-1.4695
	54919	-1.4673
	54837	-1.4659
	59945	-1.4614
	59750	-1.4552
	52982	-1.4532
	54334	-1.4526
	57439	-1.4511
	54248	-1.4492
	54821	-1.4464
	54705	-1.4445
	54807	-1.4439
	57002	-1.4425
	57196	-1.4369
	54803	-1.4326
	59425	-1.4229
	54932	-1.4206
	54324	-1.4175
	54811	-1.4161
	54825	-1.4141
	54800	-1.4058
	59501	-1.3966
	59427	-1.3961
	54852	-1.3797
	56844	-1.3759
	54156	-1.3748
	54736	-1.3741
	54331	-1.3729
	59940	-1.3717
	57192	-1.371
	54729	-1.3694
	54236	-1.3686
	58101	-1.3642
	54764	-1.364
	54737	-1.3618
	52856	-1.3609
	53908	-1.3592
	54923	-1.3514
	57268	-1.3506
	57723	-1.3474
	59941	-1.3474
	54818	-1.3413
	54820	-1.3367
	53899	-1.3338
	54861	-1.3272
	54918	-1.3232
	57188	-1.3196
	58203	-1.3159
	53878	-1.3137
	54472	-1.3034
	52869	-1.3033
	54260	-1.2978
	58036	-1.2978
	54363	-1.2942
	57279	-1.2862
	54715	-1.2847
	54841	-1.2798
	57253	-1.279
	55578	-1.2784
	54853	-1.2743
	54449	-1.2694
	54921	-1.2646
	56849	-1.2611
	54261	-1.2574
	54830	-1.2527
	57175	-1.2521
	54259	-1.2495
	56223	-1.2481
	54832	-1.2474
	54471	-1.2404
	57640	-1.2375
	55585	-1.2344
	59107	-1.2328
	54244	-1.2283
	54332	-1.2278
	54801	-1.2263
	58113	-1.2255
	54903	-1.2242
	54749	-1.2226
	54336	-1.2208
	54273	-1.2202
	54633	-1.2187
	54541	-1.2184
	54774	-1.2139
	54335	-1.2125
	57292	-1.2069
	57186	-1.206
	57637	-1.2034
	57189	-1.2018
	57438	-1.2
	54660	-1.1981
	57014	-1.1975
	56840	-1.1974
	56194	-1.1968
	58038	-1.1968
	54223	-1.1914
	50963	-1.1905
	54708	-1.189
	55589	-1.1878
	54069	-1.1872
	54226	-1.187
	54532	-1.1856
	57251	-1.1832
	57297	-1.1776
	52885	-1.1734
	54843	-1.1723
	53893	-1.1714
	54765	-1.1712
	54855	-1.1712
	54706	-1.1704
	57293	-1.1693
	57156	-1.1645
	54319	-1.1642
	54910	-1.1554
	56835	-1.1528
	54833	-1.1515
	53896	-1.151
	54438	-1.1496
	58104	-1.1495
	56173	-1.1489
	57260	-1.1488
	56190	-1.1483
	54631	-1.1428
	54822	-1.1414
	57012	-1.141
	53991	-1.1396
	56273	-1.1378
	54826	-1.1377
	53906	-1.1362
	58002	-1.1362
	54871	-1.1351
	58041	-1.133
	59297	-1.1315
	58109	-1.1295
	58202	-1.1268
	57646	-1.1258
	57197	-1.1245
	54911	-1.1244
	56389	-1.1241
	56948	-1.1237
	54362	-1.1214
	57093	-1.121
	54475	-1.12
	58047	-1.1188
	53995	-1.1139
	54285	-1.1133
	57636	-1.1132
	56016	-1.1062
	54436	-1.1053
	53898	-1.1039
	54922	-1.1036
	54432	-1.1013
	54452	-1.1002
	58107	-1.0986
	58102	-1.0984
	57633	-1.0977
	57642	-1.0957
	54808	-1.0949
	53998	-1.0941
	58030	-1.0924
	53997	-1.0896
	56278	-1.0874
	54920	-1.0868
	59315	-1.0841
	54164	-1.0831
	54703	-1.0823
	56839	-1.0789
	54730	-1.0771
	50954	-1.0756
	54522	-1.0747
	57177	-1.0732
	54252	-1.0712
	54901	-1.071
	57265	-1.0705
	54945	-1.0683
	54181	-1.0679
	54325	-1.0666
	54916	-1.0652
	53707	-1.0644
	54900	-1.0621
	54187	-1.0612
	57077	-1.0605
	54943	-1.06
	54365	-1.0564
	59848	-1.055
	52943	-1.0539
	52986	-1.0531
	54824	-1.0523
	58021	-1.0483
	57541	-1.045
	54914	-1.0441
	54834	-1.044
	53967	-1.0413
	59851	-1.0383
	57294	-1.0364
	54905	-1.0363
	53996	-1.0348
	53773	-1.0343
	54470	-1.0343
	58130	-1.0334
	59838	-1.0314
	54569	-1.0294
	54732	-1.0292
	54274	-1.0277
	58035	-1.0248
	58323	-1.0222
	59849	-1.0208
	59635	-1.0174
	53392	-1.0163
	54267	-1.0138
	54912	-1.0104
	54049	-1.01
	54929	-1.0092
	56838	-1.007
	55773	-1.0066
	54902	-1.0065
	56018	-1.0047
	54434	-1.0045
	57295	-1.003
	58108	-1.0024
	55299	-1.0017
	57106	-0.9978
	54606	-0.9966
	54632	-0.9954
	57278	-0.9928
	57274	-0.9919
	58122	-0.9914
	54493	-0.9905
	56021	-0.9904
	54731	-0.9902
	54857	-0.9896
	58114	-0.9888
	54342	-0.9879
	54609	-0.9807
	54917	-0.9773
	57543	-0.976
	55591	-0.9686
	56284	-0.9686
	55664	-0.9675
	54165	-0.9674
	57281	-0.9633
	53989	-0.9617
	58007	-0.9615
	56944	-0.9593
	54722	-0.9588
	58013	-0.9579
	59426	-0.9575
	53799	-0.9569
	54351	-0.9534
	54927	-0.9501
	56065	-0.9493
	53992	-0.9492
	54377	-0.9489
	54734	-0.9483
	56164	-0.9435
	56378	-0.9432
	54494	-0.9431
	56946	-0.9428
	57298	-0.9412
	59109	-0.9412
	57361	-0.9406
	56386	-0.9378
	57016	-0.9371
	58111	-0.937
	56571	-0.9366
	59500	-0.9358
	54851	-0.9351
	56093	-0.9335
	57540	-0.9335
	54249	-0.9331
	54712	-0.9319
	57169	-0.9309
	59314	-0.9299
	56079	-0.9291
	57643	-0.928
	57102	-0.9273
	54906	-0.9268
	56285	-0.9201
	58118	-0.9196
	57179	-0.9193
	56543	-0.9182
	56029	-0.9175
	59631	-0.9135
	53890	-0.9123
	54320	-0.9081
	57256	-0.9079
	57623	-0.904
	54907	-0.9037
	54132	-0.9028
	53884	-0.9027
	58012	-0.899
	57187	-0.898
	54525	-0.8951
	56043	-0.8937
	54704	-0.8924
	56381	-0.8923
	54590	-0.8898
	56071	-0.8895
	58131	-0.8888
	54276	-0.8884
	57008	-0.8874
	57099	-0.8861
	56279	-0.8822
	58117	-0.8812
	54568	-0.8802
	52988	-0.8786
	57285	-0.8783
	54584	-0.8764
	57007	-0.8728
	57296	-0.8706
	54702	-0.8699
	53817	-0.869
	50953	-0.8675
	56281	-0.8673
	57447	-0.8666
	54094	-0.8663
	57734	-0.8645
	50880	-0.864
	54829	-0.8626
	57091	-0.8618
	54823	-0.8613
	53897	-0.8607
	52996	-0.8599
	52957	-0.8597
	54333	-0.8597
	57261	-0.8584
	57271	-0.8556
	57204	-0.8549
	54225	-0.8544
	53806	-0.8539
	54339	-0.8536
	54738	-0.8522
	56082	-0.8508
	57558	-0.8491
	57090	-0.8415
	54286	-0.8414
	57348	-0.8385
	54925	-0.838
	57655	-0.838
	57273	-0.8375
	56384	-0.8356
	54439	-0.8352
	56151	-0.8349
	56192	-0.8343
	57185	-0.8313
	54849	-0.8287
	58015	-0.8286
	54751	-0.8276
	54486	-0.8274
	57176	-0.8267
	58006	-0.8264
	58207	-0.8257
	57464	-0.8245
	58034	-0.8211
	57129	-0.8208
	57363	-0.8197
	54349	-0.8159
	58116	-0.8148
	57370	-0.8131
	53894	-0.8125
	59298	-0.8125
	54347	-0.809
	54718	-0.8066
	59097	-0.8012
	54172	-0.8007
	53993	-0.7976
	56106	-0.797
	53917	-0.7961
	57254	-0.7941
	57625	-0.7924
	52972	-0.7902
	56287	-0.7893
	50603	-0.788
	54915	-0.7856
	57564	-0.7846
	54707	-0.7813
	55437	-0.7812
	56074	-0.781
	54161	-0.7799
	54231	-0.7799
	52984	-0.7793
	59318	-0.7771
	58221	-0.7767
	53882	-0.7763
	54154	-0.7754
	57458	-0.7733
	56094	-0.7728
	56533	-0.7727
	54628	-0.7712
	56331	-0.7704
	58210	-0.7698
	56186	-0.7668
	58011	-0.7656
	57162	-0.7599
	55593	-0.7581
	53983	-0.757
	58032	-0.7541
	54386	-0.7534
	54909	-0.7527
	54065	-0.7501
	57183	-0.7443
	54064	-0.7416
	54318	-0.7413
	54817	-0.7388
	59306	-0.7383
	57537	-0.7377
	54304	-0.7372
	54539	-0.7328
	54717	-0.7323
	56084	-0.7305
	58212	-0.7303
	53994	-0.7295
	54575	-0.7289
	50968	-0.7282
	50788	-0.7275
	56097	-0.7274
	50884	-0.7258
	54483	-0.7253
	57663	-0.7232
	57647	-0.7228
	58125	-0.7207
	53891	-0.7173
	58223	-0.7163
	58045	-0.7144
	54437	-0.714
	50960	-0.709
	55493	-0.7076
	57661	-0.7056
	57460	-0.7052
	50962	-0.7034
	59502	-0.7034
	58301	-0.7021
	57021	-0.7006
	58026	-0.6995
	50879	-0.6956
	59227	-0.6931
	56067	-0.6926
	57395	-0.6925
	57299	-0.6835
	50888	-0.6833
	58214	-0.6833
	56966	-0.6831
	54134	-0.6829
	58246	-0.6785
	58316	-0.6763
	54290	-0.6741
	58017	-0.6719
	54662	-0.6715
	57657	-0.6704
	57245	-0.6691
	52895	-0.6689
	58141	-0.6678
	53697	-0.6647
	59304	-0.6644
	53883	-0.6641
	54640	-0.6609
	53785	-0.6599
	53738	-0.6587
	59317	-0.6586
	59435	-0.6582
	53914	-0.6571
	56195	-0.6562
	54416	-0.6542
	58126	-0.6535
	56228	-0.652
	53727	-0.6516
	53881	-0.651
	57242	-0.651
	58128	-0.6472
	57127	-0.6461
	57606	-0.6458
	58044	-0.6407
	57522	-0.6392
	58127	-0.6392
	54521	-0.6381
	57182	-0.6356
	56989	-0.6313
	56247	-0.6283
	57193	-0.6268
	50949	-0.626
	54113	-0.6242
	57154	-0.6241
	58008	-0.6241
	57290	-0.6238
	58205	-0.6236
	53926	-0.6218
	56034	-0.6203
	59632	-0.6171
	59096	-0.6169
	52985	-0.6168
	56128	-0.6165
	56251	-0.6148
	52875	-0.6135
	53937	-0.611
	54531	-0.6106
	53578	-0.6101
	56181	-0.6085
	58222	-0.6071
	53961	-0.6057
	57445	-0.6029
	57720	-0.6025
	57722	-0.602
	54716	-0.6018
	53651	-0.5992
	56395	-0.5989
	58016	-0.5966
	59316	-0.5945
	50618	-0.5944
	53798	-0.5938
	59421	-0.5937
	53959	-0.5912
	56462	-0.5896
	52754	-0.5885
	57566	-0.5882
	53941	-0.5881
	57003	-0.5872
	54169	-0.5869
	52908	-0.5867
	59417	-0.5859
	52955	-0.5846
	57191	-0.5841
	56836	-0.5822
	53391	-0.5811
	58040	-0.5807
	58025	-0.5758
	57098	-0.5754
	54337	-0.5747
	58220	-0.5747
	58003	-0.5721
	54940	-0.5715
	51542	-0.5714
	56152	-0.5681
	58666	-0.5677
	53810	-0.5667
	55655	-0.5628
	57544	-0.5628
	57359	-0.5625
	53781	-0.5621
	58048	-0.5597
	56487	-0.5585
	56168	-0.5583
	58330	-0.558
	53796	-0.5575
	56189	-0.5545
	56081	-0.5541
	59470	-0.5511
	58311	-0.5507
	56298	-0.5503
	54511	-0.55
	52896	-0.5495
	54026	-0.5492
	56125	-0.5482
	54601	-0.5442
	59854	-0.5438
	54711	-0.5433
	53895	-0.5409
	56841	-0.5407
	54752	-0.5394
	53399	-0.5389
	57217	-0.5381
	54374	-0.5377
	54080	-0.5376
	54308	-0.537
	53083	-0.5324
	57469	-0.5297
	54709	-0.5288
	54157	-0.528
	57396	-0.5279
	53892	-0.5268
	59493	-0.5245
	56950	-0.524
	57545	-0.5214
	53966	-0.5207
	53790	-0.5192
	56371	-0.5173
	58208	-0.516
	56046	-0.5153
	57180	-0.5106
	54039	-0.509
	57257	-0.5089
	56137	-0.5072
	54431	-0.5042
	57926	-0.5042
	58129	-0.5042
	54076	-0.5035
	54195	-0.5035
	53861	-0.5013
	57385	-0.5003
	56548	-0.4991
	54063	-0.499
	56197	-0.4987
	59640	-0.4977
	53362	-0.4952
	57211	-0.4941
	54284	-0.4914
	54714	-0.4904
	57461	-0.49
	54243	-0.4898
	59324	-0.4883
	53564	-0.4882
	59954	-0.4874
	58215	-0.4866
	56483	-0.4856
	57173	-0.484
	56474	-0.4837
	56969	-0.4837
	57574	-0.4835
	59492	-0.4811
	57669	-0.4796
	53797	-0.4775
	53577	-0.4773
	56376	-0.4771
	53368	-0.4759
	57803	-0.4725
	54520	-0.4721
	54398	-0.4712
	58342	-0.4712
	58665	-0.47
	57259	-0.4699
	54627	-0.4681
	50978	-0.4675
	57111	-0.4666
	52980	-0.4637
	57713	-0.4637
	54644	-0.4624
	58005	-0.4613
	59310	-0.4603
	50948	-0.459
	54563	-0.4587
	50936	-0.4576
	53866	-0.4573
	57078	-0.4565
	54218	-0.4553
	59087	-0.4546
	57740	-0.4531
	54213	-0.4525
	53778	-0.452
	50928	-0.4511
	58340	-0.4511
	53466	-0.451
	53963	-0.4509
	53664	-0.4507
	57390	-0.4505
	50965	-0.4489
	59754	-0.4478
	56263	-0.4475
	59312	-0.4464
	53775	-0.4462
	59843	-0.4452
	50524	-0.4451
	58244	-0.4448
	56095	-0.4446
	57345	-0.4446
	56842	-0.4435
	57425	-0.4432
	56641	-0.4431
	58320	-0.4423
	56144	-0.442
	59431	-0.4413
	53903	-0.4401
	57045	-0.4401
	58004	-0.4396
	54371	-0.4395
	59303	-0.4385
	59419	-0.438
	53786	-0.4376
	56307	-0.4352
	50979	-0.4351
	56188	-0.4347
	53562	-0.4339
	53954	-0.4313
	58255	-0.4311
	57153	-0.43
	56196	-0.4295
	57465	-0.4295
	53446	-0.4285
	56396	-0.4282
	54323	-0.4275
	50776	-0.4274
	54135	-0.4264
	57662	-0.4261
	54608	-0.4251
	56480	-0.4244
	50955	-0.4211
	54535	-0.4208
	58341	-0.4206
	54476	-0.4198
	56390	-0.4179
	53467	-0.4177
	50862	-0.4176
	57105	-0.4168
	54710	-0.4147
	50940	-0.4141
	58321	-0.4141
	54027	-0.4135
	50787	-0.413
	53567	-0.413
	53974	-0.412
	53947	-0.4112
	52963	-0.4105
	54701	-0.4105
	58760	-0.4102
	53787	-0.4095
	57477	-0.4086
	53927	-0.4076
	54346	-0.4071
	54534	-0.4069
	58132	-0.4051
	56080	-0.4046
	56843	-0.4046
	56385	-0.4043
	59842	-0.4039
	53928	-0.4028
	58331	-0.4025
	53864	-0.4019
	54234	-0.4017
	54626	-0.4015
	58236	-0.4004
	56382	-0.3966
	50527	-0.3957
	58314	-0.3942
	57022	-0.3926
	56185	-0.3922
	56748	-0.3922
	54171	-0.3913
	57824	-0.3905
	53764	-0.3891
	57178	-0.3891
	53865	-0.3886
	57462	-0.3885
	53886	-0.3875
	58135	-0.3864
	57536	-0.3854
	58024	-0.384
	57694	-0.3834
	55248	-0.3826
	57039	-0.3814
	53463	-0.3807
	57378	-0.3805
	57635	-0.3789
	53352	-0.3787
	53821	-0.3787
	57554	-0.3773
	52884	-0.3757
	53673	-0.3745
	56096	-0.3745
	57113	-0.3745
	59092	-0.3734
	58329	-0.3718
	54617	-0.3715
	57415	-0.3694
	53464	-0.3678
	57649	-0.3676
	50985	-0.3673
	59757	-0.3644
	54506	-0.3628
	52853	-0.3611
	54115	-0.3581
	53944	-0.3576
	53958	-0.3551
	54596	-0.3549
	51495	-0.3546
	54093	-0.3502
	58664	-0.35
	54047	-0.3499
	50425	-0.3498
	53964	-0.3491
	59093	-0.3484
	58327	-0.3474
	56434	-0.3465
	58336	-0.3456
	57144	-0.3406
	53923	-0.3401
	54623	-0.3399
	56854	-0.3382
	57717	-0.3367
	58020	-0.3355
	57408	-0.3347
	54501	-0.3331
	57752	-0.3318
	58436	-0.3313
	53705	-0.3289
	57213	-0.3284
	57432	-0.3281
	57110	-0.3275
	54938	-0.3257
	57688	-0.3247
	57577	-0.3246
	56693	-0.3245
	54611	-0.3232
	54624	-0.3232
	57096	-0.3232
	56280	-0.3226
	56198	-0.3188
	53480	-0.318
	53487	-0.3175
	53791	-0.3161
	52657	-0.3159
	50964	-0.3149
	57055	-0.3143
	59237	-0.3143
	57047	-0.3134
	56045	-0.3131
	56959	-0.3128
	54713	-0.312
	59647	-0.3106
	59290	-0.3104
	58352	-0.3068
	53543	-0.3067
	53754	-0.3067
	54292	-0.3052
	57119	-0.3036
	54502	-0.3034
	50772	-0.3031
	53348	-0.2986
	50871	-0.2965
	58339	-0.2949
	57181	-0.2938
	50673	-0.2925
	55690	-0.2908
	57658	-0.2874
	56380	-0.2857
	57743	-0.2845
	58667	-0.2827
	53868	-0.2823
	58001	-0.2792
	54433	-0.2791
	54072	-0.2789
	57575	-0.2761
	59313	-0.2757
	53949	-0.2751
	57731	-0.2751
	53195	-0.2737
	53576	-0.273
	59321	-0.269
	53986	-0.2676
	50745	-0.2675
	58225	-0.2649
	53934	-0.2623
	57736	-0.2606
	56257	-0.254
	58344	-0.2506
	59855	-0.2492
	57231	-0.2491
	59130	-0.2485
	51633	-0.2481
	54497	-0.2471
	59269	-0.2469
	53957	-0.2465
	54700	-0.2458
	57523	-0.2451
	50647	-0.2449
	50756	-0.2444
	57155	-0.244
	57362	-0.2438
	58656	-0.2424
	57075	-0.2383
	56492	-0.2378
	54102	-0.2364
	53646	-0.2356
	53948	-0.234
	58247	-0.2339
	56752	-0.2338
	57708	-0.2329
	56167	-0.2316
	50934	-0.2276
	53829	-0.2275
	58237	-0.2256
	57067	-0.2253
	57082	-0.2247
	58242	-0.2243
	57584	-0.2239
	56182	-0.2229
	50526	-0.2223
	53735	-0.2178
	57562	-0.2166
	53579	-0.2161
	57671	-0.2152
	57437	-0.2112
	58245	-0.211
	56202	-0.2105
	54619	-0.2093
	50854	-0.2092
	53774	-0.2089
	53698	-0.2084
	50958	-0.208
	58022	-0.2075
	56267	-0.2071
	53784	-0.2067
	53770	-0.2061
	57486	-0.2061
	59487	-0.2058
	53593	-0.2051
	59099	-0.2044
	56643	-0.2017
	51636	-0.2015
	57132	-0.2013
	58326	-0.201
	56475	-0.1999
	58441	-0.1966
	54530	-0.1953
	56147	-0.1929
	58306	-0.1925
	57710	-0.1919
	59294	-0.1914
	54510	-0.191
	53962	-0.1896
	58421	-0.1886
	52787	-0.1881
	58442	-0.1872
	54636	-0.1845
	59218	-0.1841
	56646	-0.1835
	58250	-0.1824
	50867	-0.181
	59847	-0.18
	58224	-0.1786
	52446	-0.1761
	57585	-0.1754
	53988	-0.1725
	53420	-0.1718
	57060	-0.1705
	58240	-0.1694
	57206	-0.1691
	52674	-0.169
	57076	-0.169
	57910	-0.169
	52447	-0.1685
	58907	-0.1684
	56297	-0.1661
	54579	-0.1658
	53772	-0.1655
	52765	-0.1645
	56399	-0.1639
	58138	-0.1636
	56962	-0.1627
	56582	-0.1623
	58429	-0.1622
	58265	-0.1613
	59656	-0.1605
	57233	-0.1602
	56977	-0.1594
	57492	-0.1592
	57038	-0.159
	51711	-0.1572
	57248	-0.1567
	57081	-0.1548
	57995	-0.1531
	52323	-0.1502
	58143	-0.1502
	59293	-0.1471
	57041	-0.1451
	54603	-0.1435
	56498	-0.1424
	53676	-0.1406
	59215	-0.1398
	54474	-0.1377
	54602	-0.1372
	53859	-0.1367
	52737	-0.1362
	50946	-0.135
	50778	-0.1346
	58334	-0.1346
	54620	-0.1328
	56742	-0.132
	53689	-0.1297
	57409	-0.1275
	53680	-0.1271
	58509	-0.127
	50945	-0.1257
	53945	-0.1254
	53852	-0.1251
	58345	-0.124
	59320	-0.124
	50431	-0.1233
	50973	-0.1226
	56004	-0.1216
	59319	-0.1216
	51704	-0.1215
	57303	-0.1197
	54939	-0.1195
	50758	-0.1192
	57475	-0.1173
	56976	-0.1162
	53704	-0.1155
	57520	-0.1152
	56383	-0.1151
	51438	-0.114
	58027	-0.1129
	57381	-0.1125
	58354	-0.1113
	50838	-0.1111
	59644	-0.1102
	54507	-0.1093
	57216	-0.1089
	52784	-0.1087
	50767	-0.1082
	53740	-0.1077
	56961	-0.1074
	57025	-0.1072
	51639	-0.1071
	56295	-0.107
	52418	-0.1059
	57040	-0.1052
	57126	-0.1042
	54533	-0.1034
	53862	-0.1021
	56158	-0.1015
	57377	-0.1012
	50844	-0.1008
	58453	-0.0998
	50858	-0.0979
	53915	-0.0965
	56187	-0.0925
	58249	-0.0901
	50525	-0.0897
	53956	-0.0889
	57086	-0.0877
	54515	-0.0854
	56774	-0.0845
	58147	-0.0844
	58269	-0.0839
	57326	-0.0833
	54254	-0.0829
	53984	-0.0825
	57249	-0.0822
	57037	-0.0816
	57094	-0.0808
	54404	-0.0803
	56116	-0.0798
	54613	-0.0791
	52707	-0.0782
	59106	-0.078
	56444	-0.0746
	56595	-0.0727
	55228	-0.0719
	53690	-0.0709
	59673	-0.0709
	51708	-0.0701
	54293	-0.0697
	57339	-0.0688
	57027	-0.0682
	56272	-0.0672
	57066	-0.067
	57080	-0.067
	56478	-0.0664
	56964	-0.0655
	53916	-0.0637
	57513	-0.0636
	57046	-0.0631
	58402	-0.062
	56688	-0.0618
	52836	-0.0611
	50742	-0.0607
	57355	-0.0604
	53588	-0.0599
	58140	-0.0599
	53663	-0.0598
	58230	-0.0595
	54594	-0.0591
	56592	-0.0579
	52876	-0.0565
	52978	-0.054
	57414	-0.0524
	53599	-0.05
	58335	-0.0478
	50514	-0.0466
	53782	-0.0449
	59127	-0.0449
	53433	-0.0443
	57483	-0.0432
	59289	-0.0418
	57232	-0.0412
	57416	-0.0411
	57247	-0.0406
	59228	-0.0402
	58049	-0.0379
	59270	-0.0364
	57800	-0.0363
	59229	-0.0346
	57049	-0.0333
	58234	-0.0328
	59278	-0.0325
	57087	-0.0313
	53783	-0.031
	57042	-0.0305
	58432	-0.0298
	59090	-0.029
	53367	-0.0261
	59664	-0.0249
	50937	-0.0231
	57407	-0.0212
	56394	-0.02
	57614	-0.02
	59322	-0.0166
	58928	-0.016
	56958	-0.0121
	53950	-0.0114
	53687	-0.0112
	50834	-0.0076
	59488	-0.0057
	59856	-0.0057
	53975	-0.0055
	52267	-0.0036
	57020	-9.0E-4
	58351	7.0E-4
	53853	0.0024
	56485	0.0025
	58257	0.0028
	57571	0.0034
	54499	0.0073
	57786	0.0078
	51802	0.0091
	56745	0.0099
	53502	0.01
	57525	0.01
	54616	0.013
	57512	0.0132
	53789	0.0138
	57304	0.0138
	54041	0.0146
	52633	0.0167
	54517	0.0175
	54205	0.0193
	54512	0.0195
	58472	0.0209
	54523	0.021
	57821	0.0246
	53856	0.0255
	57368	0.0266
	51709	0.0274
	57048	0.0277
	56757	0.0278
	57793	0.0294
	54605	0.0295
	50950	0.0326
	57805	0.0331
	53513	0.0347
	50833	0.0357
	50861	0.0361
	57089	0.0362
	53776	0.037
	58353	0.0376
	58449	0.0379
	57043	0.039
	50434	0.0398
	57065	0.0406
	56746	0.0427
	58431	0.043
	53231	0.0435
	58416	0.0453
	58139	0.0458
	58448	0.0459
	57913	0.0462
	59122	0.0466
	50832	0.0474
	52866	0.0483
	50915	0.0492
	51058	0.0507
	57583	0.0523
	57033	0.0542
	57426	0.0553
	53685	0.0556
	57079	0.0562
	56391	0.0576
	53384	0.0588
	53594	0.059
	53877	0.0592
	58319	0.0605
	56180	0.0607
	54514	0.0608
	54208	0.0622
	52797	0.0623
	54519	0.0624
	50632	0.0626
	53596	0.0628
	58238	0.0631
	59285	0.0631
	53696	0.0632
	58243	0.0635
	53985	0.0648
	50878	0.0658
	56575	0.0662
	58150	0.0666
	53942	0.0671
	53149	0.0673
	54505	0.0676
	57773	0.0676
	57388	0.0684
	54518	0.0685
	56898	0.0688
	53938	0.0696
	53910	0.0701
	59478	0.0703
	52645	0.0707
	51642	0.0723
	54604	0.0724
	58605	0.0735
	59462	0.0758
	57921	0.0759
	57143	0.0769
	50739	0.0776
	54399	0.0793
	50853	0.0799
	57678	0.081
	51716	0.0817
	57124	0.082
	53955	0.0823
	58459	0.0848
	56459	0.0878
	59268	0.0878
	51705	0.0884
	53337	0.0885
	57674	0.0912
	56276	0.0916
	59845	0.0918
	57822	0.0923
	54612	0.0942
	58254	0.0956
	53490	0.0961
	57732	0.0962
	53478	0.0969
	53953	0.0969
	56670	0.0973
	58534	0.0993
	54614	0.1025
	57052	0.1031
	52889	0.1033
	54117	0.1044
	53693	0.1046
	57605	0.1061
	57387	0.1062
	57728	0.1076
	57029	0.1078
	57903	0.109
	52495	0.1106
	57604	0.1113
	56443	0.1133
	58235	0.1133
	58264	0.1146
	57582	0.115
	57781	0.1162
	57509	0.1175
	59477	0.1197
	57034	0.1223
	57499	0.1255
	57083	0.1266
	56756	0.1292
	50873	0.1301
	54618	0.1301
	54410	0.1313
	50557	0.1328
	58343	0.1358
	57095	0.1359
	59485	0.1387
	59446	0.1391
	57237	0.1397
	59131	0.1399
	55472	0.1409
	59124	0.1411
	57489	0.1421
	57590	0.1436
	58251	0.144
	57502	0.1448
	56569	0.146
	51644	0.1461
	52576	0.1482
	58569	0.1484
	57907	0.1494
	50727	0.1508
	56183	0.1509
	55696	0.1514
	57719	0.1525
	59951	0.155
	57581	0.1576
	53324	0.1585
	56178	0.1593
	57813	0.1596
	57780	0.1619
	53699	0.1626
	53486	0.1693
	57900	0.1697
	57084	0.1699
	59264	0.1721
	57313	0.1735
	57476	0.1735
	53580	0.1741
	51765	0.1746
	54528	0.1755
	57714	0.1756
	59650	0.1762
	57846	0.1767
	54597	0.1779
	59017	0.1783
	57511	0.179
	58659	0.1791
	56594	0.181
	57699	0.1826
	57417	0.1844
	54406	0.1855
	58337	0.1906
	59094	0.191
	52557	0.1917
	51777	0.1921
	56172	0.1921
	57842	0.1925
	58433	0.1926
	57814	0.1927
	57573	0.1935
	58751	0.1937
	57140	0.1967
	54527	0.1972
	57329	0.2005
	56387	0.2012
	53976	0.2015
	53874	0.2025
	57612	0.2025
	57056	0.2027
	59287	0.2052
	56665	0.2053
	57035	0.2054
	57922	0.2081
	53780	0.2092
	54214	0.2142
	57989	0.2149
	57741	0.2155
	57208	0.2161
	52681	0.2163
	56199	0.2177
	57466	0.2179
	58241	0.2186
	57481	0.2197
	58401	0.2198
	54615	0.222
	52424	0.2244
	54621	0.2258
	57057	0.2273
	57914	0.2284
	52313	0.2286
	59117	0.2297
	57600	0.2298
	58360	0.2305
	56227	0.2311
	59091	0.2313
	57137	0.2325
	56374	0.2337
	56856	0.2338
	57028	0.2357
	57023	0.2369
	57680	0.2372
	53695	0.2382
	51707	0.2389
	56951	0.239
	59266	0.2401
	56489	0.2406
	51814	0.2412
	50468	0.246
	57738	0.2466
	57586	0.247
	57517	0.2476
	51629	0.2494
	52833	0.2506
	54192	0.2517
	53970	0.2541
	57990	0.2548
	56578	0.2559
	54622	0.2568
	57682	0.2584
	53336	0.2597
	59256	0.2615
	57871	0.2624
	50639	0.2669
	54401	0.2674
	57666	0.2681
	53682	0.2709
	58510	0.2709
	51855	0.2716
	50353	0.2719
	59209	0.2728
	52679	0.2732
	56889	0.2732
	57915	0.2739
	57698	0.2759
	57816	0.2761
	58520	0.2762
	52652	0.2764
	53725	0.2765
	52974	0.2774
	58658	0.2786
	57507	0.2798
	50775	0.2823
	56586	0.2828
	59481	0.2847
	58542	0.2873
	56851	0.2886
	58567	0.2892
	57309	0.2904
	51701	0.2913
	57358	0.292
	51087	0.2923
	58501	0.2926
	53771	0.293
	59125	0.2935
	56584	0.2936
	58145	0.2936
	54610	0.2945
	58602	0.2945
	57485	0.2965
	53691	0.2979
	53860	0.3
	56973	0.3004
	57493	0.3008
	50564	0.3011
	57072	0.3017
	51467	0.3019
	57026	0.3021
	56970	0.3025
	58146	0.3037
	56580	0.3053
	57306	0.3053
	56996	0.3055
	57318	0.3081
	57811	0.3094
	59082	0.3102
	59113	0.3129
	57916	0.3144
	58929	0.3169
	50774	0.317
	54719	0.3191
	57911	0.3195
	58500	0.3208
	52546	0.3215
	57996	0.3217
	54503	0.322
	58419	0.3227
	59284	0.3244
	58268	0.3257
	53529	0.3283
	58612	0.3299
	57343	0.3341
	54031	0.3372
	56567	0.34
	57431	0.3405
	51810	0.342
	53617	0.3446
	57328	0.3453
	52533	0.3458
	53505	0.3478
	58607	0.3478
	57829	0.349
	59441	0.349
	50892	0.3497
	51053	0.3505
	58531	0.3505
	57985	0.3509
	57071	0.3511
	56775	0.3519
	57070	0.3522
	57737	0.3533
	56499	0.3559
	57315	0.3571
	58446	0.3585
	51829	0.3591
	56671	0.3617
	57912	0.3618
	57906	0.3642
	58338	0.3662
	56792	0.367
	58377	0.3694
	58427	0.3695
	51827	0.371
	57923	0.3716
	53982	0.3749
	57482	0.3771
	58454	0.379
	59102	0.379
	58428	0.3791
	51186	0.3793
	53850	0.3808
	58404	0.3808
	53517	0.382
	58358	0.3848
	57349	0.3893
	57510	0.3902
	56312	0.3924
	59658	0.3926
	57496	0.3935
	57941	0.3944
	53854	0.3957
	56673	0.3961
	54513	0.3971
	57494	0.3974
	57128	0.3977
	51828	0.3982
	58938	0.3995
	56986	0.4025
	51526	0.4035
	54607	0.4038
	58457	0.4039
	58843	0.4042
	57030	0.4057
	57032	0.4085
	50939	0.4089
	58259	0.4116
	51477	0.412
	57589	0.414
	57324	0.4143
	50851	0.4183
	56846	0.4187
	56675	0.4205
	56596	0.4211
	57947	0.4214
	59137	0.4226
	59471	0.4245
	59271	0.4249
	57993	0.428
	50859	0.4285
	51818	0.4298
	52607	0.4309
	57991	0.433
	57735	0.4338
	51804	0.4341
	58752	0.4345
	59033	0.4364
	58158	0.4371
	59126	0.4372
	51811	0.4382
	57518	0.4387
	54645	0.4394
	58414	0.4404
	57796	0.4411
	53692	0.4424
	54321	0.4435
	56691	0.4441
	53533	0.4452
	57609	0.447
	51717	0.4473
	51572	0.4505
	59758	0.4507
	53968	0.4508
	59088	0.4521
	52661	0.453
	57320	0.4531
	59480	0.4545
	57031	0.4566
	57908	0.4588
	50548	0.4639
	58420	0.4641
	57792	0.4645
	56652	0.4653
	51060	0.4657
	53602	0.4672
	58356	0.4706
	57085	0.4711
	56357	0.4722
	54291	0.4771
	59205	0.4781
	58450	0.4789
	58657	0.4792
	58936	0.4801
	59454	0.4808
	57771	0.481
	51581	0.482
	58503	0.4849
	51076	0.4856
	58917	0.4864
	54012	0.4913
	57718	0.4913
	51815	0.4922
	56952	0.4923
	51559	0.4949
	51243	0.4955
	51156	0.4972
	51826	0.4981
	53612	0.4992
	50656	0.5045
	56286	0.5047
	58317	0.5059
	57505	0.5095
	58905	0.5104
	59004	0.515
	57054	0.5157
	59116	0.5187
	57679	0.5199
	58931	0.5206
	53930	0.5208
	57451	0.5208
	52643	0.5212
	59224	0.5229
	58926	0.5245
	57598	0.5252
	53929	0.5269
	56992	0.5303
	52656	0.5322
	57927	0.5326
	57565	0.5337
	50658	0.5348
	51437	0.536
	58426	0.536
	58148	0.5363
	53619	0.5427
	51330	0.5435
	57825	0.5439
	51567	0.5461
	57308	0.5469
	56184	0.549
	57992	0.5494
	52825	0.5504
	58550	0.5504
	59001	0.5505
	58477	0.552
	57827	0.5528
	59948	0.5547
	50247	0.5574
	51627	0.5584
	58502	0.5594
	57832	0.5625
	58362	0.5672
	50983	0.568
	55680	0.572
	57595	0.5724
	53723	0.5726
	56761	0.5728
	56585	0.5735
	57909	0.5743
	58415	0.5774
	57936	0.5806
	59456	0.5815
	58438	0.5821
	57498	0.5842
	59475	0.5863
	57889	0.5872
	57739	0.5892
	57777	0.5909
	57774	0.5917
	58600	0.5948
	51571	0.5998
	57687	0.6046
	59114	0.6102
	56881	0.6104
	57828	0.6107
	56863	0.6118
	51573	0.6133
	57399	0.6142
	58608	0.618
	50442	0.6226
	57754	0.6233
	58456	0.6238
	59265	0.6245
	51358	0.6252
	57761	0.6265
	59653	0.6266
	58646	0.6323
	51241	0.6326
	57333	0.634
	59021	0.6348
	50779	0.6363
	58346	0.6365
	57886	0.637
	57696	0.6397
	51068	0.6401
	51352	0.6405
	59044	0.6437
	56777	0.6439
	57729	0.6444
	57307	0.6463
	56885	0.6469
	56593	0.6489
	53618	0.6492
	56763	0.6529
	57398	0.6545
	56493	0.655
	59249	0.6558
	51628	0.656
	58359	0.6566
	50136	0.6571
	56146	0.6612
	56674	0.6622
	51720	0.6623
	58570	0.6625
	58543	0.6629
	57948	0.6637
	58923	0.6657
	59448	0.6669
	57976	0.6675
	58701	0.6677
	58407	0.6682
	57853	0.6688
	57742	0.6728
	58423	0.674
	58606	0.6761
	59663	0.6776
	57839	0.6806
	58627	0.6806
	56954	0.6862
	57707	0.6863
	58626	0.6869
	56739	0.6881
	56982	0.6908
	56991	0.6923
	56764	0.6983
	57899	0.6984
	53419	0.6986
	57744	0.6994
	52203	0.7004
	57420	0.7006
	51357	0.7016
	57860	0.7021
	59015	0.7021
	57841	0.703
	58409	0.7033
	51656	0.7043
	58609	0.7056
	57981	0.7078
	57389	0.7101
	56869	0.7103
	51346	0.7111
	59034	0.7126
	57994	0.7129
	58154	0.7142
	56793	0.7185
	57902	0.7187
	57768	0.7208
	58366	0.7267
	58527	0.7268
	59081	0.7304
	53512	0.7305
	52112	0.7343
	58918	0.7382
	58462	0.7405
	57673	0.7412
	59022	0.7416
	51378	0.7419
	57872	0.7448
	57405	0.7462
	57769	0.7465
	58365	0.7481
	58944	0.7486
	58424	0.7505
	58556	0.7515
	51931	0.7541
	57779	0.7543
	57845	0.7563
	56296	0.7566
	58932	0.7619
	56645	0.7635
	56949	0.7675
	57894	0.7705
	59659	0.7734
	51839	0.7786
	58435	0.7794
	58544	0.7815
	56891	0.7818
	58934	0.7842
	58568	0.7848
	57895	0.7857
	58443	0.7861
	57876	0.7894
	59241	0.7905
	57317	0.7918
	57971	0.7926
	56785	0.7943
	57807	0.7943
	57238	0.7956
	57844	0.7975
	56669	0.7979
	57766	0.8009
	50445	0.8022
	51232	0.8028
	57887	0.8059
	57514	0.8085
	52515	0.8102
	58927	0.8133
	57834	0.8138
	57603	0.8164
	57074	0.8183
	56882	0.8186
	56684	0.8202
	57851	0.8234
	58848	0.8234
	57519	0.8243
	58463	0.8251
	58601	0.8257
	51356	0.8308
	58451	0.8318
	58508	0.8323
	56873	0.8338
	56651	0.834
	58517	0.8359
	57776	0.8364
	57053	0.8384
	58468	0.8391
	58629	0.8435
	58484	0.8455
	51435	0.8469
	57973	0.8475
	58523	0.8492
	57932	0.8502
	56879	0.8506
	52575	0.8518
	58754	0.8536
	59134	0.8544
	56496	0.8568
	57506	0.8599
	57867	0.8652
	57063	0.8656
	56654	0.8669
	55294	0.8693
	53498	0.8745
	58455	0.8749
	57905	0.8797
	58615	0.8799
	58710	0.8802
	56782	0.8833
	50246	0.8847
	59041	0.8856
	58903	0.8864
	56781	0.889
	58417	0.8956
	53978	0.8977
	58548	0.8985
	57044	0.8989
	58736	0.9021
	51433	0.9044
	58507	0.9044
	58804	0.9052
	57314	0.9058
	58719	0.9072
	59654	0.9083
	57772	0.9127
	58418	0.9144
	59133	0.9154
	58750	0.9157
	57401	0.9167
	57875	0.9218
	58707	0.9254
	51436	0.9263
	57868	0.9264
	57508	0.9265
	51353	0.928
	56751	0.9313
	57134	0.9313
	57818	0.9316
	58367	0.9327
	58452	0.9345
	57896	0.9399
	57857	0.9445
	58837	0.9491
	56985	0.9525
	57960	0.9532
	56666	0.9546
	59038	0.9563
	53518	0.9568
	59027	0.9584
	58828	0.9601
	56783	0.9604
	56598	0.9607
	59655	0.9652
	57778	0.9659
	57840	0.9673
	57061	0.9729
	58844	0.9741
	58458	0.9788
	59037	0.9879
	57491	0.9896
	58519	0.9897
	58625	0.9912
	53979	0.9947
	51365	0.9957
	52818	1.0009
	59476	1.0026
	58836	1.0064
	56790	1.007
	56871	1.01
	57835	1.0119
	57809	1.0129
	56995	1.022
	58559	1.0225
	58616	1.0234
	58464	1.0235
	58714	1.0259
	58906	1.0261
	58460	1.0262
	56886	1.027
	59012	1.029
	56984	1.0293
	58824	1.0294
	51059	1.0338
	57516	1.0359
	57972	1.0382
	58467	1.0393
	57402	1.0409
	52968	1.0452
	58652	1.0585
	58361	1.0587
	58565	1.0604
	59279	1.0635
	59242	1.0673
	59230	1.0693
	58408	1.0696
	51137	1.0709
	59276	1.0743
	50349	1.0751
	58618	1.0811
	56766	1.0827
	56880	1.0871
	59025	1.0952
	51329	1.096
	57608	1.1015
	57874	1.1036
	57760	1.1056
	56755	1.1074
	51359	1.1101
	57413	1.1197
	58941	1.1271
	58712	1.1294
	58461	1.1343
	58620	1.1409
	59238	1.1423
	58749	1.1468
	58530	1.1472
	57837	1.1484
	51377	1.149
	59235	1.1563
	58529	1.1671
	57051	1.1687
	56867	1.1698
	51288	1.1728
	56987	1.1755
	59280	1.1772
	58647	1.1783
	56883	1.18
	57745	1.1853
	51379	1.1863
	57870	1.1875
	56778	1.1916
	57763	1.1925
	56772	1.1935
	58558	1.1943
	58912	1.1977
	53615	1.198
	53614	1.1984
	58940	1.1986
	56767	1.2002
	59246	1.2005
	57956	1.2022
	58921	1.2062
	51568	1.207
	58619	1.2092
	56875	1.2096
	58911	1.221
	58735	1.2211
	57859	1.226
	56878	1.2292
	53519	1.2388
	56994	1.2419
	58557	1.2457
	56876	1.2478
	59075	1.2502
	59046	1.251
	58555	1.2573
	59023	1.2575
	58562	1.263
	59045	1.2631
	57942	1.2704
	59211	1.2706
	59007	1.2725
	56664	1.2772
	59047	1.2779
	57798	1.2805
	51133	1.2903
	57767	1.2907
	58819	1.2938
	58935	1.2955
	53610	1.2958
	59213	1.3073
	51145	1.3089
	57758	1.3154
	58725	1.316
	58622	1.3178
	58563	1.3184
	58813	1.3197
	57866	1.3201
	56862	1.3337
	58933	1.3367
	57808	1.3378
	59254	1.3469
	58730	1.3481
	56975	1.3497
	57789	1.3498
	54311	1.3531
	53611	1.3632
	51334	1.3671
	57411	1.3754
	58623	1.3775
	58818	1.3819
	57955	1.3861
	58731	1.3864
	57883	1.3876
	57799	1.3933
	57806	1.3944
	51431	1.3986
	57974	1.3986
	59469	1.404
	58847	1.4054
	57891	1.4063
	58715	1.4118
	57024	1.4128
	57881	1.4208
	51328	1.4252
	57865	1.4253
	57882	1.4611
	57762	1.4648
	58942	1.483
	58737	1.4839
	59052	1.4839
	59063	1.4839
	51434	1.4878
	58437	1.4878
	57954	1.4916
	57958	1.4925
	58745	1.4976
	58946	1.4977
	58748	1.5003
	51367	1.5041
	57975	1.5089
	58546	1.5093
	58706	1.5152
	58846	1.5297
	51369	1.5307
	58624	1.5361
	59473	1.5469
	58549	1.5569
	57978	1.5603
	57966	1.5722
	57962	1.5795
	59288	1.5872
	58635	1.5918
	58537	1.5974
	51469	1.5975
	58369	1.6121
	58634	1.6159
	51655	1.6181
	59452	1.636
	56870	1.6395
	56649	1.6452
	58826	1.6503
	51482	1.6701
	58742	1.6703
	57965	1.6796
	59065	1.7019
	58746	1.7063
	52101	1.7178
	57957	1.7317
	56872	1.7358
	58822	1.7522
	59051	1.7654
	58806	1.7782
	58654	1.7819
	58744	1.7858
	57964	1.7892
	58823	1.7952
	59031	1.8069
	57969	1.8341
	59449	1.841
	59255	1.8481
	51470	1.8608
	59453	1.8666
	58834	1.8774
	58845	1.8807
	51238	1.8917
	58747	1.8927
	59072	1.9051
	59064	1.9183
	58614	1.9274
	51465	1.9316
	59074	1.9346
	57949	1.9351
	51463	1.9414
	58547	1.9507
	58633	2.0362
	58814	2.0559
	56978	2.12
	59451	2.1339
	58821	2.1356
	59053	2.1798
	56768	2.186
	58820	2.211
	59071	2.2491
	58704	2.2529
	59059	2.3162
	59457	2.3227
	58644	2.4306
	56697	2.488
	59058	2.5108
	59061	2.5801
	54096	2.6794
	58631	2.9376
	59057	2.9701
	59055	3.0909
