	57481	-1.9879
	57482	-1.867
	58148	-1.7957
	57385	-1.787
	54610	-1.7470400000000001
	57486	-1.6186
	57260	-1.6143
	58147	-1.5487
	54502	-1.5106400000000002
	58247	-1.4896
	58250	-1.4841
	57389	-1.477
	53696	-1.47632
	54534	-1.4748
	58140	-1.4706
	54620	-1.46744
	54708	-1.4468800000000002
	57361	-1.4423
	57485	-1.4375
	54626	-1.43384
	57278	-1.4313
	57438	-1.4288
	59856	-1.4276
	54703	-1.4196
	57370	-1.4195
	54614	-1.4187200000000002
	53699	-1.41792
	57298	-1.4175200000000001
	57387	-1.4147
	58429	-1.4107
	57395	-1.4018
	54541	-1.40072
	57496	-1.3977
	57102	-1.3964800000000002
	54609	-1.39352
	58132	-1.3923
	58404	-1.3923
	54505	-1.3872
	58145	-1.3842
	57483	-1.3836
	57279	-1.3813
	58401	-1.3773
	59626	-1.3741
	57268	-1.338
	53689	-1.33464
	57381	-1.3307
	58158	-1.3249
	53796	-1.3218400000000001
	58126	-1.3182
	57249	-1.3046
	58139	-1.299
	53698	-1.2984
	57489	-1.2915
	54611	-1.28864
	54506	-1.28576
	54602	-1.2831200000000003
	54514	-1.2828
	54704	-1.28272
	54512	-1.2776800000000001
	57265	-1.276
	54596	-1.2694400000000001
	58408	-1.2677
	54533	-1.26352
	54531	-1.2573600000000003
	57492	-1.2562
	54711	-1.2541600000000002
	57119	-1.2524
	58520	-1.2471
	57362	-1.2448
	54623	-1.2421600000000002
	57156	-1.2359200000000001
	54706	-1.2317600000000002
	58154	-1.2317
	54702	-1.23144
	58251	-1.231
	57339	-1.2299
	57493	-1.2277
	53790	-1.2266400000000002
	53599	-1.2216
	56096	-1.22144
	57271	-1.2186400000000002
	54710	-1.21856
	58402	-1.2177
	54308	-1.2171200000000002
	58420	-1.2166
	54709	-1.2161600000000001
	58246	-1.2147
	57127	-1.2142400000000002
	57011	-1.2124800000000002
	53869	-1.20744
	57175	-1.2016
	58254	-1.1976
	58114	-1.1965
	54636	-1.19432
	57296	-1.1904000000000001
	57169	-1.1886400000000001
	58418	-1.1793
	54601	-1.1781599999999999
	58249	-1.1738
	53697	-1.1702400000000002
	58141	-1.1683
	58035	-1.1671
	54412	-1.16616
	56095	-1.1652
	57399	-1.1641
	57494	-1.1566
	58146	-1.155
	57299	-1.1528
	54507	-1.1511200000000001
	54633	-1.14984
	53596	-1.1356
	57113	-1.1346399999999999
	57253	-1.1335
	58135	-1.1298
	54594	-1.1291200000000001
	54707	-1.1291200000000001
	58416	-1.1278
	58130	-1.123
	53899	-1.11848
	53680	-1.11672
	58026	-1.1166
	53948	-1.11128
	59427	-1.1109
	54715	-1.1093600000000001
	53691	-1.1088
	57042	-1.10464
	57306	-1.0979
	57041	-1.09488
	58523	-1.0886
	57111	-1.08712
	53980	-1.08608
	58102	-1.0855
	54319	-1.0816800000000002
	59321	-1.0795
	54705	-1.07752
	57077	-1.07688
	54535	-1.07608
	53693	-1.06672
	57004	-1.0623200000000002
	58342	-1.0595
	54701	-1.05888
	54399	-1.0584
	54540	-1.05528
	54617	-1.0545600000000002
	56084	-1.0510400000000002
	54612	-1.0500800000000001
	53785	-1.048
	57016	-1.04576
	57285	-1.04368
	57049	-1.04256
	57348	-1.0408
	58108	-1.0396
	57184	-1.03936
	57035	-1.0368000000000002
	53996	-1.02248
	57176	-1.01992
	58337	-1.0191
	56774	-1.0152
	57297	-1.01488
	57006	-1.0121600000000002
	58427	-1.0113
	58438	-1.0098
	56766	-1.0078
	58428	-1.0068
	58143	-1.0055
	58241	-1.0046
	57008	-1.00424
	58210	-1.0041
	58407	-1.0002
	54603	-0.99888
	53897	-0.99736
	57043	-0.99584
	57256	-0.9955
	53688	-0.9944000000000002
	54621	-0.99264
	58367	-0.988
	58138	-0.9875
	57388	-0.9869
	56763	-0.9864
	57359	-0.9862
	54530	-0.9788000000000001
	58414	-0.9782
	57257	-0.9776
	58542	-0.976
	54712	-0.97488
	57179	-0.96824
	58417	-0.9673
	54523	-0.9670400000000001
	58549	-0.9657
	58109	-0.9649
	53685	-0.9638400000000001
	53794	-0.9624800000000001
	54416	-0.9622400000000001
	56976	-0.9599
	57261	-0.9579200000000001
	54606	-0.9577600000000001
	57295	-0.95664
	57499	-0.9564
	59449	-0.9543
	57110	-0.9537599999999999
	54632	-0.95352
	58243	-0.9523
	53857	-0.94888
	54726	-0.9476800000000001
	54700	-0.94672
	57033	-0.9450400000000001
	54605	-0.9405600000000001
	58118	-0.9389
	58244	-0.9369
	58441	-0.9361
	53594	-0.9349600000000001
	58343	-0.9338
	56092	-0.9300800000000001
	56777	-0.9252
	53896	-0.9242400000000001
	57055	-0.9235200000000001
	53778	-0.92288
	54511	-0.918
	57233	-0.9176000000000001
	54608	-0.91744
	58424	-0.9159
	57002	-0.91528
	58534	-0.914
	56870	-0.9134
	53682	-0.91016
	58208	-0.90968
	54631	-0.90656
	54718	-0.9053599999999999
	54714	-0.9026400000000001
	57024	-0.8992800000000001
	53908	-0.8961600000000001
	53866	-0.8952
	58225	-0.8951
	54513	-0.8946400000000001
	58335	-0.894
	58111	-0.8924
	57281	-0.89224
	57027	-0.8908
	57188	-0.88856
	52993	-0.8881600000000001
	54438	-0.8872800000000001
	57132	-0.8833600000000001
	57314	-0.882
	57498	-0.876
	54607	-0.87496
	53773	-0.87488
	57292	-0.8744000000000001
	53950	-0.8695200000000001
	58240	-0.869
	57045	-0.8688800000000001
	54753	-0.8677600000000001
	57475	-0.8658
	54439	-0.8648
	53894	-0.8644000000000001
	57183	-0.8640000000000001
	58316	-0.864
	57396	-0.86344
	57363	-0.8625
	52643	-0.86192
	58415	-0.861
	54423	-0.8609600000000001
	59855	-0.8604
	53784	-0.86032
	57326	-0.8588
	53694	-0.85704
	54613	-0.85704
	53792	-0.85672
	57309	-0.8558
	59322	-0.855
	57020	-0.8548
	56091	-0.85336
	58317	-0.8514
	54521	-0.85024
	57029	-0.8500800000000001
	54728	-0.8496800000000001
	57144	-0.8492000000000002
	58419	-0.8492
	57106	-0.8486400000000001
	57021	-0.8308
	57186	-0.8302400000000001
	57143	-0.8299200000000001
	53795	-0.8273600000000001
	57128	-0.8267200000000001
	57038	-0.8260000000000001
	54645	-0.82488
	58224	-0.8244
	57154	-0.8219200000000001
	53848	-0.8200799999999999
	53944	-0.8193600000000001
	57194	-0.8189600000000001
	57324	-0.8184
	56197	-0.8159
	58205	-0.8141600000000001
	57213	-0.8132
	58215	-0.8116
	57030	-0.8105600000000002
	54809	-0.8103199999999999
	58336	-0.8101
	58433	-0.8077
	58127	-0.8076
	57153	-0.8068
	58041	-0.8061
	54925	-0.8057600000000001
	53770	-0.80528
	57185	-0.8008
	57007	-0.7980800000000001
	54420	-0.79696
	57378	-0.7953
	54434	-0.7933600000000001
	54751	-0.79072
	57026	-0.79032
	53854	-0.7879200000000001
	57231	-0.7875200000000001
	57259	-0.7874
	57048	-0.78664
	57273	-0.78632
	56768	-0.7851
	54722	-0.78376
	57491	-0.7833
	54525	-0.78152
	58319	-0.7805
	57345	-0.7801
	54803	-0.78008
	58547	-0.7777
	58257	-0.7739
	53864	-0.7732800000000001
	58329	-0.7723
	58131	-0.7719
	54436	-0.76952
	54528	-0.76936
	53865	-0.7692800000000001
	53692	-0.7684000000000001
	54410	-0.7684000000000001
	54332	-0.7661600000000001
	57034	-0.7649600000000001
	56767	-0.7649
	57193	-0.7635200000000001
	58117	-0.7615
	58409	-0.7613
	56178	-0.7583
	57317	-0.758
	58365	-0.7553
	58207	-0.7546400000000001
	53782	-0.75256
	57398	-0.7512
	57461	-0.7488
	53955	-0.7483200000000001
	54801	-0.74728
	58214	-0.7471
	58202	-0.7459
	58301	-0.7458400000000001
	57248	-0.74472
	56190	-0.7447
	57052	-0.7444000000000001
	56761	-0.7439
	53789	-0.7417600000000001
	54519	-0.74112
	54515	-0.7408000000000001
	54619	-0.7391200000000001
	53687	-0.738
	57067	-0.738
	57320	-0.7355
	58220	-0.7349
	53954	-0.7316
	57251	-0.7314
	57057	-0.7294400000000001
	54774	-0.72928
	58531	-0.7275
	57075	-0.7270400000000001
	53959	-0.7260800000000001
	57126	-0.7256
	57274	-0.7254400000000001
	53690	-0.72368
	58236	-0.7233
	57197	-0.7199200000000001
	53953	-0.71928
	57182	-0.7188
	57032	-0.7163200000000001
	58501	-0.7154
	54499	-0.71392
	57040	-0.7132000000000001
	58426	-0.7118
	52656	-0.70952
	57001	-0.7077600000000001
	58431	-0.7072
	53924	-0.7052800000000001
	53917	-0.7044
	58693	-0.7041
	54430	-0.7036
	53695	-0.7028800000000001
	53590	-0.7025600000000001
	57308	-0.7024
	53852	-0.7022400000000001
	57328	-0.7021
	53892	-0.70184
	54518	-0.7005600000000001
	56772	-0.6981
	58107	-0.6965
	57390	-0.6964800000000001
	57089	-0.6925600000000001
	57313	-0.6887
	53957	-0.68776
	54431	-0.6876000000000001
	58432	-0.6876
	58361	-0.6871
	56863	-0.687
	57025	-0.6821600000000001
	57155	-0.68072
	54433	-0.6786400000000001
	58543	-0.6774
	54805	-0.67688
	51352	-0.6766800000000001
	57014	-0.6755200000000001
	53791	-0.67528
	56669	-0.6751
	54336	-0.67496
	58334	-0.6715
	57039	-0.6712
	57294	-0.67096
	54725	-0.67088
	58223	-0.6702
	54804	-0.6699200000000001
	56093	-0.6681600000000001
	57476	-0.668
	57242	-0.6652800000000001
	58500	-0.665
	56891	-0.6605
	57129	-0.66032
	54532	-0.6601600000000001
	54470	-0.6581600000000001
	57012	-0.65736
	58221	-0.6572
	54615	-0.6568800000000001
	56082	-0.65632
	57349	-0.6558
	58462	-0.654
	58245	-0.6525
	57044	-0.65096
	53863	-0.65088
	53798	-0.65056
	57581	-0.6475
	57140	-0.64744
	57293	-0.6472800000000001
	53788	-0.64624
	54604	-0.64552
	57445	-0.6454
	53942	-0.64512
	58548	-0.6428
	58472	-0.6424
	53783	-0.64056
	57037	-0.63904
	56094	-0.6375200000000001
	59116	-0.6366
	57022	-0.6364000000000001
	59109	-0.6351
	53771	-0.6347200000000001
	54334	-0.6320000000000001
	58341	-0.6318
	53845	-0.63096
	58122	-0.6286
	53889	-0.6271200000000001
	54472	-0.6268
	56788	-0.6235
	55655	-0.62004
	54778	-0.6186400000000001
	53961	-0.614
	53974	-0.61384
	54342	-0.61312
	58442	-0.6096
	58339	-0.6077
	54802	-0.60648
	58101	-0.606
	57189	-0.60528
	53895	-0.6036800000000001
	53841	-0.6031200000000001
	53926	-0.6000800000000001
	54622	-0.6000000000000001
	57086	-0.59944
	53914	-0.5966400000000001
	59106	-0.5946
	54522	-0.59408
	57254	-0.59376
	59851	-0.5936
	54766	-0.59304
	53993	-0.59192
	57198	-0.5915199999999999
	53985	-0.5903200000000001
	53941	-0.5891200000000001
	54800	-0.5891200000000001
	54321	-0.5884400000000001
	58359	-0.5846
	54453	-0.58236
	54510	-0.5803200000000001
	53810	-0.5779200000000001
	57046	-0.57552
	54339	-0.57492
	58237	-0.5749
	53891	-0.57464
	57211	-0.5724
	53994	-0.57088
	57105	-0.57056
	54935	-0.56848
	57477	-0.5672
	59635	-0.5658
	54326	-0.5652400000000001
	57098	-0.5645600000000001
	58463	-0.5644
	58331	-0.564
	59640	-0.5635
	54765	-0.56136
	53829	-0.56072
	57031	-0.55904
	53906	-0.55872
	58104	-0.55864
	54324	-0.55708
	57078	-0.55632
	57192	-0.5556800000000001
	54713	-0.5556
	54616	-0.55336
	54225	-0.5516800000000001
	54902	-0.55104
	53893	-0.55088
	53928	-0.54976
	54777	-0.5488000000000001
	57195	-0.54808
	58040	-0.5469
	57181	-0.5464000000000001
	54333	-0.5443600000000001
	53787	-0.54408
	53862	-0.5422399999999999
	58557	-0.5415
	58944	-0.5414
	59848	-0.5413
	53958	-0.54112
	54618	-0.5401600000000001
	51434	-0.53888
	51431	-0.53732
	57290	-0.53712
	54717	-0.5368
	54716	-0.53624
	54406	-0.53472
	58461	-0.5343
	58234	-0.5331
	53853	-0.53064
	57899	-0.5303
	59134	-0.5298
	58450	-0.5285
	53799	-0.52752
	53992	-0.52736
	57047	-0.52688
	54404	-0.5264800000000001
	54432	-0.52632
	58631	-0.5199
	51329	-0.51872
	57177	-0.51856
	54335	-0.51852
	58113	-0.5185
	58230	-0.517
	54816	-0.5157600000000001
	54331	-0.51568
	52996	-0.51336
	57054	-0.51168
	58550	-0.5114
	53669	-0.51032
	57087	-0.50968
	57401	-0.5076
	54808	-0.50496
	51436	-0.50336
	54115	-0.50268
	53962	-0.50216
	54929	-0.50184
	57187	-0.49912
	54527	-0.49904000000000004
	54429	-0.49824
	54428	-0.49816000000000005
	58311	-0.4973
	54820	-0.49704
	54724	-0.4944
	54871	-0.49384
	54539	-0.49272000000000005
	54814	-0.49144
	54920	-0.4892000000000001
	57095	-0.48888
	53934	-0.48776
	57180	-0.4864
	54117	-0.48612000000000005
	54351	-0.48444000000000004
	55696	-0.4834
	54425	-0.48328
	54719	-0.48256
	57377	-0.4821
	57124	-0.48112000000000005
	54923	-0.47968000000000005
	59448	-0.4795
	53593	-0.47720000000000007
	53991	-0.47552000000000005
	52995	-0.47552000000000005
	53964	-0.47375999999999996
	54424	-0.47352
	57217	-0.4733
	54764	-0.47312000000000004
	53970	-0.47215999999999997
	57402	-0.4715
	57178	-0.47064000000000006
	53498	-0.47008000000000005
	55680	-0.47000000000000003
	53859	-0.46944
	53781	-0.4688
	58512	-0.4681
	57060	-0.46712
	53850	-0.46552
	53772	-0.46528
	59847	-0.4652
	57003	-0.4648
	54226	-0.46444
	54579	-0.4641600000000001
	58222	-0.4637
	59317	-0.4545
	58918	-0.4539
	59001	-0.4536
	54325	-0.44980000000000003
	56688	-0.4495
	58938	-0.4483
	54501	-0.44784
	54628	-0.44632
	52862	-0.44596
	58044	-0.4439
	54421	-0.4436
	56307	-0.44316000000000005
	54815	-0.44120000000000004
	57066	-0.4408000000000001
	57053	-0.44056
	54234	-0.44024
	58100	-0.4399200000000001
	54807	-0.43944000000000005
	56081	-0.43928000000000006
	51430	-0.43872
	51495	-0.43852
	54347	-0.438
	51435	-0.43744
	54640	-0.43544000000000005
	50775	-0.43440000000000006
	57099	-0.4319200000000001
	58544	-0.4309
	53929	-0.42847999999999997
	53884	-0.42752
	57196	-0.4270400000000001
	54857	-0.42648
	50779	-0.42488000000000004
	54437	-0.42488000000000004
	57206	-0.4237
	54810	-0.4236
	53861	-0.42184
	53480	-0.42156000000000005
	57303	-0.4177
	53676	-0.4157600000000001
	54328	-0.41384
	53986	-0.41296
	54320	-0.41188
	53890	-0.41072
	54597	-0.40992
	58642	-0.4083
	57315	-0.405
	53877	-0.40480000000000005
	54723	-0.40448000000000006
	54455	-0.40336
	53975	-0.40152000000000004
	53925	-0.40072
	57425	-0.4
	53966	-0.39824000000000004
	58203	-0.3974
	54408	-0.39512
	56752	-0.3939
	58448	-0.3929
	55681	-0.39236000000000004
	54918	-0.3916
	58047	-0.3914
	53705	-0.39112
	54922	-0.39096000000000003
	51243	-0.38972000000000007
	54939	-0.38864000000000004
	54474	-0.38808
	57573	-0.3865
	53868	-0.38568
	58129	-0.3854
	57023	-0.38464000000000004
	59446	-0.3831
	54323	-0.38284
	57411	-0.3785
	59313	-0.3743
	54248	-0.37364
	56881	-0.3717
	54142	-0.37132000000000004
	58235	-0.3706
	54503	-0.37032
	57462	-0.3693
	53678	-0.36776000000000003
	54919	-0.36728000000000005
	55773	-0.36728000000000005
	53963	-0.36704000000000003
	58345	-0.3656
	58320	-0.3653
	59664	-0.3635
	58615	-0.3613
	53617	-0.36072000000000004
	58460	-0.3602
	53832	-0.35944
	58436	-0.3581
	57028	-0.35768
	53947	-0.35760000000000003
	54624	-0.3572
	59114	-0.3565
	59124	-0.3562
	54313	-0.35592
	53774	-0.3556
	57134	-0.35424000000000005
	57582	-0.3527
	57437	-0.3512
	54863	-0.35000000000000003
	52765	-0.3472
	54475	-0.34704
	51353	-0.34528000000000003
	57090	-0.34512000000000004
	58032	-0.34328000000000003
	57237	-0.343
	54452	-0.34108000000000005
	56786	-0.3406
	56775	-0.3401
	58340	-0.3399
	51358	-0.33976000000000006
	51058	-0.33948
	54237	-0.33908000000000005
	59310	-0.3387
	57191	-0.33648
	53937	-0.336
	56567	-0.336
	51642	-0.33572
	58644	-0.3354
	59632	-0.3354
	54244	-0.33536000000000005
	56228	-0.3352
	50136	-0.33448000000000006
	57094	-0.33384
	51437	-0.33308000000000004
	57082	-0.33248000000000005
	51356	-0.32996000000000003
	56757	-0.3296
	53764	-0.32832
	54729	-0.32832
	54327	-0.32776000000000005
	59113	-0.3272
	54337	-0.3256
	54901	-0.3252
	58045	-0.3252
	51346	-0.32488000000000006
	51655	-0.32132000000000005
	50873	-0.32064000000000004
	53775	-0.32024
	59287	-0.3194
	56291	-0.3189
	58030	-0.31888000000000005
	57416	-0.3184
	56646	-0.3177
	58507	-0.3176
	53856	-0.31672
	54749	-0.31560000000000005
	59843	-0.3144
	57368	-0.3142
	54755	-0.31144
	59133	-0.3114
	57835	-0.3095
	53673	-0.30896
	59107	-0.3067
	54047	-0.30448000000000003
	54041	-0.30396
	54419	-0.30352
	57084	-0.30344000000000004
	54520	-0.30256
	57096	-0.3024
	53797	-0.30200000000000005
	53945	-0.29952
	59954	-0.2995
	58449	-0.2992
	57162	-0.29912
	58510	-0.2988
	54231	-0.2982
	57781	-0.2969
	58212	-0.2966
	54819	-0.29648
	54759	-0.29584000000000005
	57304	-0.2948
	53817	-0.29392
	58242	-0.2938
	57056	-0.29376
	51328	-0.29004
	54905	-0.28784000000000004
	59304	-0.2872
	50879	-0.28700000000000003
	51438	-0.28672000000000003
	58556	-0.2866
	53469	-0.28604
	58326	-0.2859
	58314	-0.283
	58125	-0.2824
	54943	-0.28128000000000003
	54064	-0.2808
	55598	-0.28072
	58024	-0.27952
	59314	-0.2792
	51855	-0.27888
	53759	-0.27784000000000003
	56184	-0.2773
	51636	-0.27692
	52998	-0.27664
	54254	-0.27536
	59303	-0.2753
	58903	-0.2734
	53995	-0.27248
	51765	-0.27216
	57245	-0.27016
	59137	-0.27
	50425	-0.26920000000000005
	57590	-0.2687
	58558	-0.2687
	54916	-0.26608000000000004
	59102	-0.2658
	53923	-0.2644
	54024	-0.26424
	56756	-0.2618
	53956	-0.26128
	58633	-0.2605
	53727	-0.26023999999999997
	53780	-0.25984
	53883	-0.25832000000000005
	54318	-0.25752
	54471	-0.2566
	54132	-0.25648
	51359	-0.256
	54927	-0.25552
	59948	-0.254
	51377	-0.25288
	53972	-0.2524
	54449	-0.252
	53873	-0.25168
	56196	-0.2513
	53881	-0.25096
	54817	-0.25064000000000003
	58446	-0.2506
	50877	-0.25052
	54249	-0.2504
	58423	-0.2489
	53898	-0.24824000000000002
	51433	-0.24820000000000003
	53499	-0.24728
	54338	-0.24692
	50776	-0.24476
	57735	-0.2431
	57072	-0.24296000000000004
	57232	-0.24280000000000002
	50884	-0.24192000000000002
	54063	-0.24060000000000004
	57051	-0.24016000000000004
	59290	-0.2385
	50603	-0.2372
	56376	-0.2366
	53927	-0.2364
	52645	-0.23607999999999998
	54316	-0.23424
	54563	-0.23352
	59417	-0.2334
	53472	-0.23292000000000002
	51567	-0.23256000000000002
	53935	-0.23248000000000002
	53931	-0.23144
	50871	-0.23008000000000003
	59127	-0.2292
	53481	-0.2276
	57307	-0.2273
	58344	-0.2259
	58942	-0.2228
	58634	-0.222
	54398	-0.22192
	53968	-0.22152
	58632	-0.2209
	56193	-0.2202
	59093	-0.2165
	55690	-0.21464
	55589	-0.21452000000000002
	58453	-0.2129
	52657	-0.21244000000000002
	54405	-0.21056
	59838	-0.2089
	57895	-0.2082
	58843	-0.2081
	56674	-0.2073
	58007	-0.20728000000000002
	53949	-0.20720000000000002
	51639	-0.20708000000000004
	51137	-0.20552000000000004
	54776	-0.20432000000000003
	52986	-0.20416
	54252	-0.20404
	56194	-0.204
	54259	-0.2034
	51467	-0.20316
	56199	-0.2019
	54569	-0.20168
	58927	-0.2004
	51241	-0.1998
	53378	-0.19912000000000002
	51469	-0.19792
	55585	-0.19664
	54568	-0.196
	54039	-0.19524
	56882	-0.1951
	57061	-0.19504
	53938	-0.19464
	54476	-0.19424
	53806	-0.18992
	58607	-0.1899
	54827	-0.18944000000000003
	54049	-0.1894
	53757	-0.18928
	54828	-0.18928
	54662	-0.18908000000000003
	58546	-0.1887
	58128	-0.1879
	56434	-0.18572
	57247	-0.18400000000000002
	58001	-0.18384
	53965	-0.18192
	58503	-0.1817
	59293	-0.1817
	51468	-0.18152000000000001
	58358	-0.1812
	58004	-0.18064000000000002
	53874	-0.17984
	50353	-0.17976000000000003
	58847	-0.1786
	56878	-0.1778
	54243	-0.17724
	54223	-0.17700000000000002
	50524	-0.17628
	57173	-0.17624
	59849	-0.1737
	58255	-0.1717
	53658	-0.17072
	53976	-0.17016
	58529	-0.1674
	54903	-0.16664
	53984	-0.1664
	53730	-0.16472
	56851	-0.1647
	50514	-0.1642
	50674	-0.16352
	56989	-0.1633
	56666	-0.1622
	58941	-0.1604
	57079	-0.15960000000000002
	58508	-0.1587
	53492	-0.15808
	59754	-0.1578
	54730	-0.15696000000000002
	59315	-0.1558
	54135	-0.15432
	50983	-0.15332
	50936	-0.15244000000000002
	53886	-0.15136000000000002
	51059	-0.15128
	51465	-0.15088000000000001
	53579	-0.15024
	58437	-0.15
	53982	-0.14768
	54454	-0.14756
	59319	-0.1473
	56790	-0.144
	58027	-0.1435
	59951	-0.1414
	53083	-0.14068
	51802	-0.14028000000000002
	53725	-0.13992000000000002
	56317	-0.13828000000000001
	54260	-0.13799999999999998
	54900	-0.13720000000000002
	57408	-0.137
	51367	-0.13584000000000002
	56584	-0.1335
	58327	-0.1335
	56886	-0.1311
	53475	-0.13060000000000002
	53967	-0.12984
	54072	-0.1274
	56856	-0.1269
	54401	-0.12688
	53195	-0.12608
	50892	-0.12568
	54913	-0.12408
	56097	-0.1237
	55572	-0.12340000000000001
	53619	-0.12336000000000001
	54806	-0.122
	58306	-0.1217
	58624	-0.1207
	57583	-0.1197
	59099	-0.1194
	51701	-0.11843999999999999
	59052	-0.1184
	53491	-0.11776
	54818	-0.11776
	58707	-0.1172
	58906	-0.1167
	56984	-0.1166
	51068	-0.11652000000000001
	57417	-0.1112
	51633	-0.11008000000000001
	50527	-0.10952
	52853	-0.10932
	53882	-0.10928
	54346	-0.10748
	56742	-0.1068
	56996	-0.1063
	57405	-0.1056
	56391	-0.105
	58555	-0.1047
	51568	-0.10324
	59435	-0.1031
	59213	-0.1024
	57358	-0.1022
	50939	-0.10060000000000001
	54218	-0.10020000000000001
	58323	-0.0988
	58934	-0.0985
	50956	-0.09720000000000001
	50851	-0.09552000000000001
	57698	-0.0955
	51087	-0.09488
	58238	-0.0945
	53738	-0.09336
	56247	-0.0923
	53384	-0.09148
	55664	-0.09144000000000001
	51060	-0.09136
	54836	-0.08968000000000001
	51581	-0.08960000000000001
	56263	-0.0887
	50246	-0.08760000000000001
	58517	-0.0871
	58514	-0.0863
	57091	-0.08624000000000001
	59320	-0.086
	58435	-0.0855
	50787	-0.08532000000000001
	57906	-0.0848
	53735	-0.08456000000000001
	53888	-0.08424000000000001
	56783	-0.0824
	51711	-0.08208
	52418	-0.08144000000000001
	58116	-0.0814
	54353	-0.08104
	52652	-0.08008
	56764	-0.0796
	53732	-0.07948
	53192	-0.07896
	50749	-0.07604
	51133	-0.07568000000000001
	54826	-0.0756
	58527	-0.0754
	54065	-0.07244
	54938	-0.07232
	58150	-0.0714
	59750	-0.0696
	56992	-0.0694
	57208	-0.0687
	51777	-0.06672
	50742	-0.0664
	51369	-0.06624000000000001
	54113	-0.06564
	54752	-0.06496
	55591	-0.06432
	57432	-0.0643
	51357	-0.064
	51365	-0.0632
	53915	-0.062400000000000004
	53368	-0.062400000000000004
	50525	-0.060840000000000005
	50878	-0.05788
	51076	-0.056720000000000007
	54102	-0.056440000000000004
	58265	-0.0561
	53776	-0.055920000000000004
	53392	-0.055200000000000006
	50862	-0.055040000000000006
	54301	-0.054240000000000003
	54915	-0.054000000000000006
	53910	-0.053520000000000005
	59644	-0.0535
	51629	-0.0514
	52674	-0.051280000000000006
	57355	-0.0509
	58625	-0.0509
	57460	-0.0477
	50945	-0.04748
	53663	-0.043280000000000006
	54853	-0.043120000000000006
	55294	-0.04064
	50950	-0.0398
	50833	-0.03912
	50756	-0.03808
	56312	-0.038000000000000006
	51707	-0.037680000000000005
	57333	-0.0372
	53588	-0.03656
	57842	-0.0355
	54851	-0.03536
	57447	-0.0353
	51559	-0.035160000000000004
	59312	-0.0344
	57464	-0.0342
	57808	-0.0341
	51628	-0.03404
	57972	-0.0335
	52855	-0.03344
	52661	-0.03328
	53748	-0.0308
	53987	-0.029920000000000002
	50978	-0.028480000000000002
	57083	-0.02728
	57415	-0.0263
	57786	-0.0261
	56684	-0.026
	50934	-0.02596
	56272	-0.0258
	50566	-0.02552
	56186	-0.0251
	58627	-0.0247
	50548	-0.02452
	59316	-0.0241
	57085	-0.023440000000000003
	52424	-0.023280000000000002
	58629	-0.023
	57431	-0.0228
	50948	-0.0222
	54214	-0.02144
	50953	-0.021360000000000004
	50960	-0.01964
	58351	-0.0194
	50937	-0.01908
	54945	-0.01904
	57204	-0.0188
	54245	-0.01848
	57902	-0.0183
	53567	-0.01808
	59655	-0.0163
	56227	-0.01592
	51886	-0.015840000000000003
	50755	-0.014760000000000002
	52754	-0.013680000000000001
	58643	-0.0121
	51145	-0.01196
	50880	-0.01152
	50954	-0.0074
	51573	-0.0074
	58330	-0.0074
	58845	-0.0059
	53367	-0.00572
	53674	-0.00504
	54031	-0.00424
	54644	-0.00336
	51804	-0.0029600000000000004
	58006	-8.800000000000001E-4
	51463	-7.6E-4
	58569	-3.0E-4
	58502	2.0E-4
	56985	4.0E-4
	57682	0.0017
	50564	0.0017600000000000003
	51482	0.00248
	57081	0.00272
	57093	0.00408
	50962	0.0044
	58570	0.0045
	50832	0.004560000000000001
	58038	0.0049
	57737	0.0077
	53348	0.00852
	53433	0.00944
	53786	0.00952
	52633	0.00952
	54734	0.009680000000000001
	59051	0.0098
	50842	0.01076
	54627	0.011680000000000001
	50946	0.01204
	52863	0.01464
	51656	0.015120000000000001
	53988	0.01768
	53612	0.018160000000000003
	52575	0.01828
	54157	0.018840000000000003
	54494	0.01972
	58568	0.0199
	53610	0.020720000000000002
	50741	0.021400000000000002
	59041	0.0219
	56125	0.02256
	58609	0.0237
	53362	0.023960000000000002
	55578	0.02416
	57796	0.026
	59453	0.0266
	56781	0.0271
	56543	0.0281
	50861	0.028880000000000003
	58003	0.02944
	57343	0.02968
	58553	0.0305
	56652	0.0318
	58620	0.0332
	59656	0.0345
	56151	0.03468
	50955	0.03504
	50859	0.036840000000000005
	53467	0.03792
	53756	0.03824
	52784	0.03832
	54904	0.0388
	56792	0.0391
	54483	0.040600000000000004
	53750	0.04064
	50750	0.04168
	50958	0.041760000000000005
	50852	0.042280000000000005
	56004	0.042480000000000004
	52495	0.04272000000000001
	54584	0.04372
	53385	0.043800000000000006
	56875	0.0439
	59451	0.0439
	50767	0.04428000000000001
	53464	0.045000000000000005
	50658	0.045160000000000006
	53707	0.04608
	50838	0.04664
	56198	0.0473
	54497	0.04732
	50673	0.04832
	54911	0.049600000000000005
	54349	0.050320000000000004
	58016	0.0506
	54386	0.05236
	58932	0.0532
	54861	0.05336
	57439	0.0535
	56879	0.0539
	54156	0.05460000000000001
	56192	0.055040000000000006
	50639	0.05536
	54908	0.05632000000000001
	56187	0.0585
	54575	0.06032
	57969	0.0605
	53664	0.061439999999999995
	58017	0.061680000000000006
	54910	0.06176000000000001
	54731	0.06304
	53582	0.06472
	53916	0.06544
	53455	0.06548000000000001
	53989	0.06648
	58537	0.0684
	51477	0.06852000000000001
	54914	0.06912
	54732	0.06928
	57707	0.0708
	58606	0.0727
	53446	0.07308
	57688	0.0731
	50434	0.0734
	59004	0.0754
	50940	0.07540000000000001
	54291	0.07864
	56673	0.08
	57074	0.08032
	57511	0.0804
	51186	0.08052000000000001
	51722	0.08064
	50247	0.082
	58005	0.08208
	59845	0.0837
	54236	0.08424000000000001
	50745	0.08708
	50867	0.08716000000000002
	53543	0.08900000000000001
	52378	0.08940000000000001
	54486	0.08952
	52533	0.08968000000000001
	57238	0.09152
	58021	0.09168
	53903	0.09176000000000001
	59654	0.0923
	56021	0.09416000000000001
	50647	0.09428
	58704	0.0948
	50468	0.09504000000000001
	57981	0.0952
	57916	0.0975
	59673	0.0988
	50557	0.09944
	54267	0.10084
	51572	0.10228
	59125	0.1025
	56043	0.10376000000000002
	50431	0.10424
	51839	0.10452
	56533	0.1055
	50788	0.10584
	57329	0.11
	54122	0.11155999999999999
	54363	0.11352000000000001
	51730	0.1138
	52436	0.11416
	50526	0.11424000000000001
	56842	0.1146
	54660	0.11504000000000002
	53419	0.11528000000000001
	59122	0.1153
	50973	0.11588000000000001
	50928	0.1164
	57216	0.1167
	53420	0.11856
	54909	0.11903999999999999
	58519	0.1212
	52323	0.12136000000000001
	53337	0.12296000000000001
	59429	0.1231
	54377	0.12356
	53998	0.12480000000000001
	54027	0.12568
	55299	0.12624
	51330	0.12632000000000002
	56289	0.1264
	50445	0.12656
	56649	0.1268
	54823	0.12688
	51704	0.12776
	53276	0.12844
	56106	0.12884
	53457	0.12904000000000002
	53860	0.12936
	50985	0.13048
	58565	0.1317
	52842	0.13228
	58356	0.1335
	54204	0.13484000000000002
	58848	0.1367
	56046	0.1368
	57065	0.1368
	50656	0.13776
	53466	0.13816
	50646	0.13856
	51811	0.13896
	56489	0.1395
	58907	0.1404
	57752	0.1417
	57506	0.1421
	53545	0.14272
	50778	0.14284
	53486	0.14296
	54912	0.14343999999999998
	51542	0.14372000000000001
	52818	0.14796
	56188	0.1489
	50772	0.15032
	51644	0.15068
	50632	0.15232
	57137	0.15288000000000002
	57426	0.1539
	59230	0.1542
	51717	0.15500000000000003
	52576	0.15728
	53463	0.15776
	50853	0.15880000000000002
	53578	0.15880000000000002
	51053	0.1592
	59130	0.1599
	56079	0.1627
	59255	0.1634
	51720	0.16364
	56386	0.1641
	57465	0.1642
	53562	0.1646
	56969	0.1655
	59425	0.1656
	59131	0.1672
	57974	0.1683
	56387	0.1689
	51238	0.17056000000000002
	57080	0.17128000000000002
	53483	0.17232000000000003
	57071	0.17248000000000002
	50349	0.17404
	54744	0.17512000000000003
	57606	0.1754
	53529	0.17588
	59318	0.1759
	57973	0.176
	53068	0.17608000000000001
	50844	0.17720000000000002
	54855	0.17736000000000002
	53997	0.17768
	57792	0.1777
	56331	0.17772
	50618	0.17784
	58917	0.1797
	54812	0.18000000000000002
	53983	0.18128
	56290	0.1813
	56016	0.18144000000000002
	54936	0.18288000000000001
	50854	0.18308000000000002
	57586	0.1834
	50442	0.18372
	56854	0.186
	51931	0.18636
	51334	0.18744000000000002
	51716	0.1878
	59061	0.1883
	58929	0.189
	51826	0.18952000000000002
	51827	0.19088000000000002
	52895	0.19184
	56296	0.1923
	58509	0.1936
	58567	0.1939
	51814	0.1956
	58008	0.19736
	54205	0.19848
	52833	0.1988
	58614	0.1989
	50987	0.20056
	56276	0.2014
	58911	0.2017
	54493	0.20236
	56973	0.2024
	53513	0.20252
	54213	0.20288
	59045	0.2033
	58559	0.2035
	56284	0.2037
	56183	0.2046
	51818	0.20648
	55437	0.2068
	50727	0.20776
	52866	0.20812
	54825	0.2096
	50964	0.21048
	51705	0.21172000000000002
	59117	0.2126
	57598	0.2128
	54849	0.21496
	52874	0.21520000000000003
	51526	0.21524000000000001
	56871	0.2153
	58451	0.2155
	56065	0.21636000000000002
	57887	0.2174
	57318	0.2175
	55279	0.21772000000000002
	56478	0.218
	57907	0.2183
	58362	0.2185
	51232	0.21867999999999999
	54852	0.21911999999999998
	52203	0.21928000000000003
	50655	0.21976
	54311	0.22144
	57541	0.2215
	52313	0.22152
	57512	0.2219
	58020	0.22240000000000004
	57881	0.2237
	56382	0.2248
	57694	0.2257
	53644	0.22592
	58666	0.2267
	54921	0.22704000000000002
	54208	0.22788
	57466	0.228
	54266	0.2284
	57956	0.229
	51810	0.22904000000000002
	56357	0.2294
	54164	0.22944
	58443	0.2309
	53533	0.2328
	57469	0.2331
	50913	0.23404
	52602	0.23660000000000003
	50834	0.23716
	55472	0.23964
	59757	0.2411
	58353	0.2412
	53487	0.24128
	51627	0.24204
	57063	0.24216000000000004
	58338	0.2428
	56180	0.2437
	51571	0.24564
	58742	0.247
	52889	0.24728
	50758	0.24752000000000002
	52869	0.24968
	57510	0.2518
	57076	0.25232000000000004
	53343	0.25428
	56876	0.2548
	54846	0.25504
	51470	0.2574
	58321	0.2578
	58612	0.2586
	59012	0.2593
	52957	0.26008000000000003
	50858	0.261
	59211	0.2611
	59431	0.2612
	53979	0.262
	56189	0.2622
	55493	0.26312
	53978	0.26336
	56651	0.2637
	59306	0.2653
	52876	0.26644
	54261	0.26756
	53577	0.26792
	54161	0.26816
	50739	0.26880000000000004
	58936	0.27
	56195	0.2705
	53723	0.27072
	52875	0.27072
	51708	0.27120000000000005
	59007	0.2715
	59441	0.2721
	50963	0.27244
	54305	0.27364000000000005
	58912	0.2739
	56838	0.2773
	54134	0.27732
	53553	0.27756
	50659	0.27799999999999997
	56778	0.2794
	56171	0.2799
	56281	0.2807
	58806	0.2817
	58602	0.2837
	57875	0.2855
	58818	0.2858
	58369	0.2863
	56395	0.2867
	53391	0.28676
	54844	0.29048
	58354	0.2952
	59419	0.2954
	56462	0.296
	58637	0.297
	59758	0.2998
	57777	0.2999
	53754	0.30232000000000003
	58036	0.3024
	51828	0.30432000000000003
	53502	0.30468000000000006
	55248	0.30532000000000004
	51829	0.30816
	56578	0.3101
	54906	0.31024
	56548	0.3106
	56018	0.31104
	55228	0.31112000000000006
	58710	0.3113
	57589	0.3124
	52972	0.31344
	54362	0.31376000000000004
	56986	0.3138
	58647	0.3138
	56565	0.3141
	53357	0.31488000000000005
	51379	0.31548
	56297	0.3166
	50774	0.31668
	54830	0.31672
	53821	0.31856
	54737	0.31896
	57844	0.3194
	57870	0.3207
	57954	0.3244
	53740	0.32464000000000004
	54831	0.32528
	53505	0.3256
	57958	0.3256
	56295	0.3266
	53324	0.32736000000000004
	57739	0.3284
	58619	0.3306
	52868	0.33396000000000003
	59228	0.3346
	58705	0.3347
	52101	0.335
	59294	0.3355
	57407	0.3358
	56029	0.33592
	58813	0.336
	58002	0.33728
	54290	0.33752000000000004
	54829	0.33912000000000003
	53602	0.33952000000000004
	51378	0.34132
	57758	0.3422
	56109	0.34536
	58022	0.34968
	51288	0.35092
	57414	0.3515
	57976	0.3516
	56654	0.3541
	56885	0.3556
	56594	0.3562
	54274	0.35636
	57673	0.3565
	56045	0.35656
	56889	0.3569
	53751	0.3572
	59289	0.3575
	50915	0.35868000000000005
	59324	0.3597
	54012	0.36060000000000003
	56444	0.3622
	59501	0.3624
	50888	0.363
	57825	0.3632
	53930	0.36368
	53399	0.36608
	50968	0.36664
	56071	0.3668
	58269	0.3681
	53231	0.36828
	52988	0.37072
	58468	0.3718
	54842	0.37184
	52713	0.37556
	57772	0.3762
	54099	0.37624
	59053	0.3764
	52825	0.37676
	53336	0.37724
	54736	0.37736000000000003
	52737	0.37752
	58366	0.3799
	51815	0.38036000000000003
	52836	0.38164
	56497	0.3823
	55593	0.38252
	58701	0.3827
	54286	0.3856
	58454	0.3869
	56116	0.3874
	59046	0.3884
	57971	0.3886
	52943	0.38868
	53272	0.38928
	58506	0.3893
	57955	0.3901
	57957	0.3917
	56033	0.39208
	58654	0.393
	57872	0.3942
	56873	0.3946
	57882	0.3951
	51156	0.39516
	58530	0.3969
	56844	0.399
	56782	0.4011
	57070	0.40144
	53522	0.40148000000000006
	54932	0.40352
	54069	0.40624000000000005
	52978	0.4068800000000001
	59421	0.4075
	56948	0.4078
	53618	0.40800000000000003
	56872	0.4087
	56883	0.4089
	58623	0.4136
	54080	0.41604
	52745	0.4166000000000001
	57720	0.4168
	54165	0.41731999999999997
	52968	0.41776
	56697	0.4191
	51709	0.41984000000000005
	57742	0.4202
	59647	0.4211
	58011	0.42480000000000007
	59126	0.4266
	56966	0.4269
	59631	0.4284
	58608	0.4303
	56841	0.4306
	56645	0.4308
	53484	0.4334800000000001
	56675	0.4339
	58946	0.4366
	59488	0.4375
	59209	0.4389
	54195	0.44012000000000007
	57767	0.4402
	56034	0.44136
	57773	0.4414
	59097	0.4429
	53289	0.44444
	59502	0.4446
	54186	0.4464000000000001
	54026	0.44732000000000005
	59854	0.4474
	56950	0.4481
	58730	0.4521
	56137	0.45220000000000005
	56480	0.4524
	50979	0.4558
	54098	0.45683999999999997
	54096	0.45884
	57978	0.4593
	56575	0.4598
	58935	0.461
	56223	0.46327999999999997
	53704	0.46368000000000004
	57793	0.4673
	53659	0.46824000000000005
	50965	0.47024
	53149	0.4723200000000001
	57696	0.4742
	58754	0.4752
	57413	0.4763
	56751	0.4777
	57846	0.4785
	52896	0.47896000000000005
	58484	0.4814
	57575	0.4834
	54154	0.48368000000000005
	57991	0.4839
	58622	0.4848
	54093	0.48496
	54590	0.48564
	57886	0.4857
	54263	0.48575999999999997
	54811	0.48688000000000003
	56869	0.4879
	57571	0.4888
	56286	0.4895
	59092	0.4904
	54304	0.49264
	53547	0.49536
	54293	0.49936
	56485	0.5011
	54094	0.50188
	56067	0.50632
	57585	0.5072
	56793	0.5106
	59249	0.5109
	54192	0.5149600000000001
	54917	0.5152
	57798	0.5155
	58601	0.5159
	57834	0.5172
	56991	0.5188
	56384	0.5194
	52983	0.5204799999999999
	54273	0.52056
	54833	0.5215200000000001
	57744	0.5227
	58844	0.5231
	58646	0.5239
	54940	0.5247200000000001
	56459	0.5249
	57942	0.5279
	58013	0.5287
	52515	0.52896
	56898	0.5351
	57564	0.5367
	57921	0.5377
	52963	0.53872
	57909	0.5392
	52707	0.54164
	56880	0.5422
	56128	0.54264
	58635	0.5431
	52856	0.54356
	56298	0.5459
	57867	0.5462
	53615	0.5464000000000001
	54835	0.5464800000000001
	56862	0.55
	59426	0.5504
	59653	0.5516
	53397	0.55456
	56393	0.5556
	57523	0.5579
	54285	0.55992
	58814	0.5637
	54907	0.56432
	57860	0.5693
	53490	0.57336
	53512	0.5758
	58750	0.5763
	53519	0.5770400000000001
	57520	0.5782
	57679	0.5782
	54292	0.58016
	56840	0.5802
	57769	0.5808
	57966	0.5827
	54843	0.58408
	52267	0.5844400000000001
	57965	0.5871
	58562	0.5874
	56185	0.5935
	52681	0.5944
	59288	0.5945
	57584	0.5957
	58012	0.5961
	56373	0.5973
	56441	0.5984
	52974	0.5998
	59492	0.6
	59235	0.6042
	56641	0.6044
	57789	0.6052
	57908	0.6056
	57420	0.6085
	59500	0.6134
	57779	0.6135
	58940	0.614
	53614	0.61456
	54276	0.61716
	57774	0.6177
	52557	0.62032
	56994	0.6224
	58804	0.6238
	53352	0.6258
	52980	0.62704
	59063	0.6285
	57760	0.6286
	54738	0.62936
	52112	0.6302
	56664	0.6313
	57507	0.6321
	58605	0.6331
	57762	0.6352
	54365	0.6359600000000001
	59096	0.6378
	54727	0.6378400000000001
	57941	0.642
	53651	0.6444000000000001
	57687	0.645
	59254	0.6469
	54092	0.64696
	57740	0.6478
	57732	0.6505
	58477	0.651
	57729	0.6514
	53564	0.65168
	58600	0.6566
	54181	0.658
	56569	0.66
	56987	0.664
	59038	0.6655
	54824	0.6661600000000001
	58846	0.6668
	59285	0.6671
	57900	0.6677
	54834	0.66856
	54371	0.66988
	52985	0.6702400000000001
	57874	0.6703
	57915	0.6709
	57745	0.6713
	58259	0.6761
	54848	0.67712
	58268	0.6781
	58664	0.6795
	59298	0.6803
	59480	0.6803
	57865	0.6809
	54187	0.6812
	57891	0.682
	59462	0.6907
	54822	0.6908000000000001
	56287	0.6922
	57811	0.6939
	56396	0.6955
	58821	0.6959
	56846	0.6961
	59269	0.6979
	57565	0.7
	56745	0.7027
	57657	0.7027
	54076	0.70276
	54374	0.70376
	58421	0.7062
	56383	0.7074
	58822	0.7118
	56582	0.7169
	57743	0.7171
	57771	0.72
	59091	0.7204
	58749	0.7232
	57876	0.7265
	58458	0.7271
	59055	0.7278
	56182	0.728
	56074	0.7283200000000001
	52787	0.73264
	52982	0.73304
	58459	0.734
	56202	0.73516
	57658	0.7371
	56038	0.7374
	52546	0.7376800000000001
	54172	0.73976
	57766	0.7431
	59487	0.7453
	59297	0.7454
	53576	0.7498400000000001
	59456	0.7504
	59493	0.7506
	57502	0.7534
	54821	0.7547200000000001
	57903	0.7579
	59945	0.7584
	57837	0.7594
	57731	0.7646
	53646	0.76552
	56487	0.7665
	52908	0.7667200000000001
	59650	0.7676
	56181	0.7714
	57522	0.7725
	57562	0.776
	57776	0.7767
	57754	0.7772
	57566	0.7814
	59268	0.7831
	56152	0.7834
	59087	0.7837
	59658	0.7838
	57871	0.7842
	58015	0.7847
	57680	0.788
	58718	0.7925
	59064	0.7929
	59037	0.7954
	56962	0.7967
	57840	0.7973
	59215	0.7985
	56691	0.7986
	56785	0.7987
	57536	0.7999
	57911	0.8014
	57923	0.8019
	56671	0.8026
	57741	0.8042
	57896	0.8067
	58819	0.8095
	57813	0.8097
	54171	0.81328
	58714	0.8136
	56586	0.8154
	57514	0.8187
	58464	0.8193
	59454	0.8214
	56951	0.8232
	58457	0.8253
	57806	0.8256
	56670	0.8321
	57508	0.8352
	58626	0.8373
	56982	0.8383
	57816	0.8393
	59044	0.8421
	58706	0.8426
	58660	0.8473
	57458	0.852
	57519	0.8538
	53611	0.8541600000000001
	56473	0.8542
	57595	0.8543
	59280	0.856
	54169	0.86192
	57995	0.8656
	58834	0.8657
	57975	0.866
	58346	0.8665
	58905	0.8676
	58616	0.8685
	59278	0.8689
	52955	0.86944
	59279	0.871
	56595	0.8728
	57763	0.8759
	54284	0.8844
	56378	0.8877
	58667	0.8881
	57868	0.8883
	57800	0.8934
	57409	0.8943
	52679	0.8964000000000001
	59088	0.8979
	53518	0.89872
	57809	0.8999
	57736	0.9
	54841	0.90064
	56483	0.9033
	59047	0.9076
	59284	0.9087
	56257	0.9126
	58734	0.9134
	52607	0.9138000000000001
	58928	0.914
	58839	0.9155
	57807	0.92
	57647	0.9212
	57960	0.923
	57513	0.9284
	52797	0.93064
	59027	0.9331
	58760	0.9344
	59017	0.9361
	57678	0.9373
	57992	0.9387
	56592	0.9432
	52984	0.9452
	57605	0.9529
	57637	0.9544
	57699	0.9551
	56739	0.9552
	58731	0.9561
	56598	0.9601
	52447	0.9607200000000001
	56288	0.9615
	56665	0.9615
	58618	0.9617
	57768	0.9647
	56843	0.9711
	56168	0.9717
	59659	0.9734
	58264	0.9784
	59476	0.9799
	59090	0.9812
	57780	0.9857
	57722	0.9891
	58751	0.9896
	57922	0.994
	56748	0.9975
	57905	1.0024
	59025	1.0032
	52884	1.00632
	59481	1.0076
	57814	1.0091
	57910	1.0105
	56080	1.01696
	57927	1.0181
	54832	1.0200799999999999
	56970	1.0221
	58452	1.0264
	56836	1.0289
	57608	1.0314
	54837	1.03248
	57936	1.0327
	58748	1.0383
	56371	1.0412
	53478	1.0412800000000002
	57949	1.0422
	59842	1.0426
	57841	1.0503
	56867	1.0517
	58921	1.0524
	57853	1.0549
	52446	1.0572800000000002
	59227	1.0605
	56273	1.0612
	53517	1.06144
	56390	1.0625
	59242	1.0627
	57778	1.0633
	56693	1.0708
	56496	1.0717
	58049	1.0717
	59023	1.0726
	57655	1.0728
	57883	1.0743
	57964	1.0797
	56380	1.0817
	58931	1.096
	59473	1.099
	57947	1.1048
	58828	1.1064
	57761	1.1073
	58665	1.1098
	57985	1.1283
	56643	1.1321
	56164	1.1374
	57614	1.1383
	57851	1.1423
	57577	1.1431
	58048	1.1447
	57714	1.1456
	58563	1.1527
	59072	1.1528
	57894	1.1552
	58656	1.1572
	58652	1.1586
	56596	1.164
	59475	1.1646
	57822	1.1769
	57505	1.1789
	58713	1.1919
	57674	1.1959
	57988	1.1986
	57738	1.2014
	57718	1.2032
	57625	1.2052
	58034	1.20592
	57827	1.206
	56389	1.2099
	59094	1.2147
	57728	1.2174
	57516	1.2202
	58467	1.2205
	56172	1.2214
	57859	1.2248
	56964	1.2262
	58752	1.2262
	58823	1.2298
	57612	1.2317
	57845	1.232
	56158	1.2422
	58658	1.2512
	57574	1.2515
	57962	1.2565
	58837	1.2565
	57926	1.2593
	59478	1.2596
	56835	1.2601
	56267	1.2604
	59065	1.2618
	57818	1.264
	57914	1.2668
	59246	1.2699
	59485	1.2792
	56479	1.2858
	57803	1.2881
	57623	1.2883
	56839	1.2903
	56571	1.2923
	56593	1.2928
	59218	1.298
	56279	1.3006
	57857	1.3039
	57932	1.3065
	57734	1.3097
	58923	1.3125
	57543	1.3267
	57636	1.331
	59941	1.3358
	56978	1.3365
	56381	1.3411
	58836	1.3469
	59238	1.3632
	56961	1.3733
	57866	1.3741
	59034	1.3742
	56173	1.3744
	57525	1.3752
	57839	1.3982
	59457	1.4005
	57828	1.401
	59452	1.4063
	56146	1.408
	57832	1.4271
	59015	1.4292
	56251	1.4304
	57603	1.44
	56585	1.4405
	58712	1.4415
	57669	1.4423
	56975	1.446
	57993	1.4517
	57558	1.4539
	56946	1.454
	58657	1.4613
	56493	1.4627
	58926	1.4702
	57649	1.474
	56285	1.4754
	59082	1.4846
	56394	1.4863
	56443	1.5017
	59470	1.5032
	58820	1.5066
	56144	1.5116
	57913	1.5138
	57799	1.5147
	58747	1.5266
	57635	1.5339
	58456	1.545
	56849	1.5464
	56491	1.5469
	56399	1.5478
	59477	1.5489
	58724	1.5497
	56580	1.5506
	59205	1.5613
	56498	1.5632
	59059	1.5648
	57518	1.5795
	59471	1.5845
	59264	1.5855
	59058	1.5864
	57671	1.5963
	57829	1.5993
	58737	1.5997
	59266	1.6029
	57824	1.6036
	57713	1.6086
	52885	1.6092
	57708	1.6164
	57821	1.6252
	59270	1.6257
	59022	1.6284
	57640	1.6291
	59256	1.6347
	56147	1.6431
	57990	1.6537
	57948	1.6716
	59265	1.6775
	56755	1.6777
	56952	1.6801
	58933	1.6878
	57540	1.6888
	56280	1.6911
	58735	1.7012
	59940	1.7045
	58746	1.7067
	56977	1.7089
	57996	1.7198
	56959	1.7232
	58745	1.7287
	57517	1.7382
	56954	1.7504
	58715	1.7508
	57723	1.7599
	59237	1.7687
	59276	1.7763
	56167	1.7767
	56278	1.7803
	58659	1.7861
	57537	1.7884
	58025	1.79664
	59033	1.7968
	58826	1.806
	57646	1.8139
	59224	1.821
	56385	1.8343
	57994	1.8436
	57643	1.8465
	57554	1.8584
	56492	1.8703
	56995	1.8806
	56474	1.8957
	57666	1.9035
	58824	1.9369
	57662	1.96
	58736	1.9884
	57633	1.996
	56374	1.9961
	57604	2.0295
	59031	2.0516
	57642	2.0785
	59663	2.0906
	57509	2.0952
	59074	2.0965
	57717	2.0994
	59021	2.1017
	57710	2.1078
	57912	2.1314
	56475	2.1451
	57805	2.1527
	59469	2.1703
	57663	2.1744
	59241	2.1744
	57609	2.1754
	56499	2.1755
	58455	2.1977
	58377	2.2023
	59081	2.2545
	56746	2.2598
	56494	2.2662
	57634	2.3006
	57600	2.3373
	56949	2.3736
	59229	2.3833
	58725	2.4141
	58352	2.4277
	57989	2.4638
	57719	2.4833
	58744	2.4839
	57889	2.4924
	57661	2.5486
	57545	2.6271
	56944	2.6352
	58719	2.6491
	58360	2.6715
	59057	2.6893
	56490	2.7191
	57544	2.7563
	59071	2.9215
	59271	3.0181
	56958	3.0334
	59075	3.0638
