	56976	-1.8737
	54610	-1.781212
	56669	-1.657
	56856	-1.6501
	54531	-1.6480880000000002
	53696	-1.591048
	57385	-1.5651
	54332	-1.5484
	58549	-1.5281
	58408	-1.4975
	57482	-1.4733
	54620	-1.467952
	53699	-1.4665720000000002
	54336	-1.46293
	54319	-1.4541520000000001
	54505	-1.422504
	57899	-1.4053
	54334	-1.39139
	54335	-1.39048
	58615	-1.3872
	58520	-1.385
	57481	-1.3729
	57875	-1.3665
	54308	-1.3538720000000002
	56652	-1.3534
	54609	-1.345132
	58634	-1.3435
	54333	-1.3343399999999999
	56950	-1.3327
	54470	-1.3215999999999999
	54626	-1.3054800000000002
	56788	-1.2975
	58148	-1.2947
	54614	-1.289748
	54534	-1.2810080000000001
	58517	-1.281
	54706	-1.280548
	58547	-1.2753
	54502	-1.268772
	58402	-1.2661
	53689	-1.2549720000000002
	54703	-1.246048
	54331	-1.2440399999999998
	58404	-1.2321
	53796	-1.227832
	53698	-1.2236
	54321	-1.22157
	57298	-1.203912
	54535	-1.199036
	54324	-1.18636
	54225	-1.18384
	57395	-1.1816
	57499	-1.181
	58631	-1.1739
	54412	-1.173
	54617	-1.161224
	54512	-1.1574520000000001
	58418	-1.1497
	54541	-1.148804
	54602	-1.139696
	54623	-1.1349120000000001
	56395	-1.1325
	53790	-1.132244
	54514	-1.131692
	54579	-1.12868
	58529	-1.1272
	57438	-1.1218
	58401	-1.1205
	54596	-1.119272
	54704	-1.112832
	53697	-1.105472
	56761	-1.1014
	54453	-1.10047
	56985	-1.0955
	58140	-1.0816
	54612	-1.080724
	54438	-1.079436
	58523	-1.0752
	56396	-1.068
	58543	-1.0676
	57496	-1.0654
	58903	-1.0647
	58632	-1.0618
	53948	-1.059472
	54702	-1.0586440000000001
	57156	-1.050732
	54594	-1.046868
	58407	-1.0456
	58906	-1.0454
	57486	-1.0375
	54774	-1.034356
	54325	-1.03152
	58548	-1.0309
	57260	-1.0305
	58147	-1.0294
	53693	-1.02396
	54326	-1.02389
	54707	-1.0221200000000001
	56752	-1.0174
	54533	-1.015496
	54226	-1.0115
	58500	-1.0076
	57781	-1.004
	57881	-1.0039
	58438	-0.9954
	58531	-0.9934
	57492	-0.9888
	54337	-0.98868
	54709	-0.9883560000000001
	58693	-0.9878
	56178	-0.9876
	54342	-0.98602
	57041	-0.983388
	57175	-0.978144
	56763	-0.9772
	56767	-0.9739
	57169	-0.97382
	54633	-0.97152
	57127	-0.963976
	58534	-0.9613
	57387	-0.959
	54711	-0.95588
	58429	-0.9553
	54499	-0.9508200000000001
	58707	-0.9506
	57399	-0.9409
	54636	-0.9401480000000001
	54506	-0.9400560000000001
	53980	-0.9363760000000001
	57042	-0.9322360000000002
	56863	-0.9259
	54237	-0.91812
	57271	-0.917792
	56962	-0.9131
	57184	-0.9084080000000001
	58503	-0.9075
	54472	-0.90433
	54710	-0.899116
	54439	-0.896264
	58145	-0.8938
	54611	-0.893504
	58132	-0.8923
	56774	-0.8916
	54613	-0.88596
	56768	-0.8855
	57786	-0.8849
	53899	-0.8838440000000001
	54601	-0.8836600000000001
	54436	-0.882372
	54766	-0.8810840000000001
	58247	-0.8809
	58519	-0.8702
	58644	-0.8649
	54523	-0.860568
	53691	-0.8584520000000001
	58544	-0.8528
	54530	-0.852748
	54701	-0.851368
	57119	-0.8510000000000001
	54313	-0.84973
	57396	-0.8494360000000001
	53596	-0.847688
	53680	-0.846584
	57296	-0.8429960000000001
	54234	-0.8402799999999999
	57299	-0.839684
	56666	-0.8364
	58624	-0.8361
	57035	-0.835176
	58501	-0.8307
	57698	-0.8304
	58409	-0.8294
	57102	-0.828368
	57182	-0.828368
	58416	-0.8258
	57176	-0.825608
	54497	-0.8247399999999999
	53785	-0.8224800000000001
	56084	-0.8129120000000001
	54231	-0.8127
	57508	-0.8108
	58420	-0.8105
	54765	-0.808312
	53897	-0.8048160000000001
	54416	-0.8046320000000001
	58035	-0.8023
	53869	-0.801872
	57249	-0.7995
	58620	-0.7992
	54725	-0.797732
	57279	-0.7963
	54339	-0.7923299999999999
	57339	-0.7922
	51352	-0.7894599999999999
	54540	-0.782184
	56851	-0.7723
	54708	-0.7715120000000001
	53996	-0.770592
	54328	-0.76804
	58510	-0.7653
	57179	-0.764888
	54267	-0.76335
	58154	-0.7624
	56875	-0.7587
	57265	-0.7581
	56766	-0.758
	57043	-0.7549520000000001
	57306	-0.7542
	54434	-0.754032
	54632	-0.753296
	57489	-0.7519
	58607	-0.7518
	54399	-0.751456
	57370	-0.7507
	54521	-0.7452000000000001
	57297	-0.74428
	58102	-0.7416
	57033	-0.7406
	54528	-0.740416
	56869	-0.7391
	54320	-0.7373099999999999
	54619	-0.73692
	54511	-0.7368279999999999
	54751	-0.7361840000000001
	58633	-0.7357
	53896	-0.732964
	54455	-0.7305200000000001
	58514	-0.7297
	54507	-0.7280880000000001
	53894	-0.727444
	54117	-0.7273699999999999
	53794	-0.722568
	54606	-0.7216480000000001
	54615	-0.719164
	57197	-0.71898
	57752	-0.7167
	56838	-0.7167
	56684	-0.7125
	54323	-0.71078
	54700	-0.7107
	57268	-0.7046
	54115	-0.69769
	55696	-0.69496
	57077	-0.6915640000000001
	56228	-0.6895
	56584	-0.6891
	57408	-0.6889
	54722	-0.687884
	54645	-0.685676
	54603	-0.682548
	54513	-0.6822720000000001
	56870	-0.6812
	53792	-0.681076
	54621	-0.680892
	57188	-0.6795120000000001
	54351	-0.67536
	54259	-0.6745899999999999
	57295	-0.6743600000000001
	58250	-0.6731
	56688	-0.6714
	54753	-0.667092
	54430	-0.664976
	54705	-0.6645160000000001
	57029	-0.66332
	57777	-0.6607
	57285	-0.659732
	54041	-0.65933
	53593	-0.658628
	54764	-0.6580760000000001
	57261	-0.657616
	51495	-0.65709
	54608	-0.65642
	56646	-0.6549
	59856	-0.6547620000000001
	58251	-0.6538
	58146	-0.6535
	57389	-0.6534
	57089	-0.6506240000000001
	57381	-0.6485
	57796	-0.6475
	53599	-0.647496
	57049	-0.642896
	56757	-0.6425
	57348	-0.6397
	58141	-0.6393
	58158	-0.6375
	54925	-0.635352
	57390	-0.635352
	56966	-0.6344
	58507	-0.6341
	56775	-0.6296
	58629	-0.6278
	57398	-0.6277
	53481	-0.62727
	58542	-0.6267
	54260	-0.6265
	51855	-0.62517
	54631	-0.624312
	57183	-0.6228400000000001
	53892	-0.621552
	53594	-0.621276
	56393	-0.6207
	58143	-0.6175
	57309	-0.6165
	53857	-0.6158480000000001
	57111	-0.609776
	58240	-0.6084
	57317	-0.6084
	52643	-0.6082120000000001
	57110	-0.6081200000000001
	58249	-0.6072
	54712	-0.6017720000000001
	53682	-0.6005760000000001
	58026	-0.5989
	58512	-0.5987
	57055	-0.597816
	54338	-0.59738
	54809	-0.597356
	54420	-0.597264
	58414	-0.5963
	56641	-0.5963
	53694	-0.596068
	56742	-0.5957
	54525	-0.595608
	53773	-0.594688
	56096	-0.59248
	54423	-0.592112
	57494	-0.5915
	53950	-0.589352
	54248	-0.58898
	53784	-0.588616
	54801	-0.588156
	58813	-0.586
	57253	-0.5812
	50524	-0.5802299999999999
	57273	-0.578312
	57281	-0.578312
	54569	-0.57736
	57411	-0.5764
	54223	-0.5749799999999999
	54607	-0.5749080000000001
	57278	-0.574
	58424	-0.5737
	53688	-0.5727920000000001
	57972	-0.571
	54777	-0.569572
	57193	-0.569296
	55655	-0.5688899999999999
	59051	-0.5673
	57493	-0.5668
	54132	-0.5637099999999999
	54715	-0.562304
	54726	-0.5570600000000001
	57024	-0.556416
	58241	-0.5562
	54244	-0.55573
	56891	-0.5557
	54024	-0.55531
	53778	-0.5544840000000001
	53590	-0.552184
	54590	-0.55104
	56674	-0.5481
	57113	-0.547676
	53491	-0.547584
	57498	-0.5453
	58433	-0.5419
	54755	-0.54188
	58427	-0.5418
	58417	-0.5401
	59427	-0.5392
	54142	-0.53683
	58428	-0.5352
	58139	-0.5349
	57233	-0.534796
	58126	-0.5334
	57308	-0.5302
	56772	-0.5297
	54776	-0.529644
	57186	-0.52946
	54871	-0.5292760000000001
	57153	-0.529
	57231	-0.526792
	54347	-0.5266099999999999
	54474	-0.52584
	58135	-0.5236
	53871	-0.5226520000000001
	57037	-0.52072
	55680	-0.52003
	57011	-0.519708
	57290	-0.519248
	54431	-0.5142800000000001
	57507	-0.5139
	57916	-0.512
	56307	-0.50967
	58508	-0.5085
	57320	-0.5065
	53795	-0.50646
	54724	-0.50416
	54778	-0.503792
	53864	-0.5035160000000001
	54728	-0.501952
	51642	-0.49888999999999994
	54935	-0.498272
	54063	-0.49699999999999994
	54404	-0.495604
	51329	-0.49251999999999996
	52656	-0.49238400000000004
	58244	-0.4916
	53866	-0.491556
	57038	-0.491004
	50603	-0.49062999999999996
	57485	-0.4901
	58108	-0.4893
	53875	-0.488888
	53944	-0.48861200000000005
	57483	-0.4886
	57048	-0.48778400000000005
	53789	-0.487692
	59626	-0.4868
	53695	-0.48677200000000004
	57842	-0.4856
	54519	-0.48300000000000004
	53669	-0.48253999999999997
	57506	-0.4824
	57345	-0.482
	57294	-0.481988
	57995	-0.4806
	57143	-0.48024000000000006
	58245	-0.4802
	58537	-0.4794
	54410	-0.478584
	56497	-0.4779
	53770	-0.476744
	57257	-0.4767
	58337	-0.4765
	54759	-0.4763760000000001
	54432	-0.47573200000000004
	53378	-0.47334
	57213	-0.47334
	58419	-0.4693
	56777	-0.4688
	56854	-0.4682
	58114	-0.4675
	54433	-0.46736000000000005
	53955	-0.465796
	57132	-0.46441600000000005
	57016	-0.46414
	57362	-0.4632
	54064	-0.46256
	54437	-0.461932
	57326	-0.4605
	53908	-0.460092
	54802	-0.46
	54718	-0.45954
	56975	-0.457
	58502	-0.4569
	53959	-0.45678
	54254	-0.45548999999999995
	51655	-0.45541999999999994
	57324	-0.4504
	54605	-0.446568
	57144	-0.444176
	58415	-0.4424
	53498	-0.44187600000000005
	54800	-0.4416
	57027	-0.441508
	54475	-0.44142
	54471	-0.44127999999999995
	51765	-0.44064999999999993
	58208	-0.43994400000000006
	58210	-0.4395
	58246	-0.4393
	53993	-0.439208
	58109	-0.438
	58647	-0.438
	50775	-0.43687
	57189	-0.43543600000000005
	58342	-0.4346
	57328	-0.4328
	54804	-0.43111200000000005
	57194	-0.429456
	58642	-0.4286
	57086	-0.4278
	57361	-0.427
	57292	-0.426236
	58627	-0.426
	54805	-0.42504000000000003
	57313	-0.4247
	57045	-0.423292
	58623	-0.4222
	57030	-0.421176
	55681	-0.42028
	54429	-0.419888
	57256	-0.4192
	57882	-0.4175
	56984	-0.4169
	57020	-0.416024
	56878	-0.4154
	54803	-0.41455200000000003
	57128	-0.413724
	53791	-0.412712
	50353	-0.41111000000000003
	51431	-0.41096999999999995
	51243	-0.40915
	53895	-0.409124
	58343	-0.4087
	57185	-0.40838800000000003
	57511	-0.407
	56948	-0.4065
	53854	-0.404432
	54316	-0.40124
	54515	-0.400936
	56462	-0.4006
	57021	-0.400384
	57792	-0.3964
	51636	-0.39508
	58367	-0.395
	57760	-0.3905
	53685	-0.389712
	54510	-0.38768800000000003
	53974	-0.387412
	59061	-0.3856
	58527	-0.3824
	54923	-0.38226
	57154	-0.38189200000000006
	58301	-0.379684
	53865	-0.37683200000000006
	58612	-0.3765
	54452	-0.37631999999999993
	54518	-0.376004
	58317	-0.3743
	57981	-0.3738
	54363	-0.37156
	56881	-0.3712
	53992	-0.36993200000000004
	54820	-0.368644
	56756	-0.3654
	53893	-0.36340000000000006
	54662	-0.36294999999999994
	54353	-0.36140999999999995
	57034	-0.36110000000000003
	54252	-0.35973
	57402	-0.3588
	53994	-0.35760400000000003
	57087	-0.35742
	57057	-0.356592
	54622	-0.356132
	57349	-0.3552
	57274	-0.354016
	58843	-0.3531
	57026	-0.353004
	53798	-0.35236
	58432	-0.3519
	58207	-0.35144000000000003
	57688	-0.3513
	59004	-0.3509
	58606	-0.3486
	57895	-0.3479
	53692	-0.34766800000000003
	53768	-0.34739200000000003
	53480	-0.34593999999999997
	53384	-0.34404999999999997
	53985	-0.34251600000000004
	57098	-0.341964
	56095	-0.341872
	51430	-0.33760999999999997
	57032	-0.336996
	54428	-0.33607600000000004
	53954	-0.335708
	56575	-0.3355
	53941	-0.334328
	57779	-0.3343
	56091	-0.33267199999999997
	54401	-0.330648
	56882	-0.3306
	54604	-0.33028
	58550	-0.3299
	50425	-0.32963
	58509	-0.3293
	58806	-0.3287
	58224	-0.3275
	56841	-0.3265
	54616	-0.32577200000000006
	57887	-0.3256
	58316	-0.3246
	54249	-0.32424
	58111	-0.32264400000000004
	51330	-0.31899
	57906	-0.3184
	56399	-0.3174
	58426	-0.3171
	56994	-0.3162
	54749	-0.315744
	57955	-0.3138
	58254	-0.3124
	54527	-0.311512
	54568	-0.30918999999999996
	50525	-0.30883999999999995
	54072	-0.30828
	53367	-0.30772
	57314	-0.3068
	58557	-0.3067
	57254	-0.306544
	59052	-0.3018
	58223	-0.3002
	50954	-0.29918
	54714	-0.29771200000000003
	59053	-0.2968
	57008	-0.296424
	57040	-0.296332
	57251	-0.2937
	57582	-0.2931
	59255	-0.2929
	58335	-0.2901
	57067	-0.289984
	53961	-0.288972
	57155	-0.28842
	57581	-0.2881
	54027	-0.28805
	57405	-0.2876
	54723	-0.287132
	51434	-0.28623
	54618	-0.285844
	54902	-0.28538399999999997
	59449	-0.2843
	57025	-0.282992
	53889	-0.282808
	51567	-0.28189
	56489	-0.2796
	51377	-0.27937
	52862	-0.27909
	53848	-0.277932
	56483	-0.2777
	57022	-0.27673600000000004
	54049	-0.27657
	54065	-0.27657
	56387	-0.2763
	54047	-0.27398
	53924	-0.273792
	57242	-0.2737
	50946	-0.27355999999999997
	56434	-0.27314
	58441	-0.2722
	53195	-0.27125
	59102	-0.2708
	57359	-0.2696
	53799	-0.268732
	54039	-0.26865999999999995
	54539	-0.267996
	54266	-0.26788999999999996
	58257	-0.2643
	53885	-0.263948
	57248	-0.263764
	57694	-0.2616
	57303	-0.26
	54494	-0.25661999999999996
	53781	-0.25484
	54424	-0.254196
	57095	-0.252724
	54532	-0.251988
	50945	-0.25193
	56480	-0.2514
	55773	-0.25109
	58704	-0.2504
	57720	-0.249
	53392	-0.248584
	54825	-0.24840000000000004
	57415	-0.2484
	57195	-0.248216
	51058	-0.24779999999999996
	58205	-0.241684
	57198	-0.240856
	54522	-0.24002800000000002
	56886	-0.24
	54563	-0.23989
	56493	-0.2397
	53690	-0.23901599999999998
	51468	-0.2387
	57445	-0.2368
	57502	-0.2356
	53958	-0.23533600000000005
	58622	-0.2352
	57772	-0.2349
	50950	-0.23470999999999997
	54218	-0.23415
	54449	-0.23349600000000004
	57835	-0.2319
	50527	-0.23142
	58236	-0.2314
	54286	-0.23135
	58225	-0.2298
	53986	-0.22816
	57315	-0.228
	57510	-0.2258
	53499	-0.22549200000000003
	53991	-0.225216
	57417	-0.2239
	54575	-0.22378999999999996
	57075	-0.223744
	57388	-0.223
	53368	-0.22232
	51435	-0.22203999999999996
	50934	-0.22126999999999997
	56092	-0.22070800000000002
	57129	-0.220524
	51437	-0.22008
	57590	-0.2195
	58221	-0.2188
	58044	-0.2182
	53862	-0.21491200000000002
	56168	-0.2141
	53469	-0.2128
	54816	-0.21252000000000001
	57192	-0.2116
	54327	-0.21062999999999998
	58730	-0.2103
	53483	-0.20986
	57870	-0.2096
	57052	-0.2093
	58431	-0.2081
	58637	-0.2079
	53953	-0.20764400000000002
	51346	-0.20761999999999997
	56193	-0.2063
	58127	-0.2051
	54851	-0.203688
	58117	-0.2031
	57031	-0.202492
	54719	-0.20184800000000003
	54386	-0.20174
	53957	-0.2001
	57603	-0.1988
	56846	-0.1971
	56783	-0.1941
	54752	-0.193936
	53362	-0.19369
	50566	-0.19292
	53981	-0.192648
	58130	-0.1903
	58237	-0.1893
	58705	-0.1887
	50928	-0.18738999999999997
	56842	-0.1865
	57363	-0.1835
	53863	-0.18335600000000002
	51353	-0.18234999999999998
	59321	-0.1808
	56673	-0.1805
	56227	-0.18003999999999998
	51467	-0.17983
	58625	-0.1791
	54425	-0.17848
	57789	-0.1783
	53877	-0.17756000000000002
	59635	-0.177
	56376	-0.177
	57006	-0.17664000000000002
	58710	-0.1759
	58339	-0.175
	54640	-0.174156
	57053	-0.17369600000000002
	57126	-0.17222400000000002
	58341	-0.1722
	57004	-0.17084400000000002
	53878	-0.170108
	53970	-0.16974
	54318	-0.16964800000000002
	54290	-0.16884
	54405	-0.16670400000000002
	59109	-0.1662
	58614	-0.1653
	59106	-0.1645
	54406	-0.164036
	54520	-0.1633
	50674	-0.16302999999999998
	50779	-0.16205
	50936	-0.16113999999999998
	58131	-0.1611
	57401	-0.1588
	57039	-0.1587
	51356	-0.15861999999999998
	57099	-0.15778000000000003
	53399	-0.157596
	57181	-0.157596
	50514	-0.15743
	51358	-0.15743
	57044	-0.15686000000000003
	53942	-0.156032
	54597	-0.152536
	53788	-0.15226
	54863	-0.151156
	56312	-0.15084999999999998
	56247	-0.1506
	54713	-0.149684
	58944	-0.1494
	57741	-0.1474
	56764	-0.145
	50937	-0.14441
	54243	-0.14398999999999998
	58336	-0.1432
	53891	-0.14278400000000002
	53490	-0.14122
	56645	-0.1407
	53884	-0.140208
	51802	-0.13873999999999997
	58214	-0.1387
	58215	-0.1386
	54501	-0.136988
	57437	-0.1353
	54922	-0.13478
	58243	-0.1345
	57425	-0.1345
	58138	-0.1336
	54102	-0.13307
	53492	-0.133032
	57180	-0.131836
	53687	-0.131008
	52645	-0.12900999999999999
	50832	-0.1288
	57002	-0.127328
	53917	-0.126592
	58041	-0.1261
	57096	-0.12604
	54135	-0.12544
	54584	-0.12452999999999999
	58329	-0.1235
	54261	-0.11991
	58118	-0.1198
	50776	-0.11850999999999999
	57682	-0.1175
	57094	-0.116932
	51777	-0.11577999999999998
	54274	-0.11521999999999999
	57696	-0.1117
	51328	-0.11004
	56093	-0.110032
	50873	-0.1099
	51436	-0.10891999999999999
	54842	-0.10791600000000001
	54031	-0.10779999999999999
	57211	-0.106076
	58643	-0.1048
	51701	-0.10394999999999999
	53467	-0.10282999999999999
	53787	-0.10092400000000001
	57769	-0.1004
	59001	-0.1
	53783	-0.09825600000000001
	53660	-0.098164
	53769	-0.09798
	56844	-0.0977
	54113	-0.09527
	57054	-0.09457600000000001
	58220	-0.094
	54362	-0.09387
	56317	-0.0924
	53767	-0.09200000000000001
	56745	-0.0908
	54476	-0.09036999999999999
	57060	-0.08979200000000001
	57140	-0.088504
	50879	-0.08771
	57414	-0.0877
	54421	-0.08684800000000001
	57416	-0.0866
	51633	-0.08574999999999999
	57191	-0.085376
	53947	-0.08528400000000001
	58609	-0.0848
	54853	-0.08418
	54214	-0.08344
	59093	-0.0833
	53545	-0.08295
	53782	-0.08234
	57871	-0.0817
	53852	-0.080776
	54808	-0.080776
	51568	-0.07762999999999999
	57872	-0.0762
	58101	-0.075624
	57293	-0.07139200000000001
	56786	-0.0709
	59322	-0.0705
	58546	-0.0676
	53928	-0.065504
	54811	-0.06522800000000001
	58558	-0.065
	53872	-0.063388
	55598	-0.06327999999999999
	53890	-0.061824
	57505	-0.0608
	56184	-0.0588
	54408	-0.05814400000000001
	57090	-0.057224000000000004
	58100	-0.056856000000000004
	50618	-0.055929999999999994
	56487	-0.0558
	57178	-0.05382000000000001
	57758	-0.0533
	51581	-0.0525
	53879	-0.05244000000000001
	58602	-0.0519
	54164	-0.05138
	55690	-0.050539999999999995
	57732	-0.0505
	53914	-0.050395999999999996
	53859	-0.04922
	50939	-0.04921
	57969	-0.0465
	57177	-0.043884
	52993	-0.043608
	53975	-0.041308000000000004
	58472	-0.0412
	54857	-0.040848
	51804	-0.04025
	58569	-0.0399
	57606	-0.0368
	53853	-0.035512
	54156	-0.03521
	54905	-0.035052
	53963	-0.033764
	51359	-0.03332
	57259	-0.0315
	58701	-0.0313
	54943	-0.031188
	53083	-0.02898
	56880	-0.0284
	50948	-0.02359
	50978	-0.023519999999999996
	54919	-0.023184
	58202	-0.0224
	57206	-0.0211
	57743	-0.0203
	57773	-0.0201
	56185	-0.0201
	56567	-0.0201
	56190	-0.0196
	54821	-0.019136
	57902	-0.0188
	54346	-0.01806
	58804	-0.0171
	54920	-0.016100000000000003
	58334	-0.016
	59847	-0.015582
	56978	-0.0154
	56152	-0.0147
	54624	-0.014076
	53192	-0.01274
	58104	-0.012604
	51707	-0.01225
	51639	-0.01134
	57012	-0.010304
	54939	-0.010212
	56097	-0.0089
	55589	-0.008119999999999999
	53810	-0.007826
	56263	-0.0073
	57735	-0.0061
	57023	-0.001932
	57874	-0.0011
	58911	-0.0011
	51886	4.9E-4
	57106	0.001012
	58045	0.0014
	56785	0.0024
	51241	0.0036399999999999996
	56790	0.0037
	53730	0.007489999999999999
	58004	0.008464000000000001
	53797	0.0138
	56649	0.0144
	58107	0.015
	57461	0.0151
	54304	0.017756
	57793	0.0187
	53962	0.019964000000000003
	51559	0.02268
	58608	0.0228
	54807	0.023368
	51137	0.024849999999999997
	53543	0.026180000000000002
	58047	0.0281
	59124	0.0285
	54814	0.029164
	53771	0.031832
	56594	0.0324
	54483	0.032479999999999995
	51573	0.03283
	55294	0.03374
	58462	0.0341
	53995	0.036524
	58234	0.0372
	58032	0.038180000000000006
	53861	0.038272
	53472	0.039689999999999996
	59116	0.0398
	53964	0.040388
	57047	0.041676000000000005
	54929	0.042964
	59640	0.0438
	54810	0.044528
	56751	0.0446
	56492	0.0461
	50833	0.04703999999999999
	58030	0.049128000000000005
	54398	0.050416
	54823	0.050876000000000005
	56898	0.0511
	59090	0.0519
	50844	0.05347999999999999
	51629	0.05347999999999999
	53573	0.055476000000000004
	58319	0.0555
	53732	0.05565
	53873	0.05602800000000001
	54161	0.05705
	52418	0.057224000000000004
	57798	0.0592
	53966	0.060076
	57134	0.060812000000000005
	53973	0.06173200000000001
	54454	0.06272
	58927	0.063
	57891	0.0642
	59113	0.0664
	57003	0.066884
	51365	0.06846
	57475	0.0695
	56885	0.0712
	52657	0.07139999999999999
	54628	0.072956
	54836	0.07314000000000001
	53906	0.073232
	54122	0.07357
	53926	0.07369200000000001
	58918	0.074
	57974	0.0742
	53868	0.07617600000000001
	54734	0.07682000000000001
	57007	0.07810800000000001
	57971	0.0792
	53562	0.07966
	53845	0.079672
	56664	0.0804
	54377	0.08106
	56670	0.0813
	57992	0.0821
	50877	0.08218
	57407	0.0858
	57066	0.086204
	57761	0.0876
	57046	0.088136
	54815	0.08979200000000001
	51059	0.08980999999999999
	54828	0.089976
	54927	0.090436
	54157	0.09065
	59213	0.095
	57907	0.0959
	58450	0.0977
	50834	0.09813999999999999
	54419	0.10000400000000001
	57512	0.1002
	51711	0.10079999999999999
	52652	0.10230399999999999
	52765	0.10248
	56094	0.10524800000000001
	59435	0.1056
	55591	0.10590999999999999
	58331	0.1061
	59446	0.1087
	55572	0.10878
	54918	0.108836
	57762	0.1099
	56973	0.1105
	51628	0.11214
	57378	0.1129
	53276	0.11381999999999999
	58570	0.1141
	50884	0.11466
	54717	0.115276
	53780	0.11564400000000001
	53972	0.11619600000000001
	58461	0.1168
	58442	0.117
	53567	0.117116
	54204	0.12039999999999998
	58320	0.1238
	56180	0.1242
	58821	0.1258
	54852	0.126684
	58742	0.1286
	56593	0.129
	58847	0.1292
	51367	0.12957
	51438	0.13118
	55585	0.13208999999999999
	54291	0.13216
	56478	0.1329
	57368	0.1341
	58359	0.1381
	57491	0.1385
	58365	0.1389
	59951	0.140662
	54154	0.14098
	53486	0.142048
	57232	0.14214000000000002
	58907	0.1427
	50727	0.14412999999999998
	57093	0.145268
	50838	0.14567
	57072	0.14628000000000002
	53725	0.14674
	53898	0.147476
	53774	0.148212
	56197	0.1499
	58345	0.1502
	56986	0.1503
	52853	0.15084999999999998
	58568	0.1515
	56473	0.1517
	53945	0.15180000000000002
	58001	0.15272000000000002
	50983	0.15435
	50871	0.15505
	56987	0.1562
	53856	0.157228
	56183	0.1579
	57078	0.158608
	55664	0.15904
	58040	0.1602
	51482	0.16043999999999997
	54830	0.16081600000000001
	53934	0.161368
	53956	0.163116
	59632	0.164
	57841	0.1644
	54245	0.16443
	53772	0.165416
	52633	0.16646
	58122	0.1679
	54812	0.168636
	56082	0.169096
	58113	0.1709
	57976	0.171
	54900	0.17112
	51087	0.17157
	53617	0.172946
	58311	0.173
	54716	0.173604
	57776	0.174
	54187	0.17436999999999997
	57679	0.1744
	51572	0.17457999999999999
	57740	0.1803
	50851	0.18158
	58230	0.1817
	57865	0.1828
	57014	0.184092
	57217	0.1863
	57105	0.186668
	56194	0.1871
	57187	0.187312
	57973	0.189
	57196	0.18915200000000001
	58448	0.1896
	56879	0.1918
	52575	0.19194
	54817	0.192648
	56342	0.19390000000000002
	59064	0.1944
	54285	0.19446
	58361	0.1946
	57731	0.1953
	56548	0.1954
	59948	0.196736
	56977	0.1975
	50987	0.19767999999999997
	54069	0.19767999999999997
	56871	0.1983
	57860	0.201
	51369	0.20104
	58848	0.2026
	57124	0.203136
	54486	0.20328
	58734	0.2048
	56033	0.20629
	53883	0.209392
	54660	0.21455
	52436	0.216292
	54819	0.216292
	58635	0.2163
	54493	0.21986999999999998
	57609	0.22
	53984	0.22070800000000002
	54729	0.221812
	56565	0.224
	52323	0.225032
	53764	0.225584
	56671	0.2258
	51433	0.22630999999999996
	53949	0.226504
	54349	0.22651999999999997
	54901	0.227792
	56106	0.22883
	56081	0.229448
	51060	0.23009
	51477	0.23023
	53385	0.23099999999999998
	53968	0.23202399999999998
	56778	0.235
	57736	0.2379
	54292	0.23835
	56151	0.23862999999999998
	56873	0.2391
	52996	0.23920000000000002
	57808	0.2394
	53925	0.23956800000000003
	59431	0.242
	51542	0.24212999999999998
	50639	0.24275999999999998
	56485	0.2429
	56192	0.243616
	50940	0.24555999999999997
	53666	0.247388
	57608	0.2481
	53484	0.24842999999999998
	53829	0.24932000000000004
	56284	0.2499
	54945	0.24996400000000002
	50955	0.25017999999999996
	52495	0.25032
	51730	0.2527
	53457	0.25290999999999997
	57001	0.253368
	54861	0.253736
	57754	0.2552
	57091	0.2553
	50956	0.25556999999999996
	53663	0.255576
	58619	0.2559
	58463	0.256
	57245	0.257968
	58203	0.2581
	57431	0.2597
	57766	0.2603
	56386	0.2603
	52661	0.26091200000000003
	51722	0.26138
	57237	0.2625
	58024	0.262568
	56391	0.2639
	54824	0.264224
	50749	0.26438999999999996
	53935	0.26588
	54846	0.266708
	58235	0.2693
	54205	0.27055
	53658	0.271216
	57343	0.272504
	57896	0.275
	56889	0.2754
	51839	0.27565999999999996
	58731	0.2761
	53982	0.27673600000000004
	57707	0.277
	59304	0.2771
	53886	0.277472
	58822	0.2779
	56357	0.2786
	53735	0.279312
	50673	0.27957999999999994
	58212	0.2796
	54503	0.28133600000000003
	59851	0.282384
	53488	0.28244
	56202	0.28252
	54273	0.2828
	57778	0.2845
	53976	0.28566
	57426	0.2861
	53967	0.286672
	58238	0.2867
	51818	0.28714
	50953	0.28748999999999997
	51068	0.28805
	58567	0.2881
	53289	0.29070999999999997
	54908	0.292744
	50564	0.29302
	58222	0.2961
	51931	0.2961
	54938	0.29624
	58818	0.2976
	57028	0.299092
	51704	0.29911
	53564	0.300012
	51811	0.30029999999999996
	53475	0.301
	58449	0.3012
	57162	0.301852
	56872	0.302
	58556	0.3021
	50742	0.30211999999999994
	57722	0.3024
	57432	0.3024
	58460	0.3035
	50136	0.30379999999999996
	58932	0.3048
	50787	0.30961
	53705	0.31003
	56289	0.3102
	58506	0.3105
	57318	0.3109
	50878	0.31128999999999996
	56459	0.3114
	53678	0.31243200000000004
	51644	0.31276
	57056	0.313996
	53582	0.31418
	58007	0.31427200000000005
	56592	0.3152
	53775	0.315376
	58003	0.315928
	54827	0.317216
	51826	0.31955
	58555	0.3211
	54301	0.321448
	51076	0.32508
	56835	0.3265
	57173	0.328716
	53763	0.3289
	57586	0.3293
	56755	0.3293
	58646	0.3301
	59134	0.3315
	54276	0.33327
	53965	0.333316
	54213	0.33404
	53585	0.334604
	57600	0.3352
	57082	0.335432
	51827	0.33746999999999994
	53738	0.339112
	54835	0.339388
	51814	0.33964
	59448	0.3397
	59114	0.3399
	53676	0.340584
	58150	0.3429
	56125	0.34475
	52995	0.344816
	56867	0.3452
	56444	0.3458
	53580	0.346104
	53466	0.34713
	51357	0.34803999999999996
	53419	0.34936999999999996
	51716	0.34944
	57079	0.349692
	57737	0.3546
	58242	0.3554
	59664	0.3557
	53723	0.355868
	53929	0.35604
	53644	0.357
	59293	0.3586
	58905	0.3588
	51656	0.3598
	58129	0.36
	57658	0.3622
	51469	0.36253
	57051	0.364596
	54833	0.36800000000000005
	56479	0.3683
	54826	0.368644
	57604	0.3687
	53841	0.368828
	58600	0.3689
	57745	0.3701
	58845	0.3704
	51133	0.37113999999999997
	54843	0.37177200000000005
	58423	0.3718
	53553	0.37317
	58436	0.3739
	57061	0.37398
	57573	0.3746
	50862	0.37506
	58834	0.377
	59092	0.3772
	57519	0.3776
	58814	0.3776
	53584	0.38005200000000006
	54186	0.38297
	57595	0.3841
	53397	0.38456
	53337	0.38695999999999997
	54916	0.38713600000000004
	57714	0.3872
	56982	0.3881
	58038	0.3882
	56004	0.38857
	54903	0.38879199999999997
	58326	0.3889
	57583	0.39
	57083	0.390448
	53938	0.39164400000000005
	58934	0.3917
	54849	0.39210400000000006
	50880	0.3927
	53987	0.397992
	53464	0.39815999999999996
	51186	0.39844
	57462	0.3992
	57744	0.4015
	54909	0.40185600000000005
	54165	0.40334000000000003
	50973	0.40396999999999994
	57867	0.4041
	54311	0.40434000000000003
	58626	0.4052
	52986	0.407652
	57247	0.408756
	51720	0.40922
	53988	0.409584
	53937	0.41354
	58265	0.414
	53420	0.41579999999999995
	58340	0.4174
	53832	0.417588
	57886	0.4178
	56944	0.4183
	52378	0.41936999999999997
	52602	0.41936999999999997
	59041	0.4266
	53927	0.427524
	54293	0.42875
	50756	0.42952
	58446	0.4311
	53665	0.43166400000000005
	53998	0.43175600000000003
	57742	0.4326
	53874	0.433136
	56951	0.434
	53619	0.434214
	53850	0.434608
	57377	0.4352
	56496	0.4377
	54829	0.437736
	58453	0.4382
	58435	0.4391
	57900	0.4395
	50468	0.44050999999999996
	58314	0.4416
	59254	0.4418
	57844	0.4423
	52576	0.44233
	56298	0.4426
	56989	0.4433
	52533	0.4439
	51810	0.4440799999999999
	57763	0.4466
	50349	0.44799999999999995
	56840	0.448
	57329	0.4483
	51232	0.4483499999999999
	52313	0.44960999999999995
	54806	0.449788
	57413	0.4503
	57084	0.45172
	58006	0.45586000000000004
	53579	0.456872
	58912	0.4584
	50632	0.46101999999999993
	53881	0.461218
	58125	0.4613
	56533	0.4619
	57081	0.46248400000000006
	53610	0.46345400000000003
	57307	0.4646
	51463	0.46514999999999995
	58437	0.4664
	56991	0.4664
	53565	0.4669920000000001
	58559	0.469
	58005	0.47094800000000003
	53923	0.4715
	54731	0.473984
	50861	0.4746
	56578	0.4757
	56389	0.476
	53880	0.476928
	52998	0.4772040000000001
	58327	0.4775
	52203	0.47753999999999996
	53651	0.47766400000000003
	59099	0.4786
	58036	0.4796
	51571	0.48034
	57447	0.4807
	53612	0.48142799999999997
	53983	0.481712
	54195	0.48341999999999996
	54236	0.48355999999999993
	57767	0.4836
	54737	0.48741600000000007
	53662	0.489808
	59228	0.4912
	56781	0.492
	56378	0.4931
	56782	0.4934
	58565	0.4942
	51828	0.49482999999999994
	57598	0.4953
	57085	0.49606400000000006
	53487	0.49698400000000004
	53786	0.498916
	54627	0.498916
	57780	0.4994
	50892	0.5004299999999999
	51829	0.50085
	56996	0.5016
	51717	0.5019699999999999
	53882	0.5024120000000001
	50852	0.50295
	56961	0.5041
	56691	0.5054
	59270	0.5062
	58477	0.5065
	56038	0.5069
	56297	0.5081
	54208	0.51212
	56876	0.513
	59045	0.5135
	50767	0.5153399999999999
	52674	0.51566
	59235	0.516
	56491	0.5162
	50958	0.51646
	50246	0.51716
	51627	0.5174399999999999
	54730	0.5189720000000001
	53348	0.51919
	55299	0.52073
	51705	0.5213599999999999
	52842	0.52325
	57657	0.5233
	53391	0.52549
	59313	0.5272
	58706	0.5274
	59849	0.527668
	53888	0.529644
	53455	0.53032
	57514	0.5306
	54134	0.53214
	50772	0.5334
	53989	0.534612
	53931	0.537004
	59127	0.5374
	58666	0.5376
	58601	0.5389
	59647	0.5413
	57956	0.5431
	57739	0.5454
	54904	0.546756
	53578	0.547124
	59290	0.5483
	53068	0.5485899999999999
	59249	0.549
	56147	0.5493
	58027	0.5494
	53806	0.54997
	57911	0.5532
	57477	0.5546
	58358	0.5558
	50913	0.55601
	56394	0.5575
	54284	0.55783
	55228	0.55797
	56267	0.5583
	50557	0.5583899999999999
	59644	0.5595
	55437	0.56063
	59441	0.5628
	56883	0.5637
	56016	0.56441
	58654	0.5669
	52833	0.5673499999999999
	58714	0.5684
	51526	0.57036
	52863	0.57197
	50985	0.57274
	54172	0.57351
	59287	0.5743
	59845	0.574732
	58116	0.5752
	53433	0.57526
	59754	0.5759
	57846	0.5763
	53759	0.5787720000000001
	54181	0.5792499999999999
	50755	0.5798099999999999
	59230	0.5801
	53513	0.58128
	50962	0.58184
	57915	0.5819
	50548	0.58317
	56137	0.5851299999999999
	54906	0.585488
	57304	0.5857
	52745	0.58611
	55578	0.58632
	53997	0.5927560000000001
	58820	0.5935
	51145	0.5963999999999999
	58017	0.59708
	57673	0.5985
	59320	0.5992
	53446	0.5996199999999999
	54822	0.599932
	58917	0.6006
	56187	0.6011
	50745	0.60137
	50788	0.6048
	57612	0.6068
	57614	0.6074
	59055	0.6084
	58002	0.60904
	52868	0.60991
	56992	0.61
	56970	0.6102
	52855	0.61061
	53777	0.611248
	54841	0.61226
	53817	0.612492
	56223	0.61425
	56697	0.615
	57439	0.6173
	56596	0.6174
	58323	0.6185
	59848	0.61851
	58468	0.6191
	58605	0.6195
	52818	0.62125
	53707	0.6213500000000001
	59855	0.6234919999999999
	53727	0.6237579999999999
	50445	0.62559
	59046	0.626
	56793	0.6265
	51708	0.6267799999999999
	54727	0.6279
	57589	0.628
	54093	0.6311199999999999
	54911	0.6361800000000001
	51465	0.6365799999999999
	53915	0.637192
	57333	0.6389
	53750	0.6394
	57960	0.6398
	56839	0.6414
	59091	0.6417
	57520	0.642
	54012	0.64211
	51238	0.64225
	53673	0.645932
	57954	0.6498
	57991	0.6502
	56792	0.6505
	57774	0.6532
	50741	0.65548
	53677	0.6566040000000001
	53776	0.6566040000000001
	52713	0.6578599999999999
	56021	0.6591899999999999
	50247	0.65975
	54914	0.660652
	54915	0.662124
	58344	0.6663
	54834	0.66884
	50774	0.6698999999999999
	57516	0.6706
	58750	0.6715
	57476	0.6719
	57137	0.6720600000000001
	54374	0.67214
	56116	0.6731199999999999
	59294	0.6761
	54932	0.676292
	54305	0.6783699999999999
	57536	0.6804
	59453	0.6804
	53272	0.68229
	57942	0.6824
	57355	0.6845
	57409	0.6854
	53664	0.6861360000000001
	59007	0.6916
	56374	0.6966
	57771	0.6972
	57699	0.698
	56665	0.6983
	52836	0.7002799999999999
	59133	0.7023
	57958	0.7027
	57238	0.703064
	57523	0.7037
	57909	0.7041
	50854	0.70672
	50658	0.70693
	55472	0.7089599999999999
	53916	0.710274
	56390	0.7105
	50960	0.71099
	57358	0.7119
	56182	0.7122
	56651	0.7122
	54169	0.71407
	53753	0.714472
	57811	0.7148
	54936	0.717048
	56331	0.71876
	54913	0.71898
	52754	0.7212799999999999
	51288	0.7218399999999999
	57687	0.7219
	58938	0.7219
	54910	0.727444
	57964	0.7308
	58021	0.7322280000000001
	59310	0.7323
	53324	0.73374
	50842	0.73696
	51815	0.73745
	54371	0.73759
	58016	0.7378
	57868	0.7438
	53910	0.7439
	54818	0.746672
	57541	0.7469
	50434	0.7470399999999999
	57903	0.7476
	50859	0.7481599999999999
	50750	0.74914
	56382	0.7492
	50858	0.7500499999999999
	54732	0.750536
	56946	0.7532
	54026	0.7542499999999999
	55248	0.75474
	56146	0.755
	57080	0.75854
	58338	0.7589
	58008	0.759
	53478	0.7592760000000001
	57708	0.7597
	56276	0.7654
	56272	0.7675
	58306	0.7688
	57513	0.7695
	58255	0.7719
	50867	0.7725899999999999
	52968	0.77357
	56043	0.77427
	53574	0.7759280000000001
	57216	0.7762
	59137	0.7773
	57522	0.7776
	57978	0.7778
	50526	0.7796599999999999
	58443	0.7806
	58020	0.78108
	59429	0.7831
	53756	0.7832880000000001
	58269	0.7838
	57910	0.7866
	52972	0.7867299999999999
	53463	0.78708
	56954	0.7871
	58128	0.789
	58530	0.7892
	58616	0.7935
	58718	0.7947
	57518	0.796
	58366	0.7968
	57816	0.7974
	53978	0.799112
	58941	0.8002
	54192	0.80031
	51378	0.8020599999999999
	58354	0.8022
	54171	0.8022699999999999
	56196	0.805
	50853	0.80836
	56843	0.8101
	56158	0.8105
	59107	0.8113
	50915	0.81221
	59757	0.8130200000000001
	51334	0.81396
	54096	0.8144499999999999
	56582	0.8149
	57921	0.8164
	53679	0.8184319999999999
	54098	0.81928
	56373	0.8197
	57564	0.8201
	59954	0.8204400000000001
	59238	0.8211
	52957	0.8214499999999999
	58618	0.8226
	54921	0.823032
	54644	0.8234
	57420	0.8234
	56172	0.8237
	53674	0.824596
	56109	0.82565
	52895	0.825792
	56441	0.8271
	56675	0.8277
	50739	0.8287999999999999
	52825	0.8292200000000001
	51053	0.83104
	58356	0.8318
	55279	0.8318099999999999
	50431	0.8318799999999998
	53502	0.8344699999999999
	57876	0.8357
	56164	0.8376
	59256	0.8381
	56291	0.843
	58484	0.8438
	59421	0.845
	51379	0.8451799999999999
	54263	0.8497999999999999
	56257	0.8536
	57822	0.8538
	56849	0.8541
	56959	0.8545
	59317	0.8547
	59426	0.8561
	56186	0.8564
	57768	0.8586
	57065	0.859096
	56251	0.8601
	57837	0.8612
	57993	0.8615
	57825	0.8631
	50647	0.86338
	53979	0.864156
	58844	0.8642
	56586	0.8673
	57975	0.8678
	57605	0.869
	56580	0.8697
	53588	0.872068
	59312	0.8753
	54831	0.875932
	53547	0.87605
	58754	0.8764
	56969	0.8767
	56952	0.8801
	54080	0.88158
	54744	0.8816360000000001
	56128	0.88298
	54099	0.88333
	57803	0.8836
	56034	0.88613
	57840	0.8862
	50442	0.88655
	59650	0.8868
	55493	0.88879
	56065	0.8904
	57074	0.892032
	58353	0.8943
	51156	0.8948799999999999
	58748	0.8952
	54848	0.895804
	58451	0.8975
	56595	0.8976
	51470	0.89845
	59654	0.8986
	50646	0.9014599999999999
	56018	0.9025099999999998
	56643	0.9071
	53748	0.907764
	57071	0.908224
	53149	0.9108399999999999
	59838	0.911918
	53757	0.911996
	59122	0.913
	57625	0.9156
	57460	0.9166
	57464	0.917
	57851	0.917
	52515	0.917424
	51709	0.9188899999999999
	56287	0.9191
	54365	0.9200799999999999
	56188	0.9226
	59303	0.9245
	53336	0.9250499999999998
	53529	0.9255399999999999
	52978	0.925612
	57208	0.9258
	59063	0.927
	57718	0.9276
	56654	0.9289
	54832	0.9302120000000001
	59285	0.9317
	59037	0.9362
	56384	0.9408
	52874	0.9426199999999999
	57575	0.9433
	56046	0.9433199999999998
	53751	0.9455760000000001
	54844	0.948152
	53343	0.9517199999999999
	59211	0.9528
	57566	0.9538
	52737	0.95536
	59065	0.9565
	54076	0.9582299999999999
	59417	0.961
	58362	0.9637
	58259	0.9675
	57962	0.9676
	58836	0.9714
	52681	0.97244
	57866	0.9736
	57517	0.9744
	52557	0.9748320000000001
	53760	0.9749240000000001
	53860	0.975476
	59750	0.9774
	52101	0.9799999999999999
	54738	0.9822840000000002
	58321	0.9825
	56029	0.9841299999999998
	57949	0.9857
	58351	0.986
	52889	0.98946
	53740	0.9896440000000002
	57509	0.9909
	57680	0.9909
	59012	0.9928
	58942	0.9935
	54094	0.9935099999999999
	52875	0.99491
	57584	0.9961
	52856	0.99855
	53704	0.998632
	55593	0.9990399999999999
	59082	1.001
	57076	1.003352
	59419	1.0042
	53357	1.00597
	53754	1.006388
	53231	1.00744
	53903	1.00792
	53576	1.010528
	58011	1.014116
	58819	1.0143
	56498	1.0165
	50778	1.01934
	56281	1.0197
	59072	1.0203
	53615	1.023142
	57800	1.0234
	53821	1.023592
	56383	1.0281
	56295	1.0286
	56371	1.0319
	56189	1.0323
	59280	1.0378
	57813	1.0382
	59425	1.0408
	57637	1.0424
	58664	1.0433
	58660	1.0438
	57936	1.045
	52784	1.047236
	57063	1.047328
	53519	1.049286
	54837	1.05064
	57994	1.057
	56288	1.0572
	58828	1.0585
	53618	1.0585740000000001
	58745	1.0592
	52546	1.06214
	58268	1.0623
	59758	1.062862
	57585	1.0633
	58022	1.0638880000000002
	58735	1.0664
	52707	1.06785
	58330	1.0722
	59656	1.0763
	54912	1.076308
	56949	1.0787
	54736	1.0787920000000002
	57966	1.0805
	59265	1.081
	52943	1.08164
	50656	1.08192
	50758	1.0824799999999999
	58553	1.0838
	50964	1.0915099999999998
	57466	1.0935
	57729	1.0949
	56199	1.0964
	53659	1.096456
	57713	1.0989
	59266	1.104
	56045	1.11517
	58421	1.1154
	57996	1.1168
	57957	1.1218
	58665	1.1218
	54855	1.1218480000000002
	58823	1.1232
	56181	1.1239
	53505	1.127
	52896	1.131692
	58562	1.1374
	58667	1.1383
	56071	1.138592
	58012	1.1435
	52866	1.1435199999999999
	59843	1.143846
	53575	1.14402
	57908	1.1478
	57845	1.151
	56273	1.1515
	59125	1.1522
	56290	1.1559
	57814	1.1576
	59237	1.1603
	57571	1.1615
	59284	1.1683
	54907	1.168768
	52876	1.16956
	56598	1.1701
	57070	1.1701480000000002
	58737	1.1738
	52988	1.176588
	58921	1.1782
	58013	1.1804
	50963	1.18083
	57204	1.1838
	53614	1.186112
	58369	1.1868
	58749	1.1874
	59088	1.1894
	56693	1.1896
	57809	1.1909
	50888	1.19308
	59289	1.1944
	59454	1.199
	57827	1.2011
	56167	1.2013
	57947	1.2016
	56569	1.2116
	53602	1.2132399999999999
	57647	1.2135
	57558	1.2138
	53533	1.21492
	56964	1.2171
	57723	1.2186
	57834	1.2196
	57965	1.2228
	58713	1.2242
	58454	1.2304
	58760	1.2348
	57914	1.2363
	57853	1.2364
	56748	1.238
	56385	1.2396
	58839	1.2489
	57655	1.2517
	58712	1.2558
	58936	1.2574
	53522	1.25818
	57905	1.2585
	56739	1.2628
	59673	1.2647
	56543	1.2648
	52267	1.26504
	50979	1.26588
	57799	1.2771
	59097	1.2786
	52908	1.2845
	58264	1.2856
	56171	1.2861
	53577	1.293612
	56286	1.2968
	59451	1.2978
	56198	1.2999
	59038	1.3015
	56499	1.3015
	59462	1.3027
	56079	1.3039
	52963	1.30907
	58751	1.3098
	56080	1.309896
	56862	1.3147
	59117	1.3171
	57562	1.3179
	58048	1.3182
	50659	1.3201999999999998
	59059	1.3214
	57818	1.3259
	52447	1.3261800000000001
	57894	1.3276
	59940	1.32818
	57857	1.3286
	59315	1.33
	57941	1.3319
	58652	1.3394
	58736	1.3404
	57635	1.3428
	58929	1.3463
	59655	1.3555
	59288	1.3565
	58724	1.3569
	53611	1.3614659999999998
	57525	1.3644
	56443	1.372
	54917	1.3731
	58837	1.3847
	56475	1.3848
	50655	1.39377
	56571	1.3941
	58015	1.3968
	57807	1.3979
	56585	1.4004
	56494	1.4047
	53518	1.407992
	59631	1.4095
	52980	1.412568
	59457	1.4187
	58656	1.4194
	53930	1.41956
	54940	1.419744
	53646	1.42416
	53352	1.4252699999999998
	52112	1.4277199999999999
	59269	1.432
	58746	1.4328
	58826	1.4348
	58563	1.4361
	56067	1.43773
	56296	1.4383
	53681	1.4385120000000002
	52679	1.4411800000000001
	57574	1.4436
	52446	1.44394
	57710	1.4485
	57839	1.4654
	57623	1.4667
	50968	1.4702099999999998
	57678	1.4768
	52974	1.4831599999999998
	57728	1.4838
	56195	1.4908
	57469	1.502
	52869	1.5043
	56836	1.506
	57577	1.5102
	58459	1.5176
	59130	1.5177
	59264	1.5214
	57806	1.5234
	59131	1.5239
	58935	1.5304
	56995	1.531
	56381	1.5342
	58457	1.5424
	59246	1.548
	57883	1.5508
	52797	1.5582040000000001
	57821	1.5587
	58933	1.5613
	59242	1.5622
	56144	1.5638
	59268	1.567
	58940	1.569
	59279	1.57
	59044	1.5704
	57674	1.5734
	57565	1.5787
	57738	1.5834
	58049	1.585
	57988	1.5881
	57824	1.5885
	59653	1.5899
	59319	1.5942
	57646	1.5952
	58846	1.5971
	57922	1.5989
	59501	1.5989
	58034	1.600616
	58458	1.603
	57649	1.6035
	54092	1.60776
	57832	1.6159
	57734	1.622
	57923	1.6221
	57926	1.6324
	52787	1.6451440000000002
	56746	1.6467
	59096	1.6513
	59658	1.6548
	59456	1.6602
	56474	1.6613
	58715	1.663
	50965	1.67272
	59087	1.6777
	57636	1.6879
	59297	1.6888
	59502	1.6977
	56380	1.6984
	58752	1.7061
	59126	1.7119
	57669	1.718
	57640	1.7301
	58824	1.7335
	57985	1.7339
	52982	1.735948
	58452	1.7387
	59481	1.7391
	57537	1.7436
	57642	1.7555
	59027	1.7561
	52983	1.756464
	57633	1.7629
	58464	1.7653
	57465	1.7654
	58928	1.7729
	52884	1.780016
	59215	1.7802
	59298	1.7814
	57717	1.7848
	57990	1.788
	57643	1.7905
	57554	1.7908
	58658	1.7952
	59047	1.7997
	57671	1.8052
	59081	1.8074
	52985	1.814608
	56285	1.8344
	53512	1.8346299999999998
	57829	1.8435
	59227	1.8506
	57989	1.8509
	59094	1.8586
	59480	1.8856
	59025	1.8861
	57927	1.8974
	58346	1.9026
	57913	1.9154
	59074	1.9188
	57828	1.9289
	59493	1.9456
	59476	1.9653
	59023	1.9698
	58467	1.9798
	59278	2.0151
	57540	2.0155
	53517	2.022032
	57543	2.0223
	59842	2.034352
	52984	2.0355
	59471	2.0407
	59314	2.0491
	58659	2.0549
	59034	2.0565
	59473	2.0574
	58946	2.0624
	59316	2.0674
	56279	2.0761
	57458	2.0868
	58926	2.0876
	58657	2.0933
	57912	2.0968
	56074	2.114896
	58931	2.1166
	59500	2.1176
	59209	2.1199
	57805	2.1455
	58725	2.1509
	56173	2.164
	57859	2.168
	59218	2.1795
	57666	2.1813
	57662	2.1962
	52885	2.202572
	59324	2.2342
	56278	2.2653
	59487	2.2682
	52955	2.27486
	57634	2.2788
	59033	2.2968
	59058	2.2994
	59022	2.3086
	59945	2.339738
	58923	2.3455
	59075	2.3518
	59478	2.3547
	58456	2.3562
	57948	2.3731
	59017	2.375
	59318	2.3881
	58747	2.3901
	59271	2.4409
	59276	2.4409
	58025	2.4417720000000003
	56280	2.4436
	57932	2.4619
	59452	2.5113
	58377	2.528
	59475	2.5283
	59241	2.5372
	56958	2.5456
	59659	2.5786
	59488	2.5949
	59854	2.599544
	59492	2.6131
	59470	2.6215
	59306	2.651
	59663	2.6542
	59224	2.6675
	57663	2.6972
	56490	2.7084
	58744	2.7205
	57719	2.7239
	57889	2.7781
	58352	2.8039
	52607	2.8343000000000003
	58719	2.8622
	59485	2.8678
	59205	2.971
	58360	3.0368
	58455	3.0459
	59477	3.0707
	59057	3.1739
	59031	3.1872
	59229	3.214
	59021	3.2609
	57661	3.2691
	59071	3.3074
	59469	3.3975
	57544	3.4896
	57545	3.7225
	59015	3.9869
