	58836	-2.0269
	58656	-1.988
	58828	-1.9556
	58665	-1.9531
	54806	-1.93902723
	58660	-1.909
	58714	-1.8713
	58635	-1.8676
	58936	-1.8321
	53980	-1.82952256
	58637	-1.8085
	54816	-1.80294553
	58633	-1.7781
	58632	-1.77
	58903	-1.7386
	58926	-1.73
	57865	-1.7238
	58911	-1.7048
	59130	-1.6996
	56567	-1.6757
	59303	-1.6703
	58806	-1.6674
	58712	-1.6511
	58843	-1.6363
	54732	-1.62950986
	58555	-1.614
	57307	-1.6139
	58718	-1.6099
	53892	-1.59663106
	54834	-1.59480446
	58623	-1.5785
	59055	-1.5774
	58929	-1.565
	57969	-1.5615
	58719	-1.5563
	58826	-1.552
	54532	-1.5477695100000002
	53685	-1.53945848
	56146	-1.5388
	59096	-1.5311
	51434	-1.52690218
	54518	-1.52292775
	53790	-1.5223797700000001
	54809	-1.52000519
	53889	-1.51553002
	54805	-1.5115115000000001
	53899	-1.5094109100000002
	53792	-1.5089542599999999
	59312	-1.4997
	57975	-1.4971
	54729	-1.48301654
	54812	-1.47899802
	54829	-1.4761667900000002
	53996	-1.4694997
	58664	-1.4675
	58658	-1.4657
	59315	-1.4579
	58906	-1.4544
	54820	-1.45205567
	57971	-1.423
	57778	-1.4141
	51433	-1.4024732500000001
	57875	-1.4016
	56651	-1.3979
	56399	-1.3913
	53895	-1.3867547199999999
	54830	-1.36958468
	57868	-1.3679
	58706	-1.3569
	57887	-1.3523
	57308	-1.3495
	54522	-1.34930942
	58760	-1.3428
	57874	-1.3352
	59131	-1.3291
	59107	-1.3274
	56186	-1.3249
	57776	-1.3231
	58928	-1.3221
	58750	-1.3184
	57507	-1.3167
	57304	-1.3148
	53784	-1.31469535
	57407	-1.3143
	51431	-1.3135759200000001
	53985	-1.31131614
	54640	-1.31076816
	56835	-1.3101
	54631	-1.30017388
	54533	-1.29980856
	56493	-1.2979
	59063	-1.2908
	59317	-1.2873
	57965	-1.2855
	53682	-1.28309517
	54515	-1.27030897
	54606	-1.2667471
	58942	-1.2531
	58631	-1.2522
	59137	-1.251
	53276	-1.24996069
	54534	-1.24738514
	59082	-1.2396
	58940	-1.2345
	54718	-1.23395963
	54744	-1.23149372
	53795	-1.2273838700000002
	54700	-1.21715491
	57962	-1.2122
	59071	-1.2081
	56297	-1.2034
	58667	-1.2022
	58619	-1.199
	54633	-1.19888891
	58820	-1.1982
	57973	-1.1978
	51430	-1.19522836
	54711	-1.1936830999999999
	54738	-1.19295246
	56492	-1.1927
	58715	-1.189
	54523	-1.18884261
	58725	-1.1867
	53791	-1.18619404
	53893	-1.18592005
	59091	-1.1859
	53796	-1.18491542
	57981	-1.1827
	54725	-1.17651306
	54622	-1.17532577
	59314	-1.174
	54601	-1.1737731599999999
	53799	-1.1735905
	51328	-1.17343109
	54632	-1.1702112900000001
	56856	-1.1698
	58546	-1.1696
	58735	-1.1607
	57003	-1.1594343500000002
	54811	-1.15833839
	54824	-1.1571510999999999
	54506	-1.15505051
	59320	-1.155
	54819	-1.15413721
	54707	-1.14792677
	53195	-1.1448691500000001
	54455	-1.1387194500000002
	51470	-1.1363962300000001
	54827	-1.1361452
	53894	-1.1346839199999998
	59124	-1.1328
	56752	-1.1311
	57876	-1.1293
	57306	-1.1276
	58549	-1.1275
	54778	-1.12591624
	58848	-1.1254
	58917	-1.125
	56190	-1.1248
	53696	-1.1239069799999999
	54913	-1.12034511
	53691	-1.1202537799999999
	58837	-1.1182
	51435	-1.11705884
	54531	-1.11641792
	54261	-1.11145578
	58558	-1.1107
	58710	-1.1087
	54833	-1.1054583199999999
	58752	-1.1054
	54727	-1.1036317199999999
	54705	-1.10299241
	53599	-1.1018051199999999
	59134	-1.1008
	50727	-1.09990801
	54821	-1.09943054
	54737	-1.09669064
	54825	-1.08974956
	53694	-1.08883626
	56767	-1.0869
	58625	-1.0863
	54803	-1.08463508
	58713	-1.0844
	54502	-1.08390444
	51377	-1.08207388
	58634	-1.0817
	58927	-1.0808
	58941	-1.0803
	53688	-1.07997725
	53690	-1.07878996
	56386	-1.0779
	54826	-1.0729448400000001
	53348	-1.07114108
	58834	-1.07
	54619	-1.06983962
	53988	-1.0688349899999998
	53773	-1.06636908
	54823	-1.06627775
	54810	-1.0651817899999998
	57303	-1.0649
	54541	-1.06454248
	56189	-1.0604
	54421	-1.05988465
	56757	-1.0597
	54831	-1.05869736
	59092	-1.0585
	58616	-1.0584
	56390	-1.058
	59304	-1.0578
	58822	-1.0574
	54535	-1.0573274099999999
	56384	-1.0552
	57860	-1.0551
	54453	-1.04975379
	54579	-1.0496171300000001
	59133	-1.0478
	54912	-1.04709845
	58542	-1.047
	53986	-1.0457285
	58821	-1.0448
	59313	-1.0444
	54901	-1.0443585499999999
	54822	-1.04244062
	54709	-1.03221166
	57401	-1.0299
	59125	-1.0297
	51465	-1.0284348300000001
	54807	-1.02709718
	58944	-1.0263
	59127	-1.0255
	58477	-1.0229
	57508	-1.0226
	54828	-1.0222566899999999
	59319	-1.0167
	58618	-1.0156
	53492	-1.0154982700000001
	58907	-1.0141
	59316	-1.0111
	54871	-1.01084044
	54808	-1.01047512
	54800	-1.0068219200000001
	54611	-1.0064566000000001
	56755	-1.006
	53786	-1.00353404
	59102	-1.0024
	58659	-1.0013
	56761	-0.9969
	57871	-0.9947
	51482	-0.9939965100000001
	54835	-0.9927571
	53695	-0.99166114
	51379	-0.9914683000000001
	56194	-0.9879
	54519	-0.9876426199999999
	58946	-0.9876
	54717	-0.9862726700000001
	58627	-0.9861
	54386	-0.98607023
	50526	-0.9848402900000001
	53994	-0.98353277
	58705	-0.9828
	56296	-0.9791
	51369	-0.97828061
	53231	-0.9778706300000001
	53896	-0.97604371
	58754	-0.9747
	56444	-0.9729
	58938	-0.9688
	54539	-0.9673673599999999
	57719	-0.9631
	53689	-0.96252687
	57011	-0.9585996800000001
	57896	-0.9572
	51356	-0.95217855
	54701	-0.9515672700000001
	58557	-0.9502
	53419	-0.9488303800000001
	54818	-0.9471834299999999
	54703	-0.9439868800000001
	54517	-0.94124698
	53513	-0.9408357700000001
	54623	-0.94079033
	53579	-0.93832442
	57771	-0.9371
	54102	-0.93557436
	52982	-0.9349452100000001
	51378	-0.93441275
	53794	-0.9339405799999999
	53512	-0.93290949
	57995	-0.9328
	54708	-0.93174866
	54449	-0.931566
	56291	-0.9295
	54704	-0.92626886
	58569	-0.9259
	53974	-0.9252642299999999
	54922	-0.9238942800000001
	54905	-0.9233463
	56756	-0.9228
	58666	-0.9211
	53997	-0.91941911
	53976	-0.9193277799999999
	57408	-0.9193
	57972	-0.9189
	51469	-0.9182868700000001
	53883	-0.9177751699999999
	57796	-0.9175
	53420	-0.9163053
	54412	-0.9151266
	54715	-0.9151266
	59653	-0.9111
	58751	-0.9091
	53446	-0.90831069
	57964	-0.9065
	53680	-0.90645025
	58724	-0.9059
	56295	-0.9058
	53083	-0.9046892000000001
	54814	-0.90407567
	54527	-0.90042247
	53785	-0.8996005
	53992	-0.89832188
	54710	-0.8974999100000001
	54292	-0.89546465
	56383	-0.8944
	54608	-0.89375538
	57772	-0.8936
	54628	-0.89019351
	53787	-0.89001085
	53891	-0.89001085
	56286	-0.889
	57786	-0.8885
	53433	-0.8876750299999999
	59838	-0.88488058
	54499	-0.8816084900000001
	53780	-0.8808778500000001
	54706	-0.88078652
	54286	-0.88056871
	57851	-0.8799
	53699	-0.8795079
	54836	-0.87941657
	54429	-0.87914258
	58934	-0.8785
	53890	-0.87841194
	53852	-0.8781379500000001
	54921	-0.87749864
	58550	-0.8763
	57763	-0.8758
	59270	-0.8755
	54293	-0.8744190100000001
	53324	-0.87223245
	53486	-0.8707402200000001
	58622	-0.87
	53697	-0.86863963
	59045	-0.8686
	57895	-0.8683
	58813	-0.8657
	54776	-0.8649864300000001
	53898	-0.86480377
	51463	-0.8606846800000001
	53782	-0.8593239699999999
	53982	-0.85904998
	58568	-0.8585
	54731	-0.85831934
	53698	-0.85548811
	59310	-0.8544
	59116	-0.8539
	54530	-0.8532048600000001
	56548	-0.8531
	56199	-0.8471
	53970	-0.8466291
	53798	-0.8455331399999999
	59321	-0.8452
	53781	-0.8417886099999999
	56380	-0.8404
	57886	-0.84
	51436	-0.83868242
	57777	-0.8376
	58814	-0.8372
	54903	-0.83576083
	57870	-0.8329
	54774	-0.83247295
	56768	-0.8324
	56396	-0.8313
	56197	-0.8307
	54503	-0.83064635
	56307	-0.8288429
	54900	-0.82854576
	56441	-0.8285
	54722	-0.82799778
	54512	-0.82626251
	54766	-0.82507522
	53991	-0.82480123
	53596	-0.8233399499999999
	57502	-0.8233
	54817	-0.82142202
	54920	-0.8181341400000001
	53149	-0.81709014
	53289	-0.8166801600000001
	54916	-0.8159422199999999
	53987	-0.81585089
	54423	-0.81393296
	57867	-0.8102
	58905	-0.8097
	53759	-0.80872715
	53924	-0.8064439
	59324	-0.8059
	57974	-0.8054
	54617	-0.80525661
	59114	-0.8035
	54918	-0.80343001
	53863	-0.80315602
	58844	-0.8024
	59297	-0.8005
	53678	-0.8000508
	59117	-0.7982
	56851	-0.798
	54906	-0.79785888
	54290	-0.7974111
	54925	-0.7942970100000001
	53490	-0.79384036
	50928	-0.7902364500000001
	53367	-0.78996313
	54861	-0.78899987
	57505	-0.7886
	53343	-0.7876399100000001
	57609	-0.7873
	58654	-0.7867
	54910	-0.78534667
	57769	-0.7853
	52988	-0.78461603
	54568	-0.78272015
	54267	-0.78265182
	56764	-0.7815
	53687	-0.78023219
	54615	-0.77794894
	55598	-0.7762287999999999
	54908	-0.77210382
	56393	-0.7677
	51358	-0.76748256
	57603	-0.7667
	59656	-0.7664
	54507	-0.76379279
	59278	-0.7621
	53463	-0.7618795
	54439	-0.76141821
	57891	-0.7603
	53993	-0.75913496
	59425	-0.7577
	53908	-0.75767368
	58847	-0.7567
	57872	-0.7566
	59093	-0.7545
	56649	-0.7535
	55773	-0.7508100400000001
	54284	-0.75040006
	53853	-0.7500019600000001
	56838	-0.7492
	54540	-0.74854068
	53965	-0.74762738
	53984	-0.7459834399999999
	59426	-0.7457
	53797	-0.74552679
	54902	-0.74470482
	57405	-0.7429
	54274	-0.7419954700000001
	53927	-0.74132561
	58556	-0.7411
	56298	-0.7409
	53877	-0.74041231
	54437	-0.74022965
	51329	-0.74008223
	56652	-0.7394
	53989	-0.73831172
	54645	-0.73639379
	59126	-0.7355
	53774	-0.7349325099999999
	54525	-0.7332885699999999
	53861	-0.73219261
	59113	-0.7321
	53954	-0.7314619699999999
	56854	-0.7308
	54730	-0.72917872
	53692	-0.7288134000000001
	58737	-0.7286
	56593	-0.7278
	54804	-0.72653015
	56496	-0.7262
	51573	-0.72545961
	53928	-0.7222376399999999
	54353	-0.72094983
	51352	-0.71944657
	53995	-0.71748848
	54325	-0.7165083800000001
	53789	-0.71465725
	56279	-0.7103
	56491	-0.7084
	53693	-0.70799016
	52875	-0.70625888
	53872	-0.70488494
	57079	-0.7031496700000001
	58657	-0.7016
	54076	-0.70024584
	54904	-0.70022711
	54374	-0.69949421
	54476	-0.69881091
	54636	-0.69876583
	56382	-0.6968
	59502	-0.6962
	58918	-0.6954
	53384	-0.6949160999999999
	53464	-0.6947794399999999
	56381	-0.6946
	50434	-0.69190958
	54919	-0.6917334199999999
	58845	-0.6912
	59088	-0.6907
	54511	-0.69027214
	56317	-0.69006467
	57021	-0.68981549
	54486	-0.6897230200000001
	53917	-0.68734958
	54260	-0.68719481
	54777	-0.68625362
	57111	-0.68616229
	56394	-0.685
	53972	-0.68424436
	54914	-0.6840617
	53979	-0.68351372
	54575	-0.68343666
	54420	-0.68305707
	53850	-0.68287441
	53878	-0.68232643
	54521	-0.68141313
	57762	-0.6792
	53673	-0.67775993
	51495	-0.67660366
	53772	-0.67593333
	54624	-0.67520269
	51330	-0.6741437800000001
	51438	-0.6720255500000001
	53068	-0.67134225
	58749	-0.6712
	58742	-0.6708
	56462	-0.6703
	52980	-0.66798762
	54702	-0.66561304
	56276	-0.6647
	54751	-0.6631471299999999
	57072	-0.66205117
	50524	-0.66184438
	57966	-0.6595
	53866	-0.65858063
	53676	-0.6575759999999999
	54734	-0.65748467
	57728	-0.6553
	53871	-0.65492743
	54749	-0.6520962
	59851	-0.65145555
	54093	-0.6513215600000001
	51655	-0.65002329
	54276	-0.64961331
	59280	-0.6495
	59318	-0.649
	50639	-0.6485883600000001
	54802	-0.64789502
	52972	-0.64312196
	50525	-0.64189202
	59842	-0.64004319
	57604	-0.6393
	53469	-0.6389538300000001
	54337	-0.6375189
	53472	-0.63690393
	59099	-0.6368
	53873	-0.6341041900000001
	53705	-0.6328442900000001
	53594	-0.63273424
	54723	-0.6320036
	54334	-0.63184751
	50632	-0.63102755
	58747	-0.6307
	51232	-0.63048091
	54424	-0.62908104
	57992	-0.628
	58612	-0.6274
	54431	-0.62725444
	54911	-0.62725444
	54205	-0.62624445
	55680	-0.62617612
	50527	-0.62275962
	57899	-0.6227
	50838	-0.62214465
	57991	-0.622
	51365	-0.61941145
	53368	-0.61920646
	58736	-0.6189
	54660	-0.61558497
	51367	-0.61531165
	51058	-0.6150383300000001
	53522	-0.61374006
	57976	-0.6132
	58614	-0.6124
	51359	-0.6095036
	54712	-0.60935376
	54252	-0.60752203
	53378	-0.6073170400000001
	53865	-0.60542657
	54377	-0.60437885
	58745	-0.6039
	56775	-0.6018
	54607	-0.6014993799999999
	56843	-0.6013
	58032	-0.60113406
	53981	-0.60031209
	54425	-0.60031209
	57081	-0.5983028300000001
	56485	-0.5981
	54285	-0.59638424
	57881	-0.5959
	53841	-0.59401032
	56763	-0.5927
	58626	-0.5924
	53484	-0.59187446
	54408	-0.59044845
	53879	-0.59035712
	54520	-0.58971781
	53880	-0.58825653
	56251	-0.5874
	54719	-0.58478599
	58652	-0.5836
	56290	-0.5831
	57071	-0.58295939
	54765	-0.58003683
	53886	-0.57921486
	54266	-0.57752516
	57037	-0.5758356499999999
	58931	-0.5756
	58704	-0.575
	53519	-0.5739890000000001
	53362	-0.57246874
	54012	-0.5719904299999999
	50987	-0.57048717
	56788	-0.5677
	56745	-0.5658
	53885	-0.5656980199999999
	57713	-0.5641
	53593	-0.56378009
	53467	-0.56221924
	53272	-0.56194592
	57990	-0.561
	54584	-0.55955437
	59059	-0.5586
	56281	-0.5578
	51559	-0.55709449
	57035	-0.5555603899999999
	57799	-0.5549
	54434	-0.55391645
	59034	-0.5532
	54621	-0.55318581
	58819	-0.5521
	57113	-0.54989793
	50934	-0.54930487
	57994	-0.5492
	53915	-0.54688404
	54602	-0.54679271
	54236	-0.54438511
	53475	-0.54349682
	51477	-0.54267686
	56280	-0.5426
	59654	-0.5403
	53963	-0.5397603
	57314	-0.5394
	53888	-0.53756838
	59750	-0.5375
	54935	-0.53555912
	53457	-0.53468225
	53590	-0.53437183
	54815	-0.5342804999999999
	58818	-0.5338
	53392	-0.53263656
	53385	-0.53215404
	56109	-0.53153907
	50873	-0.52942084
	58629	-0.5282
	58624	-0.5275
	56739	-0.5269
	52681	-0.52432553
	53577	-0.52359489
	54627	-0.520581
	54726	-0.5200330200000001
	57955	-0.519
	51346	-0.5179414
	57798	-0.5178
	59843	-0.5152469199999999
	53336	-0.51370494
	53926	-0.51290928
	52868	-0.5113817199999999
	58643	-0.506
	53897	-0.5041416000000001
	54346	-0.5029088
	53679	-0.50176702
	53983	-0.5006710600000001
	53602	-0.49682743
	53397	-0.49674387000000003
	54263	-0.49655411000000005
	59276	-0.4965
	53757	-0.49345599
	54399	-0.49327333
	58734	-0.4916
	54728	-0.49117273999999994
	53707	-0.49114611
	53975	-0.49062476
	56842	-0.4894
	53488	-0.4858756
	57519	-0.4858
	58823	-0.4848
	54563	-0.48473302
	54759	-0.48240506
	50445	-0.4810432
	58932	-0.4799
	54157	-0.47783169000000003
	54752	-0.47747324
	59647	-0.4767
	50833	-0.47626009999999996
	54614	-0.47509866
	55589	-0.47503016000000003
	52267	-0.47496183000000003
	59229	-0.4742
	54714	-0.4740027
	56395	-0.4739
	57002	-0.47235876
	56228	-0.47195531
	58003	-0.47089748
	57090	-0.46971018999999997
	58646	-0.4696
	56288	-0.4673
	54736	-0.46697028999999995
	54430	-0.46660497
	54801	-0.46139916
	54616	-0.46130783
	57768	-0.4606
	53769	-0.45929857
	56543	-0.4579
	58544	-0.4572
	56016	-0.45541945
	54764	-0.45454941
	59293	-0.4538
	54618	-0.45363611
	53941	-0.45272281
	53466	-0.45200295
	54569	-0.45200295
	54342	-0.45152464000000003
	53778	-0.44961759
	57001	-0.44733434
	54301	-0.44687769
	50603	-0.44667321
	54454	-0.44646821999999997
	56116	-0.44571659
	57012	-0.44523375
	57093	-0.44313316
	59072	-0.4419
	50647	-0.44189011000000006
	56223	-0.44127514000000007
	52986	-0.43582676000000004
	53925	-0.43527878000000003
	54662	-0.43457880000000004
	54863	-0.43226489
	54932	-0.43208223
	50979	-0.43136729
	59640	-0.4293
	57889	-0.4288
	54528	-0.42742440000000004
	54713	-0.42596312
	54832	-0.42596312
	53944	-0.42587179
	50978	-0.42159610000000003
	50985	-0.42050282
	57509	-0.4203
	51353	-0.42029783
	53681	-0.42002667
	51334	-0.41981952
	53978	-0.41820007
	54843	-0.41801741
	54604	-0.41710411
	57041	-0.41591682
	54497	-0.41578805
	53882	-0.41546017
	57766	-0.4145
	53868	-0.41335958
	59227	-0.4128
	57774	-0.4123
	54923	-0.41198963
	53611	-0.41087332000000004
	55664	-0.40950169000000003
	51467	-0.40772511
	54612	-0.40724047
	57110	-0.40605318
	50425	-0.40588019999999997
	53677	-0.40559653
	54514	-0.40513988
	57004	-0.40468323
	54428	-0.40404392
	50548	-0.40027714
	56490	-0.3983
	53956	-0.39792480999999996
	55696	-0.39788559
	50442	-0.39658732
	50646	-0.39399078
	53783	-0.39281033
	59097	-0.3926
	52674	-0.39244501000000004
	54419	-0.39226235
	50956	-0.39084759999999996
	57780	-0.3906
	50431	-0.38852438
	59322	-0.3871
	58041	-0.3865
	54398	-0.38504728
	59109	-0.385
	57789	-0.3837
	53614	-0.38354459
	54406	-0.38294669
	53580	-0.38084609999999997
	53973	-0.38029812
	53529	-0.38005146
	55655	-0.37765991
	56494	-0.3774
	51145	-0.37718160000000006
	57605	-0.3759
	54936	-0.37363103000000003
	53788	-0.37198709
	57211	-0.37180443
	57866	-0.3712
	53959	-0.36906453
	54069	-0.36905033000000004
	57022	-0.36586798000000004
	53543	-0.36577049
	56782	-0.3638
	56643	-0.3636
	57600	-0.3634
	58839	-0.3627
	54505	-0.36020552
	53491	-0.35883557000000005
	53998	-0.35856158
	53955	-0.3580136
	56475	-0.3573
	57614	-0.3567
	58615	-0.3565
	54332	-0.35497435
	57076	-0.35426907
	51567	-0.35299277999999995
	56092	-0.35299045
	59757	-0.35283212999999997
	58548	-0.3499
	58567	-0.3483
	51572	-0.34732139
	53763	-0.34668867999999997
	57779	-0.3455
	56669	-0.3448
	54308	-0.34467942
	58038	-0.3438
	54929	-0.3434008
	54349	-0.34274328000000004
	59106	-0.3427
	54039	-0.3423333
	54513	-0.34230484
	57024	-0.34193952
	54493	-0.34137668
	57517	-0.3405
	50741	-0.34021507
	57808	-0.3389
	54313	-0.33871181
	59500	-0.3383
	58644	-0.3373
	54371	-0.33666191
	53961	-0.3351811
	58933	-0.3343
	58565	-0.3341
	56886	-0.3338
	53768	-0.33298918
	53914	-0.33257094
	54291	-0.3293506
	54597	-0.32897066
	56371	-0.3278
	57978	-0.3271
	59673	-0.327
	59451	-0.3266
	50879	-0.32654907
	54927	-0.32577411
	53862	-0.32522613
	57809	-0.3231
	54362	-0.32156098
	53585	-0.3214816
	50750	-0.32142432
	54716	-0.32020298
	51886	-0.31971607
	54915	-0.31801106
	52874	-0.31698286999999997
	59470	-0.3156
	53948	-0.31517983
	54433	-0.31399254
	52842	-0.31178979
	53937	-0.31170928999999997
	52889	-0.31061333
	59655	-0.3106
	53916	-0.31003973
	53483	-0.30994488000000003
	54909	-0.30878673
	57760	-0.3071
	57510	-0.3061
	52983	-0.30549885000000004
	53619	-0.30224376000000003
	56792	-0.3019
	53615	-0.30172974
	57720	-0.3015
	54596	-0.30120633999999996
	53666	-0.29837511
	52656	-0.2977358
	59650	-0.2967
	52884	-0.29654851
	56881	-0.2964
	53856	-0.29563521
	57020	-0.29472191
	56312	-0.29402399
	59754	-0.2917
	52896	-0.28942477
	54753	-0.28796349000000004
	57816	-0.2876
	57679	-0.2872
	59435	-0.2862
	53730	-0.28602938
	54026	-0.28459445
	57773	-0.2831
	54594	-0.28202704
	53775	-0.28175305
	56331	-0.28131461
	56673	-0.2811
	53617	-0.28108327
	53662	-0.27956113
	51542	-0.2794697
	59501	-0.279
	52885	-0.27837384000000004
	54187	-0.27707815
	54613	-0.27654724
	54181	-0.27475493
	53357	-0.27229505000000004
	57767	-0.2718
	55294	-0.27140676
	54405	-0.27134143
	53391	-0.27133843
	57825	-0.271
	52876	-0.26846857
	53962	-0.26695759
	58519	-0.2659
	53478	-0.26449168
	50853	-0.26443710000000004
	54620	-0.26440035
	50953	-0.26436877000000003
	50983	-0.26088394
	59256	-0.2599
	52447	-0.25782459
	51133	-0.25726245000000003
	53663	-0.25435405
	54603	-0.25417139
	56187	-0.2489
	50892	-0.24714961000000002
	53725	-0.24604301999999997
	53588	-0.24458174
	54626	-0.24458174
	57793	-0.2444
	59061	-0.2428
	54213	-0.24209319
	56227	-0.24168321
	56891	-0.241
	54336	-0.24086325
	58537	-0.2402
	51839	-0.23990663
	53664	-0.23645337000000002
	59065	-0.2356
	57957	-0.235
	53832	-0.23362214000000003
	53869	-0.23316549000000003
	54852	-0.23270884000000003
	54416	-0.23133889000000002
	59847	-0.23088894999999998
	54841	-0.23060825000000001
	56742	-0.2306
	59480	-0.2306
	53764	-0.23024292999999998
	57368	-0.2295
	50955	-0.22829053000000002
	54475	-0.22432739
	53923	-0.22412382
	58530	-0.224
	57025	-0.22184057000000001
	53517	-0.22128561
	54142	-0.22050091
	57792	-0.2196
	54335	-0.21940763
	57091	-0.21846136
	57309	-0.218
	58730	-0.2176
	50655	-0.21694775000000002
	57758	-0.2169
	52895	-0.21480816
	59429	-0.2145
	53860	-0.21389486
	54259	-0.21339459000000002
	59758	-0.21271371
	50939	-0.21093471
	58543	-0.2109
	54510	-0.21024166
	51526	-0.21018308
	59849	-0.21017762999999998
	53957	-0.20996767
	56766	-0.2088
	53582	-0.20850639
	54122	-0.20826984
	56664	-0.2067
	54472	-0.20574162999999998
	56391	-0.2048
	50965	-0.20464835
	52985	-0.20430521000000001
	54644	-0.20320925
	54169	-0.20300843
	56666	-0.2029
	53553	-0.20287177
	57080	-0.2027526
	56674	-0.2026
	56247	-0.2024
	57033	-0.20238728
	54404	-0.20193063
	50884	-0.20061688000000003
	58921	-0.1996
	52607	-0.19863531
	56195	-0.1949
	58034	-0.19480688999999998
	58435	-0.1939
	56565	-0.1931
	54237	-0.19296391999999998
	52446	-0.1927063
	56272	-0.1914
	57608	-0.1911
	54254	-0.19009406
	50834	-0.18968408
	58804	-0.1893
	57900	-0.1883
	59094	-0.1855
	53480	-0.18517430000000001
	53967	-0.18457793
	57989	-0.1837
	59845	-0.18312611
	53771	-0.18275133
	53859	-0.18229468
	57006	-0.18211201999999999
	55681	-0.18018620999999999
	54436	-0.17973744
	59453	-0.1785
	57574	-0.1781
	50861	-0.17752134
	55437	-0.17635973
	54842	-0.17507961
	53884	-0.17462296000000002
	54432	-0.17462296000000002
	58570	-0.1746
	50756	-0.17424150000000002
	58484	-0.1741
	56357	-0.173
	56862	-0.1725
	57807	-0.1722
	57042	-0.17133508
	59421	-0.1708
	56287	-0.1701
	53942	-0.16978247000000002
	57217	-0.1684
	54837	-0.16485065
	53533	-0.16433365
	58607	-0.1634
	54483	-0.16187377
	53674	-0.16119745
	54501	-0.16119745
	56278	-0.161
	53854	-0.16028415
	54327	-0.15907224
	57905	-0.1584
	56497	-0.1579
	54208	-0.15750065000000002
	59475	-0.1547
	55591	-0.15292254
	54610	-0.15270376
	54072	-0.15258089
	51568	-0.15182926000000002
	50566	-0.14909606
	59081	-0.1489
	56746	-0.1485
	56697	-0.1468
	53748	-0.14676731
	50842	-0.14670451
	57206	-0.1459
	50674	-0.14574789
	54609	-0.14558001999999998
	53770	-0.14539736
	50880	-0.14492793
	53612	-0.14486797
	50658	-0.14410797
	58707	-0.1436
	58731	-0.1431
	53903	-0.14204086000000002
	59473	-0.1396
	50960	-0.13754829000000002
	56839	-0.1365
	57085	-0.13635569
	57956	-0.1325
	54113	-0.13235521
	54065	-0.13016865
	56181	-0.1297
	54938	-0.12795333
	50778	-0.12579553000000002
	53848	-0.12493944
	53857	-0.12366081999999999
	52995	-0.12293018
	53455	-0.1216274
	54115	-0.11957749999999999
	57119	-0.11836368
	54134	-0.11807424000000001
	50973	-0.11636599
	52101	-0.11622933
	54363	-0.11547770000000002
	54273	-0.11506772
	58935	-0.1149
	54590	-0.11294949
	57540	-0.1129
	54605	-0.11260989
	53481	-0.11233452
	59427	-0.1116
	53574	-0.11060063
	59052	-0.1101
	53964	-0.11005265
	52679	-0.10850004
	54471	-0.10734642999999999
	55572	-0.1045449
	50779	-0.10427158000000002
	54331	-0.10420325
	58608	-0.104
	57315	-0.1024
	53573	-0.10210694
	53502	-0.1018117
	56487	-0.1018
	52546	-0.10128497
	58606	-0.1001
	50859	-0.10003512
	59431	-0.0946
	59053	-0.0945
	54287	-0.09429540000000002
	59856	-0.09256692
	57525	-0.0922
	57958	-0.0919
	51931	-0.09135721000000001
	59255	-0.0909
	52436	-0.09032537
	53777	-0.08904675000000001
	50958	-0.08896566000000002
	57208	-0.0871
	54339	-0.08507085
	52963	-0.08390924000000001
	58547	-0.0818
	54318	-0.08082705
	56091	-0.07744784
	56675	-0.0758
	56376	-0.0754
	59269	-0.0749
	53934	-0.07352065
	50968	-0.07304477
	53817	-0.07273383
	57718	-0.0715
	58559	-0.0696
	53518	-0.06570889
	51656	-0.06484517
	53352	-0.06484517
	56128	-0.06450352
	52576	-0.06388855
	57489	-0.0637
	58701	-0.0632
	57914	-0.063
	56645	-0.0611
	57402	-0.0601
	59449	-0.0601
	55593	-0.059788749999999995
	50787	-0.05835382
	51357	-0.05657724
	56342	-0.056508909999999996
	51571	-0.056372250000000006
	57040	-0.05598529
	53906	-0.05379337
	57124	-0.05370204
	56846	-0.0531
	54305	-0.05213579000000001
	52323	-0.04950086
	51468	-0.04947092000000001
	50852	-0.04926593
	56273	-0.0489
	56045	-0.04762601
	59249	-0.0467
	57026	-0.04603032
	56751	-0.0456
	54907	-0.04466037
	56284	-0.0428
	51628	-0.041954620000000005
	50888	-0.04086134
	51826	-0.03935808
	54248	-0.03833313
	57016	-0.03707998
	59004	-0.0364
	54844	-0.03580136
	58150	-0.0356
	53938	-0.03497939
	53578	-0.03434008
	58563	-0.0329
	54351	-0.031636790000000005
	52984	-0.03114353
	53874	-0.03032156
	57030	-0.030230229999999997
	53953	-0.030230229999999997
	57623	-0.029
	58438	-0.0287
	56389	-0.0286
	57014	-0.02849496
	54243	-0.02815196
	52943	-0.028015300000000003
	53618	-0.02630069
	58359	-0.026
	53575	-0.023197819999999997
	56095	-0.02264984
	56585	-0.0223
	57857	-0.0209
	59211	-0.02
	54452	-0.01926906
	53910	-0.01867606
	57699	-0.0123
	59224	-0.0123
	56688	-0.0111
	56285	-0.0102
	56594	-0.0081
	54098	-0.00765296
	52378	-0.006423020000000001
	57996	-0.0056
	58562	-0.0037
	57717	-0.0027
	57518	-4.0E-4
	53545	3.4165000000000004E-4
	59441	8.0E-4
	53947	0.00210059
	50767	0.00314318
	57723	0.0052
	54410	0.00767172
	54049	0.00806294
	53829	0.01013763
	54939	0.011598909999999999
	57993	0.0121
	53738	0.012420879999999999
	54214	0.01243606
	53776	0.01296886
	56684	0.0137
	58620	0.0154
	54218	0.015989220000000002
	57806	0.0163
	58002	0.018905309999999998
	54231	0.0191324
	53644	0.01933739
	57722	0.0214
	54311	0.02255851
	50946	0.026922019999999998
	51137	0.02979188
	58748	0.0306
	53487	0.03306146
	50557	0.03368669
	58036	0.0348
	53610	0.0351247
	50673	0.03682987
	53760	0.03726264
	57853	0.0379
	58506	0.038
	54041	0.03860645
	59454	0.039
	59306	0.04
	53750	0.040367860000000005
	58448	0.0412
	51811	0.04297957
	56374	0.0433
	50940	0.04414118
	51855	0.04496114
	56198	0.0457
	54192	0.046054420000000006
	51629	0.046191079999999995
	54855	0.046395639999999995
	57707	0.0465
	57318	0.0466
	57052	0.04822224
	53499	0.048587559999999995
	54031	0.04994923
	56641	0.0503
	50867	0.05035921
	50862	0.050769190000000006
	52825	0.051520819999999995
	56985	0.0522
	53929	0.05370204
	52533	0.05379337
	52652	0.054798
	51238	0.05801217
	59122	0.0595
	54319	0.06055179
	54080	0.06163366000000001
	53651	0.06402233
	59940	0.06424736
	54172	0.06436686000000001
	53945	0.06794952
	59058	0.0687
	59041	0.0709
	50871	0.07140485
	54244	0.07181483
	54494	0.07181483
	59037	0.072
	57049	0.07324665999999999
	57960	0.0739
	58744	0.0758
	53754	0.07607789
	53505	0.07734956
	58462	0.0774
	54755	0.07781315999999999
	58040	0.0783
	50656	0.0799461
	54326	0.0806294
	57031	0.08256232
	53723	0.08318557
	52974	0.08384091
	50468	0.08623246000000001
	58457	0.0869
	57105	0.08996005
	53547	0.09026392999999999
	53864	0.09507453
	59087	0.0986
	56691	0.1002
	58358	0.1015
	54117	0.10283665
	53821	0.10375088
	58404	0.1044
	57027	0.10566881
	54846	0.10566881
	56598	0.1058
	54851	0.10977866
	53659	0.11005265
	53767	0.11251856
	50742	0.11253951000000001
	59271	0.113
	56748	0.1143
	59457	0.1146
	56180	0.1152
	50755	0.11657098
	52602	0.11793758
	56774	0.1188
	54848	0.12037294
	57911	0.1233
	54917	0.12475678
	53930	0.12567008
	56948	0.1268
	59417	0.1269
	59238	0.1271
	56584	0.1282
	56096	0.12977993000000002
	54940	0.13297648
	57678	0.1337
	56944	0.1358
	54161	0.13782160999999998
	54474	0.13891489
	54195	0.14089646
	59493	0.1415
	53658	0.14284012000000001
	57494	0.143
	56595	0.1437
	58642	0.1441
	52998	0.1443014
	56043	0.14547457
	56257	0.1459
	59064	0.1465
	53966	0.14694996999999999
	59663	0.1477
	51642	0.14772946
	56151	0.14779779
	57134	0.1479546
	54165	0.1482761
	58746	0.1502
	57029	0.15142514
	52787	0.15261243
	51639	0.1537425
	59658	0.1538
	57781	0.1541
	59228	0.1552
	59848	0.15691995
	52643	0.15745292
	54316	0.15750065000000002
	57734	0.158
	57055	0.16147144000000002
	57915	0.168
	57023	0.16850385
	57083	0.16868651
	56473	0.1697
	58327	0.1701
	57126	0.17224837999999998
	54323	0.17437816
	50854	0.17868295
	54156	0.17909293
	50749	0.18127949
	57204	0.1821
	59855	0.18228075
	56575	0.1824
	57106	0.18503458
	53562	0.18578926999999998
	56976	0.1872
	53704	0.18761730000000001
	52418	0.19206699
	50564	0.19665374
	54304	0.19681615
	57493	0.199
	54853	0.19973871
	53968	0.20256994
	53660	0.20622314
	53756	0.20695378
	57213	0.20713644
	57584	0.2073
	51068	0.20765487000000002
	59452	0.2102
	56483	0.2106
	50950	0.21079805000000001
	58534	0.2115
	56021	0.21223298
	56569	0.2179
	54064	0.21838268
	52869	0.21858767
	56592	0.2186
	57074	0.21946599
	56387	0.2197
	50844	0.22542067000000002
	58846	0.226
	57537	0.2275
	59478	0.2276
	59254	0.2287
	58154	0.2295
	57462	0.2323
	53753	0.23280017
	51087	0.23526019
	52112	0.23614848000000002
	56479	0.2373
	57671	0.238
	50136	0.23840337
	56772	0.2408
	53576	0.24092853999999997
	50788	0.24216152
	57065	0.24375977000000001
	54063	0.24414309
	57082	0.24476440000000002
	59074	0.2452
	55690	0.24619299
	55493	0.2466713
	57882	0.2467
	57985	0.2472
	59471	0.2486
	50247	0.24926784000000002
	56196	0.2494
	59027	0.2501
	59492	0.2556
	53958	0.25654597
	56434	0.25944901
	52203	0.26115726
	58609	0.2614
	56964	0.2615
	53845	0.26229976
	57813	0.2634
	56385	0.2659
	52968	0.26621368
	52833	0.26819525
	56171	0.2682
	58502	0.2685
	54347	0.27325167
	59419	0.2741
	54047	0.27489159
	53646	0.27590792999999997
	56883	0.2781
	59033	0.2791
	54225	0.28076797
	53564	0.28102241
	50954	0.28240789
	53881	0.28305368000000003
	58030	0.2840363
	53665	0.28440162
	54094	0.28616604
	56582	0.287
	56478	0.2871
	56498	0.2877
	58449	0.2878
	56949	0.2885
	52862	0.29053916
	57043	0.29061206
	54096	0.29149578
	56094	0.29289530999999996
	50772	0.29580057000000004
	50758	0.29600556
	53567	0.29645718
	59241	0.2973
	51241	0.29785047000000003
	59265	0.2985
	54724	0.29937974
	59448	0.3027
	57007	0.30367225000000003
	56267	0.3052
	59075	0.3071
	57583	0.3093
	56263	0.3119
	57506	0.312
	53806	0.31432323
	57317	0.3144
	58131	0.3157
	51156	0.31629957
	59266	0.3164
	57044	0.31819372
	58426	0.3194
	54099	0.32231261
	59664	0.3246
	54338	0.3252508
	57811	0.3271
	57674	0.3275
	57060	0.32842267999999997
	59268	0.3294
	53875	0.32988396000000003
	52797	0.33134524
	52855	0.3314005
	56578	0.3339
	53498	0.33390248
	51802	0.33597861
	56192	0.33636839
	57687	0.3365
	53399	0.33919962000000003
	53810	0.33976722000000004
	59046	0.34
	57536	0.3404
	54164	0.34130835
	52745	0.34260662
	57034	0.34367479
	54135	0.34410988000000003
	56586	0.3446
	56289	0.3457
	59854	0.34617492
	57949	0.3485
	59462	0.3499
	51636	0.3539494
	57075	0.35417773999999996
	57498	0.356
	58647	0.3562
	52557	0.35673498
	59285	0.3571
	54249	0.35982578
	56885	0.3605
	51804	0.36057741
	58427	0.3624
	53950	0.3625801
	50964	0.36406224000000004
	56489	0.3652
	57923	0.3661
	56975	0.3683
	57281	0.36952118
	54154	0.36973363000000004
	51765	0.37075858
	53669	0.37098246
	57522	0.3715
	59279	0.3718
	57512	0.372
	50936	0.37704494
	52993	0.37764955
	51707	0.37868486
	52996	0.38029812
	52645	0.38128140000000005
	56571	0.3823
	57573	0.3835
	58450	0.3844
	58912	0.3848
	50962	0.38592783999999997
	57739	0.386
	58013	0.3895
	54328	0.39139424
	52863	0.39932052
	51828	0.40075545
	54234	0.40430861
	56164	0.4071
	57425	0.4077
	54470	0.40786177
	50775	0.40827175000000004
	58113	0.4083
	58460	0.4086
	54857	0.40888441
	53565	0.410985
	57666	0.4113
	59477	0.4118
	51827	0.41291818999999996
	57084	0.4137249
	57028	0.41500352
	59487	0.4156
	57988	0.4169
	57127	0.420118
	58011	0.42139662
	56033	0.42460262
	57803	0.4262
	54186	0.4270625
	51633	0.4277458
	50659	0.42822411000000005
	59481	0.4288
	50858	0.43068399
	57761	0.4307
	56480	0.4321
	58693	0.4323
	52957	0.43738033000000004
	58044	0.4408
	57399	0.4412
	56034	0.44120681000000006
	59284	0.4426
	57102	0.44614705
	59456	0.4469
	58111	0.44897828
	57883	0.4495
	50937	0.45056802
	57910	0.4508
	58047	0.4512
	53949	0.45153552
	57008	0.45217482999999997
	58501	0.454
	56081	0.45427542
	56790	0.4546
	51722	0.45760601
	58027	0.4588
	57680	0.4603
	57461	0.4606
	52955	0.46259410000000006
	57612	0.4628
	50774	0.46293575
	58021	0.46605699
	58459	0.4673
	56785	0.4686
	50739	0.46922210999999997
	57054	0.46971018999999997
	53931	0.47162812
	58531	0.4775
	50878	0.47803668
	59023	0.4805
	52515	0.48076112
	57411	0.4808
	58020	0.48085245
	59288	0.481
	55228	0.48302477
	56849	0.4832
	56580	0.4834
	57496	0.4923
	59476	0.4928
	50963	0.49341092999999997
	56184	0.4958
	59001	0.4961
	54320	0.49819403
	51730	0.49983395
	53727	0.50528166
	57737	0.5078
	58523	0.508
	58158	0.5081
	57814	0.5086
	54324	0.5089218400000001
	51717	0.50994679
	51708	0.51083508
	58035	0.5116
	58125	0.5117
	58453	0.5184
	58026	0.5197
	57511	0.5207
	56882	0.523
	57274	0.52304691
	59057	0.5234
	50948	0.5234078
	57735	0.5262
	57663	0.5267
	59213	0.5309
	56147	0.5376
	59230	0.5402
	57894	0.5406
	56870	0.5412
	51815	0.54445344
	54945	0.54533143
	59044	0.5457
	58432	0.547
	57954	0.5475
	58431	0.5475
	56996	0.5481
	56869	0.5483
	57913	0.5497
	56961	0.553
	58510	0.5532
	57061	0.5532771400000001
	57635	0.5565
	56193	0.5566
	59659	0.5566
	57070	0.5601268899999999
	57729	0.5646
	52707	0.56495244
	55279	0.5659090600000001
	57832	0.5661
	57048	0.56633733
	57710	0.5691
	54438	0.57117782
	57086	0.57273043
	56080	0.57300442
	57637	0.5773
	56004	0.58025836
	59090	0.5816
	54092	0.5838798500000001
	56783	0.5842
	58326	0.5847
	56844	0.5848
	58319	0.5859
	59038	0.5861
	56172	0.588
	59290	0.5893
	58025	0.59017446
	58004	0.5907224400000001
	58140	0.5908
	57053	0.5918184
	56093	0.59327968
	57577	0.5963
	57903	0.597
	54027	0.59747752
	56065	0.59822915
	59209	0.6001
	56840	0.6003
	58048	0.6022
	54401	0.60323465
	58416	0.6033
	51709	0.60349056
	53735	0.60387396
	56373	0.6082
	58321	0.6082
	58331	0.6107
	57096	0.6128243
	57128	0.6149248900000001
	58146	0.6165
	53584	0.61857809
	54849	0.62369257
	58016	0.624
	57582	0.6247
	57606	0.6273
	58923	0.6284
	51076	0.62870433
	56950	0.631
	59294	0.6341
	57837	0.6343
	58463	0.6373
	57643	0.6397
	59469	0.6409
	51814	0.64353194
	58454	0.6438
	58461	0.6442
	58419	0.6474
	58012	0.6504
	54321	0.65152655
	53732	0.65220985
	57741	0.6531
	56183	0.6541
	56665	0.6553
	56188	0.6563
	57926	0.6575
	57063	0.6660696899999999
	58316	0.6672
	57464	0.6682
	58329	0.6706
	57216	0.6768
	56144	0.6807
	50246	0.68282169
	56646	0.6834
	56898	0.6844
	50851	0.68623819
	52737	0.6879464399999999
	58512	0.6916
	50945	0.6923878900000001
	57754	0.695
	57585	0.6962
	57742	0.6972
	57554	0.7003
	56046	0.7009291400000001
	52818	0.70133912
	52661	0.7047936100000001
	57520	0.7086
	57912	0.711
	57378	0.7118
	52836	0.71363852
	52866	0.71623506
	58017	0.71657518
	52633	0.7169866899999999
	57922	0.719
	58407	0.7252
	53751	0.72543419
	51705	0.72744118
	57483	0.7279
	58517	0.7279
	57485	0.7289
	56178	0.7306
	57439	0.7363
	56872	0.7394
	58520	0.7395
	57273	0.74114295
	58126	0.7425
	57824	0.743
	51818	0.74780352
	58824	0.7504
	58024	0.75118925
	58314	0.7526
	55248	0.75272328
	57731	0.7546
	58317	0.758
	59485	0.7601
	57038	0.76224018
	59954	0.7631487399999999
	57948	0.7727
	56876	0.7758
	57045	0.7772183
	58022	0.7781316
	56880	0.7787
	58335	0.7791
	56970	0.7795
	58503	0.7818
	58451	0.7821
	58130	0.7897
	58409	0.7914
	57818	0.7927
	58464	0.7927
	58436	0.7929
	59237	0.7937
	56991	0.7944
	57800	0.7959
	54226	0.80212587
	59287	0.8046
	57057	0.80470863
	57821	0.8075
	56106	0.80759227
	51060	0.8078655899999999
	59446	0.8107
	58514	0.8136
	57834	0.8145
	58417	0.8159
	57516	0.816
	58122	0.816
	56499	0.8161
	57465	0.8173
	56959	0.8191
	57545	0.821
	58006	0.8217873400000001
	58420	0.8251
	58452	0.8282
	57078	0.8289110799999999
	51720	0.82904789
	57032	0.8300983700000001
	59632	0.8303
	58455	0.8312
	51810	0.83512926
	59031	0.8386
	57191	0.84142329
	57738	0.8427
	57477	0.843
	57846	0.8455
	58605	0.8455
	59242	0.8461
	57805	0.8499
	57745	0.8516
	57094	0.85338752
	56781	0.8547
	56863	0.8572
	57581	0.8575
	57087	0.85859333
	56670	0.8597
	57682	0.8627
	54943	0.86800032
	57575	0.8692
	57187	0.86973559
	58415	0.8715
	57661	0.8722
	59235	0.8824
	58008	0.8851703599999999
	58336	0.8857
	52853	0.88617177
	58429	0.8867
	57662	0.8873
	58423	0.8877
	57466	0.8878
	57292	0.88891489
	51829	0.88910996
	58148	0.8892
	54171	0.89081821
	51716	0.8934147500000001
	58508	0.8936
	58045	0.8946
	56951	0.8976
	58102	0.8978
	58446	0.8989
	57566	0.9036
	56969	0.9037
	56946	0.9047
	57902	0.9052
	58458	0.9053
	57486	0.9091
	52657	0.9150070299999999
	58101	0.9179578300000001
	57271	0.91905379
	57492	0.9208
	57355	0.924
	57558	0.925
	56067	0.9294929900000001
	57491	0.9302
	56871	0.9308
	59022	0.9314
	58401	0.9321
	59289	0.9339
	58507	0.9379
	51704	0.93803424
	52754	0.9417240600000001
	56786	0.942
	56029	0.9455505399999999
	57827	0.9476
	57688	0.9477
	56793	0.9527
	51711	0.9556633800000001
	53740	0.95595111
	53935	0.9571384000000001
	57744	0.9614
	57469	0.9634
	58361	0.9636
	58116	0.968
	58443	0.9684
	57927	0.9701
	57313	0.9705
	58414	0.9706
	56082	0.97275583
	57426	0.9791
	51059	0.97957888
	57565	0.9801
	57696	0.9814
	56982	0.982
	56474	0.9831
	57475	0.9834
	58334	0.9837
	57636	0.9863
	56841	0.987
	57513	0.9872
	56152	0.9942
	59051	0.996
	52765	1.00028287
	57732	1.0036
	57655	1.0212
	57828	1.0213
	56952	1.0227
	57586	1.025
	58527	1.03
	58433	1.0343
	57358	1.0354
	52978	1.03814811
	57564	1.0389
	50349	1.03984594
	57169	1.04052269
	58139	1.0441
	59298	1.046
	57066	1.0504776599999999
	58337	1.0507
	59205	1.0544
	56654	1.0572
	57543	1.061
	58049	1.064
	56167	1.066
	58100	1.06783036
	57460	1.0689
	59047	1.0695
	57176	1.0721228699999998
	57936	1.0801
	57476	1.0892
	56867	1.091
	59631	1.0977
	59246	1.1006
	57129	1.1014397999999999
	57137	1.10335773
	58424	1.106
	58418	1.1082
	57414	1.113
	59945	1.1146071599999998
	57178	1.12107575
	57844	1.1222
	58402	1.1234
	58005	1.1235416599999999
	57673	1.125
	58320	1.1291
	59264	1.1327
	57189	1.13541456
	56873	1.1356
	58338	1.1458
	58468	1.1462
	56168	1.1472
	51627	1.15218046
	51644	1.15259044
	51053	1.1536837199999999
	57179	1.15979967
	54132	1.1642065400000001
	57195	1.1648228200000001
	57056	1.17276853
	57822	1.173
	58428	1.1803
	57571	1.1848
	58001	1.18756399
	57437	1.1915
	57438	1.1936
	59644	1.199
	58145	1.1999
	58601	1.2004
	58421	1.2127
	58437	1.2137
	58323	1.2173
	56671	1.2178
	57523	1.2217
	58251	1.2221
	57099	1.2237306700000001
	57162	1.22446131
	58467	1.2249
	56879	1.2285
	58602	1.2299
	59215	1.2327
	57417	1.2335
	58143	1.2356
	57514	1.2383
	57409	1.2399
	57499	1.244
	58330	1.2455
	58230	1.2494
	56074	1.25204297
	57051	1.25359558
	57669	1.2565
	56875	1.2606
	57389	1.261
	57481	1.2654
	56994	1.2656
	57182	1.2678430600000001
	58408	1.2694
	58007	1.27113094
	57736	1.2725
	57290	1.27295754
	57194	1.27743271
	56173	1.2843
	58141	1.2892
	57132	1.29277615
	57047	1.29898659
	59025	1.303
	58345	1.3055
	58128	1.3064
	57098	1.30647565
	57589	1.3126
	56185	1.3148
	57398	1.3179
	57842	1.3227
	59941	1.32489046
	58339	1.3359
	58015	1.3366
	56079	1.3438
	57907	1.3442
	57377	1.3535
	57175	1.360817
	58269	1.3615
	57140	1.3634655699999998
	57260	1.3649
	57413	1.3684
	57906	1.3701
	58529	1.3722
	57415	1.3759
	57541	1.3779
	56992	1.3804
	57841	1.3813
	57942	1.3827
	57420	1.3869
	58509	1.387
	57595	1.3989
	56071	1.40328545
	57177	1.40575136
	57698	1.4077
	56984	1.4091
	57198	1.41515835
	57324	1.4153
	57295	1.42136879
	58207	1.43680356
	57835	1.4405
	59007	1.4418
	57294	1.44703252
	58442	1.4601
	58306	1.464
	58340	1.4711
	57363	1.4729
	57447	1.4779
	57185	1.48055063
	57183	1.48977496
	56977	1.491
	57046	1.49187555
	57395	1.4972
	57184	1.50256116
	57039	1.50265249
	57416	1.5038
	57095	1.50657968
	56958	1.5128
	59218	1.5144
	58472	1.5209
	57839	1.5233
	59012	1.5268
	57265	1.5324
	57067	1.53315671
	57625	1.5361
	57590	1.5394
	57089	1.5408284300000001
	58456	1.5512
	57293	1.55261
	57192	1.5552585700000001
	59017	1.5608
	57339	1.5676
	57445	1.5725
	57320	1.5792
	57326	1.5793
	57361	1.58
	57329	1.5825
	57640	1.5874
	57947	1.5883
	56889	1.5893
	57349	1.5956
	57188	1.5976356900000002
	57143	1.60704268
	57193	1.60859529
	58132	1.609
	57173	1.6097825799999999
	57647	1.6203
	57197	1.63142779
	57694	1.6416
	57932	1.6491
	57859	1.6505
	57482	1.6526
	56182	1.6529
	57829	1.6537
	57261	1.65992275
	58243	1.6616
	57714	1.6637
	57328	1.666
	56778	1.6715
	57633	1.6734
	57396	1.6740789
	59488	1.6799
	58311	1.6844
	58202	1.6858
	58135	1.6937
	57181	1.69682007
	59635	1.7
	58500	1.7013
	57388	1.7039
	57285	1.71627336
	56097	1.7169
	58369	1.7174
	57941	1.7191
	58147	1.7214
	58238	1.7328
	57743	1.7364
	57921	1.7455
	57908	1.7485
	50776	1.75628599
	57845	1.758
	57359	1.7659
	57253	1.7661
	59021	1.7701
	58356	1.7767
	58114	1.7879
	57077	1.7918946
	57385	1.7952
	57642	1.8041
	58441	1.8066
	57180	1.80988661
	57740	1.8131
	58346	1.8243
	57431	1.8268
	57432	1.8273
	56962	1.8326
	57144	1.8366463000000002
	57387	1.8402
	56987	1.849
	58254	1.8582
	59626	1.8608
	57657	1.8636
	58367	1.866
	58205	1.8695251000000002
	57245	1.88815642
	57233	1.9175646800000001
	57242	1.9233184700000001
	58104	1.93044221
	57186	1.93245147
	58301	1.93939255
	59015	1.9458
	57562	1.9472
	58210	1.9474
	57238	1.9718147
	57297	1.97839046
	56978	1.9893
	57254	1.99227262
	57232	2.02177221
	58245	2.0452
	58107	2.0508
	57153	2.0509978099999997
	57362	2.0618
	57752	2.0632
	58129	2.0635
	58108	2.0713
	59948	2.07800055
	57840	2.0798
	57196	2.11803403
	57708	2.1203
	57156	2.12104792
	58265	2.1225
	57544	2.1249
	57231	2.12625373
	57646	2.1352
	57598	2.141
	57345	2.1473
	56954	2.1484
	57259	2.1497
	58118	2.1851
	57649	2.1921
	57343	2.20753743
	58259	2.2381
	58241	2.2401
	57155	2.25110184
	57381	2.2565
	58600	2.2586
	57348	2.2646
	57296	2.26461868
	56973	2.2979
	57256	2.2979
	58342	2.3086
	58109	2.3223
	58242	2.3271
	58212	2.3539
	57154	2.3717487700000004
	58255	2.3883
	58203	2.4036
	58237	2.4129
	58138	2.4157
	58234	2.4184
	57634	2.4217
	57658	2.4228
	58240	2.4803
	58221	2.4819
	57298	2.50162003
	58365	2.5036
	58268	2.5135
	58264	2.5183
	56989	2.5185
	57370	2.5402
	56777	2.5502
	57333	2.5899
	58244	2.6018
	57247	2.6070148499999997
	57268	2.6116
	58222	2.6204
	58366	2.6448
	57248	2.67076319
	57279	2.6809
	58236	2.7268
	58223	2.7351
	56995	2.7362
	57278	2.7461
	58117	2.748
	57257	2.7518
	57451	2.8731
	57299	2.88675864
	58215	2.889
	57251	2.8968
	58360	2.8971
	56038	2.9044
	58247	2.9271
	58214	2.9383
	58224	2.9406
	58208	2.95461683
	58127	2.9572
	58344	2.9582
	58225	2.9675
	58377	2.9756
	56878	3.0006
	58246	3.0174
	58249	3.0251
	58235	3.0286
	58362	3.0515
	58257	3.0825
	58352	3.1019
	57390	3.12010679
	57249	3.1453
	58354	3.159
	58343	3.1779
	57909	3.183
	58250	3.1997
	58341	3.2802
	58351	3.3258
	58220	3.4234
	58353	3.8812
