50136     1
50137  -999
50246    -1
50247  -999
50349     0
50353    -5
50425    -6
50431     2
50434     1
50442     0
50445     1
50468   -15
50514    -7
50524     1
50525     0
50526     0
50527     0
50548     1
50557   -11
50564   -16
50566    -4
50603   -11
50618     1
50632     1
50639     0
50646     0
50647     0
50655    -6
50656    -6
50658    -3
50659    -9
50673   -14
50674     1
50727     1
50739  -999
50741    -3
50742     1
50745    -1
50749     1
50750    -4
50755    -2
50756     0
50758    -5
50767    -4
50772   -10
50774    -1
50775    -2
50776     0
50778    -5
50779    -6
50787    -8
50788    -9
50832    -5
50833    -4
50834     1
50838    -6
50842     1
50844     0
50851    -6
50852    -8
50853    -4
50854     0
50858    -6
50859    -7
50861   -15
50862    -3
50867    -8
50871     0
50873    -3
50877    -8
50878   -11
50879    -7
50880   -18
50884   -17
50888    -7
50892    -7
50913     1
50915    -6
50924  -999
50928     1
50934     0
50936     0
50937     0
50939     0
50940     0
50945  -999
50946    -7
50948     0
50949    -8
50950     0
50953    -4
50954    -5
50955  -999
50956   -14
50958   -13
50960    -8
50962    -1
50963    -8
50964    -6
50965    -8
50968   -10
50971  -999
50973  -999
50978   -10
50979   -19
50983   -13
50985    -6
50987    -8
51053     0
51058   -11
51059  -999
51060  -999
51068     1
51076     1
51087     0
51133   -14
51137    -1
51145   -11
51156     0
51186     0
51232     1
51238  -999
51241     1
51243     1
51288     0
51328     0
51329     0
51330     1
51334     1
51346     0
51352     0
51353     1
51356     0
51357     0
51358  -999
51359     0
51365     1
51367     1
51369     0
51377     0
51378     0
51379     0
51430     1
51431     0
51433  -999
51434     1
51435     1
51436     0
51437     2
51438     2
51463     1
51465     1
51467   -10
51468     0
51469  -999
51470  -999
51477     0
51482    -9
51495     0
51526     0
51542     1
51559     0
51567     0
51568     0
51571     0
51572     0
51573     0
51581     1
51627     0
51628     0
51629     0
51633     0
51636     0
51639  -999
51642     0
51644     0
51655  -999
51656     0
51701     1
51704  -999
51705     0
51707     0
51708     0
51709     0
51711    -2
51716     0
51717     0
51720     0
51722     0
51730     1
51747  -999
51765     0
51777     0
51802     0
51804     0
51810  -999
51811     1
51814     0
51815     0
51818     1
51826     0
51827     0
51828     0
51829     0
51839     0
51848  -999
51855     0
51886     0
51931     0
52101    -5
52112  -999
52203     0
52267     0
52313     1
52323     0
52343  -999
52378     1
52418     0
52424     0
52436     0
52441  -999
52446     2
52447     1
52495     0
52515     0
52533     0
52546     0
52557     0
52575     0
52576     0
52602     1
52607     0
52633     1
52643    -2
52645     1
52652     0
52656     1
52657     1
52661     0
52674     0
52679     1
52681     1
52707     0
52713     0
52737     1
52745     1
52754     1
52765    -2
52784     1
52787     0
52788  -999
52797     1
52818     0
52825     0
52833     1
52836     1
52842     0
52853     0
52855     0
52856     0
52862     1
52863     0
52866     0
52868     0
52869    -4
52874    -5
52875   -17
52876    -4
52884  -999
52885     0
52889    -1
52895    -1
52896    -2
52908     1
52943     0
52955     1
52957     0
52963    -5
52968     1
52972    -9
52974  -999
52978     0
52980   -11
52982   -12
52983   -11
52984    -9
52985    -7
52986    -7
52988    -3
52993    -9
52995    -9
52996    -4
52998   -10
53068     0
53083   -10
53149     0
53192   -14
53195     0
53231     0
53272     0
53276   -13
53289   -11
53324     0
53336     0
53337     0
53343    -2
53348     0
53352     0
53357   -12
53362    -7
53367    -5
53368    -5
53378   -16
53384   -12
53385   -12
53391   -11
53392    -7
53397   -16
53399    -7
53419     0
53420     0
53433    -7
53446   -10
53455    -6
53457   -11
53463   -19
53464   -16
53466   -21
53467    -4
53469   -18
53472   -15
53475   -13
53478    -2
53480   -14
53481   -15
53483   -13
53484   -14
53486   -16
53487    -8
53488   -10
53490  -999
53491    -8
53492    -4
53498    -3
53499   -14
53502     0
53505     0
53512     0
53513     0
53517     0
53518     0
53519     0
53522     0
53529   -11
53533   -18
53543   -12
53545   -13
53547    -4
53553   -15
53562    -8
53564   -14
53565    -9
53567   -10
53573     0
53574     0
53575     1
53576    -6
53577     0
53578  -999
53579    -1
53580    -9
53582    -3
53584     0
53585     1
53588     0
53590    -4
53593     1
53594  -999
53596     1
53599     1
53602    -4
53610     0
53611     0
53612  -999
53614     0
53615     0
53617     0
53618     0
53619     0
53644    -5
53646     0
53651  -999
53658     0
53659     0
53660   -14
53662    -1
53663     0
53664    -2
53665     0
53666    -1
53669     1
53673     0
53674     0
53676     1
53677     1
53678     0
53679     0
53680     0
53681     1
53682     1
53685     0
53687  -999
53688     0
53689     0
53690     1
53691     0
53692     0
53693     0
53694     1
53695     1
53696     1
53697     1
53698     1
53699     1
53704     0
53705   -10
53707    -4
53723    -4
53725     0
53727    -8
53730     2
53732     1
53735  -999
53738    -6
53740     0
53748     0
53750     1
53751    -1
53753     1
53754     1
53756     1
53757     1
53759     1
53760     1
53763     1
53764     1
53767     1
53768     1
53769     0
53770     1
53771     0
53772     1
53773    -5
53774    -4
53775  -999
53776     1
53777     0
53778     1
53780     1
53781     0
53782     1
53783     0
53784    -2
53785     1
53786     1
53787     0
53788     0
53789     0
53790     0
53791     0
53792    -4
53794    -2
53795     0
53796    -5
53797     0
53798     1
53799     0
53806    -2
53810    -7
53817    -6
53821   -10
53829    -4
53832     0
53841     1
53845    -1
53848   -11
53850     1
53852     1
53853     1
53854  -999
53856     1
53857     0
53859  -999
53860     1
53861     0
53862     1
53863     0
53864     1
53865     1
53866    -6
53868    -3
53869     1
53871     0
53872     0
53873    -5
53874    -2
53875     0
53877  -999
53878    -5
53879     0
53880    -1
53881    -8
53882     0
53883     1
53884  -999
53885     0
53886     0
53887  -999
53888    -8
53889    -2
53890    -3
53891     0
53892     0
53893    -1
53894    -2
53895     0
53896    -1
53897    -5
53898    -5
53899     0
53903    -7
53906    -4
53908    -9
53910  -999
53914    -3
53915   -11
53916     0
53917     1
53923   -11
53924    -9
53925   -18
53926    -9
53927     0
53928   -14
53929    -3
53930   -14
53931    -2
53934   -12
53935   -12
53937   -13
53938    -7
53941   -11
53942     0
53944    -8
53945     0
53947    -5
53948  -999
53949   -18
53950   -18
53953     0
53954    -3
53955  -999
53956   -13
53957     0
53958   -15
53959    -9
53961    -8
53962    -2
53963    -1
53964    -3
53965     1
53966     0
53967    -6
53968  -999
53970     0
53972    -3
53973     0
53974    -4
53975     0
53976     0
53978     0
53979    -2
53980    -5
53981     0
53982     0
53983   -11
53984    -7
53985   -11
53986   -15
53987    -9
53988   -12
53989   -10
53991   -13
53992   -10
53993    -5
53994   -14
53995    -7
53996    -5
53997    -9
53998   -10
54012     0
54024     1
54026    -2
54027     0
54031    -9
54039    -7
54041    -9
54047     0
54049    -3
54063    -5
54064  -999
54065     0
54069    -6
54072    -7
54076    -3
54080     0
54092   -16
54093   -22
54094   -13
54096   -13
54098   -18
54099    -9
54102   -11
54113     1
54115     1
54117   -10
54122    -6
54132     0
54134   -12
54135   -10
54142   -10
54154    -5
54156   -12
54157   -10
54161    -4
54164    -8
54165  -999
54169   -11
54171     0
54172    -4
54181     0
54186   -19
54187   -14
54192  -999
54195   -17
54204   -19
54205   -14
54208   -11
54213    -3
54214    -6
54218     0
54223    -3
54225    -2
54226    -4
54231    -7
54234    -2
54236     0
54237    -8
54243  -999
54244     1
54245     1
54248  -999
54249    -9
54252    -4
54254    -8
54259   -11
54260  -999
54261   -19
54263   -11
54266    -6
54267    -7
54273   -10
54274   -10
54276    -4
54284     0
54285     1
54286  -999
54287  -999
54290   -24
54291   -18
54292   -17
54293   -12
54301    -9
54304    -2
54305   -16
54308     0
54311     1
54313     1
54316    -2
54318     1
54319     0
54320    -3
54321    -4
54323     0
54324     0
54325     1
54326     0
54327    -1
54328     1
54330  -999
54331     1
54332     1
54333     1
54334  -999
54335     0
54336     1
54337    -1
54338     0
54339     1
54340  -999
54342   -12
54345  -999
54346     1
54347     0
54348  -999
54349  -999
54351   -12
54353  -999
54362     0
54363    -3
54365    -3
54371    -5
54374    -4
54377     0
54386    -4
54398     0
54399     2
54401   -13
54404    -6
54405    -6
54406  -999
54408     0
54410     0
54412   -10
54416     0
54419     1
54420     1
54421    -3
54423     1
54424     0
54425     1
54428    -3
54429    -5
54430     1
54431     1
54432     0
54433    11
54434     0
54436    -4
54437     1
54438     0
54439   -10
54449     1
54452  -999
54453     1
54454     0
54455     1
54470  -999
54471     0
54472  -999
54474    -1
54475    -4
54476    -1
54483    -5
54486    -2
54493     1
54494    -6
54497    -4
54499     0
54501     0
54502     1
54503     0
54505     0
54506     2
54507     8
54510     0
54511     1
54512     1
54513     1
54514     1
54515     1
54517     0
54518     0
54519     1
54520    -2
54521    -1
54522    -5
54523    -2
54525  -999
54526  -999
54527    -2
54528    -1
54529  -999
54530     1
54531     1
54532    -2
54533     2
54534     1
54535     1
54539     1
54540     0
54541     0
54563     1
54568     1
54569     1
54575    -4
54579     0
54584     0
54590     0
54594     1
54596     0
54597    -5
54601     1
54602     0
54603     0
54604     0
54605    -1
54606     0
54607     0
54608     0
54609     1
54610    -6
54611     1
54612    -2
54613     1
54614     1
54615    -7
54616    -2
54617     0
54618     0
54619     0
54620     1
54621     1
54622     1
54623     0
54624     0
54626     1
54627     1
54628  -999
54631     0
54632    -5
54633   -18
54636    -1
54640    -2
54644     1
54645     0
54646  -999
54660  -999
54662     2
54700    -2
54701    -4
54702     0
54703    -1
54704   -16
54705    -4
54706    -6
54707  -999
54708    -6
54709     0
54710    -6
54711     0
54712    -4
54713    -2
54714     0
54715     0
54716    -1
54717     0
54718     0
54719     0
54722    -5
54723    -9
54724    -5
54725    -8
54726    -2
54727  -999
54728     0
54729   -13
54730     0
54731    -7
54732  -999
54734    -9
54736    -4
54737     0
54738    -2
54744  -999
54749    -7
54751     0
54752    -3
54753    -6
54755    -9
54759     0
54764     1
54765     0
54766     0
54774     0
54776     1
54777     0
54778     1
54800     0
54801     0
54802    -1
54803     0
54804    -9
54805     0
54806     1
54807     1
54808    -1
54809    -1
54810    11
54811     1
54812    -7
54814    -4
54815    -5
54816    -8
54817    -7
54818    -9
54819    -8
54820    -4
54821   -10
54822    -4
54823    -1
54824    -1
54825     0
54826     0
54827    -4
54828    -8
54829    -4
54830    -3
54831     0
54832     1
54833    -5
54834    -5
54835     0
54836     1
54837     1
54841    -1
54842  -999
54843     1
54844     1
54846    -2
54848    -9
54849    -6
54851     0
54852     0
54853    -3
54855    -7
54857    -1
54861  -999
54863     0
54868  -999
54871     1
54900    -9
54901     0
54902    -1
54903    -8
54904   -12
54905    -6
54906    -9
54907     1
54908   -13
54909    -9
54910    -8
54911   -11
54912   -11
54913    -9
54914    -9
54915    -1
54916     0
54917     0
54918    -2
54919     0
54920    -4
54921   -12
54922     1
54923     0
54925    -5
54927   -11
54929    -5
54932     0
54935    -7
54936    -6
54938    -9
54939   -10
54940    -7
54943    -6
54945   -10
54952  -999
55228     0
55248     1
55279     1
55294     1
55299     1
55437     0
55472     1
55493     0
55572  -999
55578     1
55585     0
55589  -999
55591     1
55593  -999
55597  -999
55598    -4
55655     1
55664     1
55680     0
55681     0
55690     2
55696     0
55773     1
56004     1
56016     0
56018     0
56021     0
56029     1
56033     1
56034     0
56038    -8
56041  -999
56043     1
56045     0
56046    -1
56065     1
56067     0
56071     0
56074     0
56075  -999
56079     0
56080     1
56081     0
56082    -3
56084    -2
56091    -3
56092     0
56093    -3
56094     1
56095     1
56096     0
56097     0
56106     1
56109  -999
56116     0
56125     0
56128  -999
56132  -999
56137   -10
56144    -2
56146     0
56147    -2
56151     1
56152     1
56158    -2
56164     1
56167    -3
56168    -7
56171     0
56172    -3
56173    -5
56178    -3
56180    -8
56181    -4
56182    -2
56183    -8
56184    -5
56185    -7
56186    -3
56187  -999
56188     1
56189     0
56190    -9
56192    -7
56193    -3
56194    -9
56195    -4
56196     0
56197   -10
56198    -4
56199    -2
56202     1
56223    -6
56227    -4
56228  -999
56247   -14
56251    -7
56257    -8
56263    -7
56265  -999
56267    -9
56272    -1
56273    -8
56276    -6
56278    -9
56279    -6
56280     0
56281    -3
56284   -14
56285    -9
56286    -6
56287    -4
56288   -10
56289    -5
56290     1
56291     0
56294  -999
56295     1
56296    -1
56297   -15
56298    -5
56307    -3
56312    -4
56317    -3
56331    -5
56342  -999
56357    -7
56371    -3
56373    -9
56374     0
56376    -6
56378    -8
56380     0
56381     0
56382    -9
56383   -14
56384     0
56385    -4
56386   -10
56387   -16
56389   -15
56390   -18
56391   -16
56393    -4
56394   -10
56395   -22
56396   -19
56399   -18
56434   -12
56441    -5
56443    -6
56444    -5
56459   -19
56462     0
56473    -7
56474   -20
56475    -5
56478   -11
56479    -8
56480     1
56483   -16
56485   -15
56487    -8
56489    -9
56490   -17
56491   -23
56492   -18
56493   -18
56494   -27
56496    -6
56497   -16
56498   -23
56499   -18
56533    -3
56543    -9
56548     1
56565   -15
56567   -14
56569    -9
56571   -19
56575   -13
56578   -17
56580  -999
56582   -17
56584   -19
56585   -21
56586   -26
56592   -22
56593   -21
56594    -8
56595    -9
56596   -20
56598     0
56641     0
56643  -999
56645     1
56646    -6
56649    -7
56651    -4
56652   -19
56654     1
56664   -13
56665   -19
56666   -12
56669   -14
56670   -13
56671   -11
56673    -3
56674   -19
56675    -6
56684    -4
56688    -9
56691    -7
56693    -7
56697   -24
56739   -12
56741  -999
56742   -14
56745     1
56746   -10
56748     0
56751    -2
56752   -17
56755    -7
56756   -16
56757   -12
56761   -17
56763     0
56764   -20
56766   -14
56767   -17
56768   -12
56772   -17
56774   -18
56775   -16
56777   -17
56778   -24
56781   -16
56782   -30
56783   -23
56785   -25
56786   -32
56788   -29
56790   -26
56792   -26
56793   -28
56835    -9
56836   -18
56838    -2
56839     1
56840   -13
56841    -4
56842    -6
56843    -1
56844     0
56846     1
56849    -5
56851   -13
56854    -4
56856   -19
56862   -18
56863   -23
56867    -4
56869   -24
56870   -14
56871   -23
56872   -20
56873   -14
56875   -21
56876   -26
56878   -13
56879   -23
56880   -20
56881   -24
56882   -16
56883   -24
56885   -26
56886   -27
56889   -31
56891   -24
56898   -13
56944     0
56945  -999
56946     0
56948   -14
56949    -2
56950     0
56951    -3
56952    -8
56954    -4
56958     2
56959    -3
56961    -5
56962   -13
56964   -18
56966    -8
56969    -2
56970   -12
56973    -7
56975    -6
56976   -18
56977   -13
56978   -18
56982   -16
56984   -13
56985   -10
56986   -11
56987   -11
56989    -8
56991  -999
56992   -33
56994   -11
56995   -12
56996   -16
57001    -7
57002    -3
57003  -999
57004    -5
57006     1
57007     1
57008     1
57011     0
57012     1
57014  -999
57016     1
57020     0
57021    -5
57022     0
57023     0
57024     0
57025  -999
57026    -2
57027     1
57028  -999
57029    -8
57030  -999
57031     0
57032     0
57033   -10
57034     0
57035    -2
57036    -6
57037     0
57038    -4
57039     1
57040   -15
57041    -9
57042    -9
57043   -10
57044   -10
57045   -14
57046   -14
57047    -2
57048  -999
57049  -999
57051   -13
57052  -999
57053   -19
57054   -12
57055   -15
57056    -3
57057    -7
57060    -6
57061   -11
57063   -17
57065    -4
57066   -15
57067    -6
57070    -2
57071     0
57072    -1
57073  -999
57074     0
57075     0
57076    -6
57077     0
57078    -4
57079    -1
57080   -10
57081   -11
57082    -4
57083    -9
57084  -999
57085   -10
57089    -4
57090   -12
57091   -13
57093   -14
57094    -6
57095    -2
57096    -9
57098   -10
57099   -11
57102     1
57105    -5
57106    -2
57110     1
57111     0
57113     0
57119     1
57124  -999
57126     1
57127     2
57128     1
57129     2
57131  -999
57132     0
57134     0
57137     1
57140     1
57143    -1
57144     2
57153     0
57154  -999
57155     1
57156     0
57162     0
57169    -5
57173     0
57175    -8
57176     0
57177     0
57178     0
57179     0
57180     0
57181     0
57182    -4
57183     0
57184    -6
57185     0
57186    -7
57187     0
57188   -11
57189   -13
57190  -999
57191    -7
57192    -6
57193   -10
57194   -13
57195    -7
57196    -7
57197    -9
57198   -12
57204    -9
57206     0
57208     0
57211  -999
57213     1
57216     1
57217  -999
57231     1
57232     2
57233     1
57237     2
57238  -999
57242    -1
57245     0
57247     1
57248     2
57249     2
57251    -3
57253     0
57254     1
57256  -999
57257     1
57259     0
57260    -7
57261    -1
57265   -10
57268    -4
57271    -1
57273    -1
57274     0
57278  -999
57279     0
57281    -5
57285  -999
57290   -10
57292    -2
57293    -9
57294    -9
57295     0
57296  -999
57297    -2
57298     0
57299    -2
57303     0
57304    -1
57306     0
57307     1
57308     1
57309   -11
57313     0
57314    -4
57315     0
57317    -3
57318     0
57320     1
57324     1
57326     1
57328     0
57329     1
57333     1
57343  -999
57345     1
57348     1
57349     1
57351  -999
57352  -999
57353  -999
57355     1
57358  -999
57359  -999
57361     1
57362     1
57363     0
57368    -2
57370     1
57377    -7
57378    -4
57381  -999
57385    -6
57387     0
57388    -9
57389     0
57390   -10
57395  -999
57396    -6
57398    -5
57399     1
57401     0
57402    -5
57405    -3
57407     0
57408    -7
57409    -9
57411    -5
57413    -4
57414   -16
57415   -17
57416   -17
57417   -17
57420     0
57425   -16
57426    -7
57431     0
57432     0
57437   -18
57438     0
57439  -999
57445  -999
57447     1
57451  -999
57453  -999
57458     0
57460    -7
57461     0
57462  -999
57464    -1
57465     0
57466     1
57469     0
57475     1
57476     0
57477     1
57481     0
57482  -999
57483     1
57485     1
57486     1
57489     1
57491     1
57492     0
57493  -999
57494     1
57496     1
57498     1
57499     1
57502  -999
57503  -999
57504  -999
57505   -17
57506   -20
57507   -21
57508   -21
57509   -20
57510   -12
57511   -17
57512  -999
57513   -20
57514   -10
57515  -999
57516   -17
57517  -999
57518   -10
57519   -10
57520  -999
57522   -14
57523  -999
57525    -4
57536  -999
57537    -2
57540    -4
57541     0
57543     1
57544    -7
57545    -9
57554     0
57558    -1
57562     0
57564    -3
57565     1
57566    -1
57571     0
57573  -999
57574     1
57575     0
57577    -3
57581  -999
57582     1
57583     0
57584     0
57585    -1
57586     0
57589     0
57590     1
57595  -999
57598     0
57600   -23
57602  -999
57603   -22
57604  -999
57605   -18
57606    -8
57608   -20
57609   -19
57612  -999
57614   -23
57622  -999
57623     1
57625   -10
57633    -6
57634    -4
57635    -7
57636   -13
57637   -12
57640    -7
57642  -999
57643    -6
57646    -4
57647    -4
57649    -4
57655     0
57657    -6
57658     0
57661   -13
57662   -11
57663   -10
57666    -4
57669    -5
57671   -10
57673  -999
57674    -1
57678    -1
57679  -999
57680    -8
57682     1
57687    -7
57688     0
57694     0
57696  -999
57698    -2
57699    -2
57707   -13
57708   -11
57710    -5
57713    -8
57714   -18
57717   -12
57718   -13
57719   -15
57720    -5
57722     0
57723   -14
57728   -17
57729   -19
57731   -14
57732   -13
57734   -22
57735    -7
57736    -9
57737   -17
57738   -15
57739    -8
57740     0
57741    -3
57742   -10
57743     0
57744   -11
57745    -7
57749  -999
57752  -999
57754    -3
57758  -999
57760    -2
57761  -999
57762     0
57763     0
57765  -999
57766   -14
57767   -17
57768    -9
57769    -7
57771    -4
57772     0
57773     0
57774     0
57776   -10
57777   -12
57778   -19
57779  -999
57780     1
57781     0
57786     0
57789  -999
57792    -9
57793     0
57796    -6
57798     0
57799    -6
57800   -23
57803   -19
57805   -17
57806   -14
57807   -12
57808   -14
57809    -7
57811    -8
57813   -23
57814   -19
57816   -16
57818   -17
57821   -17
57822   -12
57824   -18
57825   -10
57827   -21
57828   -22
57829   -16
57832   -14
57834   -12
57835   -15
57837   -13
57839   -16
57840   -15
57841  -999
57842   -17
57844   -15
57845    -9
57846   -23
57851    -8
57853   -11
57857  -999
57859    -6
57860   -12
57865    -7
57866   -11
57867    -1
57868    -8
57870   -10
57871   -15
57872   -13
57874    -5
57875   -12
57876    -8
57881    -5
57882    -6
57883    -3
57886    -2
57887   -13
57889  -999
57891    -6
57894     0
57895    -7
57896    -7
57899   -15
57900   -22
57902   -14
57903   -23
57905   -22
57906   -13
57907   -38
57908   -16
57909   -14
57910   -13
57911   -18
57912   -18
57913   -19
57914    -7
57915   -15
57916   -14
57921   -17
57922   -27
57923   -17
57926   -23
57927   -24
57932   -17
57936   -14
57941   -12
57942   -12
57947    -9
57948    -8
57949    -8
57954   -13
57955    -4
57956   -12
57957    -8
57958   -22
57960    -2
57962   -20
57964   -26
57965   -19
57966   -16
57969   -12
57971    -6
57972   -14
57973    -8
57974  -999
57975     0
57976   -11
57978    -5
57981    -5
57985    -9
57988   -15
57989    -8
57990    -7
57991    -3
57992   -10
57993   -16
57994     0
57995   -12
57996   -13
58001    -7
58002    -3
58003     1
58004    -7
58005    -3
58006    -2
58007   -11
58008     2
58011     0
58012     0
58013  -999
58015     1
58016     0
58017     1
58020    -2
58021    -8
58022    -2
58024    -8
58025     0
58026  -999
58027    -2
58030    11
58032   -13
58034  -999
58035  -999
58036   -20
58038  -999
58040     0
58041  -999
58044    -6
58045  -999
58047  -999
58048  -999
58049     0
58100    -7
58101    -6
58102   -11
58104   -10
58107   -14
58108    -9
58109     0
58111  -999
58113   -12
58114   -12
58116    -4
58117    -7
58118  -999
58122     0
58125     1
58126     1
58127     0
58128    10
58129     2
58130  -999
58131    -4
58132     2
58135  -999
58138     3
58139     2
58140     1
58141     1
58143  -999
58144  -999
58145  -999
58146     1
58147  -999
58148     1
58150     1
58154     0
58158  -999
58202    -5
58203    -7
58205    -7
58207    -7
58208    -2
58210     0
58212     1
58214    -1
58215     0
58220     1
58221     1
58222     1
58223     2
58224     0
58225  -999
58230     0
58234     1
58235  -999
58236     1
58237  -999
58238     2
58240     1
58241     2
58242  -999
58243     2
58244  -999
58245     2
58246  -999
58247  -999
58249  -999
58250     2
58251     2
58254  -999
58255  -999
58257    25
58259     2
58264     1
58265     1
58268  -999
58269  -999
58301    -4
58306     1
58311     2
58314     1
58316     1
58317     1
58319     1
58320     1
58321     1
58323     2
58326     1
58327     0
58329     1
58330     1
58331     1
58333  -999
58334     1
58335     1
58336  -999
58337     2
58338     1
58339  -999
58340     1
58341     2
58342  -999
58343    26
58344  -999
58345     2
58346     3
58351  -999
58352  -999
58353  -999
58354  -999
58356  -999
58358     0
58359  -999
58360  -999
58361     1
58362     1
58365     1
58366     1
58367     0
58369     0
58370  -999
58377  -999
58401     1
58402     0
58404     1
58407     1
58408     1
58409     1
58414  -999
58415     0
58416     0
58417     1
58418     1
58419  -999
58420     1
58421     1
58423     1
58424     1
58426     1
58427     1
58428     0
58429  -999
58431     1
58432     2
58433     2
58435     0
58436     1
58437     1
58438     1
58441     2
58442     1
58443     0
58445  -999
58446     2
58448  -999
58449     0
58450  -999
58451     8
58452     1
58453  -999
58454     1
58455     1
58456     0
58457     1
58458  -999
58459     1
58460     0
58461     0
58462     1
58463     0
58464    15
58467     0
58468     1
58472     1
58473  -999
58477     1
58484  -999
58500  -999
58501     1
58502     0
58503     1
58506     0
58507  -999
58508     0
58509     0
58510     0
58512    -1
58514    -4
58517     0
58519     0
58520  -999
58523     1
58527     1
58529     0
58530     1
58531     1
58534     1
58537     1
58542     1
58543     1
58544     1
58546     1
58547  -999
58548     1
58549    13
58550     1
58553  -999
58555     0
58556     1
58557  -999
58558     1
58559     1
58562     2
58563     2
58565     0
58567    -1
58568    -8
58569     9
58570  -999
58600  -999
58601     1
58602     0
58605     1
58606     0
58607     0
58608     0
58609     0
58612     1
58614     1
58615     1
58616     0
58618     0
58619  -999
58620     1
58622  -999
58623  -999
58624     0
58625     1
58626     0
58627     0
58629     0
58631     1
58632     1
58633     1
58634     0
58635    -1
58637  -999
58642     1
58643     1
58644     0
58646     0
58647     1
58652  -999
58653  -999
58654    -4
58656   -13
58657    -6
58658    -1
58659   -12
58660     6
58664   -21
58665    -6
58666    -5
58667   -21
58693     0
58701    -1
58704    -9
58705  -999
58706     0
58707    -6
58710     0
58712    -9
58713   -10
58714    -7
58715    -6
58718  -999
58719   -13
58724    -4
58725    -6
58726  -999
58730    -4
58731    -8
58734  -999
58735    -7
58736    -8
58737    -1
58742  -999
58744  -999
58745    -7
58746     0
58747    -8
58748    -3
58749    -5
58750   -15
58751    -7
58752    -5
58754    -1
58760    -7
58765  -999
58804    -5
58806  -999
58813   -11
58814   -11
58818  -999
58819   -13
58820    -9
58821    -6
58822   -17
58823   -19
58824    -9
58826   -14
58828   -13
58834   -23
58836     0
58837  -999
58839   -11
58843  -999
58844     0
58845    -3
58846    -6
58847     0
58848   -11
58853  -999
58903   -17
58905    -5
58906   -13
58907    -9
58911   -16
58912   -12
58917   -10
58918    -9
58921   -11
58923   -22
58926   -28
58927  -999
58928    -7
58929   -16
58931   -11
58932   -11
58933   -17
58934    -9
58935    -8
58936  -999
58938  -999
58940  -999
58941    -2
58942    -5
58944   -16
58946    -6
59001   -30
59004   -26
59007   -20
59012   -28
59015   -30
59017   -32
59021   -22
59022   -10
59023   -20
59025   -25
59027   -25
59031   -16
59033   -17
59034   -20
59037   -10
59038    -7
59041   -12
59044    -3
59045    -9
59046    -6
59047    -6
59051   -20
59052   -10
59053   -14
59055   -20
59057    -8
59058    -5
59059   -13
59061   -10
59063   -22
59064   -16
59065   -15
59071    -7
59072    -5
59074    -7
59075   -18
59081   -10
59082   -11
59087   -13
59088  -999
59090   -15
59091    -5
59092  -999
59093    -2
59094   -17
59096    -6
59097  -999
59099    -5
59102    -9
59106   -15
59107  -999
59109   -19
59113  -999
59114   -11
59116  -999
59117    -6
59122   -13
59124     6
59125    -2
59126    -4
59127   -17
59129  -999
59130    -5
59131    -8
59133   -22
59134   -10
59137   -15
59205   -11
59209    -9
59211   -20
59213    -9
59215   -16
59218    -7
59224   -16
59227   -12
59228    -5
59229   -10
59230    -6
59235   -10
59237   -14
59238    -8
59241   -13
59242   -16
59246   -14
59249    -5
59254    -6
59255   -10
59256    -1
59264    -2
59265   -11
59266    -8
59268    -1
59269    -9
59270   -14
59271   -19
59276   -11
59278   -15
59279    -3
59280  -999
59284   -15
59285   -17
59287     0
59288   -10
59289  -999
59290   -15
59293   -14
59294    -8
59297    -3
59298    -3
59303    -8
59304  -999
59306  -999
59310     0
59312    -5
59313   -17
59314    -5
59315    -7
59316   -13
59317   -11
59318   -20
59319   -15
59320   -19
59321    -8
59322   -11
59324   -16
59417    -2
59419     0
59421    -3
59425    -9
59426   -17
59427    -6
59429    -8
59431   -12
59432  -999
59435     0
59441    -6
59446    -5
59448    -2
59449   -10
59451   -18
59452   -13
59453    -3
59454    -8
59456    -8
59457    -2
59462   -12
59469    -9
59470    -6
59471    -5
59473   -10
59475   -16
59476     0
59477   -10
59478    -7
59480   -11
59481   -15
59485  -999
59487   -10
59488  -999
59492   -14
59493   -11
59500    -6
59501    -3
59502    -3
59626    -6
59631    -5
59632   -10
59635  -999
59640     0
59644     0
59647    -7
59650    -8
59653   -14
59654    -3
59655    -6
59656     0
59658    -1
59659    -9
59663    -3
59664     0
59673   -13
59750     0
59754     0
59757    -3
59758    -6
59838   -12
59842     1
59843     1
59845     2
59847  -999
59848     1
59849     0
59851   -10
59854     0
59855   -12
59856    -5
59940     1
59941     2
59945     0
59948     0
59951     0
59954     1
57086    -4
57087    -7
57339     1
