	56094	-2.6379
	58635	-2.4439074499999998
	58145	-2.36464264
	58637	-2.35853696
	56285	-2.2695684799999998
	50750	-2.242487
	57247	-2.1799
	58140	-2.14233047
	58026	-2.0704797
	57248	-2.0529
	57169	-2.03469084
	58750	-2.02108911
	58629	-2.0173820900000003
	58047	-1.9995011700000003
	57037	-1.9948
	50656	-1.96989132
	58623	-1.94324169
	58049	-1.9422604200000002
	58139	-1.9275413700000001
	58358	-1.92187181
	54766	-1.904
	57315	-1.90170126
	54852	-1.8981
	58045	-1.8965768500000002
	50646	-1.8865246800000002
	52995	-1.8857
	58658	-1.88262101
	52993	-1.881
	58543	-1.8663755400000002
	58034	-1.8588
	56018	-1.8581686800000001
	50658	-1.85523856
	57259	-1.84227991
	50618	-1.8420057600000002
	58132	-1.8338846
	56097	-1.8250531700000001
	50739	-1.8192264400000002
	58537	-1.81720301
	50745	-1.8078840400000002
	57077	-1.8072553199999999
	58634	-1.8047735900000001
	56109	-1.8019292800000002
	50524	-1.78661704
	58143	-1.7846030400000001
	58625	-1.78002378
	53945	-1.7742
	57191	-1.7738089199999998
	58212	-1.77010205
	58316	-1.76879369
	50557	-1.76809112
	58208	-1.7680603199999998
	57031	-1.7661
	57127	-1.7634
	56196	-1.7601803200000001
	57249	-1.7522211300000001
	58647	-1.7473147800000002
	58660	-1.7404458900000002
	50647	-1.72952696
	54861	-1.7291
	56016	-1.72517904
	56774	-1.7245275100000002
	50514	-1.7239502800000002
	58015	-1.71482384
	50603	-1.7046682000000002
	56197	-1.70370278
	56263	-1.69596165
	57261	-1.68716184
	58240	-1.68593089
	57265	-1.6852767100000001
	53829	-1.6834
	58472	-1.6801523
	57096	-1.6798454399999998
	58548	-1.6773175200000001
	58030	-1.6748
	50548	-1.66761636
	58224	-1.66205332
	57314	-1.65747406
	58221	-1.65572958
	58631	-1.64831554
	58568	-1.64471755
	54749	-1.643
	56181	-1.6419918
	57306	-1.63087074
	57110	-1.6306
	56173	-1.62280252
	50842	-1.61931664
	58148	-1.6177871400000001
	58141	-1.61647878
	58627	-1.60971892
	58004	-1.6037548799999999
	58544	-1.60263197
	56185	-1.6021958500000002
	52998	-1.6017
	54765	-1.6011
	58559	-1.59609017
	58463	-1.5953
	57007	-1.5897
	57408	-1.58387881
	58001	-1.5810740399999998
	58657	-1.58028082
	57020	-1.5796
	50655	-1.57867304
	58007	-1.5766841999999999
	58654	-1.57668283
	56095	-1.5749
	58626	-1.5729758100000002
	58438	-1.5673062500000001
	56168	-1.56338117
	50861	-1.5633607999999999
	58633	-1.56163669
	58236	-1.55792967
	58027	-1.5493163
	50956	-1.5463472
	58346	-1.54539122
	54943	-1.545
	58751	-1.54299256
	58642	-1.5427745000000002
	57072	-1.54156548
	58823	-1.5399397200000002
	57128	-1.5277
	58615	-1.52271298
	58565	-1.52129559
	56674	-1.515517
	57119	-1.5083
	56192	-1.5081
	58665	-1.5077758700000001
	54776	-1.5035
	57126	-1.5019
	58752	-1.49981668
	57006	-1.4946
	56775	-1.4922936100000002
	58547	-1.47702941
	58632	-1.47670232
	58338	-1.4721230600000001
	58146	-1.47070567
	54841	-1.4679
	58222	-1.46122006
	50431	-1.4607120800000002
	57251	-1.45751304
	58622	-1.4533699
	56962	-1.4522796000000002
	56096	-1.4479
	58215	-1.44737325
	57011	-1.4393
	58113	-1.4371244300000001
	57213	-1.4302
	58555	-1.4255672500000003
	58264	-1.4249130700000001
	57003	-1.4234
	58449	-1.42098799
	58612	-1.42033381
	56290	-1.41128432
	58225	-1.41117529
	58102	-1.40899469
	50525	-1.4086315600000001
	53083	-1.4084425200000001
	58458	-1.4082314800000002
	58041	-1.40659603
	58032	-1.4058
	58108	-1.40059938
	56029	-1.39965216
	58362	-1.3971
	57242	-1.3961
	57407	-1.39580206
	54936	-1.3956
	58646	-1.37999271
	54918	-1.3799
	57257	-1.3775940500000001
	54945	-1.3772
	58531	-1.3731238200000002
	57245	-1.3727
	56985	-1.37246964
	58462	-1.3669
	57030	-1.3638
	57155	-1.3622
	58125	-1.36167567
	58016	-1.35546096
	56976	-1.35437066
	58111	-1.35426564
	57254	-1.354
	54842	-1.3523
	58223	-1.35229909
	58746	-1.34739274
	58624	-1.34575729
	58243	-1.34205027
	57106	-1.3382
	58107	-1.33485429
	56106	-1.33216488
	56665	-1.3319104800000001
	53903	-1.3313142000000002
	58643	-1.32853055
	56178	-1.32525965
	58040	-1.32515062
	57871	-1.3227519600000002
	50727	-1.3225238400000001
	53959	-1.3204
	56021	-1.31675812
	52869	-1.3166636
	58101	-1.31412996
	57237	-1.3138115000000001
	57134	-1.3057
	57303	-1.3046529800000002
	56186	-1.3043258899999999
	58441	-1.30345365
	56079	-1.3022543199999999
	57333	-1.3001827499999998
	58455	-1.29909245
	58147	-1.29898342
	54871	-1.2977
	58562	-1.29494931
	58360	-1.29222356
	52863	-1.28792952
	54846	-1.2879
	58220	-1.28786236
	54753	-1.287
	54929	-1.2794
	50833	-1.27488576
	50742	-1.2741296000000002
	50353	-1.26864744
	54662	-1.2649611600000001
	57066	-1.2647965199999998
	56180	-1.2636577
	58230	-1.2636577
	58460	-1.2631
	56151	-1.2550365600000002
	58100	-1.2502682399999998
	53934	-1.2471
	57198	-1.24650552
	58435	-1.2455587200000002
	50851	-1.24473388
	58365	-1.2435
	57260	-1.23978013
	57973	-1.2384717699999999
	56380	-1.23738147
	50844	-1.2347147600000001
	58017	-1.23417216
	58354	-1.23149385
	53944	-1.2265
	57124	-1.2228
	57102	-1.2223
	58158	-1.22059085
	56190	-1.21775607
	58527	-1.2126316600000002
	50838	-1.21250256
	58534	-1.2084885200000002
	53930	-1.2038
	57663	-1.20314605
	56298	-1.20074739
	57008	-1.1994
	52996	-1.1993
	57349	-1.19649522
	57060	-1.1964
	53967	-1.1949
	58234	-1.19398753
	57035	-1.1939
	57233	-1.1936
	57271	-1.1935138799999998
	56199	-1.1931152900000002
	53923	-1.1931
	58235	-1.1930062600000002
	56287	-1.1900624499999999
	58704	-1.1889721500000001
	58542	-1.1879908799999999
	57184	-1.18797432
	53948	-1.1868
	58306	-1.1867915500000001
	57361	-1.18275744
	58844	-1.1819942300000001
	54755	-1.1791
	58602	-1.17905042
	58345	-1.17883236
	58369	-1.1764
	58118	-1.17588855
	58241	-1.1756704900000001
	54778	-1.175
	58616	-1.17359892
	58718	-1.1613875599999999
	53917	-1.1599
	58423	-1.1578986
	58735	-1.1533193400000001
	58377	-1.15222904
	58652	-1.14764978
	56459	-1.14754075
	57413	-1.1419802200000002
	57111	-1.1416
	56671	-1.14099895
	57253	-1.1397996200000002
	58335	-1.13892738
	58484	-1.1382732
	58745	-1.1379461100000001
	56144	-1.1377280500000002
	54777	-1.1372
	54610	-1.1371
	57268	-1.1356564800000002
	57002	-1.1338
	53914	-1.13357836
	56284	-1.13293073
	56880	-1.13260364
	58022	-1.1313
	57307	-1.12987789
	58242	-1.1267160200000002
	56034	-1.1266784
	53941	-1.1251
	57285	-1.1239035599999998
	57274	-1.1235899999999999
	57129	-1.123
	57362	-1.1224638500000002
	53357	-1.1215743200000001
	57313	-1.12148258
	54024	-1.11873872
	56182	-1.1138504800000002
	57087	-1.1129289599999999
	58618	-1.11014346
	56272	-1.10414681
	57016	-1.1031
	58104	-1.1028950399999997
	56081	-1.1023
	58549	-1.10153009
	59045	-1.10087591
	50526	-1.10049636
	56125	-1.09822788
	57326	-1.0976050099999999
	58520	-1.0964056800000002
	58754	-1.09618762
	54764	-1.0958
	58237	-1.09084515
	54115	-1.08452248
	56565	-1.08179566
	58428	-1.08081439
	50434	-1.0797964800000002
	54568	-1.07648828
	58038	-1.06707661
	56082	-1.0657
	58048	-1.0651140700000001
	58244	-1.06500504
	57339	-1.06435086
	56223	-1.06174316
	50758	-1.05994728
	50659	-1.05597744
	57023	-1.0526
	50953	-1.05030624
	58556	-1.04952278
	57206	-1.0481053900000001
	57778	-1.04712412
	57411	-1.04472546
	50767	-1.0417049200000001
	57185	-1.039974
	57105	-1.0399
	58331	-1.03731142
	58644	-1.03665724
	58008	-1.03432992
	58509	-1.03404052
	57217	-1.03382246
	54857	-1.0323
	58467	-1.0321870100000001
	57028	-1.0318
	56091	-1.0307
	58327	-1.0283709600000002
	58519	-1.02826193
	58250	-1.02804387
	58454	-1.02575424
	58710	-1.02357364
	57144	-1.0207
	58128	-1.02030274
	58352	-1.02019371
	57156	-1.0195926
	53927	-1.0181
	56867	-1.01768602
	56569	-1.01245258
	58419	-0.99620711
	58116	-0.99511681
	58251	-0.99359039
	58659	-0.9920639700000001
	59044	-0.98955628
	58154	-0.9866124700000001
	54398	-0.9854
	58477	-0.98170612
	58114	-0.98028873
	56966	-0.97974358
	56184	-0.97745395
	50445	-0.9762970799999999
	58523	-0.97298372
	55294	-0.96448208
	57292	-0.96356988
	57881	-0.9629529600000001
	53938	-0.9624
	56189	-0.96186266
	58569	-0.9603362400000001
	57027	-0.9587
	57432	-0.9581556400000001
	57032	-0.9578
	50858	-0.9560698000000001
	56898	-0.95346735
	58013	-0.9524860800000001
	57425	-0.95008742
	53810	-0.9499259999999999
	58367	-0.9496
	57281	-0.9488325599999999
	57026	-0.9469
	57025	-0.9454
	58150	-0.94114696
	57186	-0.94036644
	58666	-0.9401656899999999
	58319	-0.93700382
	56373	-0.9354774
	58529	-0.93449613
	58546	-0.93340583
	57187	-0.9308551199999998
	57022	-0.928
	57053	-0.9279
	57359	-0.92708209
	50468	-0.92601244
	56761	-0.9250105200000001
	58202	-0.9238111900000001
	58366	-0.923
	58036	-0.92217574
	57153	-0.922
	58605	-0.91923193
	50425	-0.9187344000000001
	58265	-0.9185777500000001
	57182	-0.9168494399999999
	54900	-0.9142364399999999
	58321	-0.9139984900000001
	58020	-0.9138
	58254	-0.91345334
	57074	-0.9126686399999999
	58117	-0.91247207
	54012	-0.91173992
	57211	-0.911
	56228	-0.9105111600000001
	58749	-0.9104005
	58512	-0.91018244
	56396	-0.9087650500000001
	53192	-0.90654132
	56227	-0.90446188
	50853	-0.9042728400000001
	50867	-0.90143724
	56116	-0.89973588
	57796	-0.88739517
	58563	-0.88739517
	58464	-0.8867409900000001
	57113	-0.8857
	57273	-0.88465728
	52972	-0.88347844
	59653	-0.88259785
	57173	-0.88246236
	57401	-0.88118046
	57041	-0.88
	52986	-0.8791
	57279	-0.87725538
	57278	-0.87387545
	57317	-0.87038649
	58268	-0.86820589
	56046	-0.86807168
	57162	-0.86563464
	56688	-0.86548014
	57942	-0.8646079000000001
	57348	-0.8638446900000001
	58329	-0.8636266300000001
	54774	-0.861
	53979	-0.86040864
	57318	-0.8593744600000001
	58433	-0.8593744600000001
	57061	-0.8578
	53343	-0.85190876
	57181	-0.8494340399999999
	53850	-0.8486
	58436	-0.8470540700000001
	52643	-0.847
	57238	-0.8469
	50950	-0.8459540000000001
	57057	-0.844
	57891	-0.84301996
	53475	-0.84160608
	54660	-0.84084992
	56670	-0.8364781600000001
	50741	-0.83527324
	58210	-0.8350607700000001
	57955	-0.83309823
	54584	-0.83064176
	56863	-0.8298273300000001
	50913	-0.8278061600000001
	58109	-0.82764673
	53957	-0.8273
	56164	-0.82513904
	57584	-0.82274038
	50442	-0.82270208
	50755	-0.8208116799999999
	54851	-0.8206
	56172	-0.8187062700000001
	53947	-0.8154
	55493	-0.81485692
	58442	-0.81292768
	58356	-0.8100929
	58247	-0.8096567800000001
	57014	-0.8054
	53868	-0.8027
	56584	-0.8011524400000001
	58719	-0.79995311
	57941	-0.79940796
	54938	-0.7988
	57052	-0.7968
	57789	-0.79504676
	50940	-0.79472416
	54824	-0.7946
	58432	-0.7937384000000001
	57178	-0.7933068
	58446	-0.79177586
	57402	-0.7915578
	56147	-0.79035847
	56384	-0.79014041
	58135	-0.79014041
	53955	-0.7873
	58510	-0.7864333900000001
	50834	-0.78555572
	57194	-0.78452712
	53725	-0.7836
	56152	-0.78000062
	56137	-0.77979
	57094	-0.7790920799999999
	53962	-0.7768
	56382	-0.77640263
	58259	-0.77574845
	59453	-0.7752033
	54510	-0.775
	57872	-0.77367688
	57512	-0.7719324
	57196	-0.7706259599999998
	58503	-0.76768023
	50527	-0.76617912
	54611	-0.7652
	56278	-0.76495448
	56745	-0.76310097
	58314	-0.76288291
	57343	-0.7624
	53757	-0.7621
	57513	-0.75983007
	58205	-0.7591287599999998
	58567	-0.75863074
	50564	-0.75653808
	52988	-0.7559
	57042	-0.7558
	54608	-0.7526
	58269	-0.75187088
	57781	-0.75165282
	53596	-0.7484
	57021	-0.7463
	54429	-0.746
	58506	-0.7419491500000001
	54939	-0.7413
	58012	-0.73998661
	57180	-0.7386428399999999
	54416	-0.7383
	50934	-0.73574368
	57866	-0.73453511
	58453	-0.7273391300000001
	50756	-0.7265752400000001
	52983	-0.7243
	58431	-0.7240682300000001
	58715	-0.7239592
	53916	-0.72336156
	56289	-0.72188763
	57029	-0.7215
	53845	-0.7213
	58359	-0.7185077000000001
	57462	-0.7182896400000001
	57086	-0.7174252799999999
	54503	-0.7168
	53983	-0.7167981599999999
	57875	-0.71600001
	57431	-0.7150187400000001
	58207	-0.7146032399999999
	57143	-0.7143
	56198	-0.7138194099999999
	54917	-0.7125
	58530	-0.7100033600000001
	53821	-0.7096
	53978	-0.7072868399999999
	58848	-0.70498798
	53998	-0.7032105599999999
	58459	-0.6996455100000001
	50915	-0.6962343200000001
	57786	-0.69473916
	50832	-0.6922644800000001
	57516	-0.69135923
	58330	-0.6909231100000001
	53958	-0.6898
	58203	-0.68939669
	56777	-0.6886334800000001
	54821	-0.6885
	56171	-0.68787027
	58427	-0.68776124
	54849	-0.6877
	57414	-0.68754318
	53910	-0.68640424
	58450	-0.68568967
	53963	-0.6851
	57956	-0.6813284700000001
	54843	-0.6806
	53195	-0.6802604400000001
	59280	-0.6778395100000001
	54621	-0.6775
	58353	-0.6754408500000001
	58619	-0.6746776400000001
	58311	-0.6726060700000001
	53956	-0.6722
	53970	-0.6704
	58138	-0.67031644
	54935	-0.6694
	58131	-0.66933517
	57290	-0.66600144
	56128	-0.6656098400000001
	57132	-0.6652
	58614	-0.66410173
	56378	-0.6629024
	58451	-0.66159404
	54523	-0.6615
	58706	-0.6585412
	58320	-0.6577779899999999
	58021	-0.6571
	53964	-0.6564
	54421	-0.6516
	56886	-0.65058201
	50954	-0.65010856
	58667	-0.64894656
	57294	-0.6488601599999999
	58461	-0.6472
	57405	-0.64665693
	58557	-0.6460027500000001
	57308	-0.6443673
	58693	-0.64404021
	57001	-0.6408
	56193	-0.6385887100000001
	54916	-0.6369
	50854	-0.63507988
	58415	-0.63422751
	57299	-0.6337047599999999
	58426	-0.6336823600000001
	57680	-0.63281012
	57328	-0.6315017600000001
	56395	-0.62921213
	50928	-0.62487172
	57586	-0.62168906
	58940	-0.6202716699999999
	57698	-0.6197265200000001
	56084	-0.619
	57966	-0.61678271
	57231	-0.6161
	57320	-0.6149292
	57296	-0.6145776
	53367	-0.61352932
	52575	-0.61192248
	57297	-0.6115465199999999
	57056	-0.6092470799999999
	58468	-0.60609777
	58214	-0.60337202
	58408	-0.60337202
	57232	-0.6032
	54428	-0.6023
	58326	-0.60228172
	58502	-0.6017365699999999
	56386	-0.6006462699999999
	53738	-0.6004
	56598	-0.59911985
	54921	-0.5966
	53954	-0.5942
	57658	-0.59388641
	52982	-0.5926
	53276	-0.5921678
	56666	-0.5920329000000001
	53942	-0.5919
	54575	-0.59131712
	56194	-0.59083357
	57511	-0.5898523000000001
	58409	-0.58963424
	57176	-0.58886568
	58701	-0.58854394
	56158	-0.58799879
	57175	-0.5863572
	53857	-0.5859
	54601	-0.5854
	57957	-0.58494595
	56872	-0.57742288
	58301	-0.5772639599999999
	55680	-0.5746816
	57024	-0.5731
	57049	-0.5706
	57729	-0.56946369
	58404	-0.5668469700000001
	54026	-0.56504056
	58418	-0.56488443
	58941	-0.5635760700000001
	58514	-0.56128644
	56281	-0.5591058400000001
	58570	-0.5591058400000001
	57835	-0.5589968100000001
	57345	-0.55888778
	57216	-0.55790651
	57981	-0.55768845
	58361	-0.5572
	58558	-0.55659815
	57906	-0.55648912
	54419	-0.5561
	54614	-0.5552
	57949	-0.5546356100000001
	53368	-0.55454884
	54804	-0.5515
	57976	-0.55125568
	56766	-0.5509285899999999
	57047	-0.5509
	52895	-0.5486
	56286	-0.54765769
	54903	-0.54758028
	59037	-0.5466764199999999
	50859	-0.54415164
	58664	-0.54329649
	53486	-0.5415
	56383	-0.54002559
	57399	-0.53980753
	58343	-0.53904432
	54027	-0.53800784
	53877	-0.5359
	55593	-0.53583388
	54499	-0.5345
	54424	-0.5341
	56391	-0.53391991
	59655	-0.53370185
	53705	-0.53290376
	56975	-0.53184834
	54832	-0.5264
	53483	-0.52524764
	53992	-0.52458588
	58126	-0.5245433300000001
	58005	-0.52134576
	58238	-0.51952795
	56641	-0.51930989
	56374	-0.51909183
	58421	-0.51909183
	57067	-0.51800112
	59041	-0.5171292900000001
	57777	-0.51669317
	56399	-0.51113264
	51053	-0.50984088
	58731	-0.50960622
	56755	-0.5080798000000001
	54434	-0.5078
	56982	-0.50764368
	57845	-0.5069895000000001
	57309	-0.50524502
	56592	-0.50295539
	57370	-0.50077479
	51058	-0.50057792
	57078	-0.4996055999999999
	53861	-0.4985
	57728	-0.49663165000000004
	57437	-0.49630456
	54432	-0.4956
	53599	-0.4927
	54738	-0.4882
	57985	-0.48714604
	54507	-0.4854
	54318	-0.4851
	54914	-0.4846
	54521	-0.4823
	50948	-0.48129584000000003
	54515	-0.4797
	58246	-0.47951394
	57298	-0.47817899999999997
	53974	-0.47776092
	57805	-0.47275408
	54902	-0.47232588
	50962	-0.47231644
	56870	-0.47188184000000005
	57451	-0.47046445000000003
	59659	-0.46904706000000007
	56202	-0.4683466
	57093	-0.46793603999999994
	53937	-0.4672
	58501	-0.46544907
	57696	-0.46435877000000003
	57808	-0.46326847000000004
	54701	-0.4629
	58339	-0.46217817
	57189	-0.45758856
	57894	-0.45585443000000003
	56093	-0.4545
	54844	-0.4533
	54117	-0.45284532000000005
	56188	-0.45214741
	56195	-0.4520383800000001
	59134	-0.45127517
	57293	-0.45089927999999996
	54923	-0.4477
	57522	-0.44767718000000006
	59249	-0.44669591000000003
	53707	-0.44027416
	56297	-0.43764642
	53908	-0.4348
	54512	-0.4344
	50939	-0.43384680000000003
	54433	-0.4331
	58507	-0.43306716
	57208	-0.43295813000000005
	58323	-0.43252201
	50960	-0.43148380000000003
	56390	-0.43132268
	57033	-0.4302
	53950	-0.4299
	57640	-0.42979626
	57571	-0.4295782
	57971	-0.42837887
	54430	-0.4279
	54911	-0.4264
	56871	-0.42576215
	57098	-0.42560543999999995
	57044	-0.4253
	53961	-0.4224
	57792	-0.42216416
	57099	-0.42194723999999995
	54374	-0.42193728
	52707	-0.42051948000000006
	52853	-0.42033044
	57051	-0.41954327999999996
	57734	-0.41725781
	57514	-0.41660363
	56952	-0.41616751
	57657	-0.41507721
	54113	-0.41475376
	58839	-0.41267855000000003
	50958	-0.41002776
	57811	-0.4088625
	57870	-0.40831735
	56296	-0.40711802
	54204	-0.40605792
	58760	-0.40591869
	54855	-0.4044
	50965	-0.40274972
	54705	-0.4027
	54186	-0.40067028
	57582	-0.39828659000000005
	56067	-0.39575524
	54471	-0.394621
	52866	-0.39235252000000004
	57874	-0.39196285000000003
	54613	-0.3914
	54910	-0.3914
	53499	-0.3909
	50639	-0.3889498
	57671	-0.38749262
	57063	-0.38160251999999995
	56959	-0.37964246
	58600	-0.37757089
	56752	-0.37626253000000004
	57409	-0.37560835
	56146	-0.37539029
	57197	-0.37470419999999993
	54313	-0.37231428
	56307	-0.37203072000000004
	56092	-0.3717
	53953	-0.3682
	58725	-0.36754013
	59046	-0.36732207
	54616	-0.3669
	57091	-0.36613355999999997
	52576	-0.36569788000000003
	57699	-0.36568661999999996
	53968	-0.3655
	57396	-0.36540192
	57355	-0.36263378
	58457	-0.36219766000000003
	53580	-0.3618
	57498	-0.35936288
	58822	-0.35903579
	54752	-0.3583
	56251	-0.35816355000000005
	58707	-0.35805452000000004
	58932	-0.35718228
	57140	-0.3561
	53869	-0.3548
	50983	-0.35341028
	56183	-0.35314817000000004
	57054	-0.3531
	54519	-0.3528
	54532	-0.3512
	58317	-0.35020436
	57324	-0.34856891
	57860	-0.34704249000000004
	54612	-0.3465
	57595	-0.34464383
	53994	-0.34460243999999995
	57720	-0.34442577
	57954	-0.34398965000000004
	59027	-0.34398965000000004
	54909	-0.3438
	54837	-0.3435
	54518	-0.3428
	54047	-0.33970488
	58918	-0.33930136
	58424	-0.33919233
	53925	-0.3386
	50955	-0.33809804000000004
	56651	-0.33744785
	57012	-0.3371
	56954	-0.3369027
	51465	-0.33620764000000003
	56961	-0.33603046
	56004	-0.3360186
	58942	-0.33483113
	54041	-0.33299396000000003
	57081	-0.33268716
	50632	-0.33138712000000003
	58742	-0.32937963
	57682	-0.32828933
	50349	-0.32770084000000005
	53289	-0.32713372
	56387	-0.32610873
	58249	-0.32610873
	58452	-0.32501842999999997
	58508	-0.32316492
	57055	-0.322
	53491	-0.3176
	58437	-0.31640506
	56763	-0.31607797
	57304	-0.31596894000000003
	57803	-0.31575088000000007
	51469	-0.31437352
	59082	-0.31171677
	54525	-0.3105
	57899	-0.30877296000000004
	53928	-0.3073
	54919	-0.3072
	54925	-0.3067
	53689	-0.3046
	56533	-0.30452079
	59294	-0.30408467
	54301	-0.3032
	53859	-0.3031
	58414	-0.30234019
	52875	-0.29972292
	56267	-0.29579839
	57004	-0.2957
	54901	-0.29505995999999995
	53856	-0.2945
	52889	-0.2938
	59304	-0.29339973
	54064	-0.29320103999999997
	57965	-0.29296361
	54476	-0.29244488
	58340	-0.28914756
	54102	-0.28913668000000003
	58517	-0.28751211
	58813	-0.28522248
	58606	-0.28500442000000004
	54208	-0.2845052
	58911	-0.28358703
	54522	-0.282
	59015	-0.2791168
	57813	-0.27878970999999997
	57814	-0.27846262000000005
	51288	-0.2783614
	54506	-0.2782
	54483	-0.27656552000000006
	51886	-0.27609292
	58607	-0.27595493
	50936	-0.27372992
	57807	-0.27104858
	59124	-0.27028537
	55585	-0.26456148
	57519	-0.26156297
	53348	-0.25983548
	54475	-0.25974096
	56881	-0.25763789000000004
	50945	-0.25728344000000003
	58609	-0.25491214
	57821	-0.25284057
	54420	-0.2522
	50946	-0.25151772
	57043	-0.2499
	54401	-0.2489
	56664	-0.24869743
	57816	-0.24749810000000003
	58401	-0.24717101000000002
	59269	-0.24542653
	58334	-0.2442272
	57034	-0.2438
	58416	-0.24128339000000001
	56312	-0.24093148000000003
	58257	-0.24084727000000003
	55696	-0.24017532
	51356	-0.23923012
	57517	-0.23899376000000003
	55655	-0.23866300000000001
	52825	-0.23563836
	58024	-0.2349
	58255	-0.23463256000000002
	55591	-0.23422056
	59063	-0.2333242
	57080	-0.23328864
	59246	-0.23310614
	58656	-0.23168875
	56567	-0.22852688000000002
	52674	-0.228
	54703	-0.2271
	57832	-0.2267824
	54602	-0.2251
	58712	-0.22438374000000003
	56571	-0.22416568
	53984	-0.22315019999999997
	53498	-0.2225
	54915	-0.2216
	57590	-0.21871418
	57913	-0.21871418
	55578	-0.21531656000000002
	58747	-0.2147891
	57416	-0.21413492
	54908	-0.2138
	53352	-0.21323712
	57544	-0.21206335
	57154	-0.2113
	53582	-0.2112
	53735	-0.2109
	54319	-0.2109
	57505	-0.21075499
	54922	-0.2107
	57439	-0.21053693
	54636	-0.2096
	54853	-0.2094
	54514	-0.2087
	54187	-0.20832208000000002
	54205	-0.20822756
	53966	-0.208
	59242	-0.20704797000000003
	52868	-0.20444676
	54626	-0.2034
	56462	-0.20257774
	58337	-0.20225065
	51060	-0.20161116
	57958	-0.20137841
	57735	-0.20028811000000002
	53490	-0.1987
	58806	-0.19810751000000001
	53841	-0.1978
	54905	-0.1977
	56371	-0.19679915
	56444	-0.19658108999999999
	50136	-0.19036328
	57295	-0.18949475999999998
	58429	-0.18764063
	51628	-0.18752768
	58002	-0.1867
	53949	-0.1863
	56778	-0.18458779
	53888	-0.1833
	57723	-0.18055368
	58344	-0.17891823
	53866	-0.1779
	53991	-0.17789303999999997
	50852	-0.1743894
	53993	-0.17413031999999998
	52681	-0.1739
	57048	-0.1733
	56331	-0.17278256
	57520	-0.17161322
	53975	-0.171
	53748	-0.1709
	54327	-0.17089216
	54615	-0.1683
	57779	-0.16714299
	57506	-0.16627075
	54470	-0.16597712
	57575	-0.16343597
	55589	-0.16096756
	58245	-0.16081925
	58714	-0.15842059000000003
	54528	-0.1577
	51369	-0.15624156
	50862	-0.15189364000000002
	53989	-0.15113592
	56876	-0.15024334
	56257	-0.14991625000000003
	58934	-0.14958916
	56295	-0.14926207
	53874	-0.1487
	56675	-0.14402863
	52836	-0.14376492000000002
	53590	-0.1432
	57329	-0.14282930000000002
	54134	-0.14253616
	58820	-0.14250221000000002
	56045	-0.14215808000000002
	59090	-0.13934034
	53862	-0.1392
	56273	-0.13726877
	57447	-0.13552429
	56772	-0.13497914
	57183	-0.13263588
	57558	-0.13214436000000002
	56782	-0.1319263
	53780	-0.1317
	50774	-0.13053212
	54620	-0.1299
	50749	-0.12958692
	51358	-0.12883076000000002
	57476	-0.12723801
	58620	-0.12614771
	54606	-0.1245
	57754	-0.12364002
	53997	-0.12270647999999999
	54520	-0.1218
	54594	-0.1206
	56357	-0.11982397
	57390	-0.11883923999999998
	56389	-0.11818852
	58448	-0.11742531
	54511	-0.1166
	58734	-0.1155718
	52876	-0.1129514
	57426	-0.11284605
	53512	-0.11219524
	53754	-0.112
	56280	-0.11033836
	59065	-0.11001127000000001
	52313	-0.10983224
	56247	-0.10870291
	56279	-0.10859388
	53906	-0.106
	57767	-0.10510492
	52896	-0.1044
	58342	-0.10412365000000001
	54912	-0.1027
	52633	-0.1011364
	57798	-0.09856312
	59133	-0.09660058
	54940	-0.0965
	59664	-0.09627349
	57915	-0.0959464
	52713	-0.09593780000000002
	56875	-0.09387483
	59441	-0.09300259000000001
	54273	-0.09291316000000001
	53848	-0.0927
	57806	-0.09245744
	56684	-0.09234841
	54304	-0.0913
	58921	-0.09016781
	53680	-0.0867
	56381	-0.08646079
	56394	-0.08646079
	53727	-0.0860132
	54399	-0.0845
	52557	-0.0844
	54493	-0.08383924000000001
	58003	-0.081
	57974	-0.08079123
	59137	-0.08002802
	58456	-0.07915578
	54486	-0.07864064
	57745	-0.07730227
	53492	-0.0772
	57649	-0.07697518
	51186	-0.07618312000000001
	53480	-0.07589956
	56443	-0.07457652000000001
	53336	-0.0737256
	56669	-0.07283204
	53884	-0.0722
	54142	-0.07192972
	57867	-0.07076047
	54597	-0.0701
	54321	-0.06928316000000001
	53337	-0.06890508000000001
	54715	-0.0689
	53484	-0.06540784
	55773	-0.06295032
	53699	-0.0621
	57193	-0.060726119999999995
	57045	-0.0595
	58601	-0.059203290000000006
	51076	-0.058318840000000004
	52323	-0.0576
	59640	-0.05538724
	53467	-0.05444352
	59130	-0.05429694
	57883	-0.053206640000000006
	54590	-0.05037916
	52974	-0.05000108
	53231	-0.04952848000000001
	57464	-0.048845440000000004
	50968	-0.04574768
	54377	-0.0444244
	56996	-0.04372103
	58736	-0.04273976
	56167	-0.042085580000000004
	54320	-0.040171000000000005
	53433	-0.0396984
	59254	-0.038378560000000006
	56785	-0.037070200000000005
	54605	-0.037
	50246	-0.03478336
	58926	-0.03478057
	54737	-0.0338
	59419	-0.03325415
	57962	-0.03314512
	54072	-0.03308200000000001
	53929	-0.0324
	56989	-0.03194579
	57679	-0.0316187
	57851	-0.030310339999999998
	58035	-0.029874220000000003
	57090	-0.02968368
	57995	-0.02584011
	54049	-0.02533136
	57868	-0.02518593
	54603	-0.025
	56746	-0.02376854
	51133	-0.02334644
	58836	-0.02322339
	57510	-0.0228963
	59055	-0.02202406
	53690	-0.0215
	56654	-0.019734430000000004
	53982	-0.019231679999999998
	57083	-0.018186479999999998
	53879	-0.0172
	56986	-0.017008679999999998
	54031	-0.01616292
	59125	-0.01570032
	59131	-0.01232039
	54569	-0.01200404
	57079	-0.011183639999999998
	58044	-0.00948561
	51145	-0.00652188
	59492	-0.005451500000000001
	56786	-0.00457926
	54431	-0.0032
	54092	-0.00226848
	57491	-0.0011993300000000002
	55664	-3.7808000000000004E-4
	53472	0.0
	57137	0.0013
	50949	0.0014178
	54835	0.0018
	57744	0.0027257500000000003
	53673	0.0069
	50963	0.008790359999999999
	57188	0.00919776
	59310	0.009703670000000001
	57398	0.00992173
	54810	0.0137
	59656	0.01646353
	57768	0.01809898
	54334	0.01918756
	53750	0.0195
	57195	0.0214266
	52963	0.02259028
	56276	0.02453175
	53926	0.025
	53481	0.02514232
	52980	0.0252
	56385	0.02627623
	53384	0.02656012
	53817	0.02722176
	59215	0.02769362
	56475	0.027802649999999998
	56885	0.028456830000000002
	57948	0.029874220000000003
	57739	0.029983250000000003
	54604	0.0323
	57776	0.033036090000000004
	54502	0.0331
	54907	0.0333
	58500	0.034998629999999996
	53576	0.0387
	53799	0.0392
	54423	0.0395
	57507	0.03979595
	54927	0.0409
	57573	0.042085580000000004
	50566	0.04215592
	56973	0.04426618
	57876	0.044811329999999996
	57523	0.04590163
	54135	0.04773260000000001
	53875	0.0478
	57853	0.04971768000000001
	54712	0.0509
	53784	0.0515
	54513	0.0531
	53505	0.05359284
	54386	0.055010640000000006
	53469	0.05510516
	53676	0.0552
	53663	0.0555
	53882	0.0567
	59951	0.05748904
	56873	0.05833105
	54834	0.0605
	54094	0.06181608
	54472	0.0628558
	53391	0.06417908
	51572	0.06455716
	59053	0.06574509
	54065	0.06635304
	57731	0.06705345
	52607	0.06890508000000001
	57177	0.0689832
	54080	0.07013384
	56376	0.07032435000000001
	59449	0.07054241
	53478	0.0732
	54530	0.0752
	52884	0.0755
	57075	0.07640411999999999
	58824	0.0774113
	54719	0.0776
	53981	0.08
	53397	0.084
	52874	0.08610772
	51463	0.08799812
	53692	0.0884
	54505	0.0886
	58550	0.09038587000000001
	54331	0.09272412000000001
	57089	0.09333636
	57492	0.09354774
	53455	0.09414192
	53795	0.0949
	53666	0.0958
	51359	0.096883
	54836	0.0981
	53696	0.0984
	53594	0.1003
	53772	0.1003
	56835	0.10183402
	57417	0.10259723000000001
	54346	0.10435008
	53915	0.1055
	53730	0.10633500000000001
	54800	0.1067
	57988	0.10695843000000001
	53695	0.1077
	54311	0.1114
	59072	0.11142866
	57990	0.11164672
	50879	0.11503084000000001
	58011	0.1162
	57545	0.11655307
	57737	0.11797046000000001
	55228	0.11833904
	57909	0.11993300000000001
	57574	0.12560256
	53518	0.1271294
	58845	0.1286554
	52661	0.1312
	57822	0.13127212
	56480	0.13203533
	54098	0.13440744
	54349	0.13525812
	57415	0.13563332
	58336	0.13617847
	53378	0.13639236000000002
	53519	0.13677044
	54527	0.1371
	58837	0.14053967
	56742	0.14108482
	53674	0.1449
	53392	0.146
	54535	0.1471
	57070	0.14800032
	57040	0.1482
	59094	0.14958916
	50247	0.15113748
	53853	0.1512
	53611	0.15170460000000002
	51482	0.15444568
	56580	0.1548226
	57673	0.15525872000000002
	57886	0.1559129
	58903	0.15711223000000002
	54609	0.1572
	54069	0.15803744
	54326	0.16002236
	57758	0.16016507000000002
	59457	0.16092828
	52112	0.16295248
	59462	0.16343597
	57038	0.1642
	56882	0.16430821
	58814	0.16452627
	58443	0.16474433000000002
	58025	0.1649
	54920	0.1661
	51573	0.1668278
	57996	0.16703396
	58417	0.16703396
	57687	0.16812426
	57496	0.16943262
	53995	0.17057664
	57719	0.17422994
	56862	0.17433896999999998
	51068	0.17495652
	52203	0.17505104000000002
	54362	0.17552364
	57736	0.17739181
	58819	0.17859114
	54633	0.1812
	58834	0.18273428
	54161	0.1828962
	54830	0.1833
	57708	0.18502390999999999
	52652	0.1852
	59654	0.18665936
	54709	0.187
	52679	0.1875
	53149	0.18762220000000002
	50673	0.18875644
	56187	0.18883996
	59279	0.18905802
	53584	0.1905
	56764	0.19167474
	54727	0.1927
	57420	0.19418243000000002
	57502	0.19527273
	57525	0.19527273
	56342	0.19773584
	54704	0.1979
	53896	0.1983
	58744	0.20083326
	58341	0.20105132
	53420	0.20425772
	57834	0.20650282000000003
	56836	0.20802924
	57071	0.2085174
	57438	0.20857439
	54324	0.20926728000000003
	57969	0.21130014
	54412	0.2114
	57964	0.21173626
	58935	0.21206335
	50877	0.21257548
	53362	0.21285904000000003
	57743	0.21293559
	57762	0.21304462
	54700	0.2154
	51059	0.21626176000000003
	56652	0.21740582
	54494	0.21900284
	58127	0.21915030000000002
	50674	0.2216494
	54718	0.2231
	57643	0.22329344
	57722	0.22416568
	51377	0.22420144
	58933	0.22634628
	54904	0.2275
	57461	0.22819979
	51571	0.22883292000000002
	53517	0.22930552
	53610	0.23195208
	54805	0.2328
	59025	0.23550480000000001
	50964	0.23639452
	54631	0.2379
	53704	0.23885204
	57192	0.23893272
	57493	0.23910279
	57674	0.23932085
	54474	0.24121504
	53860	0.2424
	57460	0.24248271999999998
	57978	0.24444526000000003
	58130	0.24520847
	57581	0.24531750000000002
	58821	0.24542653
	54156	0.24565748000000004
	56987	0.24717101000000002
	54039	0.24726432
	52784	0.2482
	53487	0.2486
	52885	0.2488
	57991	0.24880646
	57076	0.24886212
	59122	0.25142318
	56844	0.25480311
	53466	0.2561492
	59114	0.2573108
	58905	0.26003655
	51232	0.26040260000000004
	53767	0.2609
	57738	0.26210812
	57204	0.26287133
	59446	0.2638526
	57769	0.2649429
	53698	0.2663
	54439	0.2677
	54165	0.26994912000000004
	54814	0.2702
	59256	0.2747556
	54063	0.27495868
	53678	0.275
	59074	0.27508269
	57536	0.27628202
	53787	0.2765
	57509	0.27682717
	50888	0.27684908
	59126	0.27955292000000004
	51352	0.28034632
	58846	0.28118837
	58608	0.28325994
	53763	0.2838
	57800	0.28598569
	57694	0.28685793000000004
	58407	0.28805726
	51470	0.28838052
	51378	0.28989284
	57740	0.28991077000000004
	53881	0.29008188
	57385	0.29230943000000004
	57475	0.29339973
	52908	0.29603664
	51367	0.29830512
	58129	0.30179504
	57085	0.30289896
	59205	0.30321243000000003
	57837	0.30343049
	58944	0.30681042
	54807	0.307
	54347	0.30709548000000003
	57377	0.31040841
	57562	0.31128065
	51495	0.3123886
	58737	0.31247998000000005
	56878	0.3129161
	53272	0.31361736
	54811	0.3146
	59948	0.31561712000000003
	53529	0.31626392000000003
	53513	0.31654748
	54332	0.31862692000000004
	57732	0.32033014000000004
	59278	0.32065722999999996
	54436	0.3207
	53796	0.3217
	52787	0.3248
	54213	0.32495976
	53457	0.3256214
	53697	0.3264
	54225	0.32732276
	53871	0.3288
	53682	0.3313
	56792	0.33483113
	57388	0.33755688
	54181	0.33771996000000004
	53593	0.3389
	59058	0.33984651
	54337	0.34008296000000005
	59117	0.34039166
	59435	0.34060972
	58402	0.34213614000000003
	54736	0.3461
	54365	0.3464158
	57485	0.34802376
	59004	0.34933212
	54708	0.3505
	53324	0.3506692
	56691	0.35423847
	54410	0.3555
	58923	0.35674616
	54308	0.3578
	54563	0.35785272
	57773	0.35794549
	57882	0.35816355000000005
	54237	0.35889244
	54363	0.35908148
	59075	0.36045318000000004
	57381	0.36154348000000003
	54455	0.36267324
	56991	0.36492341
	54815	0.3658
	53785	0.3674
	58006	0.36864204
	59470	0.36895752
	53771	0.3692
	52862	0.36995128000000005
	53899	0.3703
	54234	0.37212524
	54236	0.3738266
	53578	0.374
	59088	0.37429999
	58818	0.37517223000000005
	58730	0.37702574
	54164	0.37713480000000005
	57614	0.38138694
	53522	0.38394024000000004
	53751	0.3847
	54338	0.38497996
	54729	0.3865
	51855	0.38687036
	56490	0.38912807
	54713	0.3893
	56582	0.39065449
	52968	0.39301416
	58122	0.39338024000000005
	54710	0.3967
	53577	0.3971
	58351	0.39752338
	59635	0.39806853
	54806	0.3987
	53399	0.3992
	50937	0.4026552
	59268	0.40297488
	53618	0.40426204000000004
	53723	0.40435656000000003
	57865	0.40471936
	59092	0.40493742000000005
	57655	0.40504645
	57713	0.40515548
	59007	0.40548257000000004
	56586	0.40580966
	56751	0.40755414000000006
	54702	0.4083
	59034	0.41017085999999997
	53791	0.412
	57841	0.41300564000000006
	56498	0.41453206
	59096	0.41813005000000003
	50987	0.41825100000000004
	57905	0.41834811
	54820	0.4196
	56869	0.42031065
	54607	0.4224
	57637	0.42445379
	54323	0.42562356
	57589	0.42565312000000005
	51330	0.42704136
	58420	0.42707051
	57799	0.42783372000000003
	57763	0.43492067
	57647	0.43546582
	56793	0.43797351
	54244	0.43913992
	54406	0.4395
	54263	0.44093580000000004
	56478	0.44157150000000006
	57666	0.44298889
	59448	0.44309792
	59116	0.44538754999999997
	55690	0.44585084
	59093	0.44615076000000004
	57914	0.44647785
	57842	0.44756815
	53878	0.4482
	54808	0.4494
	56994	0.45051196000000004
	54171	0.45152204
	57583	0.45280159000000003
	57840	0.45432801000000006
	54714	0.4557
	57993	0.45618152
	51436	0.45634256
	53769	0.4573
	55437	0.46059596
	53463	0.46182472
	53776	0.4624
	53446	0.46305348
	54579	0.46380964
	57358	0.46414071000000007
	58938	0.46468586000000006
	57256	0.46599422
	54596	0.466
	56434	0.46626716
	57828	0.46686646000000004
	57084	0.46814508
	56493	0.46861094000000003
	51815	0.46938632
	57046	0.4694
	59255	0.46991930000000004
	53864	0.4711
	59421	0.47504371
	51711	0.47505752000000007
	53502	0.47553012
	59454	0.47787849000000004
	54335	0.4788383200000001
	51704	0.48035064
	56970	0.48060424000000007
	53854	0.4811
	53852	0.4813
	58931	0.48496543999999997
	57585	0.48594671
	56879	0.48703701
	57903	0.49150724
	54818	0.4938
	54261	0.493867
	57718	0.49401493
	56575	0.49412396000000003
	54157	0.4948122
	54501	0.4965
	59021	0.49772195
	54622	0.4991
	57714	0.49935740000000006
	57774	0.50186509
	56992	0.50197412
	57603	0.50251927
	53777	0.5031
	57499	0.50339151
	54517	0.505
	56889	0.5054630800000001
	54623	0.5099
	57989	0.51189585
	56585	0.51287712
	53773	0.5161
	56033	0.51664632
	54226	0.51759152
	56838	0.5178925
	53889	0.5183146799999999
	53986	0.51956892
	53693	0.52
	56851	0.52061825
	57960	0.5211634
	53768	0.5254
	50788	0.52808324
	53753	0.5313
	54154	0.53158048
	56783	0.53435603
	52101	0.5345106000000001
	51431	0.53536128
	56756	0.53555536
	55299	0.53791332
	54437	0.538
	51765	0.53810236
	53898	0.53900964
	54531	0.54
	54132	0.5401818
	54822	0.5404
	50973	0.5447187600000001
	51633	0.5449078
	59477	0.54852993
	54336	0.54897216
	56473	0.5495112
	56643	0.55005635
	59241	0.55049247
	53574	0.5544
	54725	0.5551
	59235	0.55736136
	53894	0.5578
	54619	0.558
	51329	0.5588967600000001
	57635	0.55976002
	57489	0.5624857700000001
	58946	0.56433928
	53691	0.5648
	56649	0.5657566700000001
	56856	0.5681553300000001
	58907	0.5681553300000001
	54906	0.5696
	57095	0.5710972799999999
	53885	0.5725
	53464	0.5726966800000001
	53774	0.5727
	53687	0.5732
	53893	0.5734
	57912	0.5745881
	53619	0.5746816
	54817	0.57559164
	59452	0.5756784
	52602	0.57770624
	59091	0.57851318
	59298	0.58014863
	53732	0.58044732
	50772	0.58044732
	51241	0.58063636
	56593	0.58134796
	56958	0.58134796
	57646	0.5814569900000001
	59644	0.58178408
	53665	0.582
	50878	0.5822432000000001
	54829	0.5833
	57895	0.58625431
	54371	0.5883870000000001
	59017	0.58898006
	54325	0.58999384
	57537	0.5919238700000001
	56646	0.59214193
	51434	0.59471984
	53660	0.5995
	57932	0.60010112
	54342	0.6027540400000001
	53794	0.6049
	53806	0.60795264
	57378	0.60871449
	57809	0.6116583000000001
	59047	0.61482017
	57612	0.61689174
	54404	0.6177
	50776	0.61787724
	58906	0.6182000999999999
	59750	0.6192904
	54812	0.6195
	59469	0.61983555
	54169	0.62061832
	54534	0.6207
	52985	0.6208
	53782	0.622
	54223	0.62250872
	57742	0.62376063
	51705	0.62449364
	53567	0.6245
	57469	0.6249599600000001
	54541	0.6253
	50985	0.6267621200000001
	53897	0.6283
	57625	0.6294301900000001
	53865	0.6296
	59270	0.63008437
	51328	0.63111004
	56487	0.63182885
	54333	0.6323388000000001
	57554	0.63324624
	50979	0.6351744
	59501	0.63575393
	59064	0.6358629600000001
	57082	0.6411256799999999
	57486	0.64240476
	57564	0.64393118
	57605	0.64393118
	53790	0.6453
	56948	0.64556663
	57921	0.64643887
	59061	0.64643887
	51542	0.6468948800000001
	56548	0.6469840200000001
	57065	0.6472923599999999
	59417	0.6473111100000001
	53789	0.6485
	56978	0.6491646200000001
	57824	0.65287164
	54452	0.65341676
	54316	0.65908796
	51379	0.65993864
	57363	0.66192113
	54533	0.6623
	59264	0.6672636000000001
	51357	0.66806736
	57896	0.66813584
	54640	0.6683
	59071	0.6691171100000001
	57662	0.6705345
	50978	0.67165912
	51526	0.67430568
	58847	0.67478667
	52656	0.675
	59230	0.67958399
	57179	0.67979808
	57445	0.68274586
	57623	0.68514452
	51629	0.68555356
	54195	0.6885782
	53644	0.6898069600000001
	57818	0.68994184
	52797	0.6938
	53976	0.694
	53988	0.6946399199999999
	59426	0.69495722
	51365	0.69651788
	56788	0.69920939
	59451	0.69920939
	57678	0.70062678
	57717	0.7007358100000001
	54276	0.7050246800000001
	53892	0.7061
	59502	0.70705955
	57911	0.70934918
	59663	0.7118568700000001
	59288	0.7121839600000001
	53783	0.7146
	57780	0.71621807
	59318	0.71709031
	54274	0.72062048
	59001	0.7206883000000001
	53612	0.7209040400000001
	57752	0.72232375
	57710	0.72254181
	54734	0.7226
	51087	0.72430676
	56757	0.72548562
	54339	0.72600812
	57606	0.7282113700000001
	51827	0.7305450800000001
	59227	0.73322675
	54724	0.7333
	53797	0.7337
	57760	0.73442608
	53602	0.73735052
	54707	0.7404
	54076	0.7408477600000001
	57636	0.7415130300000001
	54497	0.74462856
	56489	0.74522005
	59265	0.7460922900000001
	59238	0.7492541600000001
	59113	0.7501264
	57857	0.752307
	59480	0.7573223800000001
	59314	0.7584126800000001
	50871	0.7592791600000001
	57598	0.76201067
	54425	0.764
	50787	0.76589556
	56697	0.76637187
	57466	0.7692066500000001
	54093	0.7708106
	59427	0.77182337
	54932	0.7721
	57772	0.77651166
	54214	0.77667084
	56767	0.7795645
	59038	0.77967353
	56984	0.7807638299999999
	51477	0.78139684
	58912	0.78272637
	54751	0.783
	54259	0.7830036800000001
	54249	0.7849886
	59081	0.785016
	57688	0.78556115
	59658	0.7870875700000001
	59051	0.78806884
	57761	0.7886139900000001
	57825	0.79253907
	54801	0.793
	58929	0.7937384000000001
	54449	0.7949
	57916	0.7970093
	58828	0.7972273599999999
	52267	0.8005844
	57494	0.80169759
	54706	0.8029
	53579	0.8038
	50873	0.80597204
	57458	0.81685276
	54803	0.8181
	53617	0.81939388
	51777	0.819961
	59631	0.8203417199999999
	53740	0.8207
	57859	0.82197717
	51353	0.82364728
	54260	0.82402536
	54408	0.8251
	57972	0.82655643
	51717	0.82714452
	57483	0.82993636
	57900	0.8315718100000001
	57902	0.83233502
	56790	0.8337524100000001
	53659	0.8343
	57540	0.8350607700000001
	51707	0.8355568
	54632	0.8388
	59023	0.8410574200000001
	51137	0.8411334800000001
	57565	0.8424748100000001
	59033	0.84727213
	53615	0.85001836
	54243	0.8503964400000001
	56578	0.8513062400000001
	57609	0.8546861700000001
	53996	0.8547
	58826	0.85730289
	54618	0.8593
	52515	0.8596
	51437	0.8604155600000001
	54617	0.865
	56781	0.8670065600000001
	56944	0.8670065600000001
	59229	0.8694052200000001
	56977	0.8699503700000001
	54726	0.8709
	56964	0.87169485
	54833	0.8734
	51826	0.87421548
	57827	0.8747476900000001
	52818	0.8755387600000001
	53786	0.8776
	59650	0.8806353100000001
	54351	0.8813044800000001
	57566	0.88150755
	53973	0.8839
	57844	0.88499651
	55472	0.8850852800000001
	54819	0.8869
	57604	0.89132025
	54732	0.8929
	53886	0.8947
	57577	0.89633563
	59476	0.8965536900000001
	57543	0.89698981
	54802	0.8972
	51243	0.89812904
	50775	0.9003975200000001
	51467	0.9011536800000001
	59481	0.9087650500000001
	51438	0.91032212
	53883	0.9108
	57829	0.91269013
	57947	0.91345334
	51804	0.91514264
	57793	0.91574297
	57994	0.9174874500000001
	53614	0.9285644800000001
	57910	0.9315523200000001
	51346	0.93215624
	57908	0.94191017
	51433	0.94557808
	54628	0.9456
	54645	0.9468
	53662	0.9502
	53664	0.9562
	56288	0.95935497
	51829	0.96051224
	56645	0.9608813900000001
	53547	0.96287524
	54723	0.9629
	54172	0.9640094800000001
	57766	0.96415229
	54717	0.9679
	54252	0.97194916
	51811	0.9775258400000001
	57889	0.98039776
	57633	0.9823603000000001
	54267	0.9824408800000002
	52856	0.9826299200000002
	57395	0.9834506000000001
	59321	0.99064658
	57642	0.99511681
	56499	0.99729741
	59475	1.00482048
	59102	1.0074372
	59473	1.00809138
	54248	1.0095681200000002
	57992	1.0097268300000002
	59322	1.01005392
	54711	1.0106
	51720	1.01193112
	50880	1.01391604
	53880	1.0146
	50778	1.01741328
	54825	1.0217
	57600	1.02237431
	54816	1.0228
	52546	1.0229
	57846	1.02542715
	56485	1.02553618
	56854	1.0283709600000002
	54453	1.0331036
	59493	1.0364391800000001
	56080	1.043
	56693	1.05235756
	56951	1.05235756
	59303	1.05475622
	59052	1.05519234
	59478	1.05660973
	59218	1.05693682
	51722	1.0607979600000002
	54284	1.06212124
	53575	1.0652
	57707	1.06685855
	55279	1.0694938
	51644	1.0704390000000001
	53792	1.0724
	56492	1.07329132
	57508	1.0752538600000001
	59284	1.07732543
	57482	1.0778705800000001
	52943	1.08546768
	51642	1.08716904
	57039	1.0885
	59632	1.08888261
	50779	1.0976607600000001
	57481	1.0990224
	53985	1.1000729999999999
	56596	1.10240233
	57368	1.1032745700000002
	59316	1.10719965
	57477	1.10948928
	51156	1.11174424
	56748	1.11199697
	57771	1.11232406
	57661	1.1199561599999999
	53562	1.12176336
	59087	1.12682505
	54454	1.12875784
	59228	1.13227655
	59127	1.13685581
	51828	1.1422742
	53488	1.1425
	51435	1.14501528
	59293	1.1460143299999999
	59324	1.1488491100000002
	59059	1.14972135
	59289	1.15495479
	59097	1.1571353899999999
	53543	1.15720836
	54438	1.1584
	53798	1.1594
	59673	1.1601882300000002
	57839	1.1655307
	54624	1.1684
	54231	1.16892884
	56768	1.1719634700000001
	59487	1.17305377
	50892	1.17318224
	58928	1.17785109
	56846	1.17905042
	54722	1.1839
	57907	1.1888631200000002
	53685	1.1907
	53419	1.1914246
	52978	1.1927
	59099	1.19889388
	57387	1.20314605
	59488	1.20456344
	59209	1.2076162799999999
	53533	1.20815464
	51334	1.21042312
	54828	1.2122
	53681	1.215
	51581	1.21826828
	57936	1.22407981
	53651	1.2242
	59285	1.22538817
	58748	1.22833198
	57887	1.22887713
	54540	1.2342
	52533	1.242
	59211	1.24752126
	56883	1.25024701
	51238	1.2599516
	57518	1.2637667300000002
	51802	1.26902552
	51810	1.2726172800000002
	54539	1.2739
	59317	1.27488779
	53872	1.2756
	58917	1.27979414
	56969	1.28121153
	53564	1.2862
	54192	1.28651172
	54731	1.2867
	53677	1.2924
	57634	1.29429513
	56594	1.3002917800000002
	57389	1.30323559
	59456	1.30487104
	57465	1.3051981300000002
	52495	1.3057938
	51701	1.3127882800000001
	51468	1.31789236
	56949	1.3201352400000002
	53588	1.3235
	53553	1.32696628
	53832	1.3328
	59319	1.33289175
	53775	1.3367
	51655	1.3368908800000001
	54254	1.3429401600000002
	59429	1.34335863
	51627	1.34870588
	56043	1.3530538
	56474	1.35862283
	52842	1.35929212
	52765	1.3639236000000001
	55248	1.36420716
	51559	1.3716742400000002
	54627	1.3732
	57741	1.37857532
	52737	1.3791413200000002
	52984	1.3859
	56065	1.3913344
	51814	1.3927522
	50884	1.3970056
	53770	1.4069
	53895	1.4069
	59297	1.4082314800000002
	58804	1.41270171
	53764	1.4184
	53788	1.4212
	54218	1.42687392
	57927	1.43450771
	57669	1.4375605500000002
	59266	1.44432041
	59276	1.45129833
	59431	1.4515163899999999
	53759	1.4533
	56595	1.4571859500000002
	52446	1.4572
	59031	1.46231036
	59109	1.46492708
	54730	1.4688
	52447	1.4727
	51818	1.48368044
	59851	1.49231012
	59954	1.49425696
	52418	1.5076
	51708	1.5166679200000002
	57975	1.51802469
	53760	1.5183
	59213	1.52075044
	58936	1.52990896
	56543	1.53710494
	51567	1.54001436
	53781	1.5437
	59315	1.5438648
	57923	1.5517149600000002
	59626	1.5531323500000003
	59854	1.55541064
	56483	1.55934706
	51716	1.58027988
	59271	1.58235239
	59500	1.59009352
	59106	1.59641726
	52745	1.6049496
	59290	1.61048213
	59224	1.63817575
	59849	1.63946832
	56891	1.6409015
	54096	1.6439863600000002
	58843	1.6458078500000002
	51931	1.64899592
	58927	1.67339244
	51568	1.67498892
	59237	1.68058842
	56074	1.6887
	59313	1.69389008
	51636	1.69417648
	51639	1.69880796
	59306	1.70980846
	53890	1.7199
	52645	1.73236256
	56843	1.7333589400000002
	56849	1.74197231
	54644	1.7464
	56950	1.7514579200000002
	54291	1.75183368
	56946	1.76246995
	52657	1.76535004
	59647	1.7710833200000002
	59856	1.7723115200000001
	51839	1.7750856
	59107	1.7780612400000002
	59287	1.7817682600000002
	56840	1.78961842
	53545	1.80599364
	54823	1.8326
	56839	1.84053543
	59855	1.85155936
	59471	1.8684471100000002
	52833	1.8789630800000001
	54266	1.8828384
	52955	1.8899274000000001
	52957	1.9038218400000002
	56995	1.9181647900000003
	54290	1.92414364
	54826	1.9355
	56071	1.9441
	53891	1.9537
	54286	1.9570366000000001
	59757	1.97787492
	59012	1.98031189
	56673	1.9832557
	51656	2.02565812
	51709	2.02924988
	59320	2.04518474
	53756	2.064
	54285	2.06403324
	53646	2.0918
	57926	2.0919586100000003
	53565	2.1097
	52424	2.2131
	54292	2.22679668
	57608	2.24209292
	54293	2.24796916
	54716	2.2651
	56496	2.32332027
	53658	2.3585
	56841	2.38154229
	59057	2.4107623300000003
	59848	2.4594315200000003
	57541	2.5033288
	56842	2.53047727
	57922	2.5584979800000003
	59312	2.60668924
	59754	2.68922495
	52754	2.6892830400000003
	59758	2.70278652
	59945	2.73198912
	59425	2.86160138
	59485	2.90837525
	59843	2.90960964
	59022	2.95732972
	59941	2.9657244400000002
	59838	2.99080432
	56739	3.0007236600000002
	59940	3.26450712
	59847	3.30229872
	59845	3.3860128400000002
	59842	4.25751004
