50136     1
50137  -999
50246     1
50247  -999
50349     1
50353     1
50425     0
50431  -999
50434     1
50442     1
50445  -999
50468     1
50514     2
50524     1
50525  -999
50526  -999
50527     2
50548     2
50557     1
50564     2
50566     0
50603     2
50618     2
50632     1
50639     2
50646     1
50647  -999
50655     1
50656     1
50658     1
50659     0
50673  -999
50674  -999
50727     0
50739  -999
50741     1
50742     2
50745     1
50749     1
50750  -999
50755     1
50756     1
50758     1
50767     0
50772  -999
50774     1
50775     0
50776     0
50778     1
50779     0
50787     1
50788     1
50832     1
50833  -999
50834     1
50838     1
50842     1
50844     2
50851     0
50852     0
50853     2
50854     1
50858     0
50859     1
50861     0
50862     1
50867     1
50871     1
50873     2
50877     1
50878     0
50879     1
50880  -999
50884     1
50888     1
50892  -999
50913     1
50915     0
50924  -999
50928     1
50934  -999
50936     1
50937  -999
50939  -999
50940  -999
50945  -999
50946  -999
50948     1
50949     1
50950     1
50953     2
50954  -999
50955  -999
50956    -2
50958     2
50960     2
50962     1
50963     2
50964     2
50965     2
50968     2
50971  -999
50973  -999
50978     1
50979     0
50983     2
50985     1
50987  -999
51053     2
51058  -999
51059  -999
51060  -999
51068     2
51076     2
51087     2
51133     1
51137  -999
51145  -999
51156     1
51186     2
51232     1
51238  -999
51241     3
51243     1
51288     2
51328     4
51329     4
51330     0
51334     2
51346     3
51352     2
51353  -999
51356     2
51357  -999
51358  -999
51359  -999
51365     1
51367     1
51369     0
51377     0
51378     0
51379     1
51430     4
51431     4
51433  -999
51434     4
51435     4
51436     4
51437     4
51438     4
51463     0
51465    -6
51467   -10
51468    -7
51469  -999
51470  -999
51477     3
51482     0
51495     1
51526     1
51542     2
51559  -999
51567     0
51568     1
51571  -999
51572  -999
51573     0
51581     0
51627     2
51628     2
51629     1
51633     3
51636     2
51639  -999
51642     0
51644     3
51655  -999
51656     0
51701     1
51704  -999
51705     2
51707     3
51708     2
51709     2
51711     1
51716     2
51717     2
51720     2
51722     2
51730     2
51747  -999
51765     2
51777     1
51802     3
51804     1
51810  -999
51811     2
51814     0
51815     2
51818     1
51826  -999
51827     1
51828     1
51829     1
51839     1
51848  -999
51855     0
51886     3
51931     1
52101     2
52112  -999
52118     0
52203     0
52267     0
52313     3
52323     2
52343  -999
52378     1
52418     3
52424     1
52436     3
52441  -999
52446     1
52447     2
52495     1
52515     2
52533     3
52546     2
52557     1
52575     0
52576     1
52602     2
52607     1
52633    -4
52643     1
52645     0
52652     2
52656     1
52657   -10
52661     3
52674     2
52679     2
52681     2
52707     3
52713     4
52737     0
52745  -999
52754     3
52765     2
52784     2
52787     3
52788  -999
52797     0
52818     1
52825     0
52833     1
52836     0
52842  -999
52853  -999
52855  -999
52856   -13
52862  -999
52863  -999
52866     1
52868   -13
52869  -999
52874    -6
52875  -999
52876     0
52884  -999
52885    -1
52889     1
52895    -2
52896    -7
52908     0
52943    -6
52955   -17
52957   -14
52963  -999
52968  -999
52972  -999
52974  -999
52978    -5
52980    -4
52982  -999
52983     2
52984     2
52985     1
52986     1
52988     1
52993  -999
52995     1
52996     3
52998     2
53068     1
53083     1
53149     0
53192     1
53195     1
53231     1
53272     3
53276     1
53289  -999
53324     0
53336     0
53337     0
53343    -6
53348  -999
53352     0
53357    -7
53362     3
53367     1
53368  -999
53378     3
53384  -999
53385    -5
53391     1
53392  -999
53397  -999
53399     1
53419     0
53420  -999
53433   -10
53446    -8
53455     1
53457  -999
53463     2
53464  -999
53466  -999
53467  -999
53469     0
53472     3
53475    -2
53478     0
53480     1
53481    -8
53483     1
53484   -15
53486  -999
53487    -9
53488  -999
53490  -999
53491  -999
53492  -999
53498    -8
53499  -999
53502     1
53505  -999
53512     0
53513     0
53517  -999
53518  -999
53519     1
53522     0
53529     3
53533  -999
53543     1
53545  -999
53547     1
53553  -999
53562  -999
53564     0
53565  -999
53567  -999
53573  -999
53574  -999
53575  -999
53576  -999
53577  -999
53578  -999
53579  -999
53580  -999
53582  -999
53584  -999
53585  -999
53588     2
53590  -999
53593    -6
53594  -999
53596  -999
53599     1
53602     0
53610  -999
53611  -999
53612  -999
53614     2
53615     1
53617  -999
53618  -999
53619  -999
53644  -999
53646     1
53651  -999
53658  -999
53659  -999
53660  -999
53662  -999
53663     0
53664     1
53665     1
53666  -999
53669  -999
53673     2
53674  -999
53676  -999
53677  -999
53678  -999
53679  -999
53680  -999
53681  -999
53682  -999
53685  -999
53687  -999
53688  -999
53689  -999
53690    -3
53691  -999
53692  -999
53693  -999
53694    -6
53695  -999
53696   -12
53697  -999
53698    -4
53699  -999
53704     1
53705     1
53707  -999
53723     1
53725     2
53727  -999
53730  -999
53732     2
53735  -999
53738     2
53740     2
53748  -999
53750  -999
53751  -999
53753  -999
53754     2
53756  -999
53757  -999
53759  -999
53760  -999
53763  -999
53764     0
53767  -999
53768  -999
53769  -999
53770  -999
53771    -8
53772     1
53773  -999
53774  -999
53775  -999
53776   -10
53777    -2
53778  -999
53780  -999
53781  -999
53782  -999
53783     1
53784  -999
53785  -999
53786     1
53787     1
53788     1
53789  -999
53790  -999
53791  -999
53792  -999
53794  -999
53795  -999
53796  -999
53797  -999
53798     0
53799  -999
53806     0
53810     0
53817     1
53821     0
53829    -1
53832  -999
53841  -999
53845     1
53848  -999
53850  -999
53852  -999
53853     1
53854  -999
53856  -999
53857  -999
53859  -999
53860  -999
53861  -999
53862  -999
53863     0
53864  -999
53865  -999
53866  -999
53868    -1
53869  -999
53871  -999
53872  -999
53873  -999
53874  -999
53875  -999
53877  -999
53878  -999
53879  -999
53880  -999
53881  -999
53882     0
53883    -1
53884  -999
53885  -999
53886  -999
53887  -999
53888  -999
53889     0
53890  -999
53891  -999
53892  -999
53893  -999
53894  -999
53895  -999
53896    -4
53897  -999
53898     0
53899  -999
53903     1
53906     0
53908     2
53910  -999
53914  -999
53915     1
53916  -999
53917     0
53923     2
53924     1
53925     1
53926     1
53927     2
53928     0
53929     3
53930     1
53931  -999
53934     0
53935     0
53937     2
53938  -999
53941  -999
53942     1
53944  -999
53945  -999
53947  -999
53948  -999
53949  -999
53950  -999
53953  -999
53954  -999
53955  -999
53956  -999
53957  -999
53958  -999
53959     0
53961  -999
53962  -999
53963     1
53964  -999
53965  -999
53966    -6
53967  -999
53968  -999
53970  -999
53972    -1
53973  -999
53974    -7
53975     1
53976  -999
53978     1
53979    -4
53980  -999
53981  -999
53982    -3
53983    -1
53984   -12
53985    -5
53986   -10
53987   -12
53988    -8
53989    -1
53991    -3
53992    -3
53993    -2
53994    -9
53995    -2
53996  -999
53997    -2
53998    -3
54012     1
54024     1
54026     1
54027     1
54031     1
54039     1
54041     1
54047     1
54049     1
54063     2
54064  -999
54065  -999
54069  -999
54072  -999
54076  -999
54080     1
54092     0
54093     1
54094     1
54096     1
54098     1
54099     1
54102     1
54113  -999
54115     1
54117  -999
54122  -999
54132     0
54134     1
54135     0
54142     1
54154  -999
54156  -999
54157     1
54161     2
54164  -999
54165  -999
54169  -999
54171     1
54172  -999
54181     2
54186     2
54187  -999
54192  -999
54195     1
54204     3
54205  -999
54208     3
54213     1
54214     1
54218     3
54223  -999
54225  -999
54226     0
54231  -999
54234     0
54236     1
54237     1
54243  -999
54244  -999
54245  -999
54248  -999
54249  -999
54252  -999
54254     4
54259     4
54260  -999
54261  -999
54263     2
54266     3
54267  -999
54273     2
54274  -999
54276     3
54284     3
54285     3
54286  -999
54287  -999
54290  -999
54291  -999
54292     0
54293  -999
54301  -999
54304  -999
54305  -999
54308     3
54311     1
54313  -999
54316     1
54318  -999
54319  -999
54320  -999
54321  -999
54323   -11
54324     1
54325  -999
54326     1
54327  -999
54328  -999
54330  -999
54331     3
54332  -999
54333     4
54334  -999
54335     4
54336  -999
54337     3
54338  -999
54339     3
54340  -999
54342     4
54345  -999
54346     3
54347  -999
54348  -999
54349  -999
54351     4
54353  -999
54362  -999
54363     3
54365     3
54371  -999
54374     3
54377     3
54386     2
54398     0
54399  -999
54401     1
54404     1
54405     0
54406  -999
54408  -999
54410  -999
54412  -999
54416     0
54419  -999
54420     1
54421  -999
54423     1
54424  -999
54425  -999
54428    -1
54429     1
54430  -999
54431  -999
54432  -999
54433    -4
54434  -999
54436     1
54437  -999
54438  -999
54439  -999
54449     1
54452  -999
54453  -999
54454     1
54455     2
54470  -999
54471     1
54472  -999
54474  -999
54475  -999
54476     3
54483  -999
54486     3
54493     3
54494  -999
54497     3
54499  -999
54501  -999
54502    -5
54503  -999
54505  -999
54506  -999
54507  -999
54510  -999
54511     0
54512  -999
54513  -999
54514    -5
54515    -2
54517     0
54518    -2
54519  -999
54520  -999
54521     0
54522  -999
54523    -2
54525  -999
54526  -999
54527     1
54528  -999
54529    -1
54530  -999
54531  -999
54532  -999
54533  -999
54534     0
54535     0
54539     1
54540  -999
54541  -999
54563     2
54568  -999
54569  -999
54575  -999
54579     1
54584     3
54590  -999
54594  -999
54596  -999
54597  -999
54601  -999
54602    -8
54603  -999
54604  -999
54605  -999
54606    -8
54607  -999
54608   -11
54609  -999
54610  -999
54611  -999
54612  -999
54613  -999
54614  -999
54615  -999
54616    -8
54617  -999
54618    -8
54619     0
54620  -999
54621  -999
54622  -999
54623     1
54624    -8
54626  -999
54627  -999
54628  -999
54631  -999
54632  -999
54633  -999
54636  -999
54640  -999
54644  -999
54645    -2
54646  -999
54660  -999
54662     1
54700  -999
54701  -999
54702  -999
54703  -999
54704  -999
54705    -3
54706  -999
54707  -999
54708  -999
54709  -999
54710  -999
54711  -999
54712  -999
54713  -999
54714  -999
54715    -7
54716  -999
54717  -999
54718  -999
54719  -999
54722  -999
54723  -999
54724  -999
54725    -8
54726  -999
54727  -999
54728  -999
54729  -999
54730  -999
54731  -999
54732  -999
54734  -999
54736  -999
54737  -999
54738  -999
54744  -999
54749  -999
54751     1
54752  -999
54753     1
54755  -999
54759  -999
54764     0
54765  -999
54766  -999
54774     1
54776     1
54777  -999
54778  -999
54800  -999
54801  -999
54802  -999
54803  -999
54804  -999
54805  -999
54806  -999
54807  -999
54808    -7
54809  -999
54810  -999
54811  -999
54812  -999
54814  -999
54815  -999
54816  -999
54817    -4
54818  -999
54819  -999
54820  -999
54821  -999
54822  -999
54823    -4
54824  -999
54825  -999
54826     0
54827  -999
54828  -999
54829  -999
54830  -999
54831  -999
54832  -999
54833  -999
54834  -999
54835  -999
54836    -3
54837  -999
54841  -999
54842  -999
54843    -5
54844  -999
54846  -999
54848  -999
54849  -999
54851  -999
54852  -999
54853  -999
54855  -999
54857     2
54861  -999
54863     1
54868  -999
54871  -999
54900    -9
54901    -3
54902    -6
54903    -1
54904  -999
54905  -999
54906  -999
54907  -999
54908  -999
54909     1
54910  -999
54911  -999
54912  -999
54913  -999
54914  -999
54915  -999
54916    -1
54917  -999
54918  -999
54919  -999
54920  -999
54921  -999
54922  -999
54923  -999
54925  -999
54927  -999
54929     1
54932  -999
54935  -999
54936     2
54938  -999
54939     1
54940  -999
54943     2
54945     2
54952  -999
55228     1
55248     0
55279    -6
55294    -5
55299     0
55437     3
55472     0
55493   -14
55572  -999
55578    -7
55585    -5
55589  -999
55591   -12
55593  -999
55597  -999
55598    -8
55655     3
55664    -8
55680   -10
55681    -4
55690     3
55696    -7
55773     2
56004     0
56016  -999
56018   -11
56021     0
56029   -13
56033    -3
56034    -1
56038    -2
56041  -999
56043     1
56045  -999
56046     2
56065     2
56067     1
56071   -19
56074     0
56075  -999
56079     1
56080     2
56081    -3
56082    -6
56084     0
56091     0
56092     1
56093     0
56094    -6
56095   -12
56096    -1
56097   -16
56106    -9
56109  -999
56116    -4
56125   -21
56128  -999
56132  -999
56137    -8
56144     0
56146     1
56147  -999
56151   -13
56152     2
56158  -999
56164    -3
56167    -4
56168    -6
56171  -999
56172    -8
56173     1
56178   -11
56180  -999
56181   -15
56182    -1
56183    -2
56184    -9
56185    -8
56186   -14
56187   -11
56188   -12
56189   -17
56190   -18
56192    -3
56193     0
56194    -6
56195   -11
56196   -10
56197   -15
56198   -10
56199   -13
56202     2
56223    -1
56227     2
56228  -999
56247    -1
56251    -7
56257     0
56263  -999
56265  -999
56267  -999
56272   -16
56273   -12
56276   -17
56278    -7
56279    -7
56280    -9
56281    -6
56284   -13
56285   -16
56286   -26
56287    -5
56288   -23
56289   -13
56290   -14
56291   -15
56294  -999
56295   -25
56296   -15
56297   -26
56298   -27
56307    -6
56312     1
56317     0
56331     2
56342  -999
56357     1
56371   -10
56373   -20
56374    -6
56376   -23
56378    -9
56380    -8
56381   -12
56382   -15
56383   -18
56384   -10
56385    -6
56386   -13
56387    -8
56389   -11
56390   -19
56391   -14
56393   -22
56394   -13
56395   -16
56396   -17
56399    -8
56434     2
56441    -2
56443  -999
56444     3
56459   -13
56462    -5
56473  -999
56474  -999
56475   -16
56478  -999
56479   -17
56480   -11
56483   -14
56485   -10
56487  -999
56489   -21
56490    -8
56491    -9
56492   -11
56493    -7
56494   -20
56496     0
56497   -10
56498    -6
56499     0
56533     3
56543     1
56548     3
56565   -15
56567   -25
56569  -999
56571   -24
56575  -999
56578  -999
56580  -999
56582   -11
56584  -999
56585    -7
56586    -9
56592    -7
56593    -8
56594   -10
56595   -12
56596   -11
56598   -16
56641     3
56643  -999
56645    -3
56646   -10
56649   -21
56651   -13
56652   -12
56654   -16
56664   -17
56665   -18
56666   -20
56669   -22
56670   -16
56671   -22
56673    -8
56674   -21
56675  -999
56684   -13
56688   -20
56691    -6
56693   -20
56697   -17
56739   -14
56741  -999
56742   -14
56745   -16
56746   -17
56748   -16
56751   -15
56752   -18
56755   -17
56756   -21
56757   -19
56761   -28
56763   -21
56764   -31
56766   -32
56767   -28
56768   -29
56772   -31
56774   -27
56775   -26
56777   -33
56778   -26
56781   -30
56782   -32
56783   -32
56785   -32
56786   -32
56788   -20
56790   -32
56792   -32
56793   -36
56835   -28
56836   -21
56838   -28
56839   -31
56840   -18
56841   -21
56842   -20
56843   -27
56844   -18
56846   -22
56849   -29
56851   -26
56854   -28
56856   -14
56862   -25
56863   -27
56867   -23
56869   -19
56870   -20
56871   -11
56872   -26
56873   -12
56875   -11
56876   -11
56878   -10
56879    -8
56880   -23
56881   -13
56882   -19
56883   -20
56885   -11
56886   -14
56889   -17
56891   -22
56898   -15
56944   -18
56945  -999
56946   -21
56948   -15
56949   -20
56950   -18
56951   -17
56952   -21
56954   -19
56958   -16
56959   -15
56961   -13
56962   -13
56964    -8
56966   -15
56969    -7
56970   -15
56973   -14
56975   -11
56976   -23
56977    -9
56978    -9
56982   -14
56984   -16
56985   -13
56986   -16
56987   -15
56989   -14
56991  -999
56992   -18
56994   -18
56995   -20
56996   -17
57001     0
57002     1
57003  -999
57004     0
57006    -3
57007     0
57008     0
57011    -1
57012     0
57014  -999
57016  -999
57020  -999
57021  -999
57022  -999
57023  -999
57024  -999
57025  -999
57026  -999
57027  -999
57028  -999
57029  -999
57030  -999
57031  -999
57032  -999
57033  -999
57034     3
57035  -999
57036  -999
57037     1
57038  -999
57039  -999
57040  -999
57041  -999
57042  -999
57043  -999
57044  -999
57045  -999
57046     2
57047  -999
57048  -999
57049  -999
57051     1
57052  -999
57053     0
57054  -999
57055  -999
57056     0
57057  -999
57060     0
57061    -1
57063     1
57065     1
57066     0
57067     1
57070     1
57071     1
57072     0
57073  -999
57074     1
57075     0
57076    -6
57077     1
57078     2
57079    -9
57080    -6
57081    -6
57082    -3
57083     0
57084  -999
57085    -1
57089     1
57090    -4
57091     0
57093     0
57094     1
57095     1
57096     0
57098     0
57099     1
57102     0
57105    -3
57106     2
57110     0
57111    -1
57113  -999
57119  -999
57124  -999
57126  -999
57127     0
57128  -999
57129  -999
57131  -999
57132  -999
57134    -3
57137  -999
57140  -999
57143     1
57144     0
57153  -999
57154  -999
57155  -999
57156     2
57162     3
57169     0
57173     2
57175    -2
57176    -2
57177     2
57178     1
57179     1
57180     1
57181     3
57182     2
57183     1
57184     1
57185     2
57186     2
57187     0
57188     2
57189     3
57190  -999
57191     1
57192     1
57193     1
57194     2
57195     2
57196     2
57197     3
57198     2
57204    -9
57206     0
57208     0
57211  -999
57213  -999
57216     0
57217    -2
57231  -999
57232    -1
57233  -999
57237     0
57238  -999
57242  -999
57245    -2
57247  -999
57248  -999
57249  -999
57251     1
57253     1
57254  -999
57256  -999
57257  -999
57259    -6
57260  -999
57261     2
57265     3
57268  -999
57271     1
57273     1
57274     0
57278  -999
57279     1
57281     2
57285  -999
57290     3
57292     3
57293     3
57294     3
57295     3
57296     3
57297     3
57298     3
57299     3
57303    -2
57304    -4
57306     0
57307    -9
57308   -10
57309    -2
57313    -2
57314    -5
57315    -8
57317    -8
57318   -11
57320    -5
57324    -8
57326    -6
57328    -6
57329    -8
57333     0
57343  -999
57345   -15
57348    -8
57349    -8
57351  -999
57352  -999
57353  -999
57355     1
57358  -999
57359  -999
57361    -3
57362     1
57363  -999
57368  -999
57370  -999
57377     2
57378     2
57381  -999
57385     3
57387  -999
57388     3
57389     3
57390     3
57395  -999
57396     3
57398     3
57399     3
57401    -8
57402    -3
57405    -2
57407   -15
57408   -13
57409   -13
57411     0
57413   -10
57414    -6
57415    -5
57416   -10
57417    -8
57420   -11
57425   -10
57426    -5
57431    -5
57432    -1
57437   -10
57438   -13
57439  -999
57445  -999
57447     1
57451  -999
57453  -999
57458     1
57460     1
57461     1
57462  -999
57464     2
57465     2
57466     2
57469     3
57475     3
57476     2
57477     3
57481     3
57482  -999
57483     3
57485  -999
57486     3
57489     3
57491     3
57492     3
57493  -999
57494     3
57496     3
57498     3
57499     3
57502  -999
57503  -999
57504  -999
57505    -8
57506    -6
57507   -10
57508    -8
57509    -9
57510    -5
57511    -3
57512  -999
57513    -4
57514    -1
57515  -999
57516     0
57517  -999
57518    -3
57519    -7
57520  -999
57522    -9
57523  -999
57525   -17
57536  -999
57537   -15
57540    -9
57541    -8
57543     0
57544    -4
57545    -2
57554     1
57558     2
57562     2
57564     1
57565     2
57566     2
57571     3
57573  -999
57574     3
57575     3
57577     3
57581  -999
57582     3
57583     3
57584     3
57585     3
57586     3
57589     3
57590     3
57595  -999
57598     3
57600    -6
57602  -999
57603     0
57604  -999
57605     0
57606   -15
57608    -2
57609    -2
57612  -999
57614    -4
57622  -999
57623   -14
57625   -18
57633    -4
57634   -17
57635    -2
57636    -2
57637     0
57640     0
57642  -999
57643     3
57646     0
57647     1
57649     2
57655     3
57657     3
57658     3
57661     2
57662     3
57663     3
57666     2
57669     3
57671     3
57673  -999
57674     3
57678     2
57679  -999
57680     3
57682     3
57687     2
57688     2
57694     3
57696  -999
57698     3
57699     3
57707    -9
57708   -23
57710   -18
57713   -27
57714   -13
57717   -19
57718   -18
57719   -17
57720   -14
57722    -9
57723   -10
57728   -21
57729    -4
57731    -6
57732    -8
57734    -6
57735   -12
57736     1
57737   -21
57738   -20
57739   -13
57740     2
57741     0
57742     0
57743     3
57744   -19
57745    -8
57749  -999
57752  -999
57754    -6
57758  -999
57760     1
57761  -999
57762     1
57763    -2
57765  -999
57766     1
57767     1
57768     2
57769     1
57771     0
57772     1
57773     1
57774     0
57776    -4
57777     1
57778     2
57779  -999
57780     2
57781     3
57786     3
57789  -999
57792     3
57793     3
57796     3
57798     3
57799     3
57800   -22
57803   -16
57805   -16
57806   -28
57807   -30
57808   -34
57809   -33
57811   -24
57813   -27
57814   -27
57816   -19
57818   -27
57821   -24
57822   -20
57824   -19
57825   -18
57827   -20
57828   -20
57829   -19
57832   -19
57834   -31
57835   -31
57837   -20
57839    -7
57840   -17
57841  -999
57842   -19
57844   -23
57845   -13
57846   -11
57851   -11
57853    -6
57857  -999
57859    -4
57860    -5
57865    -4
57866   -10
57867    -8
57868     1
57870     1
57871     1
57872     1
57874   -13
57875     1
57876    -1
57881     0
57882     0
57883     1
57886     1
57887    -5
57889  -999
57891     2
57894     0
57895    -1
57896    -4
57899     1
57900   -32
57902   -33
57903   -31
57905   -33
57906   -31
57907   -34
57908   -33
57909   -31
57910   -36
57911   -27
57912   -25
57913   -27
57914   -32
57915   -26
57916   -28
57921   -22
57922   -19
57923   -25
57926   -14
57927   -22
57932   -16
57936   -18
57941   -19
57942   -17
57947   -14
57948   -22
57949   -15
57954   -19
57955   -17
57956   -15
57957   -19
57958   -16
57960   -13
57962     0
57964   -13
57965     0
57966    -1
57969    -5
57971    -8
57972     0
57973    -4
57974  -999
57975   -11
57976    -3
57978    -5
57981     0
57985     0
57988     1
57989     2
57990     2
57991     1
57992     1
57993     1
57994     1
57995     2
57996     2
58001     1
58002  -999
58003  -999
58004     0
58005     1
58006     1
58007     1
58008     1
58011  -999
58012     2
58013  -999
58015     2
58016     2
58017  -999
58020  -999
58021  -999
58022  -999
58024  -999
58025  -999
58026  -999
58027     1
58030  -999
58032  -999
58034  -999
58035  -999
58036     3
58038  -999
58040     3
58041  -999
58044     3
58045  -999
58047  -999
58048  -999
58049     3
58100     2
58101     2
58102     2
58104     3
58107     3
58108     3
58109     3
58111  -999
58113     1
58114     3
58116     1
58117     3
58118  -999
58122     3
58125  -999
58126     3
58127     3
58128     3
58129     3
58130  -999
58131     3
58132     3
58135  -999
58138     3
58139     4
58140     3
58141     3
58143  -999
58144  -999
58145  -999
58146     3
58147  -999
58148     3
58150     3
58154     3
58158  -999
58202     3
58203     3
58205     3
58207     3
58208     3
58210     3
58212     3
58214     3
58215     3
58220     4
58221     3
58222     4
58223     4
58224     3
58225  -999
58230     4
58234     4
58235  -999
58236     4
58237  -999
58238     4
58240     4
58241     4
58242  -999
58243     4
58244  -999
58245     4
58246  -999
58247  -999
58249  -999
58250     4
58251     4
58254  -999
58255  -999
58257     4
58259     4
58264     4
58265     4
58268  -999
58269  -999
58301     3
58306     3
58311     4
58314     4
58316     4
58317     3
58319     4
58320     4
58321     4
58323     4
58326     4
58327     4
58329     4
58330     4
58331     4
58333  -999
58334     4
58335     4
58336  -999
58337     4
58338     4
58339  -999
58340     4
58341     4
58342  -999
58343     4
58344  -999
58345     4
58346     4
58351  -999
58352  -999
58353  -999
58354  -999
58356  -999
58358     4
58359  -999
58360  -999
58361     4
58362     4
58365     4
58366     4
58367     4
58369     4
58370  -999
58377  -999
58401     3
58402     3
58404     3
58407     3
58408     3
58409     4
58414  -999
58415     3
58416     3
58417     3
58418     4
58419  -999
58420     4
58421     4
58423  -999
58424     4
58426     4
58427     4
58428     4
58429  -999
58431     4
58432     4
58433     4
58435     4
58436     4
58437     4
58438    30
58441     4
58442     4
58443     4
58445  -999
58446     4
58448  -999
58449     4
58450  -999
58451     4
58452     4
58453  -999
58454    30
58455     4
58456     4
58457    30
58458     4
58459     4
58460     4
58461     4
58462     4
58463     4
58464     4
58467     4
58468     4
58472     4
58473  -999
58477     4
58484  -999
58500  -999
58501     3
58502     4
58503     4
58506     4
58507  -999
58508     4
58509     4
58510     4
58512     4
58514     4
58517     4
58519    30
58520  -999
58523     4
58527    30
58529    30
58530    30
58531    30
58534    30
58537    30
58542    30
58543    30
58544     4
58546    30
58547  -999
58548    30
58549    30
58550    30
58553  -999
58555     4
58556     4
58557  -999
58558     4
58559    30
58562     4
58563     4
58565     4
58567    30
58568    30
58569     4
58570  -999
58600  -999
58601     4
58602    29
58605     3
58606    29
58607    30
58608     3
58609     3
58612    30
58614    29
58615    30
58616     3
58618     4
58619  -999
58620    30
58622  -999
58623  -999
58624    30
58625     4
58626     4
58627     4
58629     4
58631    30
58632  -999
58633    30
58634    30
58635     4
58637  -999
58642     4
58643     4
58644     4
58646     4
58647    30
58652  -999
58653  -999
58654     4
58656     4
58657     4
58658     4
58659     4
58660     4
58664     4
58665     4
58666     4
58667     4
58693    30
58701     3
58704     3
58705  -999
58706     3
58707     3
58710     3
58712     3
58713     3
58714     3
58715     3
58718  -999
58719     4
58724     4
58725     3
58726  -999
58730     4
58731     4
58734  -999
58735     3
58736     4
58737     3
58742  -999
58744  -999
58745     4
58746     3
58747     3
58748     3
58749     3
58750     3
58751     3
58752     3
58754     3
58760     4
58765  -999
58804     0
58806  -999
58813     1
58814     2
58818  -999
58819     2
58820     2
58821     3
58822     2
58823     3
58824     2
58826     2
58828     1
58834     3
58836     3
58837  -999
58839     3
58843  -999
58844     3
58845     3
58846     3
58847     4
58848     3
58853  -999
58903     1
58905     1
58906     2
58907     2
58911     1
58912     3
58917     3
58918     2
58921     1
58923     3
58926     3
58927  -999
58928     2
58929     2
58931     3
58932     4
58933     3
58934     3
58935     3
58936  -999
58938  -999
58940  -999
58941     4
58942     3
58944     3
58946     3
59001   -31
59004   -25
59007   -21
59012   -28
59015   -21
59017   -22
59021   -21
59022   -15
59023   -14
59025   -18
59027   -20
59031   -16
59033   -22
59034   -15
59037   -10
59038   -11
59041   -11
59044   -12
59045   -13
59046   -11
59047    -8
59051   -16
59052   -15
59053   -11
59055   -12
59057    -6
59058    -2
59059     0
59061    -4
59063   -11
59064     0
59065    -3
59071     0
59072     0
59074     0
59075     2
59081     2
59082     2
59087     1
59088  -999
59090     2
59091     2
59092  -999
59093     3
59094     2
59096     3
59097  -999
59099     3
59102     3
59106     3
59107  -999
59109     2
59113  -999
59114     3
59116  -999
59117     2
59122     2
59124     3
59125     3
59126     2
59127     3
59129  -999
59130     2
59131     3
59133     2
59134     2
59137     2
59205   -19
59209   -19
59211   -17
59213   -13
59215   -12
59218   -17
59224   -10
59227   -11
59228    -9
59229   -13
59230    -9
59235   -11
59237    -8
59238   -10
59241    -9
59242    -8
59246   -10
59249   -10
59254   -11
59255    -8
59256   -10
59264    -8
59265    -7
59266    -4
59268    -5
59269    -5
59270    -2
59271     0
59276     0
59278     0
59279    -1
59280  -999
59284     1
59285     1
59287     1
59288     1
59289  -999
59290     2
59293     2
59294     1
59297     1
59298     1
59303     2
59304  -999
59306  -999
59310     2
59312     1
59313     1
59314     2
59315     1
59316     1
59317     0
59318     0
59319     1
59320     1
59321     2
59322     3
59324     1
59417   -12
59419   -12
59421   -12
59425   -14
59426   -10
59427   -14
59429    -8
59431   -10
59432  -999
59435   -14
59441   -13
59446    -9
59448   -11
59449    -9
59451   -12
59452    -3
59453   -11
59454    -3
59456    -3
59457    -7
59462    -8
59469     1
59470     0
59471    -6
59473     1
59475     2
59476     2
59477     2
59478     1
59480     1
59481     1
59485  -999
59487     1
59488  -999
59492     1
59493     2
59500    25
59501     1
59502     1
59626    -3
59631    -7
59632    -9
59635  -999
59640   -14
59644   -12
59647   -11
59650    -9
59653     1
59654    -6
59655    -5
59656    -4
59658    -7
59659    -2
59663     1
59664     0
59673     1
59750    -7
59754   -18
59757    -4
59758    -4
59838    -7
59842   -10
59843    -7
59845   -16
59847   -19
59848   -15
59849   -18
59851    -7
59854   -11
59855   -11
59856   -10
59940   -12
59941    -9
59945    -6
59948    -3
59951   -18
59954    -3
59981    -4
57086     0
57087     1
57339    -9
