50136     0
50137  -999
50246    -5
50247  -999
50349     0
50353    -4
50425    -9
50431  -999
50434     0
50442     0
50445  -999
50468     0
50514     0
50524     1
50525  -999
50526  -999
50527     1
50548     0
50557    -3
50564     1
50566     1
50603     1
50618     2
50632     0
50639     1
50646     0
50647  -999
50655     0
50656     0
50658     0
50659     1
50673  -999
50674  -999
50727    -6
50739  -999
50741     2
50742     0
50745     1
50749     1
50750  -999
50755     1
50756     2
50758     0
50767     1
50772  -999
50774     1
50775     1
50776     1
50778     1
50779     1
50787     1
50788     0
50832     3
50833  -999
50834     0
50838     3
50842     1
50844     3
50851     1
50852     1
50853     2
50854     1
50858     1
50859     1
50861     1
50862     1
50867     1
50871     1
50873     2
50877     1
50878     1
50879     1
50880  -999
50884     3
50888     1
50892  -999
50913     1
50915     0
50924  -999
50928     3
50934  -999
50936     3
50937  -999
50939  -999
50940  -999
50945  -999
50946  -999
50948     3
50949     4
50950     1
50953     4
50954  -999
50955  -999
50956     0
50958     2
50960     4
50962     1
50963     1
50964     1
50965     1
50968     1
50971  -999
50973  -999
50978     3
50979     3
50983     1
50985     1
50987  -999
51053     5
51058  -999
51059  -999
51060  -999
51068     5
51076     5
51087     5
51133     5
51137  -999
51145  -999
51156     6
51186     3
51232     3
51238  -999
51241     5
51243     3
51288     5
51328     5
51329     4
51330     3
51334     1
51346     5
51352     5
51353  -999
51356     4
51357  -999
51358  -999
51359  -999
51365     4
51367     4
51369     4
51377     3
51378     4
51379     4
51430     2
51431     5
51433  -999
51434     4
51435     3
51436     4
51437     4
51438     4
51463     3
51465     3
51467   -12
51468     2
51469  -999
51470  -999
51477     0
51482     4
51495     0
51526     0
51542     1
51559  -999
51567     0
51568     0
51571  -999
51572  -999
51573     0
51581     0
51627     0
51628     0
51629     0
51633     0
51636     0
51639  -999
51642     0
51644     1
51655  -999
51656     0
51701     3
51704  -999
51705     0
51707     0
51708     0
51709     0
51711    -4
51716     0
51717     1
51720     0
51722     0
51730     0
51747  -999
51765     1
51777     1
51802     1
51804     1
51810  -999
51811     1
51814     0
51815     0
51818     1
51826  -999
51827     1
51828     1
51829     1
51839     1
51848  -999
51855     0
51886     1
51931     1
52101     2
52112  -999
52118     0
52203     0
52267     0
52313     0
52323     0
52343  -999
52378     0
52418     1
52424     0
52436     1
52441  -999
52446     0
52447     1
52495     0
52515     2
52533     2
52546     1
52557     0
52575     0
52576     0
52602     1
52607     0
52633     0
52643     2
52645     3
52652     0
52656     2
52657     0
52661     1
52674     2
52679     0
52681     0
52707     1
52713     1
52737     0
52745  -999
52754     0
52765     0
52784     2
52787     1
52788  -999
52797     0
52818     0
52825     0
52833     0
52836     0
52842  -999
52853  -999
52855  -999
52856   -22
52862  -999
52863  -999
52866    -4
52868   -15
52869  -999
52874   -15
52875  -999
52876   -11
52884  -999
52885   -17
52889    -8
52895   -18
52896   -13
52908    -7
52943   -11
52955   -24
52957   -19
52963  -999
52968  -999
52972  -999
52974  -999
52978   -15
52980   -12
52982  -999
52983    -5
52984    -4
52985    -6
52986     0
52988     0
52993  -999
52995     0
52996    -1
52998     0
53068     2
53083     1
53149     0
53192     4
53195     2
53231     0
53272     1
53276     0
53289  -999
53324     0
53336     0
53337     0
53343     1
53348  -999
53352     1
53357     1
53362     3
53367     3
53368  -999
53378     3
53384  -999
53385     1
53391     2
53392  -999
53397  -999
53399     3
53419     0
53420  -999
53433    -2
53446    -6
53455     1
53457  -999
53463     2
53464  -999
53466  -999
53467  -999
53469     3
53472     3
53475     2
53478     1
53480     3
53481     2
53483     3
53484     3
53486  -999
53487     2
53488  -999
53490  -999
53491  -999
53492  -999
53498     4
53499  -999
53502     0
53505  -999
53512     0
53513     0
53517  -999
53518  -999
53519     0
53522     0
53529     0
53533  -999
53543     1
53545  -999
53547    -4
53553  -999
53562  -999
53564     2
53565  -999
53567  -999
53573  -999
53574  -999
53575  -999
53576  -999
53577  -999
53578  -999
53579  -999
53580  -999
53582  -999
53584  -999
53585  -999
53588     3
53590  -999
53593     4
53594  -999
53596  -999
53599     3
53602   -13
53610  -999
53611  -999
53612  -999
53614     0
53615     0
53617  -999
53618  -999
53619  -999
53644  -999
53646     0
53651  -999
53658  -999
53659  -999
53660  -999
53662  -999
53663     2
53664     2
53665     0
53666  -999
53669  -999
53673     0
53674  -999
53676  -999
53677  -999
53678  -999
53679  -999
53680  -999
53681  -999
53682  -999
53685  -999
53687  -999
53688  -999
53689  -999
53690     1
53691  -999
53692  -999
53693  -999
53694     0
53695  -999
53696     2
53697  -999
53698     0
53699  -999
53704     0
53705   -10
53707  -999
53723   -10
53725    -7
53727  -999
53730  -999
53732    -3
53735  -999
53738   -15
53740     0
53748  -999
53750  -999
53751  -999
53753  -999
53754     0
53756  -999
53757  -999
53759  -999
53760  -999
53763  -999
53764     0
53767  -999
53768  -999
53769   -14
53770  -999
53771   -12
53772    -7
53773  -999
53774  -999
53775  -999
53776   -13
53777   -12
53778  -999
53780  -999
53781  -999
53782  -999
53783    -8
53784  -999
53785  -999
53786    -6
53787    -9
53788    -8
53789  -999
53790  -999
53791  -999
53792  -999
53794  -999
53795  -999
53796  -999
53797  -999
53798    -5
53799  -999
53806   -15
53810   -19
53817   -10
53821   -21
53829   -14
53832  -999
53841  -999
53845   -12
53848  -999
53850  -999
53852  -999
53853   -16
53854  -999
53856  -999
53857  -999
53859  -999
53860  -999
53861  -999
53862  -999
53863   -12
53864  -999
53865  -999
53866  -999
53868   -19
53869  -999
53871  -999
53872  -999
53873  -999
53874  -999
53875  -999
53877  -999
53878  -999
53879  -999
53880  -999
53881  -999
53882   -12
53883    -5
53884  -999
53885  -999
53886  -999
53887  -999
53888  -999
53889    -9
53890  -999
53891  -999
53892  -999
53893  -999
53894  -999
53895  -999
53896    -5
53897  -999
53898    -5
53899  -999
53903    -5
53906    -8
53908    30
53910  -999
53914  -999
53915    -9
53916  -999
53917    -8
53923    -8
53924   -12
53925    -9
53926    -9
53927     0
53928    -7
53929    -5
53930   -24
53931  -999
53934   -12
53935    -9
53937   -11
53938  -999
53941  -999
53942   -17
53944  -999
53945  -999
53947  -999
53948  -999
53949  -999
53950  -999
53953  -999
53954  -999
53955  -999
53956  -999
53957  -999
53958  -999
53959   -15
53961  -999
53962  -999
53963   -23
53964  -999
53965  -999
53966   -14
53967  -999
53968  -999
53970  -999
53972   -12
53973  -999
53974   -10
53975   -16
53976  -999
53978    -9
53979   -12
53980  -999
53981  -999
53982   -12
53983    -5
53984   -13
53985    -9
53986   -12
53987   -12
53988   -12
53989    -9
53991    -8
53992    -8
53993    -3
53994   -12
53995   -10
53996  -999
53997    -9
53998    -8
54012     1
54024     3
54026     4
54027     2
54031     3
54039     0
54041     2
54047  -999
54049     3
54063     2
54064  -999
54065  -999
54069  -999
54072  -999
54076  -999
54080     4
54092     1
54093     3
54094     4
54096     1
54098     3
54099     3
54102     3
54113  -999
54115     4
54117  -999
54122  -999
54132     4
54134     0
54135     1
54142     4
54154  -999
54156  -999
54157     4
54161     4
54164  -999
54165  -999
54169  -999
54171     4
54172  -999
54181     2
54186     4
54187  -999
54192  -999
54195     3
54204     3
54205  -999
54208     3
54213     2
54214     4
54218     4
54223  -999
54225  -999
54226     3
54231  -999
54234     3
54236     4
54237     2
54243  -999
54244  -999
54245  -999
54248  -999
54249  -999
54252  -999
54254     4
54259     4
54260  -999
54261  -999
54263     4
54266     4
54267  -999
54273     4
54274  -999
54276     4
54284     5
54285     5
54286  -999
54287  -999
54290  -999
54291  -999
54292     4
54293  -999
54301  -999
54304  -999
54305  -999
54308     4
54311     3
54313  -999
54316     1
54318  -999
54319  -999
54320  -999
54321  -999
54323     1
54324     2
54325  -999
54326     2
54327  -999
54328  -999
54330  -999
54331     3
54332  -999
54333     4
54334  -999
54335     4
54336  -999
54337     3
54338  -999
54339     4
54340  -999
54342     4
54345  -999
54346     4
54347  -999
54348  -999
54349  -999
54351     4
54353  -999
54362  -999
54363     4
54365     4
54371  -999
54374     5
54377     4
54386     4
54398     3
54399  -999
54401     4
54404     3
54405     3
54406  -999
54408  -999
54410  -999
54412  -999
54416     2
54419  -999
54420     3
54421  -999
54423     2
54424  -999
54425  -999
54428     0
54429     0
54430  -999
54431     1
54432  -999
54433     1
54434  -999
54436     1
54437  -999
54438  -999
54439  -999
54449     1
54452  -999
54453  -999
54454     1
54455     3
54470  -999
54471     3
54472  -999
54474  -999
54475  -999
54476     4
54483  -999
54486     3
54493     4
54494  -999
54497     4
54499  -999
54501  -999
54502     1
54503  -999
54505  -999
54506  -999
54507  -999
54510  -999
54511     1
54512  -999
54513  -999
54514     2
54515     0
54517     1
54518     0
54519  -999
54520  -999
54521     0
54522  -999
54523    -2
54525  -999
54526  -999
54527    -2
54528  -999
54529     1
54530  -999
54531  -999
54532  -999
54533  -999
54534     1
54535     0
54539     1
54540  -999
54541  -999
54563     3
54568  -999
54569  -999
54575  -999
54579     3
54584     3
54590  -999
54594  -999
54596  -999
54597  -999
54601  -999
54602     0
54603  -999
54604  -999
54605  -999
54606    -1
54607  -999
54608    -3
54609  -999
54610  -999
54611  -999
54612  -999
54613  -999
54614  -999
54615  -999
54616     0
54617  -999
54618     0
54619     0
54620  -999
54621  -999
54622  -999
54623     1
54624    -1
54626  -999
54627  -999
54628  -999
54631  -999
54632  -999
54633  -999
54636  -999
54640  -999
54644  -999
54645     0
54646  -999
54660  -999
54662     3
54700  -999
54701  -999
54702  -999
54703  -999
54704  -999
54705    -1
54706  -999
54707  -999
54708  -999
54709  -999
54710  -999
54711  -999
54712  -999
54713  -999
54714  -999
54715    -1
54716  -999
54717  -999
54718  -999
54719  -999
54722  -999
54723  -999
54724  -999
54725     0
54726  -999
54727  -999
54728  -999
54729  -999
54730  -999
54731  -999
54732  -999
54734  -999
54736  -999
54737  -999
54738  -999
54744  -999
54749  -999
54751     2
54752  -999
54753     2
54755  -999
54759  -999
54764     4
54765  -999
54766  -999
54774     3
54776     3
54777  -999
54778  -999
54800  -999
54801  -999
54802  -999
54803  -999
54804  -999
54805  -999
54806  -999
54807  -999
54808     0
54809  -999
54810  -999
54811  -999
54812  -999
54814  -999
54815  -999
54816  -999
54817     0
54818  -999
54819  -999
54820  -999
54821  -999
54822  -999
54823    -4
54824  -999
54825  -999
54826     1
54827  -999
54828  -999
54829  -999
54830  -999
54831  -999
54832  -999
54833  -999
54834  -999
54835  -999
54836    -9
54837  -999
54841  -999
54842  -999
54843     0
54844  -999
54846  -999
54848  -999
54849  -999
54851  -999
54852  -999
54853  -999
54855  -999
54857     1
54861  -999
54863     3
54868  -999
54871  -999
54900    -9
54901     0
54902    -8
54903    -1
54904  -999
54905  -999
54906  -999
54907  -999
54908  -999
54909    -4
54910  -999
54911  -999
54912  -999
54913  -999
54914  -999
54915  -999
54916    -8
54917  -999
54918  -999
54919  -999
54920  -999
54921  -999
54922  -999
54923  -999
54925  -999
54927  -999
54929     0
54932  -999
54935  -999
54936     0
54938  -999
54939  -999
54940  -999
54943  -999
54945     1
54952  -999
55228     0
55248     0
55279   -16
55294   -11
55299    -3
55437     0
55472   -15
55493    -9
55572  -999
55578    -9
55585     0
55589  -999
55591    -8
55593  -999
55597  -999
55598    -5
55655    -2
55664   -10
55680     0
55681    -7
55690     2
55696     0
55773     2
56004   -10
56016  -999
56018   -31
56021    -7
56029   -30
56033    -5
56034    -8
56038   -15
56041  -999
56043   -17
56045  -999
56046   -13
56065    -7
56067   -14
56071   -12
56074   -12
56075  -999
56079    -9
56080     1
56081    -1
56082     0
56084     0
56091     0
56092     0
56093    -9
56094    -6
56095    -6
56096   -14
56097   -10
56106   -23
56109  -999
56116    -6
56125   -18
56128  -999
56132  -999
56137    -8
56144     0
56146     1
56147  -999
56151   -21
56152     1
56158  -999
56164   -13
56167     0
56168     1
56171  -999
56172     0
56173    -5
56178    -5
56180  -999
56181    -4
56182    -4
56183     1
56184     1
56185     0
56186    -6
56187    -6
56188    -3
56189   -10
56190   -13
56192   -16
56193    -9
56194    -5
56195   -12
56196    -6
56197   -11
56198    -3
56199   -10
56202     0
56223    -9
56227     3
56228  -999
56247     1
56251     2
56257     2
56263  -999
56265  -999
56267  -999
56272    -7
56273     1
56276   -11
56278     0
56279     1
56280     0
56281     0
56284    -4
56285    -1
56286   -12
56287     0
56288   -12
56289    -4
56290   -11
56291    -8
56294  -999
56295   -14
56296    -9
56297   -12
56298    -7
56307    -7
56312     1
56317     0
56331     1
56342  -999
56357     1
56371     1
56373     1
56374     3
56376     0
56378     0
56380     0
56381     0
56382    -1
56383    -6
56384     0
56385     1
56386     0
56387    -1
56389   -14
56390    -2
56391    -7
56393    -6
56394    -4
56395    -7
56396    -6
56399    -7
56434     3
56441     0
56443  -999
56444     3
56459   -16
56462     0
56473  -999
56474  -999
56475   -14
56478  -999
56479   -17
56480   -12
56483   -14
56485   -11
56487  -999
56489   -13
56490   -17
56491    -6
56492    -9
56493    -6
56494   -17
56496    -7
56497   -16
56498   -11
56499    -3
56533     2
56543    -3
56548    -1
56565    -9
56567   -24
56569  -999
56571   -13
56575  -999
56578  -999
56580  -999
56582    -8
56584  -999
56585   -20
56586   -10
56592   -11
56593    -9
56594   -12
56595   -23
56596     0
56598   -27
56641     1
56643  -999
56645    -8
56646   -10
56649   -21
56651   -18
56652   -19
56654   -16
56664   -14
56665   -19
56666   -17
56669    -5
56670   -18
56671   -23
56673   -17
56674   -17
56675  -999
56684   -17
56688   -25
56691   -15
56693   -31
56697   -28
56739   -19
56741  -999
56742   -11
56745   -15
56746   -16
56748   -27
56751   -14
56752   -13
56755   -22
56756   -26
56757   -18
56761   -21
56763   -14
56764   -27
56766   -28
56767   -17
56768   -15
56772   -15
56774   -15
56775   -15
56777   -16
56778   -11
56781   -16
56782   -33
56783   -34
56785   -15
56786   -31
56788   -28
56790   -34
56792   -36
56793   -33
56835   -27
56836   -26
56838   -21
56839   -31
56840   -21
56841   -24
56842   -20
56843   -20
56844   -16
56846   -27
56849   -15
56851   -24
56854   -20
56856   -15
56862   -18
56863   -15
56867   -14
56869   -12
56870   -12
56871   -11
56872   -14
56873   -12
56875   -11
56876   -10
56878   -11
56879   -11
56880   -22
56881   -15
56882   -22
56883   -32
56885   -12
56886   -17
56889   -33
56891   -33
56898   -11
56944   -18
56945  -999
56946   -21
56948   -14
56949   -10
56950   -21
56951   -12
56952   -11
56954   -23
56958    -5
56959   -22
56961    -5
56962    -9
56964   -17
56966   -18
56969   -15
56970   -13
56973   -17
56975   -14
56976   -30
56977   -25
56978   -15
56982   -18
56984   -27
56985   -23
56986   -25
56987   -26
56989   -18
56991  -999
56992   -31
56994   -32
56995   -30
56996   -19
57001    -3
57002    -4
57003  -999
57004    -2
57006    -5
57007    -3
57008     0
57011    -5
57012    -9
57014  -999
57016  -999
57020  -999
57021  -999
57022  -999
57023  -999
57024  -999
57025  -999
57026  -999
57027  -999
57028  -999
57029  -999
57030  -999
57031  -999
57032  -999
57033  -999
57034     0
57035  -999
57036  -999
57037   -11
57038  -999
57039  -999
57040  -999
57041  -999
57042  -999
57043  -999
57044  -999
57045  -999
57046     0
57047  -999
57048  -999
57049  -999
57051   -15
57052  -999
57053   -18
57054  -999
57055  -999
57056   -13
57057  -999
57060   -16
57061   -15
57063   -12
57065    -9
57066   -16
57067     0
57070   -10
57071    -5
57072    -9
57073  -999
57074   -11
57075    -7
57076    -9
57077     1
57078    -2
57079   -12
57080   -12
57081   -10
57082    -9
57083    -6
57084  -999
57085   -11
57089    -4
57090    -4
57091    -7
57093    -5
57094     0
57095    -5
57096    -5
57098    -9
57099     0
57102    -2
57105   -10
57106    -1
57110     0
57111    -5
57113  -999
57119  -999
57124  -999
57126  -999
57127     0
57128  -999
57129  -999
57131  -999
57132  -999
57134    -2
57137  -999
57140  -999
57143     0
57144     1
57153  -999
57154  -999
57155  -999
57156     1
57162     0
57169     0
57173     0
57175    -7
57176     0
57177     1
57178     0
57179     1
57180    -4
57181     0
57182    -6
57183    -5
57184     0
57185     1
57186    -1
57187    -3
57188     1
57189     0
57190  -999
57191     0
57192    -4
57193    -2
57194     1
57195     0
57196     0
57197     1
57198     0
57204   -19
57206    -8
57208    -3
57211  -999
57213  -999
57216    -3
57217    -3
57231  -999
57232     1
57233  -999
57237     0
57238  -999
57242  -999
57245     1
57247  -999
57248  -999
57249  -999
57251     0
57253    -3
57254  -999
57256  -999
57257  -999
57259     0
57260  -999
57261     1
57265     0
57268     1
57271     0
57273     0
57274    -6
57278  -999
57279     0
57281     1
57285  -999
57290     1
57292     2
57293     2
57294     1
57295     2
57296     1
57297     1
57298     2
57299     3
57303    -4
57304    -5
57306    -6
57307    -9
57308    -8
57309     0
57313    -6
57314    -2
57315     0
57317    -3
57318    -3
57320   -10
57324     0
57326     1
57328     1
57329     2
57333     1
57343  -999
57345     1
57348    -1
57349    -3
57351  -999
57352  -999
57353  -999
57355     1
57358  -999
57359  -999
57361    -3
57362     0
57363     0
57368  -999
57370    -2
57377     0
57378     0
57381  -999
57385     1
57387     1
57388     1
57389     2
57390     3
57395  -999
57396     2
57398     2
57399     2
57401    -7
57402    -3
57405     0
57407    -7
57408    -7
57409    -6
57411     0
57413     0
57414    -5
57415     0
57416     0
57417    -5
57420     0
57425     0
57426     2
57431     0
57432     1
57437     1
57438     0
57439  -999
57445  -999
57447     1
57451  -999
57453  -999
57458     1
57460     0
57461     0
57462  -999
57464     1
57465     1
57466     1
57469     2
57475     2
57476     1
57477     3
57481     2
57482  -999
57483     2
57485  -999
57486     3
57489     3
57491     3
57492     3
57493  -999
57494     3
57496     3
57498     3
57499     3
57502  -999
57503  -999
57504  -999
57505     1
57506    -1
57507    -7
57508    -4
57509     1
57510     0
57511     0
57512  -999
57513     1
57514     0
57515  -999
57516     1
57517  -999
57518     0
57519     1
57520  -999
57522     2
57523  -999
57525     1
57536  -999
57537     1
57540     1
57541     1
57543     1
57544    -2
57545     1
57554     1
57558     2
57562     2
57564     1
57565     2
57566     3
57571     3
57573  -999
57574     3
57575     3
57577     3
57581  -999
57582     3
57583     3
57584     3
57585     3
57586     3
57589     3
57590     4
57595  -999
57598     3
57600    -8
57602  -999
57603     1
57604  -999
57605    -7
57606   -15
57608    -2
57609     0
57612  -999
57614    -1
57622  -999
57623     2
57625     1
57633     0
57634   -13
57635     1
57636     1
57637     1
57640     1
57642  -999
57643     3
57646     1
57647     2
57649     2
57655     2
57657     3
57658     3
57661     2
57662     2
57663     3
57666     2
57669     3
57671     3
57673  -999
57674     2
57678     2
57679  -999
57680     3
57682     3
57687     1
57688     2
57694     3
57696  -999
57698     3
57699     3
57707   -22
57708   -24
57710   -13
57713    -5
57714   -17
57717    -9
57718   -19
57719    -8
57720     0
57722     1
57723     1
57728   -21
57729     1
57731    -1
57732     0
57734     0
57735    -9
57736     0
57737   -10
57738   -15
57739     2
57740     2
57741     1
57742   -11
57743     2
57744    -9
57745     0
57749  -999
57752  -999
57754     1
57758  -999
57760     2
57761  -999
57762     2
57763     2
57765  -999
57766     2
57767     2
57768     2
57769     2
57771     1
57772     2
57773     1
57774     1
57776     2
57777     2
57778     2
57779  -999
57780     2
57781     3
57786     2
57789  -999
57792     3
57793     3
57796     3
57798     3
57799     3
57800   -30
57803   -17
57805   -32
57806   -38
57807   -37
57808   -37
57809   -35
57811   -15
57813   -28
57814   -24
57816   -11
57818   -32
57821   -16
57822    -9
57824    -2
57825    -8
57827   -14
57828   -10
57829   -16
57832   -17
57834   -19
57835   -21
57837   -16
57839    -7
57840    -5
57841  -999
57842    -2
57844    -3
57845   -13
57846    -7
57851   -17
57853     0
57857  -999
57859    -2
57860     1
57865    -2
57866   -13
57867    -9
57868     0
57870     0
57871     2
57872     2
57874    -9
57875     1
57876   -10
57881     0
57882     1
57883     1
57886     1
57887    -7
57889  -999
57891     3
57894     0
57895    -3
57896    -8
57899     1
57900   -39
57902   -37
57903   -38
57905   -35
57906   -33
57907   -35
57908   -33
57909   -28
57910   -35
57911   -15
57912   -25
57913   -18
57914   -28
57915   -13
57916   -35
57921   -27
57922   -27
57923   -31
57926   -31
57927   -22
57932   -21
57936   -32
57941   -24
57942   -22
57947   -23
57948   -21
57949   -25
57954   -24
57955   -22
57956   -18
57957   -25
57958   -23
57960    -8
57962    -8
57964   -20
57965    -4
57966   -14
57969   -12
57971   -11
57972    -8
57973   -10
57974  -999
57975    -8
57976    -3
57978     0
57981    -1
57985     0
57988    -2
57989     1
57990     1
57991     1
57992     1
57993     1
57994     1
57995     0
57996     0
58001     1
58002  -999
58003  -999
58004    -1
58005    -4
58006    -3
58007    -1
58008     0
58011  -999
58012     0
58013  -999
58015    -3
58016    -4
58017    -7
58020  -999
58021  -999
58022  -999
58024  -999
58025  -999
58026  -999
58027    -7
58030  -999
58032  -999
58034  -999
58035  -999
58036    -7
58038  -999
58040     1
58041  -999
58044    -6
58045  -999
58047  -999
58048  -999
58049     0
58100     0
58101     0
58102     0
58104     1
58107     1
58108     2
58109     2
58111  -999
58113     0
58114     1
58116    -5
58117     1
58118  -999
58122     0
58125    -2
58126     0
58127     2
58128     1
58129     1
58130  -999
58131    -2
58132     0
58135  -999
58138     2
58139     2
58140     0
58141     1
58143  -999
58144  -999
58145  -999
58146     1
58147  -999
58148     2
58150     1
58154     1
58158  -999
58202     1
58203     0
58205     2
58207     3
58208     3
58210     2
58212     2
58214     2
58215     2
58220     3
58221     1
58222     1
58223     2
58224     2
58225  -999
58230     3
58234     3
58235  -999
58236     2
58237  -999
58238     3
58240     3
58241     3
58242  -999
58243     3
58244  -999
58245     3
58246  -999
58247  -999
58249  -999
58250     3
58251     3
58254  -999
58255  -999
58257     3
58259     3
58264     3
58265     3
58268  -999
58269  -999
58301     3
58306     3
58311     3
58314     3
58316     3
58317     3
58319     4
58320     3
58321     3
58323     3
58326     3
58327     4
58329     3
58330     3
58331     3
58333  -999
58334     3
58335     3
58336  -999
58337     3
58338     3
58339  -999
58340     4
58341     4
58342  -999
58343     3
58344  -999
58345     3
58346     4
58351  -999
58352  -999
58353  -999
58354  -999
58356  -999
58358     4
58359  -999
58360  -999
58361     4
58362     4
58365     4
58366     4
58367     4
58369     4
58370  -999
58377  -999
58401     3
58402     3
58404     3
58407     4
58408     3
58409     4
58414  -999
58415     3
58416     3
58417     4
58418     4
58419  -999
58420     4
58421     4
58423  -999
58424     3
58426     4
58427     4
58428     4
58429  -999
58431     4
58432     4
58433     4
58435     4
58436     4
58437     4
58438     4
58441     4
58442     3
58443     4
58445  -999
58446     4
58448  -999
58449     4
58450  -999
58451     4
58452     4
58453  -999
58454     4
58455     4
58456     4
58457     4
58458     4
58459     4
58460     4
58461     4
58462     4
58463     4
58464     4
58467     4
58468     4
58472     4
58473  -999
58477     4
58484  -999
58500  -999
58501     3
58502     4
58503     4
58506     4
58507  -999
58508     4
58509     4
58510     4
58512     4
58514     4
58517     4
58519     4
58520  -999
58523     4
58527     4
58529     4
58530     4
58531     5
58534     4
58537     4
58542     4
58543     4
58544     4
58546     4
58547  -999
58548     4
58549     4
58550     4
58553  -999
58555     4
58556     4
58557  -999
58558     4
58559     4
58562     4
58563     4
58565     4
58567     4
58568     4
58569     4
58570  -999
58600  -999
58601     3
58602     3
58605     3
58606     3
58607     4
58608     3
58609     3
58612     4
58614     3
58615     4
58616     3
58618     3
58619  -999
58620     4
58622  -999
58623  -999
58624     4
58625     4
58626     3
58627     3
58629     3
58631     4
58632  -999
58633     4
58634     4
58635     4
58637  -999
58642     4
58643     4
58644     4
58646     4
58647     4
58652  -999
58653  -999
58654     4
58656     4
58657     4
58658     4
58659     4
58660     4
58664     4
58665     4
58666     4
58667     3
58693     4
58701     3
58704     3
58705  -999
58706     3
58707     3
58710     3
58712     3
58713     3
58714     3
58715     3
58718  -999
58719     4
58724     3
58725     3
58726  -999
58730     3
58731     4
58734  -999
58735     4
58736     4
58737     3
58742  -999
58744  -999
58745     4
58746     3
58747     3
58748     3
58749     4
58750     3
58751     3
58752     3
58754     4
58760     3
58765  -999
58804     0
58806  -999
58813     2
58814     2
58818  -999
58819     2
58820     3
58821     2
58822     3
58823     3
58824     3
58826     3
58828     2
58834     3
58836     3
58837  -999
58839     3
58843  -999
58844     3
58845     3
58846     3
58847     3
58848     3
58853  -999
58903     1
58905     1
58906     1
58907     1
58911     1
58912     1
58917     1
58918     0
58921     1
58923     3
58926     3
58927  -999
58928     3
58929     2
58931     3
58932     4
58933     3
58934     3
58935     3
58936  -999
58938  -999
58940  -999
58941     4
58942     3
58944     3
58946     2
59001   -38
59004   -32
59007   -28
59012   -35
59015   -28
59017   -24
59021   -25
59022   -23
59023   -26
59025   -26
59027   -29
59031   -24
59033   -20
59034   -23
59037   -12
59038   -19
59041   -17
59044   -22
59045   -26
59046   -24
59047   -15
59051   -20
59052   -16
59053    -9
59055   -13
59057    -9
59058    -8
59059   -10
59061    -3
59063   -10
59064    -9
59065    -9
59071    -2
59072    -3
59074    -1
59075     1
59081     1
59082     2
59087     0
59088  -999
59090     1
59091     1
59092  -999
59093     0
59094    -1
59096     1
59097  -999
59099     1
59102     1
59106     1
59107  -999
59109    -2
59113  -999
59114     1
59116  -999
59117    -3
59122     0
59124     0
59125     0
59126     0
59127     0
59129  -999
59130     0
59131     2
59133     2
59134     0
59137     1
59205   -24
59209   -22
59211   -25
59213   -19
59215   -19
59218   -19
59224   -16
59227   -17
59228   -15
59229   -16
59230   -11
59235   -15
59237   -14
59238   -12
59241   -17
59242   -14
59246   -21
59249   -12
59254   -11
59255    -9
59256   -18
59264   -12
59265   -16
59266   -17
59268   -12
59269   -10
59270    -9
59271    -7
59276     0
59278   -13
59279   -12
59280  -999
59284     1
59285    -2
59287   -10
59288   -12
59289  -999
59290    -2
59293     0
59294    -2
59297    -6
59298    -6
59303     0
59304  -999
59306  -999
59310    -2
59312    -8
59313   -12
59314    -1
59315    -4
59316    -9
59317   -12
59318   -12
59319    -8
59320   -11
59321    -7
59322    -5
59324   -11
59417    -6
59419   -12
59421    -8
59425   -11
59426    -9
59427   -14
59429   -13
59431   -11
59432  -999
59435    -7
59441   -14
59446   -17
59448   -14
59449   -16
59451   -17
59452   -18
59453   -16
59454   -17
59456   -13
59457   -16
59462   -11
59469    -7
59470   -18
59471   -15
59473   -10
59475    -2
59476    -4
59477    -2
59478    -8
59480    -7
59481    -8
59485  -999
59487   -10
59488  -999
59492    -1
59493    -3
59500     1
59501    -7
59502    -7
59626    -6
59631   -11
59632   -14
59635  -999
59640   -17
59644   -19
59647   -18
59650   -20
59653   -11
59654   -19
59655   -15
59656   -14
59658   -19
59659   -13
59663    -9
59664   -12
59673    -2
59750   -19
59754   -19
59757   -13
59758   -12
59838   -15
59842    -7
59843   -21
59845   -17
59847   -18
59848   -17
59849   -15
59851   -17
59854   -21
59855   -17
59856   -20
59940   -18
59941   -11
59945   -19
59948    -9
59951   -16
59954   -12
59981    -4
57086    -4
57087     0
57339    -2
