50136     1
50246    -5
50349    -4
50353   -12
50425    -2
50431     1
50434    -3
50442     2
50445     0
50468     0
50514   -15
50524     2
50525     3
50526     1
50527     2
50548    -4
50557   -10
50564     1
50566     0
50603   -14
50618     1
50632     2
50639     0
50646    -2
50647     1
50655    -2
50656     0
50658    -5
50673     3
50674     3
50727     2
50741    -3
50742    -7
50745     1
50749     1
50750     0
50755     1
50756     3
50758     1
50772     3
50774     3
50775     3
50776     3
50778     3
50779     2
50788     1
50832    -6
50833    -6
50834    -2
50838    -6
50842    -6
50844     1
50851     4
50852     4
50853     3
50854     3
50858     1
50861     4
50862     3
50867     2
50871     3
50873     3
50877     3
50878     1
50879     3
50880     2
50884     3
50888     0
50892     3
50913     3
50915     2
50928     1
50934    -2
50936     0
50937    -7
50939     0
50940     1
50946     3
50948     2
50949     2
50950     1
50953     2
50954     1
50958     3
50960     1
50962     1
50963     3
50964     3
50965     1
50968     3
50978     0
50979     1
50983     2
50985    -5
51053     0
51059  -999
51060  -999
51068  -999
51076     0
51087     0
51133    -6
51137    -1
51145    -7
51156  -999
51186  -999
51232  -999
51238  -999
51241    -6
51243  -999
51288     0
51328    -2
51329     0
51330  -999
51334  -999
51346     0
51352     0
51353     0
51356   -12
51357   -12
51358  -999
51359     0
51365  -999
51367     0
51369     0
51377     0
51378     0
51379     0
51430     0
51431  -999
51433  -999
51434     0
51435     0
51436     1
51437     0
51438     1
51463  -999
51465     3
51467    -9
51468     1
51469  -999
51470  -999
51477     0
51482     2
51495     0
51526     0
51542    -2
51559     0
51567     0
51568     0
51571     0
51572     0
51573     0
51581  -999
51627     0
51628  -999
51629     1
51633     0
51636     0
51639  -999
51642     0
51644  -999
51655  -999
51656  -999
51701     4
51704  -999
51705     1
51707     2
51708     0
51709  -999
51711  -999
51716     0
51717     1
51720     1
51722     0
51730     0
51765     0
51777     0
51802     0
51804     2
51810  -999
51811     0
51814     0
51815     0
51818     0
51826     0
51827     0
51828  -999
51829     1
51839     0
51855     0
51886     0
51931     0
52101     1
52112  -999
52203  -999
52267     0
52313  -999
52323     0
52378     0
52418     0
52424     0
52436     0
52446     0
52447     0
52495     0
52515     0
52533     0
52546     0
52557     0
52575     0
52576     0
52602     0
52607     0
52633    -7
52643   -11
52645     3
52652     0
52656     0
52657     1
52661     0
52674    -2
52679     0
52681     0
52707     0
52713     0
52737     0
52745    -2
52754     2
52765     0
52784   -13
52787     0
52797     0
52818     0
52825     0
52833     0
52836   -19
52842    -3
52853    -6
52855     0
52856     1
52862     1
52863     0
52866    -2
52868     0
52869     0
52874    -1
52876    -4
52884  -999
52885    -4
52889     0
52895   -16
52896     0
52908     1
52943     0
52955     1
52957     1
52963    -1
52968     3
52972   -10
52978     0
52980   -11
52982    -1
52983     0
52984     0
52985     1
52986     0
52988     0
52993    -1
52995     0
52996     1
52998     0
53068     0
53083     4
53149     1
53192     4
53195     2
53231     0
53272     1
53276     1
53289     1
53324     0
53336     0
53337     0
53343     0
53348     0
53352    -7
53357     0
53362     0
53367    -1
53368     1
53378     1
53384    -9
53385     1
53391     0
53392     2
53397    -1
53399     0
53419     0
53420     0
53433     0
53446     1
53455     1
53457     1
53463     1
53464     2
53467    -3
53469     1
53472     1
53475     0
53478     1
53480    -8
53481   -12
53483   -10
53484   -14
53486   -12
53487    -7
53488   -11
53491   -14
53492   -16
53498   -12
53499    -8
53502     0
53512     0
53513     0
53517     0
53518     0
53519     0
53522     0
53529     0
53533     0
53543     0
53545    -1
53547     0
53553     0
53562    -2
53564   -12
53565    -3
53567    -7
53573    -4
53574     0
53575     1
53576   -10
53577     0
53579   -11
53580   -12
53582   -17
53584   -10
53585    -7
53588     2
53590   -12
53593   -22
53596    -5
53599   -11
53602    -5
53610     0
53611     0
53614     0
53615     0
53617     0
53618     0
53619   -12
53644    -1
53646    -3
53651  -999
53658    -4
53659    -7
53660    -8
53662     0
53663    -1
53664   -10
53665    -3
53666   -10
53669    -2
53673    -5
53674    -9
53676   -12
53677    -6
53678    -6
53679    -8
53680   -12
53681    -6
53682   -18
53685    -5
53688   -15
53689   -14
53690    -2
53691   -11
53692   -10
53693    -5
53694   -11
53695   -21
53696   -17
53697    -9
53698   -10
53699   -12
53704     0
53705    -9
53707    -6
53723    -2
53725   -13
53727     1
53730     1
53732    -2
53735  -999
53738    -8
53740   -10
53748    -9
53750    -3
53751    -7
53753    -9
53754    -9
53756   -12
53757    -7
53759    -9
53760    -8
53763    -8
53764    -9
53767    -7
53768    -5
53769    -7
53770    -9
53771   -11
53772    -8
53773    -5
53774    -9
53776    -7
53777   -11
53778    -7
53780    -1
53781    -4
53782    -8
53783     0
53784    -8
53785    -3
53786    -6
53787    -3
53788    -2
53789    -9
53790    -3
53791    -6
53792     0
53794    -1
53795    -1
53796    -4
53797     0
53798    -3
53799    -2
53806    -6
53810    -9
53817     0
53821    -6
53829    -8
53832    -7
53841    -8
53845   -17
53848   -14
53850    -9
53852     0
53853    -5
53854  -999
53856    -4
53857    -3
53860     0
53861     0
53862    -4
53863    -5
53864    -5
53865    -7
53866    -6
53868    -5
53869    -4
53871    -2
53872    -3
53873    -6
53874    -3
53875     0
53878    -4
53879    -4
53880     0
53881     0
53882    -4
53883    -2
53885    -2
53886     0
53888    -1
53889     0
53890    -3
53891    -6
53892     0
53893    -4
53894     0
53895    -4
53896    -5
53897    -3
53898     0
53899    -5
53903     0
53906     0
53908     1
53914     0
53915     0
53916     1
53917     1
53923    -2
53924   -11
53925    -5
53926    -1
53927     1
53928     0
53929   -10
53930   -12
53931    -7
53934    -5
53935    -5
53937   -12
53938    -2
53941    -4
53942    -6
53945    -6
53947    -3
53948  -999
53949    -4
53950    -2
53953     0
53954     0
53955  -999
53956     0
53957     0
53958    -3
53959     0
53961     0
53962     0
53963     0
53964     0
53965    -1
53966    -5
53967     0
53970     0
53972     0
53973    -3
53974     0
53975    -1
53976     1
53978     0
53979     0
53980    -3
53981     0
53982     0
53983     0
53984     1
53985     0
53986     0
53987     0
53988     1
53989     1
53991    -1
53992     1
53993     0
53994     0
53995     0
53996    -3
53997     0
53998     1
54012     4
54024     2
54026    -4
54027     1
54031    -1
54039     1
54041     0
54047     1
54049     2
54063     3
54065     4
54069     3
54072     3
54076     3
54080     2
54092     2
54093     0
54094     1
54096     2
54098     3
54099    -8
54102     3
54113     1
54115     0
54117     2
54122     0
54132     1
54134     1
54135     1
54142     2
54154     2
54156     3
54157     3
54161     4
54164     2
54169     2
54171     3
54172     3
54181     3
54186     3
54187     3
54195     2
54204     3
54205     2
54208     2
54213     0
54214     1
54218     0
54223     1
54225     0
54226     0
54231     1
54234     1
54236     1
54237     1
54244     2
54245     3
54249     2
54252     2
54254     2
54259     2
54261     1
54263     2
54266     2
54267     2
54273     2
54274     2
54276     3
54284     3
54285     3
54290     1
54291    -7
54292     1
54293     1
54301    -1
54304     2
54305     2
54308     0
54311     0
54313    -3
54316    -1
54318     1
54319    -7
54320     0
54321     0
54323     0
54324     0
54325     1
54326     0
54327    -4
54328    -2
54331     2
54332     2
54333     3
54334  -999
54335     3
54336     2
54337     1
54338     2
54339     1
54342     1
54346     1
54347     1
54349  -999
54351     1
54362     3
54363     3
54365     2
54371     3
54374     3
54377     3
54386     3
54398    -1
54399     0
54401   -13
54404     0
54405   -14
54408   -14
54410     0
54412    -1
54416     0
54419     0
54420     0
54421    -4
54423  -999
54424     1
54425     1
54428    -3
54429    -8
54430   -11
54431     0
54432   -15
54433    -5
54434    -5
54436     0
54437    -6
54438     0
54439     0
54449     1
54453     1
54454     2
54455     0
54471     4
54474     2
54475     2
54476     2
54483     3
54486     3
54493     3
54494     3
54497     2
54499    -3
54501    -9
54502   -12
54503    -6
54505     0
54506   -12
54507    -2
54510    -3
54511    -8
54512   -10
54513     0
54514    -6
54515    -5
54517    -7
54518    -9
54519   -15
54520    -1
54521    -6
54522    -4
54523   -10
54525  -999
54527    -9
54528   -11
54530    -6
54531    -1
54532    -2
54533    -2
54534     0
54535    -7
54539    -2
54540     0
54541     0
54563     2
54568     1
54569     1
54579     2
54584     3
54590     2
54594    -6
54596    -7
54597   -12
54601    -6
54602     0
54603    -6
54604   -19
54605    -5
54606   -20
54607    -9
54608   -23
54609   -18
54610   -10
54611    -5
54612    -5
54613   -11
54614   -16
54615   -14
54616   -13
54617   -13
54618   -12
54619    -8
54620   -13
54621   -15
54622    -6
54623    -8
54624   -12
54626   -10
54627   -14
54628   -21
54631    -4
54632    -4
54633    -4
54636    -6
54640    -3
54644   -12
54660  -999
54662     1
54700   -23
54701   -14
54702   -14
54703   -15
54704    -8
54705    -6
54706    -3
54707   -10
54708    -9
54709    -5
54710   -21
54711   -13
54712   -12
54713   -11
54714   -12
54715   -10
54716   -17
54717   -21
54718    -8
54719   -14
54722    -9
54723   -14
54724   -21
54725   -13
54726   -15
54727  -999
54728   -13
54729   -26
54730   -12
54731    -9
54734   -12
54736   -12
54737   -18
54738   -12
54744  -999
54749    -4
54751     1
54752     1
54753    -4
54755    -1
54759    -4
54764     0
54765     1
54766     0
54774     1
54776     2
54777     1
54778     2
54800    -4
54801    -9
54802    -3
54803    -4
54804    -5
54805    -5
54806    -7
54807    -4
54808    -7
54809    -4
54810    -4
54811    -5
54814    -1
54815    -4
54816    -6
54817    -1
54818    -5
54819    -1
54820    -5
54821   -13
54822   -15
54823    -5
54824    -8
54825    -2
54826     1
54827     0
54828    -2
54829   -10
54830    -7
54831    -5
54832    -8
54833   -14
54834   -10
54835    -4
54836    -2
54837    -3
54841    -2
54842  -999
54843    -3
54844    -1
54846     0
54848    -3
54849    -2
54851     1
54852     0
54853     0
54855     0
54857     1
54861     2
54863     1
54871     2
54900     0
54901    -6
54902    -2
54903     0
54904     0
54905     0
54906     1
54907    -1
54908     1
54909     1
54910     0
54911    -2
54912    -3
54913    -5
54914    -2
54915    -2
54916     0
54917    -1
54918     0
54919     0
54920     0
54921    -2
54922    -3
54923    -3
54925     0
54927    -5
54929     0
54932     0
54935     1
54936    -1
54938     1
54939     1
54940     0
54943     1
54945     1
55228     0
55248     1
55279    -9
55294     3
55299     4
55437     0
55472    -2
55493     2
55572  -999
55578   -10
55585    -8
55591   -16
55598   -18
55655     1
55664    -5
55680    -6
55681   -16
55690     3
55696    -9
55773     2
56004     1
56016     0
56018     4
56021     2
56029     3
56033     1
56034     4
56038     4
56043     2
56045     4
56046     3
56065     2
56067     3
56071    -3
56074     2
56079     3
56080     0
56081     1
56082    -3
56084    -3
56091     0
56092     0
56093   -12
56094    -7
56095   -10
56096    -4
56097    -6
56106     2
56116   -12
56125     1
56137   -13
56144    -4
56146    -9
56147    -7
56151     1
56152     3
56158    -2
56164     1
56167    -4
56168    -2
56171     3
56172    -3
56173     2
56178     1
56180   -11
56181    -3
56182    -5
56183    -5
56184     0
56185     0
56186    -5
56187  -999
56188    -1
56189    -6
56190   -15
56192   -11
56193     0
56194    -2
56195    -2
56196    -8
56197    -9
56198    -2
56199    -9
56202     4
56223   -11
56227     0
56247   -24
56251    -1
56257    -8
56263     0
56267     0
56272    -6
56273    -7
56276    -5
56278     1
56279    -1
56280     0
56281    -5
56284    -7
56285    -6
56287     0
56289    -6
56290    -7
56291    -4
56295     0
56296    -1
56297   -12
56298    -6
56307   -11
56312    -3
56317    -2
56331   -14
56357   -10
56371     0
56373   -10
56374     2
56376   -10
56378    -1
56380     0
56381    -9
56382     0
56383    -5
56384    -9
56385     0
56386    -5
56387   -10
56389    -9
56390    -4
56393     0
56394   -12
56395   -11
56396    -6
56399    -9
56434     1
56441    -6
56443   -14
56444     2
56459   -12
56462   -12
56473    -1
56474   -11
56475    -7
56478   -21
56479    -9
56480    -7
56483    -8
56485   -10
56487   -15
56489    -7
56490    -3
56492   -13
56493   -11
56496   -16
56497   -12
56499    -6
56533     1
56543    -9
56548    -8
56565   -22
56567   -24
56569   -18
56571   -23
56575   -16
56578   -18
56582    -7
56584   -10
56585   -11
56586   -10
56592    -9
56593    -8
56594   -11
56595   -11
56596    -6
56598    -8
56641   -12
56645    -6
56646   -16
56649    -3
56651   -27
56652   -12
56654   -21
56664   -19
56665   -21
56669   -17
56670   -21
56671   -24
56673   -11
56675   -22
56684    -6
56688   -17
56691    -5
56693     1
56697     0
56739    -9
56742    -9
56745    -2
56746    -1
56748   -11
56751     0
56752   -13
56755    -6
56756    -5
56757    -5
56761    -6
56763   -12
56764    -2
56766    -3
56767    -2
56768    -3
56772     1
56774     0
56775    -1
56777     0
56778     0
56781     0
56782     0
56783     0
56785     0
56786     0
56788   -10
56790     0
56792    -9
56793    -2
56835   -12
56836   -17
56838   -10
56839    -8
56840   -12
56841    -9
56842   -10
56843    -6
56844    -8
56846     0
56849    -1
56851    -1
56854    -6
56856    -2
56862     1
56863     0
56867    -9
56869   -11
56870    -3
56871   -12
56872    -2
56873   -10
56875    -8
56876   -11
56878   -16
56879   -13
56880   -13
56881   -11
56882    -8
56883   -11
56885   -16
56886   -11
56889   -17
56891   -13
56898   -10
56944    -7
56946    -6
56948   -14
56949   -14
56950   -10
56951    -2
56952    -6
56954   -12
56958   -22
56959   -25
56961   -12
56962   -15
56964   -17
56966   -18
56969    -9
56970   -18
56973   -19
56975   -19
56976   -22
56977   -10
56978   -20
56982   -20
56984   -13
56985   -16
56986   -20
56987   -12
56989   -15
56992    -9
56994    -4
56995   -17
56996   -16
57001    -1
57002     0
57003  -999
57004    -3
57006     0
57007     0
57008     0
57011    -3
57012     1
57014  -999
57016   -10
57020   -12
57021    -3
57022    -6
57023   -10
57024   -11
57025  -999
57026   -13
57027   -15
57028  -999
57029   -12
57030  -999
57031   -11
57032   -23
57033   -17
57034   -17
57035   -11
57036   -15
57037    -6
57038   -16
57039   -24
57040   -10
57042   -11
57043   -10
57044   -13
57045   -11
57046     0
57047   -17
57048  -999
57049  -999
57051     0
57053     0
57054   -15
57055   -16
57056    -8
57057     0
57060    -7
57061    -2
57063     1
57065     0
57066    -1
57067    -3
57070     0
57071     0
57072     0
57074     0
57075   -11
57076     0
57077    -9
57078    -8
57079     0
57080     0
57081     0
57082    -8
57083   -10
57085   -10
57086    -5
57087   -10
57089    -8
57090   -11
57091    -6
57093    -3
57094    -8
57095    -5
57096    -5
57098    -3
57099     1
57102     0
57105    -4
57106   -11
57110    -2
57111    -3
57113    -1
57119   -19
57124  -999
57126   -16
57127   -24
57128   -20
57129   -22
57132   -16
57134    -8
57137    -6
57140    -1
57143   -12
57144   -10
57153    -7
57154  -999
57155   -14
57156    -6
57162    -6
57169    -6
57173     0
57175    -4
57176    -6
57177     0
57178   -11
57179    -4
57180    -4
57181    -5
57182    -4
57183     0
57184     0
57185     1
57186     1
57187     0
57188     0
57189     1
57191    -6
57192     0
57193     0
57194     1
57195     0
57196     1
57198     0
57206    -5
57208     0
57211  -999
57213   -22
57216    -6
57217    -2
57231   -10
57232   -14
57233   -17
57237   -13
57238  -999
57242   -14
57245   -18
57247   -20
57248   -23
57249   -18
57251    -9
57253    -7
57254   -15
57257   -14
57259   -29
57260   -15
57261     0
57265   -19
57268   -19
57271   -17
57273   -10
57274   -12
57279   -21
57281    -5
57290     0
57292    -1
57293     1
57294    -5
57295     0
57296     0
57297     0
57298     0
57299     1
57303    -8
57304    -9
57306   -12
57307    -9
57308    -3
57309    -6
57313   -11
57314    -7
57315   -12
57317    -6
57318    -9
57320   -11
57324   -12
57326   -11
57328   -13
57329    -4
57333   -13
57339     0
57343  -999
57345   -12
57348    -4
57349    -8
57355    -3
57361   -23
57362   -24
57363   -21
57368   -12
57370   -21
57377    -6
57378   -13
57385   -10
57387     0
57388    -4
57389     0
57390     0
57396     0
57398     1
57399     1
57401    -7
57402   -10
57405    -8
57407    -4
57408    -5
57409   -10
57411    -7
57413    -4
57414   -10
57415    -7
57416     0
57417    -8
57420     0
57425    -5
57426     0
57431    -1
57432     0
57438     1
57447     1
57458     1
57460    -8
57461    -3
57464     0
57465     1
57466     1
57469     1
57475     2
57476     2
57477     1
57481     1
57483     1
57485     2
57486     2
57489     1
57491     2
57492     2
57494     2
57496     2
57498     1
57499     3
57505   -10
57506   -13
57507   -12
57509    -8
57510   -14
57511   -14
57513   -19
57514   -10
57516   -15
57518    -7
57519   -14
57522    -9
57525     0
57537    -1
57540     2
57541     2
57543     1
57544     1
57545     1
57554     1
57558     1
57562     1
57564     2
57565     1
57566     2
57571     3
57574     2
57575     2
57577     1
57582     3
57583     2
57584     3
57585     2
57586     2
57589     3
57590     3
57598     4
57603    -7
57605   -12
57606   -21
57608    -1
57609    -6
57614   -15
57623    -3
57625    -5
57633     1
57634   -10
57635     1
57636    -1
57637    -6
57640     1
57643     0
57646     1
57647     0
57649     0
57655     1
57657     2
57658     3
57661     2
57662     2
57663     3
57666     3
57669     3
57671     3
57674     3
57678     3
57680     3
57682     3
57687     3
57688     3
57694     3
57698     3
57699     3
57707   -10
57708   -10
57710   -16
57713    -9
57714    -7
57717   -11
57718    -2
57719     0
57720   -11
57722    -5
57723     0
57728    -4
57729    -5
57731    -1
57732    -1
57734    -1
57735     2
57736     3
57737     0
57738     0
57739     1
57740     3
57741     3
57742     3
57743     3
57744     1
57745     2
57754     2
57760     3
57762     2
57763     2
57766     1
57767     1
57768     3
57769     1
57771     2
57772     2
57773     3
57774     1
57776     2
57777     1
57778     2
57780     3
57781     3
57786     3
57792     3
57793     3
57796     3
57798     3
57799     0
57800    -4
57803   -12
57805     0
57806    -2
57807     0
57808     0
57809    -1
57811    -4
57813    -4
57814    -1
57816     0
57818    -2
57821    -2
57822     1
57824    -5
57825     0
57827     0
57828     1
57829     0
57832     0
57834    -7
57835   -10
57837    -6
57839     1
57840     1
57842     1
57844     0
57845     1
57846     0
57851     1
57853     1
57859     2
57860     1
57865     2
57866     3
57867     2
57868     2
57870     2
57871     1
57872     1
57874     3
57875     2
57876     2
57881     1
57882     2
57883     0
57886     1
57887     2
57891     2
57894     1
57895     2
57896     1
57899     1
57900     0
57902    -9
57903     0
57905   -12
57906   -11
57907   -11
57908   -11
57909   -18
57910   -11
57912    -8
57913     0
57914    -1
57915    -2
57916    -4
57921    -4
57922     0
57923    -3
57926     0
57927    -3
57932     0
57936     1
57941     0
57942     1
57947     3
57948     1
57949     3
57954     3
57955     3
57956     3
57957     4
57960     3
57962     3
57964     3
57965     3
57966     3
57969     3
57971     3
57972     3
57973     3
57975     3
57976     2
57978     3
57981     3
57985     2
57988     2
57989     2
57990     2
57991     1
57992     3
57993     2
57994     2
57995     3
57996     2
58001    -1
58002    -2
58003     0
58004    -5
58005     0
58006     1
58007     1
58008    -2
58011     1
58012     0
58013     0
58015     1
58016     1
58017     1
58020     0
58021     0
58022     0
58024    -2
58025     1
58026  -999
58027     2
58030     1
58032     0
58034  -999
58035     2
58036     1
58038  -999
58040     1
58041     2
58044     2
58047  -999
58048     1
58049     2
58100     1
58101     1
58102     1
58104     1
58107     0
58108     1
58109     1
58114     1
58117     1
58118  -999
58122     1
58125     1
58126     2
58127     2
58128     2
58129     1
58130  -999
58131     1
58132     2
58135  -999
58138     2
58139     2
58140     2
58141     2
58143  -999
58145     2
58146     2
58147     3
58148     2
58150     3
58154     3
58158  -999
58202     0
58203     1
58205     0
58207     0
58208     1
58210     1
58212     1
58214     1
58215  -999
58220     1
58221     2
58222     2
58223     3
58224     1
58230     2
58234     2
58235     2
58236     2
58237     2
58238     1
58240     2
58241     1
58242     2
58243     2
58244     2
58245     2
58247     2
58249     1
58250     2
58251     2
58254     2
58255  -999
58257     1
58259     3
58264     2
58265  -999
58268     3
58269     4
58301     0
58306     1
58311     0
58314     2
58316     2
58317     2
58319     2
58320     1
58321     1
58323     1
58326     2
58327     2
58329     2
58330     1
58331     1
58334     3
58335     2
58337     3
58338     3
58339     3
58340     2
58341     1
58342     2
58343     2
58344     2
58345     3
58346     3
58352     2
58353     2
58354  -999
58356  -999
58358     3
58360     3
58361     3
58362  -999
58365     3
58366     3
58367     3
58369     3
58401     2
58402     2
58404     2
58407     2
58408     3
58409     3
58415     2
58416     2
58417     3
58418     3
58420     3
58421     3
58424  -999
58426     3
58427     3
58428     3
58431     4
58432     3
58433     4
58435     4
58436     3
58437     3
58438     4
58441     3
58442     3
58443     3
58446     3
58448  -999
58449     4
58450  -999
58451     3
58452     3
58453  -999
58454     3
58455     3
58456     3
58457     4
58458     3
58459     4
58460     3
58461     3
58462     3
58463     3
58464     3
58467     4
58468     3
58472     3
58477     3
58501     3
58502     4
58503     4
58506     4
58508     4
58509     3
58510     4
58514     4
58517     3
58519     3
58523     3
58527     3
58529     3
58530     3
58531     3
58534     3
58537     3
58542     4
58543  -999
58544     4
58546     4
58547  -999
58548     4
58549  -999
58550     4
58553  -999
58556  -999
58557  -999
58558     4
58559     3
58562     4
58563     4
58565     3
58567     3
58569     3
58570  -999
58601     3
58602     3
58605     3
58606     3
58608     3
58609     4
58612     3
58614     4
58615     3
58616     3
58618     3
58620     3
58624     4
58625     4
58626     4
58629     4
58631     4
58632     4
58633     4
58634     4
58635     4
58642     3
58643     3
58644     4
58646     4
58647     4
58652  -999
58654     4
58656     4
58657     4
58658     4
58659     4
58660     4
58664     4
58665     4
58666     3
58667     4
58693     3
58701     3
58704     3
58706     3
58707     2
58710     3
58712     4
58713     3
58714     3
58715     3
58719     3
58724     3
58725     3
58730     3
58731     4
58735     3
58736     3
58737     3
58742  -999
58745     3
58746     3
58747     3
58748     2
58749     2
58750     3
58751     3
58752     3
58754     2
58760     3
58804     3
58813     3
58814     3
58819     3
58820     3
58821     3
58822     3
58823     3
58824     3
58826     2
58828     2
58834     2
58836     1
58839     1
58844     2
58845     2
58846     2
58847     1
58848     2
58903     2
58905     2
58906     2
58907     2
58911     2
58912     2
58917     2
58918     1
58921     2
58923     0
58926     0
58928     0
58929     0
58931  -999
58932     0
58933     3
58934     0
58935     0
58941     1
58942     1
58944     1
58946     1
59001   -15
59004   -20
59007   -13
59012    -6
59015    -9
59017    -9
59021    -6
59022     0
59023     0
59025    -6
59027     0
59031     1
59033     2
59034     1
59037    -1
59038    -6
59041     1
59044    -2
59045     1
59046     0
59047     1
59051     3
59052     2
59053     2
59055     1
59057     1
59058  -999
59059     2
59061     3
59063     3
59064     3
59065  -999
59071     2
59072     3
59074     2
59075     1
59081     3
59082     2
59087     0
59088  -999
59090     1
59091     1
59093     0
59094     1
59096     1
59097  -999
59099     1
59102     1
59106    -2
59107  -999
59109    -5
59114    -2
59116  -999
59117    -1
59122     0
59124    -2
59125     0
59126    -3
59127    -2
59130     0
59131    -1
59133     0
59134    -1
59137     0
59205   -13
59209    -9
59211    -8
59213    -3
59215    -5
59218    -7
59224    -9
59227    -7
59228   -10
59229    -9
59230    -6
59235     1
59237     1
59238     0
59241     2
59242     2
59246     1
59249     0
59254     1
59255     1
59256     1
59264     1
59265     2
59266     2
59268     1
59269     1
59270     1
59271     2
59276     0
59278    -7
59279   -10
59280  -999
59284    -9
59285    -5
59287  -999
59288   -10
59289  -999
59290     0
59293    -2
59294     0
59297   -11
59298    -4
59303    -5
59304  -999
59306  -999
59310    -8
59312    -1
59313    -6
59314    -5
59315     0
59316    -2
59318    -7
59319    -4
59320    -8
59321    -3
59322    -4
59324    -6
59417    -4
59419   -12
59421    -6
59425   -11
59426   -11
59427   -14
59429    -4
59431   -12
59435    -3
59441     0
59446     2
59448     0
59449    -5
59451    -2
59452     0
59453     0
59454     0
59456  -999
59457    -3
59462    -5
59469    -4
59470   -14
59471    -4
59473    -7
59475    -2
59476    -3
59477    -1
59478  -999
59480    -6
59481   -11
59485  -999
59487    -9
59488  -999
59492    -5
59493  -999
59500    -1
59501    -5
59502    -4
59626     1
59632     0
59640    -7
59644   -10
59647   -15
59650   -16
59653   -14
59654    -8
59655    -6
59656   -15
59658   -16
59659    -9
59663    -6
59664    -9
59673    -6
59750   -16
59754   -19
59757   -10
59758   -14
59838   -11
59842   -12
59843   -10
59845   -11
59847    -6
59848   -18
59849   -12
59851    -8
59854   -10
59855   -11
59856     0
59940   -20
59941   -18
59945   -10
59948   -10
59951   -18
59954   -11
