50136     0
50246     0
50349     0
50353     0
50425     0
50431     0
50434     0
50442     0
50445     0
50468     1
50514     0
50524     0
50525     0
50526     0
50527     0
50548     0
50557     0
50564     0
50566     0
50603     0
50618     0
50632     0
50639     0
50646     0
50647     0
50655     0
50656     0
50658     0
50673     0
50674     0
50727     0
50741     0
50742     0
50745     0
50749     0
50750     0
50755     0
50756     0
50758     0
50772     0
50774     0
50775     0
50776     0
50778     0
50779     0
50788     0
50832     0
50833     0
50834     0
50838     0
50842     0
50844     0
50851     0
50852     0
50853     0
50854     0
50858     0
50861     0
50862     0
50867     0
50871     0
50873     0
50877     0
50878     0
50879     0
50880     0
50884     0
50888     0
50892     0
50913     0
50915     0
50928     0
50934    -3
50936     0
50937    -5
50939    -5
50940     0
50946     0
50948     0
50949     0
50950     0
50953     0
50954     0
50958     0
50960     0
50962     0
50963     0
50964     0
50965     0
50968     0
50978     0
50979     0
50983     0
50985     0
51053  -999
51059  -999
51060  -999
51068  -999
51076     0
51087  -999
51133    -3
51137    -6
51145     0
51156  -999
51186  -999
51232  -999
51238  -999
51241     0
51243  -999
51288     0
51328     3
51329     3
51330  -999
51334  -999
51346     1
51352     0
51353     1
51356     0
51357     0
51358  -999
51359     0
51365  -999
51367     0
51369     0
51377     0
51378     0
51379     0
51430     1
51431  -999
51433  -999
51434     3
51435     1
51436     3
51437     1
51438     3
51463  -999
51465     0
51467     2
51468     1
51469  -999
51470  -999
51477  -999
51482     0
51495     0
51526     0
51542     0
51559     0
51567     3
51568     2
51571     0
51572     0
51573  -999
51581  -999
51627     4
51628  -999
51629     2
51633     2
51636     0
51639  -999
51642     0
51644  -999
51655  -999
51656  -999
51701     0
51704  -999
51705     1
51707     4
51708     4
51709  -999
51711  -999
51716     1
51717     3
51720     0
51722     0
51730     0
51765     0
51777     0
51802     4
51804     3
51810  -999
51811     4
51814     2
51815     4
51818  -999
51826     1
51827     2
51828     0
51829     1
51839     0
51855     0
51886     0
51931  -999
52101  -999
52112  -999
52203  -999
52267     0
52313  -999
52323     0
52378     0
52418     0
52424     0
52436     0
52446     0
52447     0
52495     0
52515     0
52533     0
52546     0
52557     0
52575     0
52576     0
52602     0
52607     0
52633     0
52643    -7
52645     1
52652     0
52656    -7
52657     2
52661     0
52674     0
52679     0
52681     0
52707     0
52713     0
52737     0
52745     0
52754     1
52765    -7
52784   -10
52787     0
52797     0
52818     1
52825     0
52833     2
52836     1
52842     1
52853     0
52855     2
52856     4
52862     1
52863     1
52866     2
52868     0
52869     3
52874     1
52876     1
52884  -999
52885     1
52889     0
52895   -17
52896     0
52908     1
52943     4
52955     4
52957     4
52963     1
52968     4
52972    -8
52978     3
52980     1
52982     3
52983     1
52984     3
52985     4
52986     3
52988     3
52993     2
52995     4
52996     3
52998     3
53068     0
53083     0
53149     0
53192     0
53195     0
53231     0
53272     0
53276     0
53289    -7
53324     0
53336    -4
53337     0
53343     0
53348   -26
53352     0
53357   -19
53362     0
53367     0
53368     0
53378     0
53384   -17
53385   -15
53391     0
53392     0
53397   -13
53399     0
53419     0
53420     0
53433   -21
53446   -22
53455   -23
53457   -20
53463   -14
53464   -22
53467   -21
53469   -15
53472    -9
53475   -13
53478    -6
53480    -8
53481   -11
53483   -11
53484    -8
53486   -14
53487   -14
53488   -14
53491   -16
53492   -11
53498   -17
53499   -13
53502     0
53512     0
53513     0
53517     0
53518     0
53519     0
53522     0
53529   -21
53533   -22
53543   -21
53545   -21
53547   -21
53553   -21
53562   -19
53564     0
53565     0
53567   -10
53573    -8
53574    -6
53575    -6
53576   -10
53577    -7
53579   -13
53580   -16
53582   -12
53584   -20
53585   -16
53588     0
53590    -3
53593   -12
53596   -15
53599   -11
53602   -24
53610     0
53611     0
53614     0
53615     0
53617     0
53618     0
53619   -14
53644   -10
53646    -9
53651  -999
53658    -6
53659    -9
53660    -7
53662    -2
53663     1
53664    -4
53665    -9
53666   -12
53669   -17
53673   -10
53674    -8
53676   -10
53677   -12
53678   -14
53679   -11
53680   -20
53681   -11
53682   -21
53685    -6
53688   -21
53689   -21
53690   -17
53691   -21
53692   -17
53693   -10
53694   -15
53695   -21
53696   -22
53697   -14
53698   -14
53699   -21
53704     0
53705   -10
53707   -12
53723    -9
53725   -15
53727     1
53730    -8
53732    -9
53735  -999
53738    -8
53740    -8
53748   -13
53750   -14
53751   -14
53753    -8
53754    -9
53756   -14
53757   -10
53759   -14
53760    -9
53763    -9
53764   -14
53767   -13
53768   -13
53769   -11
53770    -7
53771   -19
53772   -14
53773   -11
53774   -11
53776   -13
53777   -18
53778    -8
53780    -2
53781   -10
53782   -12
53783     0
53784   -16
53785   -13
53786    -9
53787     0
53788    -3
53789   -14
53790   -11
53791   -11
53792    -7
53794   -10
53795    -8
53796   -12
53797    -8
53798   -12
53799   -13
53806     1
53810    -8
53817     3
53821    -9
53829    -3
53832   -15
53841   -16
53845   -12
53848    -7
53850    -9
53852   -12
53853   -12
53854  -999
53856   -11
53857    -7
53860   -10
53861   -10
53862   -15
53863   -11
53864   -12
53865   -12
53866   -11
53868    -8
53869   -11
53871    -5
53872    -7
53873   -11
53874   -14
53875    -3
53878   -14
53879   -11
53880    -9
53881   -12
53882   -10
53883   -11
53885    -9
53886    -4
53888   -11
53889     0
53890    -7
53891   -17
53892   -10
53893   -15
53894    -7
53895   -13
53896   -17
53897    -8
53898    -5
53899   -17
53903     2
53906     3
53908     3
53914     3
53915     0
53916     2
53917     2
53923     1
53924   -12
53925    -1
53926    -9
53927     1
53928    -5
53929    -7
53930   -13
53931    -5
53934     0
53935     0
53937    -9
53938     1
53941   -17
53942   -10
53945    -9
53947    -3
53948  -999
53949   -16
53950   -15
53953   -10
53954   -15
53955  -999
53956   -12
53957   -13
53958   -15
53959   -15
53961   -10
53962    -8
53963   -11
53964   -16
53965   -13
53966   -10
53967   -12
53970    -2
53972    -9
53973    -7
53974    -6
53975    -5
53976    -4
53978   -10
53979   -10
53980   -19
53981    -5
53982   -12
53983    -2
53984   -11
53985    -8
53986    -9
53987   -11
53988    -8
53989    -5
53991    -4
53992    -5
53993    -6
53994    -7
53995    -6
53996    -8
53997    -7
53998    -6
54012     0
54024     0
54026    -7
54027     0
54031     0
54039     0
54041     0
54047     1
54049     0
54063     0
54065     0
54069     0
54072     0
54076     0
54080     0
54092     0
54093     0
54094     0
54096     0
54098     0
54099     0
54102     0
54113     0
54115     0
54117     0
54122    -7
54132     0
54134     1
54135     0
54142     1
54154     1
54156     1
54157     0
54161     1
54164     0
54169    -3
54171     0
54172     0
54181     0
54186     0
54187     0
54195     0
54204     0
54205     0
54208     0
54213     0
54214     1
54218     0
54223     0
54225     0
54226     0
54231     1
54234     0
54236     2
54237    -1
54244     1
54245     0
54249     3
54252     0
54254     0
54259     2
54261    -3
54263    -6
54266    -8
54267    -8
54273    -6
54274    -7
54276    -9
54284    -6
54285   -10
54290    -8
54291    -6
54292    -7
54293     0
54301     0
54304     0
54305     0
54308    -5
54311     0
54313    -2
54316    -4
54318    -5
54319    -4
54320    -2
54321    -2
54323     0
54324     0
54325    -2
54326    -5
54327    -7
54328    -3
54331     3
54332     2
54333     0
54334  -999
54335     1
54336     0
54337    -3
54338     0
54339     2
54342    -2
54346     2
54347    -2
54349  -999
54351     2
54362    -8
54363    -9
54365     0
54371   -12
54374     2
54377     2
54386    -9
54398   -13
54399   -13
54401    -9
54404    -6
54405   -21
54408    -8
54410    -8
54412     1
54416     0
54419     0
54420   -17
54421    -3
54423    -8
54424    -7
54425     1
54428   -14
54429    -4
54430   -10
54431   -13
54432    -6
54433   -21
54434    -6
54436     0
54437   -19
54438   -11
54439    -6
54449    -9
54453    -1
54454   -18
54455    -4
54471     2
54474     1
54475    -4
54476     1
54483    -9
54486     2
54493     2
54494     1
54497     2
54499   -12
54501   -15
54502   -19
54503   -19
54505   -15
54506   -20
54507   -20
54510   -17
54511   -22
54512   -18
54513   -12
54514   -13
54515   -20
54517   -20
54518   -23
54519   -20
54520   -16
54521   -21
54522   -14
54523   -20
54525  -999
54527   -22
54528   -21
54530   -17
54531   -18
54532   -16
54533   -20
54534   -21
54535   -20
54539   -11
54540   -15
54541    -6
54563    -7
54568   -14
54569   -10
54579     1
54584     2
54590     2
54594   -17
54596   -18
54597   -18
54601   -22
54602   -21
54603   -22
54604   -20
54605   -20
54606   -20
54607   -20
54608   -20
54609   -18
54610   -21
54611   -16
54612   -20
54613   -23
54614   -20
54615   -21
54616   -22
54617   -22
54618   -20
54619   -22
54620   -20
54621   -21
54622   -20
54623   -16
54624   -23
54626   -19
54627   -21
54628   -19
54631   -16
54632   -17
54633   -14
54636   -20
54640   -13
54644   -20
54660  -999
54662   -17
54700   -21
54701   -21
54702   -20
54703   -20
54704   -20
54705   -15
54706   -12
54707   -13
54708   -15
54709   -14
54710   -19
54711   -14
54712   -13
54713   -22
54714   -14
54715   -13
54716   -20
54717   -21
54718   -15
54719   -21
54722   -18
54723   -19
54724   -20
54725   -18
54726   -20
54727  -999
54728   -17
54729   -12
54730   -14
54731   -12
54734   -12
54736   -11
54737   -16
54738    -6
54744  -999
54749    -8
54751   -15
54752    -9
54753   -11
54755    -7
54759    -6
54764    -8
54765    -7
54766     0
54774    -1
54776    -8
54777   -14
54778   -16
54800   -21
54801   -20
54802   -17
54803   -17
54804   -16
54805   -19
54806   -18
54807   -11
54808   -15
54809   -18
54810   -14
54811   -13
54814    -8
54815   -10
54816   -10
54817    -6
54818   -11
54819    -5
54820   -17
54821   -12
54822    -7
54823    -8
54824     0
54825    -1
54826    -3
54827     0
54828     0
54829    -3
54830    -5
54831     1
54832    -1
54833    -6
54834    -1
54835     1
54836     1
54837     1
54841    -2
54842  -999
54843     0
54844     2
54846     0
54848     1
54849     0
54851    -4
54852   -10
54853    -6
54855    -4
54857     0
54861    -6
54863    -9
54871   -15
54900    -7
54901   -14
54902   -10
54903    -8
54904    -3
54905    -5
54906    -2
54907     0
54908    -6
54909    -4
54910    -3
54911    -5
54912     0
54913    -4
54914    -4
54915    -4
54916     0
54917     0
54918     0
54919     0
54920     1
54921    -5
54922     0
54923     0
54925     0
54927     0
54929     0
54932     0
54935     1
54936     0
54938     2
54939     1
54940     1
54943     0
54945     1
55228     0
55248     0
55279    -5
55294     0
55299     0
55437     2
55472     0
55493     3
55572  -999
55578    -5
55585   -11
55591   -13
55598   -12
55655     3
55664     0
55680   -11
55681   -11
55690     2
55696   -11
55773     4
56004     2
56016     3
56018     2
56021     4
56029     3
56033     1
56034     2
56038     1
56043     1
56045     2
56046     4
56065     4
56067     4
56071     3
56074     4
56079     4
56080     4
56081     4
56082     3
56084     1
56091     3
56092     3
56093     2
56094    -1
56095     1
56096     0
56097    -5
56106    -4
56116     0
56125     0
56137     0
56144   -14
56146     1
56147     0
56151     2
56152     3
56158     1
56164     1
56167    -3
56168   -10
56171     4
56172     0
56173     3
56178   -13
56180    -5
56181     0
56182     0
56183   -26
56184     0
56185     1
56186    -1
56187  -999
56188     1
56189    -3
56190    -7
56192     0
56193     1
56194     1
56195     2
56196     0
56197    -7
56198     1
56199     1
56202    -4
56223     2
56227     1
56247   -12
56251   -11
56257   -18
56263   -15
56267   -22
56272     0
56273     1
56276     0
56278     3
56279     2
56280     2
56281     1
56284     1
56285     0
56287     3
56289     1
56290    -4
56291     0
56295     1
56296     0
56297     0
56298     1
56307    -7
56312     0
56317     1
56331    -7
56357   -10
56371   -22
56373    -3
56374     1
56376   -25
56378   -21
56380     3
56381     1
56382     1
56383     1
56384     1
56385     2
56386     1
56387    -8
56389     1
56390     1
56393     2
56394    -1
56395     1
56396     1
56399     1
56434    -2
56441   -13
56443   -13
56444     3
56459   -11
56462   -18
56473   -21
56474   -27
56475   -13
56478   -15
56479    -5
56480     0
56483     1
56485    -4
56487   -10
56489    -9
56490     3
56492     2
56493     1
56496     0
56497     0
56499     2
56533     3
56543     2
56548     2
56565   -22
56567   -21
56569   -20
56571   -16
56575   -22
56578   -21
56582    -3
56584   -23
56585   -19
56586   -14
56592     2
56593     2
56594   -18
56595     1
56596     1
56598    -5
56641     1
56645    -6
56646   -12
56649    -8
56651   -17
56652   -18
56654   -17
56664   -20
56665   -22
56669   -14
56670   -19
56671   -25
56673   -18
56675   -21
56684   -16
56688   -19
56691    -8
56693     2
56697   -20
56739   -12
56742    -8
56745     0
56746    -3
56748   -11
56751     0
56752   -11
56755    -3
56756    -3
56757    -4
56761    -6
56763   -14
56764    -3
56766    -5
56767    -4
56768    -9
56772   -11
56774    -5
56775    -7
56777   -10
56778   -18
56781   -15
56782   -16
56783   -16
56785   -20
56786   -17
56788   -22
56790   -14
56792    -5
56793    -8
56835   -16
56836   -15
56838   -18
56839   -11
56840   -14
56841   -13
56842   -11
56843    -8
56844   -17
56846   -13
56849   -11
56851    -3
56854   -17
56856   -14
56862   -19
56863   -20
56867   -18
56869   -19
56870   -20
56871   -20
56872   -19
56873   -21
56875   -19
56876   -18
56878   -21
56879   -20
56880   -21
56881   -21
56882   -15
56883   -19
56885   -25
56886   -28
56889   -16
56891    -6
56898   -20
56944   -18
56946   -14
56948   -16
56949   -13
56950   -17
56951   -15
56952   -14
56954   -15
56958   -16
56959   -20
56961   -16
56962   -19
56964   -18
56966   -17
56969   -17
56970   -18
56973   -17
56975   -18
56976   -23
56977    -9
56978   -21
56982   -16
56984   -19
56985   -18
56986   -12
56987   -11
56989   -25
56992   -13
56994   -18
56995   -10
56996   -16
57001     0
57002     0
57003  -999
57004     2
57006     0
57007     0
57008     1
57011    -1
57012     0
57014  -999
57016    -7
57020    -9
57021    -5
57022    -7
57023    -9
57024    -6
57025  -999
57026    -5
57027    -6
57028  -999
57029    -5
57030  -999
57031    -6
57032    -6
57033   -10
57034    -7
57035    -4
57036   -12
57037    -6
57038    -8
57039    -7
57040   -14
57042   -14
57043   -16
57044   -11
57045   -12
57046     1
57047    -7
57048  -999
57049  -999
57051   -16
57053   -16
57054   -12
57055   -17
57056   -22
57057    -6
57060   -14
57061   -17
57063    -7
57065   -11
57066   -13
57067   -21
57070    -7
57071    -9
57072    -6
57074    -9
57075   -13
57076    -7
57077   -17
57078   -10
57079   -10
57080    -5
57081    -9
57082   -14
57083    -9
57085   -11
57086    -5
57087    -3
57089    -8
57090    -6
57091    -8
57093    -4
57094    -4
57095    -6
57096    -2
57098    -6
57099     0
57102    -2
57105    -1
57106    -5
57110    -7
57111    -9
57113    -1
57119   -20
57124  -999
57126   -20
57127   -16
57128   -21
57129   -21
57132    -8
57134   -23
57137   -22
57140   -15
57143   -13
57144   -24
57153   -19
57154  -999
57155   -19
57156   -12
57162   -10
57169   -14
57173    -3
57175    -8
57176    -7
57177    -9
57178   -12
57179   -10
57180    -3
57181    -4
57182    -5
57183    -5
57184    -6
57185   -10
57186    -6
57187   -11
57188   -15
57189   -18
57191    -3
57192    -8
57193    -8
57194   -14
57195   -11
57196   -12
57198   -11
57206     1
57208     2
57211  -999
57213   -13
57216    -4
57217     2
57231   -14
57232   -23
57233   -24
57237    -8
57238  -999
57242   -25
57245   -19
57247   -16
57248   -23
57249   -13
57251   -15
57253   -17
57254   -13
57257   -17
57259   -23
57260   -19
57261   -12
57265   -19
57268   -16
57271   -17
57273   -17
57274   -16
57279   -27
57281   -19
57290   -13
57292   -14
57293    -9
57294   -13
57295   -14
57296   -10
57297   -10
57298   -10
57299    -7
57303     2
57304     1
57306     0
57307     1
57308     1
57309     2
57313     0
57314     1
57315     1
57317     1
57318     1
57320    -8
57324     0
57326    -5
57328    -1
57329    -8
57333    -6
57339   -20
57343  -999
57345   -16
57348   -33
57349   -28
57355   -21
57361   -18
57362   -17
57363    -8
57368   -24
57370   -16
57377   -13
57378   -19
57385   -16
57387    -8
57388   -10
57389    -6
57390     0
57396    -3
57398    -9
57399    -3
57401     2
57402     2
57405     2
57407     2
57408     1
57409     1
57411     1
57413     0
57414     1
57415     1
57416     2
57417     1
57420     1
57425     1
57426    -8
57431   -14
57432   -16
57438   -15
57447   -13
57458   -19
57460   -20
57461   -19
57464   -17
57465    -9
57466   -20
57469   -22
57475    -1
57476   -16
57477    -8
57481    -6
57483   -10
57485     2
57486     1
57489     2
57491     1
57492     2
57494     2
57496     3
57498     2
57499     3
57505     1
57506     0
57507     0
57509   -16
57510    -3
57511    -1
57513    -6
57514     0
57516     0
57518     0
57519   -14
57522   -16
57525   -13
57537    -9
57540   -13
57541    -2
57543   -19
57544   -17
57545   -12
57554   -13
57558    -5
57562   -12
57564    -9
57565    -7
57566     1
57571     2
57574     2
57575     2
57577     2
57582     3
57583     3
57584     3
57585     2
57586     3
57589     2
57590     2
57598     3
57603     0
57605     0
57606    -9
57608     1
57609    -1
57614     0
57623   -22
57625    -7
57633    -9
57634   -13
57635     0
57636   -15
57637    -9
57640    -9
57643    -5
57646     1
57647   -13
57649     1
57655    -1
57657     2
57658     2
57661     2
57662     1
57663     2
57666     2
57669     2
57671     2
57674     2
57678     2
57680     2
57682     2
57687     2
57688     3
57694     3
57698     3
57699     3
57707     1
57708     2
57710     2
57713     0
57714     3
57717     1
57718     0
57719     2
57720    -5
57722    -2
57723     0
57728    -1
57729   -10
57731    -5
57732   -11
57734    -6
57735     1
57736    -2
57737    -4
57738    -2
57739     1
57740     1
57741    -6
57742     2
57743     1
57744     1
57745     1
57754     2
57760     2
57762     2
57763     2
57766     2
57767     2
57768     2
57769     2
57771     2
57772     2
57773     2
57774     2
57776     2
57777     2
57778     2
57780     2
57781     3
57786     3
57792     3
57793     3
57796     3
57798     3
57799     2
57800     2
57803     1
57805     1
57806     0
57807     1
57808     1
57809     0
57811     1
57813     1
57814     1
57816     2
57818     1
57821     0
57822     1
57824    -9
57825     1
57827     1
57828     2
57829     2
57832     0
57834    -4
57835    -9
57837    -1
57839     2
57840     2
57842     2
57844     1
57845     2
57846     0
57851     2
57853     1
57859     2
57860     2
57865     2
57866     2
57867     2
57868     2
57870     2
57871     2
57872     2
57874     2
57875     2
57876     2
57881     2
57882     2
57883     2
57886     2
57887     2
57891     3
57894     1
57895     1
57896     2
57899     2
57900     2
57902     0
57903     1
57905     0
57906   -13
57907     0
57908    -3
57909    -9
57910     0
57912    -5
57913    -3
57914     1
57915     0
57916   -12
57921     0
57922     1
57923     0
57926    -7
57927    -5
57932    -6
57936   -12
57941     1
57942    -5
57947     2
57948     2
57949     3
57954     2
57955     2
57956     2
57957     3
57960     2
57962     2
57964     3
57965     2
57966     3
57969     2
57971     2
57972     3
57973     3
57975     3
57976     2
57978     2
57981     3
57985     2
57988     3
57989     3
57990     2
57991     2
57992     3
57993     3
57994     3
57995     3
57996     3
58001     0
58002     0
58003    -3
58004    -1
58005     0
58006     0
58007    -7
58008     0
58011     0
58012     0
58013     1
58015     0
58016     1
58017    -3
58020     0
58021     0
58022     0
58024     0
58025     0
58026  -999
58027     1
58030     2
58032     1
58034  -999
58035     2
58036     2
58038  -999
58040     2
58041     1
58044     2
58047  -999
58048     2
58049     0
58100    -8
58101    -5
58102    -3
58104    -8
58107    -7
58108   -10
58109    -2
58114    -7
58117     0
58118  -999
58122    -2
58125     1
58126     0
58127     1
58128     0
58129     0
58130  -999
58131     0
58132     1
58135  -999
58138     1
58139     2
58140     1
58141     0
58143  -999
58145     2
58146     1
58147     2
58148     2
58150     0
58154     1
58158  -999
58202    -4
58203    -4
58205    -6
58207    -6
58208    -7
58210     0
58212     0
58214     0
58215  -999
58220     0
58221     0
58222     0
58223     1
58224     0
58230     2
58234     2
58235     2
58236     1
58237     3
58238     3
58240     2
58241     2
58242     2
58243     2
58244     2
58245     2
58247     3
58249     3
58250     3
58251     2
58254     3
58255  -999
58257     3
58259     3
58264     3
58265  -999
58268     3
58269     3
58301    -2
58306     1
58311     2
58314     2
58316     2
58317     2
58319     3
58320     2
58321     2
58323     2
58326     3
58327     2
58329     3
58330     2
58331     3
58334     3
58335     3
58337     3
58338     3
58339     3
58340     3
58341     3
58342     3
58343     3
58344     3
58345     3
58346     3
58352     3
58353     3
58354  -999
58356  -999
58358     3
58360     3
58361     3
58362  -999
58365     3
58366     3
58367     3
58369     3
58401     2
58402     2
58404     2
58407     3
58408     3
58409     2
58415     3
58416     3
58417     2
58418     3
58420     3
58421     3
58424  -999
58426     3
58427     3
58428     3
58431     3
58432     3
58433     3
58435     3
58436     3
58437     3
58438     3
58441     3
58442     3
58443     3
58446     3
58448  -999
58449     3
58450  -999
58451     3
58452     3
58453  -999
58454     3
58455     3
58456     3
58457     3
58458     3
58459     3
58460     3
58461     3
58462     3
58463     3
58464     3
58467     3
58468     3
58472     3
58477     3
58501     2
58502     3
58503     3
58506     2
58508     3
58509     3
58510     3
58514     3
58517     3
58519     3
58523     3
58527     3
58529     3
58530     3
58531     3
58534     3
58537     2
58542     3
58543  -999
58544     3
58546     3
58547  -999
58548     3
58549  -999
58550     4
58553  -999
58556  -999
58557  -999
58558     3
58559     3
58562     3
58563     3
58565     3
58567     3
58569     2
58570  -999
58601     3
58602     3
58605     3
58606     2
58608     3
58609     3
58612     3
58614     3
58615     3
58616     3
58618     3
58620     3
58624     3
58625     3
58626     3
58629     3
58631     3
58632     3
58633     3
58634     3
58635     3
58642     3
58643     3
58644     3
58646     3
58647     3
58652  -999
58654     3
58656     3
58657     4
58658     4
58659     3
58660     3
58664     3
58665     3
58666     3
58667     3
58693     2
58701     3
58704     3
58706     3
58707     2
58710     2
58712     3
58713     3
58714     3
58715     3
58719     3
58724     3
58725     3
58730     3
58731     3
58735     3
58736     3
58737     3
58742  -999
58745     3
58746     3
58747     3
58748     3
58749     3
58750     3
58751     3
58752     3
58754     3
58760     3
58804     3
58813     2
58814     3
58819     3
58820     2
58821     3
58822     3
58823     3
58824     3
58826     3
58828     3
58834     3
58836     4
58839     3
58844     4
58845     3
58846     4
58847     4
58848     4
58903     3
58905     3
58906     3
58907     3
58911     3
58912     3
58917     3
58918     3
58921     3
58923     3
58926     3
58928     3
58929     3
58931  -999
58932     3
58933     3
58934     3
58935     3
58941     3
58942     3
58944     3
58946     3
59001    -3
59004   -10
59007   -10
59012    -6
59015   -14
59017    -9
59021    -8
59022     0
59023     0
59025    -8
59027    -1
59031     1
59033     0
59034     0
59037     1
59038     0
59041     1
59044     1
59045     0
59046     1
59047     1
59051     1
59052     0
59053     1
59055     0
59057    -2
59058  -999
59059     1
59061     1
59063     2
59064     2
59065  -999
59071     2
59072     2
59074     2
59075     3
59081     3
59082     3
59087     1
59088  -999
59090     3
59091     3
59093     3
59094     2
59096     2
59097  -999
59099     2
59102     3
59106     2
59107  -999
59109     1
59114     3
59116  -999
59117     2
59122     3
59124     3
59125     3
59126     3
59127     3
59130     3
59131     3
59133     3
59134     3
59137     3
59205   -16
59209   -15
59211    -4
59213    -6
59215    -2
59218   -12
59224    -8
59227    -3
59228    -8
59229    -9
59230     1
59235     0
59237    -3
59238     0
59241     1
59242     1
59246     0
59249     1
59254     1
59255     0
59256     0
59264     1
59265     1
59266     1
59268     1
59269     0
59270     1
59271     1
59276     2
59278     0
59279     1
59280  -999
59284     1
59285     1
59287  -999
59288     1
59289  -999
59290     3
59293     2
59294     1
59297     0
59298     1
59303     2
59304  -999
59306  -999
59310     2
59312     2
59313     2
59314     2
59315     2
59316     2
59318     2
59319     2
59320     2
59321     3
59322     2
59324     1
59417    -6
59419     0
59421    -6
59425    -4
59426    -2
59427    -6
59429    -8
59431    -4
59435    -2
59441     0
59446     1
59448     0
59449     0
59451     0
59452     0
59453     1
59454     0
59456  -999
59457     1
59462     0
59469     1
59470    -1
59471     0
59473     1
59475     2
59476     1
59477     2
59478  -999
59480     1
59481     0
59485  -999
59487     0
59488  -999
59492     1
59493  -999
59500     2
59501     1
59502     2
59626     1
59632     1
59640     1
59644     0
59647   -10
59650   -10
59653    -4
59654     1
59655     0
59656    -9
59658   -14
59659    -2
59663     2
59664    -6
59673     1
59750   -12
59754   -13
59757     0
59758    -1
59838    -4
59842    -3
59843     0
59845    -5
59847     0
59848   -14
59849    -4
59851    -1
59854     0
59855     0
59856     0
59940   -12
59941   -17
59945    -9
59948     0
59951    -5
59954    -7
