	54386	-2.0918
	59131	-1.9149
	54342	-1.8504
	58918	-1.7819
	59102	-1.7681
	56745	-1.7374
	54347	-1.7052
	54374	-1.6752
	59312	-1.6721
	54249	-1.6585
	54605	-1.6452
	56752	-1.6443
	54613	-1.6383
	54286	-1.6117
	59106	-1.5918
	54751	-1.5748
	54377	-1.5467
	56838	-1.5413
	57993	-1.5201
	53083	-1.5006
	54700	-1.4948
	58917	-1.4896
	59092	-1.4835
	53691	-1.4825
	59094	-1.4781
	54729	-1.4639
	54618	-1.4593
	59453	-1.4588
	54486	-1.4583
	54608	-1.4544
	54505	-1.4307
	54621	-1.4277
	54363	-1.4112
	56188	-1.408
	54284	-1.396
	59130	-1.3865
	57972	-1.3847
	54616	-1.3841
	54829	-1.384
	53689	-1.3835
	59134	-1.3799
	54575	-1.3695
	56190	-1.3675
	54187	-1.3659
	54339	-1.3659
	54614	-1.3609
	54617	-1.3571
	54471	-1.3557
	57846	-1.3475
	54332	-1.345
	59117	-1.3449
	59107	-1.3423
	59099	-1.3361
	58618	-1.3302
	54494	-1.3226
	54493	-1.3173
	54719	-1.317
	59137	-1.3151
	56854	-1.3109
	59320	-1.3082
	58942	-1.2898
	54065	-1.2794
	59255	-1.2705
	58911	-1.2699
	57966	-1.2629
	54712	-1.2618
	54353	-1.2559
	54371	-1.2558
	56654	-1.2533
	54362	-1.2379
	53391	-1.2376
	54821	-1.2376
	59321	-1.2372
	56543	-1.2292
	59452	-1.2266
	59297	-1.2264
	54834	-1.2227
	58701	-1.2202
	59116	-1.2188
	54714	-1.218
	58714	-1.212
	57981	-1.2119
	54346	-1.2074
	54064	-1.2049
	58929	-1.1962
	54165	-1.1953
	54833	-1.1935
	57304	-1.1933
	54727	-1.1925
	58932	-1.1877
	57682	-1.1852
	53699	-1.1814
	54234	-1.1761
	54231	-1.1747
	54596	-1.1746
	54609	-1.1711
	57887	-1.1708
	54483	-1.1648
	54266	-1.1591
	54261	-1.1491
	59093	-1.1485
	54248	-1.1457
	59133	-1.1451
	54513	-1.1387
	54535	-1.1345
	54708	-1.1319
	54259	-1.1284
	54528	-1.1246
	54049	-1.1242
	56194	-1.1226
	54824	-1.1184
	59096	-1.1099
	54612	-1.1086
	58938	-1.1072
	54254	-1.1036
	56195	-1.1027
	56976	-1.1023
	54470	-1.0978
	54365	-1.09
	56199	-1.0875
	56286	-1.0832
	59241	-1.0791
	54703	-1.0786
	56645	-1.076
	54766	-1.0723
	53680	-1.0702
	54337	-1.0695
	57941	-1.0688
	54590	-1.0659
	59485	-1.0654
	59451	-1.064
	54711	-1.0639
	54285	-1.0631
	57991	-1.0589
	56646	-1.0534
	54069	-1.0505
	54539	-1.046
	50954	-1.045
	59256	-1.0433
	58934	-1.0417
	51377	-1.037
	57696	-1.0363
	54425	-1.0358
	54713	-1.0328
	54579	-1.0318
	53692	-1.0305
	54336	-1.0302
	56742	-1.0297
	58705	-1.0275
	54604	-1.0263
	54607	-1.0254
	53695	-1.0199
	55228	-1.0177
	53694	-1.0154
	59127	-1.0109
	54606	-1.0088
	56851	-1.0076
	59254	-1.0062
	56389	-1.0035
	54430	-1.0025
	54620	-0.9976
	59475	-0.9928
	59044	-0.992
	54644	-0.9907
	56196	-0.9892
	57698	-0.9887
	50953	-0.9879
	56567	-0.9862
	54523	-0.9852
	57876	-0.985
	50877	-0.9849
	54831	-0.984
	58710	-0.9813
	56842	-0.9802
	54707	-0.977
	54737	-0.9743
	54825	-0.9723
	56193	-0.9701
	59033	-0.9672
	58502	-0.9651
	53068	-0.9644
	54351	-0.9555
	54932	-0.9527
	57857	-0.9511
	59075	-0.9484
	50965	-0.9469
	54636	-0.9445
	59501	-0.9428
	54349	-0.9402
	56959	-0.9397
	59319	-0.9352
	54181	-0.9307
	54476	-0.9299
	59046	-0.9293
	54205	-0.9281
	54436	-0.9276
	54730	-0.9241
	54615	-0.9218
	54024	-0.9185
	53289	-0.9184
	51438	-0.9134
	51435	-0.9066
	57976	-0.9054
	57974	-0.9035
	57851	-0.9034
	58839	-0.9018
	57694	-0.9014
	54701	-0.901
	58615	-0.901
	54830	-0.8991
	54328	-0.8989
	58907	-0.8962
	54568	-0.8945
	57874	-0.8945
	57964	-0.8924
	58707	-0.8913
	53276	-0.8901
	57377	-0.8876
	54710	-0.8811
	54610	-0.8809
	54765	-0.8806
	57102	-0.8805
	54832	-0.8804
	51356	-0.8801
	58806	-0.8793
	54822	-0.8728
	58941	-0.8728
	54419	-0.8705
	52267	-0.8697
	59304	-0.8691
	54734	-0.8655
	54098	-0.8645
	59306	-0.861
	57699	-0.8599
	56291	-0.8568
	54186	-0.8548
	57111	-0.853
	56666	-0.8504
	59090	-0.8498
	51436	-0.847
	54626	-0.8439
	57973	-0.8431
	58804	-0.8431
	58940	-0.8427
	54236	-0.8425
	54624	-0.8413
	54169	-0.8388
	54274	-0.8385
	57948	-0.8367
	59318	-0.8298
	56386	-0.8289
	57867	-0.8271
	54619	-0.8243
	51542	-0.8238
	54718	-0.8237
	57868	-0.8193
	54316	-0.8144
	57995	-0.811
	59481	-0.8103
	57799	-0.8101
	57960	-0.807
	56946	-0.8038
	54333	-0.8029
	59269	-0.8015
	58704	-0.8007
	56391	-0.7995
	53784	-0.7994
	57866	-0.798
	59081	-0.7975
	59313	-0.7973
	54117	-0.7947
	54594	-0.7936
	58946	-0.7929
	54142	-0.792
	54454	-0.7919
	57994	-0.7894
	50964	-0.7882
	52875	-0.7851
	56665	-0.785
	59294	-0.7846
	54520	-0.784
	58507	-0.7829
	59324	-0.7822
	54331	-0.7805
	58619	-0.7782
	58616	-0.7775
	54514	-0.7743
	54704	-0.7713
	54338	-0.7706
	50963	-0.769
	53384	-0.768
	53693	-0.7654
	59109	-0.7653
	54732	-0.7652
	54319	-0.7649
	51469	-0.7613
	57992	-0.7607
	54499	-0.7592
	54437	-0.7572
	54603	-0.7558
	56180	-0.7532
	56186	-0.7529
	54267	-0.7516
	59314	-0.7511
	59091	-0.7503
	59114	-0.7468
	57853	-0.741
	57975	-0.7339
	56289	-0.7337
	54776	-0.7336
	58715	-0.7301
	59047	-0.73
	58814	-0.729
	54835	-0.7247
	56381	-0.7224
	53796	-0.7188
	54861	-0.7161
	54290	-0.7157
	59454	-0.715
	54063	-0.7116
	59088	-0.7108
	57962	-0.709
	52515	-0.7076
	50879	-0.7064
	54744	-0.7052
	57777	-0.7043
	54623	-0.7037
	54421	-0.7022
	51470	-0.7021
	58906	-0.7019
	54301	-0.6963
	54778	-0.6948
	57860	-0.6945
	59053	-0.6942
	54334	-0.694
	57978	-0.6928
	54225	-0.6916
	54072	-0.691
	54208	-0.6899
	51288	-0.6896
	57634	-0.6889
	54452	-0.688
	54438	-0.6861
	52874	-0.6829
	56652	-0.682
	55696	-0.6791
	58813	-0.6763
	57536	-0.6758
	54929	-0.6755
	54432	-0.6745
	59058	-0.6744
	58706	-0.6734
	59242	-0.6725
	54811	-0.6718
	54530	-0.6689
	55437	-0.6688
	54738	-0.6644
	54837	-0.664
	57859	-0.6616
	59316	-0.657
	56835	-0.6549
	53698	-0.6528
	55472	-0.6527
	54662	-0.6525
	58612	-0.6511
	53696	-0.6464
	56444	-0.6462
	58625	-0.6458
	51730	-0.6457
	54135	-0.6446
	57208	-0.6431
	50928	-0.6402
	54812	-0.64
	53614	-0.6386
	54774	-0.6386
	57990	-0.6362
	57671	-0.6351
	56867	-0.6347
	54871	-0.6338
	54660	-0.6336
	54569	-0.6313
	52863	-0.631
	53792	-0.6307
	58712	-0.6299
	56223	-0.6292
	59045	-0.6279
	58510	-0.6269
	53272	-0.6268
	56746	-0.6268
	57110	-0.626
	56950	-0.6218
	53688	-0.6208
	54218	-0.6197
	54161	-0.6189
	58429	-0.6175
	54325	-0.6169
	54244	-0.6133
	56764	-0.6133
	56382	-0.613
	50960	-0.613
	56843	-0.6118
	57988	-0.6113
	54517	-0.6101
	53891	-0.6094
	51495	-0.6081
	51058	-0.6067
	59492	-0.6066
	59082	-0.6066
	54449	-0.6052
	59125	-0.6047
	54102	-0.6044
	56331	-0.6038
	56885	-0.6038
	53795	-0.6031
	59656	-0.6022
	59122	-0.6022
	59659	-0.6011
	56183	-0.601
	59303	-0.6003
	57368	-0.599
	54164	-0.5989
	59279	-0.5979
	59480	-0.5958
	54213	-0.5958
	54731	-0.5931
	57882	-0.5918
	59493	-0.5907
	57865	-0.5905
	58936	-0.5892
	58512	-0.5854
	59124	-0.5848
	54474	-0.5821
	58506	-0.5814
	54293	-0.5799
	54936	-0.5782
	51477	-0.5778
	54601	-0.5773
	56251	-0.5715
	54803	-0.5708
	54507	-0.5702
	59052	-0.5681
	59246	-0.567
	54715	-0.5659
	54755	-0.5647
	54313	-0.5626
	56390	-0.5612
	50934	-0.5601
	57989	-0.5593
	59270	-0.5557
	59074	-0.5536
	57713	-0.5534
	52842	-0.5533
	53585	-0.5514
	56373	-0.5509
	54455	-0.5493
	56198	-0.5475
	59500	-0.5473
	57204	-0.5473
	54753	-0.5471
	50950	-0.5468
	56441	-0.5461
	50955	-0.5456
	57680	-0.5448
	59488	-0.5435
	54243	-0.5404
	54171	-0.5361
	59285	-0.5359
	58021	-0.535
	57583	-0.5327
	59280	-0.5315
	59462	-0.5308
	52643	-0.5305
	50968	-0.5294
	54291	-0.5293
	54204	-0.5291
	54855	-0.5286
	57378	-0.5273
	54094	-0.527
	57942	-0.5265
	52546	-0.5257
	53790	-0.524
	59059	-0.5236
	56228	-0.5219
	51330	-0.5151
	55664	-0.5149
	54157	-0.5128
	59654	-0.5121
	59268	-0.5119
	54717	-0.5114
	56276	-0.5078
	56761	-0.5074
	50937	-0.5074
	56290	-0.5071
	57307	-0.5051
	57837	-0.5049
	54863	-0.5047
	54705	-0.5005
	54702	-0.4999
	58614	-0.4992
	56281	-0.499
	56383	-0.4978
	53483	-0.4975
	58821	-0.497
	51777	-0.4966
	59055	-0.4963
	54848	-0.4958
	59293	-0.4936
	51567	-0.4936
	58503	-0.4924
	56342	-0.4918
	58848	-0.4916
	54736	-0.4888
	56763	-0.4888
	57674	-0.4879
	53797	-0.4872
	54752	-0.4862
	56756	-0.4861
	54518	-0.486
	54611	-0.4841
	56158	-0.4839
	56751	-0.4838
	57773	-0.4837
	59290	-0.4832
	56869	-0.4811
	57688	-0.4801
	56197	-0.4785
	57985	-0.4773
	56317	-0.4761
	54134	-0.476
	52378	-0.4756
	54749	-0.4752
	51886	-0.4747
	59087	-0.4739
	56297	-0.4728
	51369	-0.4725
	57971	-0.4709
	59477	-0.4707
	54627	-0.4702
	58921	-0.4694
	53785	-0.4664
	51701	-0.4664
	57663	-0.4637
	57720	-0.4628
	58626	-0.4614
	59264	-0.4598
	54195	-0.4594
	57475	-0.4583
	54525	-0.4581
	58847	-0.4555
	57581	-0.4542
	59284	-0.4533
	56496	-0.4532
	57781	-0.4524
	50958	-0.4514
	56181	-0.451
	57687	-0.4489
	59126	-0.4481
	56192	-0.4467
	54777	-0.4466
	51186	-0.443
	56172	-0.4424
	55655	-0.4415
	57493	-0.4383
	58944	-0.4374
	54506	-0.4334
	53596	-0.4327
	56489	-0.4312
	58818	-0.4311
	59653	-0.4308
	51655	-0.4304
	59113	-0.429
	59072	-0.4286
	52533	-0.4271
	54939	-0.4261
	54709	-0.4248
	54633	-0.4226
	52313	-0.4221
	51465	-0.4219
	50956	-0.4216
	54823	-0.4208
	51358	-0.4196
	59449	-0.419
	54519	-0.4189
	54327	-0.4179
	58519	-0.4176
	57113	-0.4168
	57545	-0.4144
	50854	-0.4128
	54027	-0.4115
	59265	-0.4114
	56497	-0.41
	57586	-0.4099
	59664	-0.4079
	54420	-0.4074
	57766	-0.4062
	56287	-0.4058
	54563	-0.4024
	54597	-0.4015
	57778	-0.4013
	50618	-0.4001
	54292	-0.3993
	54716	-0.3979
	58329	-0.3973
	50353	-0.3946
	54628	-0.3932
	53697	-0.3926
	54323	-0.3924
	51367	-0.3911
	57955	-0.3895
	51378	-0.3891
	57779	-0.3879
	53491	-0.3852
	56584	-0.3837
	51463	-0.3836
	54800	-0.3816
	54632	-0.3814
	54424	-0.3813
	56434	-0.3812
	57673	-0.3805
	56944	-0.38
	57889	-0.376
	57891	-0.3753
	58514	-0.3743
	56856	-0.3725
	56378	-0.3716
	52447	-0.366
	54399	-0.3658
	57385	-0.3658
	51359	-0.3613
	56443	-0.3596
	54154	-0.3594
	58517	-0.3585
	56781	-0.3577
	54511	-0.3576
	59322	-0.3575
	54428	-0.356
	58637	-0.3538
	53582	-0.3521
	58020	-0.3518
	59017	-0.35
	53518	-0.3497
	52784	-0.3496
	53378	-0.3496
	53392	-0.3491
	57717	-0.3464
	54764	-0.3459
	56187	-0.3447
	56278	-0.3439
	59317	-0.3437
	59061	-0.3436
	54115	-0.3432
	50524	-0.3431
	54172	-0.3401
	57662	-0.3376
	52424	-0.3373
	53782	-0.3344
	54521	-0.3331
	51076	-0.332
	50858	-0.3307
	54475	-0.3284
	53195	-0.3274
	56684	-0.3268
	54759	-0.3267
	56298	-0.3262
	58719	-0.3245
	56295	-0.3244
	58334	-0.3221
	53502	-0.322
	59502	-0.3209
	53602	-0.3192
	54501	-0.319
	58555	-0.319
	56674	-0.3171
	54853	-0.317
	57466	-0.3164
	56748	-0.3153
	59266	-0.315
	59470	-0.315
	58819	-0.3149
	53794	-0.3144
	54406	-0.3139
	54531	-0.3137
	50247	-0.3127
	52557	-0.3116
	50136	-0.3093
	54429	-0.3091
	54502	-0.3091
	56380	-0.3091
	57793	-0.309
	59037	-0.3082
	56649	-0.308
	54842	-0.3043
	54836	-0.3038
	56839	-0.303
	54527	-0.3021
	52868	-0.2996
	57758	-0.2991
	53895	-0.2971
	58620	-0.2968
	58558	-0.2965
	51145	-0.2959
	51059	-0.2954
	57387	-0.2953
	54512	-0.2952
	54412	-0.295
	59034	-0.2936
	58034	-0.293
	56285	-0.2916
	54287	-0.2891
	54433	-0.2876
	58713	-0.2872
	54308	-0.286
	58724	-0.2857
	54305	-0.2856
	50525	-0.2852
	54726	-0.2822
	54260	-0.281
	58341	-0.281
	59051	-0.2786
	56284	-0.2779
	58022	-0.2778
	56065	-0.2777
	56596	-0.277
	54416	-0.275
	54398	-0.2742
	57633	-0.2737
	54510	-0.2727
	54321	-0.272
	57458	-0.2719
	59065	-0.2716
	55773	-0.2715
	58330	-0.2706
	59249	-0.2695
	52982	-0.2689
	57718	-0.2664
	56565	-0.2663
	56969	-0.2657
	53519	-0.2644
	54820	-0.264
	57798	-0.2639
	58820	-0.2627
	54841	-0.2598
	56755	-0.2594
	57544	-0.2592
	58905	-0.2585
	54940	-0.2582
	54541	-0.2578
	55680	-0.2575
	53362	-0.2573
	54434	-0.256
	57796	-0.2559
	57564	-0.2548
	51765	-0.2529
	58419	-0.2509
	56257	-0.2504
	57954	-0.2502
	57540	-0.2483
	50778	-0.2481
	58421	-0.2447
	54943	-0.2426
	58301	-0.2422
	59315	-0.2419
	59473	-0.24
	54852	-0.2395
	51433	-0.2393
	54935	-0.2388
	54472	-0.2357
	57886	-0.2319
	54113	-0.2316
	58903	-0.2313
	50603	-0.2304
	58032	-0.2297
	58623	-0.2295
	56548	-0.2294
	56675	-0.2294
	50851	-0.2281
	52707	-0.2263
	51087	-0.2252
	51572	-0.2243
	57169	-0.2233
	50425	-0.2221
	50832	-0.2221
	50861	-0.2221
	54192	-0.2212
	54026	-0.2211
	53618	-0.2206
	57460	-0.2202
	52869	-0.2195
	52418	-0.2176
	54945	-0.2173
	56272	-0.2158
	58431	-0.2158
	59457	-0.2133
	57786	-0.2125
	52602	-0.2124
	57661	-0.2122
	54640	-0.2105
	52974	-0.2093
	53336	-0.2083
	53781	-0.2082
	57462	-0.2054
	53791	-0.202
	52652	-0.1988
	59469	-0.1968
	52972	-0.1965
	54843	-0.1954
	57476	-0.1952
	51467	-0.1916
	56836	-0.1905
	58049	-0.1896
	58823	-0.189
	56178	-0.1889
	58427	-0.1844
	56664	-0.1833
	57623	-0.1826
	59288	-0.1816
	58024	-0.181
	58627	-0.1789
	59213	-0.1785
	50246	-0.1779
	57771	-0.1772
	57792	-0.1772
	57477	-0.175
	58607	-0.1744
	52876	-0.1742
	54631	-0.1742
	54814	-0.1713
	51365	-0.171
	58725	-0.1698
	58605	-0.1684
	53883	-0.1674
	58935	-0.1668
	57598	-0.1666
	51855	-0.1662
	53584	-0.1601
	58822	-0.1588
	54497	-0.1584
	52713	-0.1578
	58358	-0.1575
	57772	-0.1571
	54923	-0.1569
	51053	-0.1569
	50527	-0.1556
	52978	-0.1553
	50514	-0.1538
	57396	-0.1512
	57875	-0.1504
	57844	-0.1502
	58443	-0.1494
	50871	-0.1474
	57573	-0.1471
	59278	-0.1458
	56952	-0.1456
	50859	-0.144
	51482	-0.1437
	59224	-0.1435
	56582	-0.1433
	52575	-0.1413
	58409	-0.1405
	50566	-0.1397
	57872	-0.1378
	59650	-0.1364
	52323	-0.1354
	57965	-0.1353
	52203	-0.1352
	54080	-0.1348
	57398	-0.1347
	56641	-0.1331
	54622	-0.1319
	56985	-0.1297
	58608	-0.1294
	53685	-0.129
	58436	-0.129
	57486	-0.1286
	58045	-0.1284
	58693	-0.1279
	58509	-0.1267
	53433	-0.1256
	53480	-0.125
	58044	-0.1239
	50945	-0.1217
	52436	-0.1213
	56184	-0.1213
	55598	-0.1212
	57871	-0.1208
	58632	-0.1197
	53664	-0.1196
	54584	-0.118
	52980	-0.1173
	57767	-0.1163
	58735	-0.1146
	57636	-0.113
	57780	-0.113
	54503	-0.1126
	55248	-0.112
	57737	-0.11
	51711	-0.1096
	57390	-0.1095
	54846	-0.1089
	57845	-0.1089
	53484	-0.1085
	58359	-0.1085
	54645	-0.1073
	54602	-0.1056
	52818	-0.1053
	58448	-0.1041
	53611	-0.1003
	58927	-0.0995
	59310	-0.0967
	56844	-0.0966
	52825	-0.0959
	58337	-0.0955
	57776	-0.0927
	56487	-0.0923
	53513	-0.0901
	56263	-0.0898
	54252	-0.0865
	58335	-0.0859
	53499	-0.0834
	59838	-0.0821
	54335	-0.082
	54237	-0.0814
	54431	-0.0802
	56478	-0.0785
	54724	-0.078
	56673	-0.0771
	56247	-0.0768
	57496	-0.0751
	53617	-0.0728
	57640	-0.0711
	50842	-0.0708
	54522	-0.0688
	57657	-0.0688
	51642	-0.0676
	53399	-0.0668
	56533	-0.0661
	54122	-0.0657
	51568	-0.0638
	57388	-0.0629
	53610	-0.0626
	57582	-0.0625
	58025	-0.0615
	59948	-0.0604
	59425	-0.0601
	54938	-0.0587
	57768	-0.0581
	52963	-0.0577
	56840	-0.0568
	57498	-0.0558
	51241	-0.0557
	57584	-0.0543
	53464	-0.0533
	51559	-0.0528
	50979	-0.0527
	56585	-0.0516
	53579	-0.0506
	54439	-0.0506
	57537	-0.0496
	54927	-0.0494
	54540	-0.0488
	57395	-0.0486
	50775	-0.0485
	56982	-0.0482
	54226	-0.0478
	53385	-0.0477
	58500	-0.0472
	52787	-0.0455
	58609	-0.0441
	51357	-0.0439
	58642	-0.0427
	57603	-0.0423
	59456	-0.0409
	59478	-0.0398
	56384	-0.0383
	53673	-0.0359
	56312	-0.0359
	54076	-0.0334
	54214	-0.0308
	53529	-0.0304
	57106	-0.0297
	51526	-0.0297
	58338	-0.0297
	57722	-0.0284
	56870	-0.0277
	59237	-0.0274
	58220	-0.0271
	57883	-0.0257
	54092	-0.0237
	58326	-0.0235
	50767	-0.0231
	56296	-0.0226
	58215	-0.0216
	50838	-0.0208
	51720	-0.0199
	50431	-0.0186
	57554	-0.0169
	55681	-0.0164
	57574	-0.0162
	52681	-0.0158
	58836	-0.0152
	58547	-0.0133
	51828	-0.013
	54404	-0.0116
	57996	-0.0113
	58013	-0.011
	51826	-0.0109
	58250	-0.0104
	59041	-0.0065
	59287	-0.0061
	51709	-0.0060
	53666	-0.0058
	53678	-0.0057
	50962	-0.0057
	59626	-0.0040
	54263	-0.0039
	50833	-0.0032
	52833	-0.0030
	54706	-0.0024
	53397	-0.0017
	59655	-0.0017
	56767	-0.0011
	57895	-8.0E-4
	54156	6.0E-4
	53472	0.0019
	56137	0.0021
	57485	0.0023
	51829	0.0026
	53763	0.0029
	57381	0.0037
	51656	0.0042
	59276	0.0047
	58624	0.0054
	57105	0.0059
	53740	0.0072
	57577	0.0089
	54515	0.0102
	56977	0.0105
	51137	0.0123
	56954	0.0132
	57714	0.0141
	53750	0.0151
	54922	0.0159
	54532	0.0169
	57774	0.0198
	56493	0.0216
	56739	0.0235
	53798	0.0236
	57469	0.0247
	56592	0.0252
	58208	0.0253
	57729	0.027
	54915	0.028
	57625	0.0287
	58622	0.0293
	54245	0.0311
	58501	0.0311
	56387	0.0315
	51573	0.0315
	58602	0.0328
	54918	0.035
	57525	0.0361
	58442	0.0363
	57744	0.0378
	58912	0.038
	53646	0.0384
	50739	0.0387
	51379	0.0387
	50468	0.0398
	59063	0.0409
	58426	0.0424
	53676	0.0427
	54920	0.0432
	54844	0.0441
	57731	0.0454
	54423	0.0492
	53488	0.0502
	51931	0.0527
	57206	0.0548
	53492	0.055
	51068	0.0558
	57439	0.0569
	56846	0.0574
	58544	0.0594
	59235	0.0598
	59071	0.0605
	55279	0.0608
	57896	0.0615
	56777	0.062
	58327	0.0625
	54925	0.063
	58247	0.063
	59658	0.0672
	56273	0.0674
	58246	0.0695
	53517	0.0721
	56474	0.0729
	57822	0.0796
	53481	0.0822
	56267	0.0827
	53343	0.0831
	56043	0.0903
	52737	0.0925
	54916	0.0942
	51705	0.0942
	54405	0.0966
	54857	0.0976
	58306	0.0991
	51156	0.1021
	54096	0.1025
	53615	0.1031
	56670	0.1047
	53665	0.1054
	57835	0.1055
	59663	0.1063
	56021	0.1063
	52836	0.1099
	53348	0.111
	56459	0.1112
	58041	0.1116
	58527	0.1141
	51818	0.1151
	53576	0.1152
	57087	0.1159
	56128	0.1161
	54810	0.1168
	58346	0.1169
	54910	0.1172
	59476	0.1176
	54320	0.1197
	54921	0.1215
	56280	0.1216
	57489	0.1235
	50749	0.1252
	59849	0.1263
	57679	0.1263
	58150	0.128
	57825	0.1286
	57899	0.1308
	51708	0.131
	50349	0.1314
	50745	0.1323
	57666	0.1365
	54849	0.1367
	51581	0.1367
	53567	0.1402
	59097	0.1405
	53419	0.1427
	50758	0.1427
	57834	0.1443
	51243	0.1446
	54907	0.1449
	53463	0.1454
	50776	0.1461
	58508	0.1473
	54099	0.1486
	56951	0.151
	58240	0.1513
	56595	0.1522
	53772	0.1563
	56125	0.1571
	57265	0.1579
	56643	0.1595
	53192	0.1617
	54851	0.1623
	56785	0.1636
	52983	0.1639
	50526	0.164
	56578	0.1645
	50852	0.167
	58047	0.1689
	58420	0.1706
	57949	0.1714
	53337	0.1715
	58734	0.1715
	51722	0.1726
	58556	0.1729
	54534	0.1733
	51060	0.1737
	51571	0.1747
	57739	0.1762
	56970	0.1771
	54031	0.1801
	53420	0.1805
	51827	0.1814
	56490	0.1819
	58356	0.1825
	58844	0.1828
	59038	0.1837
	50985	0.184
	51629	0.1853
	57008	0.1856
	56357	0.1861
	57870	0.1869
	58354	0.1873
	54816	0.1875
	57612	0.1878
	57936	0.1878
	51704	0.1882
	54828	0.1883
	58424	0.189
	58244	0.1913
	58030	0.1916
	58418	0.1916
	51716	0.192
	53446	0.1934
	56288	0.1934
	52656	0.1936
	56168	0.194
	57957	0.194
	56189	0.1944
	58456	0.1949
	56096	0.1955
	53799	0.1963
	54827	0.1983
	57655	0.1987
	57176	0.2008
	54039	0.201
	53498	0.2028
	51839	0.2029
	51639	0.2038
	54132	0.2046
	52853	0.206
	57841	0.2062
	57881	0.2069
	50978	0.2085
	53533	0.2092
	52862	0.2097
	54401	0.2112
	58008	0.2116
	54326	0.2119
	57637	0.2141
	56669	0.2161
	53677	0.2164
	58455	0.217
	56116	0.2177
	56688	0.218
	58314	0.2184
	53467	0.2187
	51352	0.2193
	58416	0.2198
	57541	0.22
	58321	0.2202
	58143	0.2232
	55690	0.224
	58345	0.2247
	57175	0.2248
	52988	0.2259
	59446	0.2283
	53231	0.2284
	53367	0.2293
	59289	0.2295
	59945	0.231
	56949	0.2318
	58343	0.2333
	56989	0.235
	54728	0.2382
	58730	0.2383
	56279	0.2394
	54725	0.2429
	54410	0.2442
	57723	0.2442
	55589	0.2454
	50880	0.2455
	56786	0.2487
	59298	0.2497
	56964	0.2497
	58745	0.2515
	59471	0.252
	54801	0.2527
	52112	0.255
	57811	0.2564
	52679	0.2576
	59448	0.2586
	53659	0.259
	53475	0.26
	51133	0.2601
	59211	0.2602
	52633	0.2606
	58245	0.2614
	56485	0.2631
	56492	0.2663
	53674	0.2681
	53789	0.2694
	50548	0.2694
	52674	0.2705
	58846	0.2708
	50673	0.2712
	52856	0.2715
	54818	0.2718
	56227	0.2721
	55572	0.273
	57926	0.2731
	54914	0.2734
	59271	0.2739
	53892	0.2748
	57842	0.2748
	53776	0.275
	56775	0.275
	58629	0.275
	57707	0.2761
	57519	0.2782
	55294	0.279
	54817	0.2816
	53996	0.282
	55493	0.2821
	57494	0.2821
	52745	0.2823
	51627	0.2844
	54047	0.285
	50888	0.2851
	59025	0.2853
	58428	0.2854
	54012	0.2858
	53575	0.2862
	58154	0.2876
	52446	0.2891
	52866	0.2895
	53486	0.2896
	53553	0.29
	52986	0.2906
	58048	0.2912
	50844	0.2926
	58214	0.2946
	58633	0.2947
	56399	0.2961
	53777	0.2988
	50434	0.2991
	53730	0.3009
	52885	0.3011
	57669	0.3011
	57894	0.3041
	54276	0.305
	53469	0.3075
	58718	0.3081
	59951	0.3093
	58265	0.3106
	57732	0.3109
	58928	0.3124
	55585	0.3133
	53681	0.3137
	50787	0.3137
	57012	0.3141
	52984	0.3152
	50948	0.3153
	57608	0.3158
	57491	0.3161
	57752	0.3163
	56651	0.3167
	58241	0.3176
	56973	0.3186
	58845	0.3187
	56494	0.3191
	58146	0.3216
	51353	0.3223
	50564	0.3226
	57178	0.3235
	53732	0.3246
	57678	0.3251
	58458	0.3254
	54815	0.3261
	57719	0.3286
	50774	0.3288
	56671	0.33
	56046	0.3301
	57769	0.3309
	50674	0.3317
	50788	0.332
	55578	0.3326
	50445	0.3331
	50779	0.3336
	53565	0.3343
	54324	0.3349
	50834	0.3349
	57242	0.3356
	56571	0.3363
	59064	0.3372
	58317	0.3385
	57543	0.339
	58026	0.3397
	57407	0.3398
	58824	0.3422
	59435	0.3424
	53619	0.3425
	51238	0.3464
	53669	0.3469
	57575	0.347
	58441	0.3473
	52855	0.3474
	58407	0.3484
	51346	0.3489
	54223	0.3501
	57509	0.355
	57643	0.3578
	54807	0.3585
	52797	0.3592
	57271	0.3598
	58205	0.3605
	54911	0.3608
	50873	0.3613
	56586	0.3621
	52607	0.3639
	53490	0.3666
	53751	0.3667
	57738	0.3672
	51814	0.3674
	59004	0.3675
	58323	0.3711
	54273	0.3713
	50442	0.3714
	57562	0.3762
	53644	0.3774
	57399	0.3779
	53774	0.381
	58339	0.3824
	53663	0.3831
	57906	0.3832
	58006	0.3832
	53658	0.3843
	53590	0.3863
	51810	0.387
	50756	0.3876
	51628	0.3895
	58007	0.3895
	58249	0.3916
	58207	0.3921
	58012	0.3946
	57499	0.3948
	57481	0.399
	56307	0.3997
	56766	0.3997
	50939	0.4019
	58377	0.4021
	56774	0.4026
	58036	0.4048
	50639	0.4055
	57763	0.4056
	52645	0.4066
	53578	0.4068
	56948	0.4073
	51717	0.411
	51437	0.4152
	53764	0.4163
	52576	0.4178
	53682	0.4238
	58342	0.4245
	54912	0.4247
	54041	0.4253
	50557	0.4261
	54408	0.4265
	53886	0.4274
	53786	0.429
	50973	0.4301
	57761	0.4302
	58251	0.4336
	53890	0.4339
	58225	0.4383
	54311	0.4398
	58631	0.4414
	57956	0.4421
	57558	0.4457
	53357	0.4461
	57614	0.4465
	57002	0.4471
	50913	0.4471
	58254	0.4474
	58238	0.4476
	53753	0.4479
	59640	0.4488
	58548	0.4502
	53149	0.4506
	57317	0.4512
	50936	0.4517
	51707	0.4518
	56491	0.4554
	56882	0.4556
	59427	0.4559
	58600	0.4573
	58140	0.4577
	56975	0.4597
	58557	0.4605
	58320	0.4607
	58224	0.4617
	59229	0.4618
	59238	0.4624
	58931	0.463
	52985	0.4665
	57358	0.4666
	56167	0.468
	53512	0.4683
	53917	0.4695
	57011	0.4708
	58450	0.4708
	56082	0.4717
	57464	0.4727
	53352	0.4734
	57483	0.4736
	58432	0.4745
	53324	0.4765
	56393	0.4767
	57789	0.478
	54917	0.4807
	57728	0.4827
	53899	0.4846
	56580	0.4861
	58736	0.4862
	53788	0.4866
	54919	0.4866
	50741	0.4879
	53660	0.4905
	53612	0.4937
	57958	0.4954
	59855	0.4978
	56146	0.4987
	57969	0.4987
	57571	0.4988
	57370	0.4991
	57004	0.4992
	50632	0.4995
	57658	0.5
	53705	0.5016
	50727	0.5016
	53780	0.5036
	57014	0.5059
	53651	0.506
	54900	0.506
	58464	0.5078
	57604	0.5081
	53992	0.5096
	57606	0.5098
	53564	0.5137
	59218	0.5144
	58259	0.5147
	53505	0.516
	57447	0.519
	57274	0.5198
	53574	0.5199
	50867	0.5254
	56841	0.5295
	59027	0.5298
	58015	0.5324
	58826	0.5328
	54304	0.5363
	56185	0.5368
	57927	0.5381
	58643	0.5387
	54904	0.5431
	59417	0.5433
	58351	0.5441
	53756	0.5452
	56376	0.5458
	50987	0.5471
	56966	0.5473
	53573	0.5487
	57411	0.551
	58242	0.5514
	57461	0.5532
	57006	0.5533
	53545	0.5545
	58433	0.5574
	54905	0.5577
	57363	0.5591
	50772	0.5609
	52968	0.5628
	56782	0.5641
	57389	0.5645
	52661	0.5666
	54802	0.569
	54805	0.569
	58438	0.5714
	54913	0.5738
	54453	0.5751
	54318	0.5757
	53543	0.576
	58401	0.5774
	50949	0.5787
	57438	0.5829
	53457	0.5833
	52495	0.5835
	53662	0.5837
	57589	0.5838
	51811	0.584
	57923	0.5859
	58001	0.5877
	58567	0.5889
	58534	0.5891
	53599	0.5902
	58452	0.5902
	57921	0.5908
	58415	0.5912
	53577	0.5916
	59421	0.5921
	59954	0.5926
	53783	0.5935
	58017	0.5976
	56033	0.599
	58352	0.5997
	58319	0.6016
	54903	0.6021
	57001	0.6032
	58606	0.6041
	56862	0.6043
	56788	0.606
	57735	0.6065
	58365	0.6077
	50853	0.6081
	57760	0.6093
	56092	0.6123
	53522	0.614
	50915	0.6163
	57409	0.6165
	58926	0.6165
	56978	0.6204
	56394	0.6208
	57590	0.6214
	51434	0.6217
	57492	0.6219
	58004	0.6252
	51468	0.6299
	58257	0.6307
	56575	0.6314
	53687	0.6338
	51328	0.6339
	58520	0.6367
	58212	0.6381
	53580	0.6385
	50946	0.6418
	50884	0.6429
	53884	0.6433
	54901	0.6445
	58546	0.6461
	54819	0.6468
	57647	0.647
	57192	0.649
	50647	0.6507
	59230	0.6521
	57465	0.6521
	56071	0.6537
	56783	0.6539
	57482	0.6555
	57585	0.6597
	51804	0.6646
	58011	0.6656
	53466	0.667
	58035	0.6677
	51815	0.6688
	57007	0.6697
	57523	0.6704
	57298	0.6706
	58268	0.6707
	56081	0.6725
	52957	0.6754
	57179	0.6762
	54804	0.6774
	56898	0.6782
	50750	0.6792
	54533	0.6796
	53878	0.6801
	50742	0.6803
	53778	0.6805
	57609	0.6837
	53735	0.6856
	59854	0.6885
	51802	0.694
	58644	0.6946
	57156	0.6949
	57082	0.6953
	57635	0.6958
	53562	0.696
	57261	0.6979
	53985	0.6984
	57839	0.6987
	57098	0.6996
	53704	0.6998
	58549	0.7003
	53773	0.7025
	59022	0.7048
	51334	0.7052
	53893	0.7065
	59012	0.7069
	56080	0.7116
	51636	0.7117
	55593	0.713
	53995	0.7146
	58461	0.7152
	59487	0.7175
	53769	0.7176
	58111	0.718
	58264	0.7241
	56480	0.7249
	53880	0.7265
	58311	0.727
	58923	0.7272
	57089	0.729
	57742	0.7291
	57184	0.7293
	53974	0.7315
	56863	0.7327
	53759	0.7354
	53897	0.7357
	53894	0.7366
	57932	0.7402
	57193	0.7415
	50656	0.7438
	56483	0.7469
	53787	0.7471
	52943	0.7474
	58027	0.7475
	53738	0.7512
	58647	0.7531
	57947	0.7587
	57268	0.7596
	57090	0.7602
	58731	0.7627
	57245	0.767
	53754	0.7674
	58243	0.7678
	56091	0.7686
	56498	0.7707
	57180	0.7743
	58828	0.7768
	56768	0.7792
	56871	0.7805
	59754	0.7823
	54722	0.7827
	59673	0.7869
	56499	0.7898
	52998	0.7916
	59941	0.7922
	58449	0.7931
	57642	0.7939
	51633	0.7965
	57517	0.7967
	53980	0.7971
	50755	0.7986
	56395	0.8006
	57840	0.8026
	58255	0.8038
	58404	0.8039
	53908	0.804
	54902	0.8047
	58408	0.8101
	53767	0.8154
	50983	0.8174
	56018	0.8187
	56097	0.8193
	57299	0.8198
	58529	0.822
	57306	0.8247
	58016	0.8279
	57734	0.8295
	58005	0.8296
	58550	0.8312
	54808	0.8328
	53841	0.8339
	58462	0.8359
	53832	0.8376
	57260	0.8387
	57708	0.8407
	57248	0.8412
	56144	0.8424
	58145	0.847
	58446	0.847
	57745	0.8485
	59441	0.8505
	58366	0.8512
	54908	0.8528
	53723	0.8573
	57595	0.8573
	57183	0.8584
	57253	0.8589
	57095	0.8591
	58331	0.8611
	59015	0.8618
	58132	0.8621
	58457	0.8624
	58360	0.8627
	55591	0.8643
	58568	0.8647
	54809	0.865
	56697	0.8666
	56479	0.8706
	53998	0.873
	56045	0.8732
	58362	0.8738
	58361	0.8766
	57829	0.8769
	57086	0.8773
	56772	0.8777
	56876	0.8785
	53547	0.8787
	57308	0.8787
	58435	0.8826
	57437	0.8842
	58353	0.8843
	56594	0.887
	58367	0.8922
	50655	0.8925
	58665	0.8928
	53863	0.8933
	52101	0.8951
	53771	0.8958
	57355	0.896
	58101	0.8964
	56958	0.8996
	56849	0.9023
	53748	0.903
	54909	0.9036
	51644	0.9041
	58040	0.9064
	53888	0.908
	58336	0.909
	56475	0.9096
	50940	0.91
	58269	0.9133
	51329	0.9134
	57182	0.9139
	58402	0.9142
	50878	0.9156
	57091	0.9162
	53889	0.9169
	53588	0.9184
	56778	0.9186
	57808	0.9193
	56034	0.9202
	57251	0.9218
	53368	0.9222
	57361	0.9233
	50646	0.9264
	57605	0.9267
	57818	0.9279
	52955	0.9282
	59940	0.9292
	53997	0.9299
	59750	0.9313
	57259	0.9313
	53690	0.9318
	57736	0.9337
	57600	0.9339
	58667	0.9344
	53872	0.9358
	53768	0.9379
	57085	0.9384
	58147	0.9397
	52993	0.9427
	53926	0.9439
	57741	0.9476
	56593	0.948
	58634	0.948
	55299	0.9497
	58459	0.9517
	57094	0.9519
	57646	0.9522
	58038	0.9535
	56886	0.9603
	57565	0.9611
	56106	0.9646
	57256	0.9649
	57922	0.9652
	57093	0.9673
	58454	0.9681
	58530	0.9705
	56374	0.9707
	59632	0.9731
	53478	0.9736
	52889	0.9743
	57445	0.9751
	58340	0.9765
	57025	0.9816
	57349	0.9835
	57075	0.9847
	57273	0.9868
	57076	0.9869
	58523	0.9872
	53760	0.9926
	59205	0.9941
	56067	1.0005
	57296	1.0014
	53993	1.0042
	57309	1.0104
	51232	1.0115
	58451	1.0115
	58210	1.012
	53994	1.0132
	58423	1.0135
	58654	1.0175
	58148	1.0187
	59057	1.0199
	56202	1.0202
	58460	1.0205
	57297	1.0255
	58417	1.0273
	58316	1.0277
	56151	1.0285
	53989	1.0298
	57249	1.0311
	58463	1.0321
	57080	1.0333
	57124	1.0351
	58369	1.0388
	58234	1.0413
	56385	1.0446
	52884	1.0451
	58344	1.0462
	57916	1.0463
	54826	1.0472
	56889	1.0475
	58141	1.0594
	57173	1.0601
	53594	1.0603
	57186	1.0606
	53455	1.0628
	57181	1.0718
	57187	1.0721
	53757	1.073
	53869	1.0734
	57502	1.0742
	57128	1.0757
	57912	1.0809
	53982	1.0815
	53938	1.0833
	51430	1.0855
	56109	1.0859
	52765	1.0866
	53986	1.0893
	58236	1.09
	57191	1.0903
	57318	1.092
	56875	1.0921
	53727	1.0938
	57126	1.0944
	53854	1.0949
	53487	1.0962
	57522	1.0978
	57566	1.0993
	50658	1.1006
	58414	1.1013
	58933	1.1021
	56371	1.1025
	57047	1.1042
	53679	1.1045
	54723	1.1082
	53829	1.1097
	50659	1.1103
	57303	1.1107
	54093	1.1113
	58003	1.1124
	56880	1.1137
	57119	1.1139
	59419	1.1142
	56598	1.115
	56016	1.1176
	57362	1.1183
	57518	1.1191
	57803	1.1198
	56961	1.1206
	58660	1.1231
	57099	1.1255
	56074	1.127
	53770	1.1301
	53914	1.1318
	56992	1.1322
	57043	1.1352
	58652	1.1353
	57003	1.1368
	50862	1.1377
	58559	1.1377
	57911	1.1388
	53852	1.1411
	53979	1.1424
	53848	1.145
	56029	1.1481
	57195	1.1486
	56094	1.149
	57079	1.1516
	57129	1.1554
	53966	1.1563
	58601	1.157
	53930	1.1616
	57905	1.1669
	58565	1.1675
	53983	1.168
	58834	1.1694
	53984	1.1701
	52908	1.1702
	57016	1.1702
	57915	1.1742
	52657	1.1773
	58635	1.1789
	58737	1.1804
	57023	1.1843
	58453	1.1872
	56962	1.1886
	56569	1.1898
	53944	1.1909
	53853	1.1998
	53941	1.201
	53925	1.2082
	57278	1.2095
	53806	1.2115
	53988	1.2115
	53775	1.2128
	57154	1.2134
	57083	1.2142
	58158	1.2147
	56881	1.2149
	53987	1.2162
	57211	1.2198
	57096	1.2288
	53949	1.23
	53593	1.2398
	56879	1.2398
	53866	1.2441
	56873	1.2441
	58537	1.2471
	58437	1.2495
	53864	1.2511
	58531	1.2526
	56473	1.2531
	58742	1.2544
	59647	1.2547
	53976	1.255
	59851	1.2589
	59021	1.2602
	56872	1.2662
	54806	1.2665
	53874	1.2685
	57806	1.2685
	58656	1.2718
	58543	1.2773
	57740	1.283
	57067	1.2844
	57432	1.2854
	57137	1.2858
	59426	1.2923
	53707	1.2996
	57055	1.3026
	56079	1.303
	53882	1.3032
	56147	1.3033
	59842	1.3117
	53862	1.3162
	58129	1.3164
	53885	1.317
	57821	1.3181
	53898	1.3222
	53725	1.3247
	57762	1.3251
	57040	1.3267
	53906	1.3316
	53928	1.3323
	57805	1.3338
	58202	1.3368
	59758	1.3393
	51431	1.3438
	52895	1.3445
	53950	1.353
	57279	1.3601
	58760	1.3616
	57505	1.3672
	57233	1.3674
	58139	1.3708
	53937	1.3747
	59847	1.3773
	53850	1.3817
	57913	1.3828
	57408	1.3836
	53896	1.386
	57021	1.3887
	58116	1.3889
	53953	1.3902
	57514	1.3913
	53948	1.3951
	53879	1.3978
	58562	1.3981
	52754	1.4002
	53981	1.4026
	56986	1.4089
	53871	1.4098
	57710	1.4106
	58754	1.4202
	57081	1.4205
	53865	1.4258
	56462	1.4283
	52996	1.4407
	56164	1.4415
	58002	1.4448
	58646	1.4465
	57077	1.447
	57254	1.4482
	53975	1.4499
	53856	1.4501
	58131	1.453
	57348	1.4562
	57816	1.4593
	57028	1.4619
	56093	1.4645
	58221	1.4656
	56084	1.4708
	53967	1.4742
	58752	1.4759
	53881	1.4763
	53934	1.4787
	56171	1.483
	57127	1.4847
	57045	1.4858
	52995	1.4892
	57061	1.4892
	57520	1.4895
	58748	1.4924
	57314	1.496
	58658	1.4992
	57051	1.5034
	57507	1.5093
	57516	1.5153
	53927	1.5173
	58102	1.5173
	57405	1.5215
	57510	1.5364
	57020	1.5466
	58113	1.5525
	56095	1.5558
	58666	1.556
	57909	1.5577
	53978	1.5582
	57177	1.561
	53903	1.5645
	57196	1.5704
	57281	1.5722
	57072	1.5727
	57213	1.5753
	53875	1.5781
	57049	1.5827
	53868	1.5855
	57247	1.5863
	54906	1.5864
	58237	1.588
	57401	1.5881
	50892	1.5884
	53859	1.5897
	56396	1.5923
	57743	1.597
	57074	1.5986
	53817	1.6008
	58126	1.6054
	57320	1.606
	53821	1.6068
	57649	1.6149
	59228	1.6152
	53857	1.6165
	53945	1.6178
	53916	1.6183
	57024	1.6196
	58750	1.6197
	53962	1.623
	53923	1.6281
	57162	1.6286
	58837	1.6306
	58222	1.6361
	57026	1.6399
	53947	1.6431
	57198	1.6439
	53877	1.6441
	58542	1.6451
	59644	1.6524
	59429	1.6554
	57754	1.6626
	53845	1.6677
	53860	1.6891
	57326	1.6928
	53873	1.6948
	59757	1.6965
	57044	1.6978
	53958	1.6998
	56004	1.7006
	57041	1.702
	59856	1.7061
	56883	1.7064
	53935	1.7146
	57908	1.7179
	57033	1.7209
	58843	1.7282
	58749	1.7306
	57046	1.7325
	58223	1.7346
	57039	1.7385
	57053	1.7386
	58135	1.743
	59845	1.7451
	57030	1.7483
	53931	1.7513
	57339	1.7567
	58563	1.7575
	59215	1.761
	56182	1.7612
	57188	1.7676
	57027	1.7721
	56984	1.7743
	53810	1.7832
	57034	1.7835
	57417	1.7844
	53956	1.7845
	57914	1.785
	57828	1.7853
	58138	1.7859
	57078	1.7861
	53915	1.7884
	56891	1.7908
	59631	1.7917
	57060	1.797
	57029	1.7983
	59848	1.8055
	56994	1.8065
	58104	1.8107
	57185	1.8109
	53959	1.8234
	57345	1.8275
	59431	1.8353
	57084	1.8421
	57431	1.8471
	57800	1.8489
	57506	1.858
	57048	1.8595
	53972	1.86
	58664	1.865
	57231	1.8709
	58467	1.8714
	53942	1.8745
	57054	1.8772
	57910	1.881
	53991	1.8827
	57402	1.8892
	56152	1.8939
	53954	1.8954
	57232	1.8955
	57508	1.8956
	53861	1.9144
	58746	1.9149
	57056	1.9161
	59001	1.92
	58100	1.9262
	59007	1.9329
	58230	1.9336
	52896	1.9338
	57071	1.9349
	57134	1.9395
	53968	1.9474
	58472	1.9564
	57313	1.9567
	53929	1.9604
	57066	1.9652
	57292	1.9655
	57132	1.9783
	58657	1.9871
	53963	1.9923
	53961	1.9943
	57042	1.9955
	57359	2.0053
	57197	2.0089
	57032	2.0162
	57155	2.0179
	57238	2.0277
	56991	2.0294
	58127	2.0339
	59227	2.0382
	57511	2.0426
	58569	2.0446
	53924	2.0711
	59635	2.0796
	53973	2.0911
	57022	2.0919
	57031	2.0936
	56878	2.0962
	57257	2.097
	57824	2.0996
	53910	2.1006
	57813	2.1105
	57144	2.1109
	57293	2.1135
	57194	2.1178
	59843	2.1181
	56691	2.1279
	57035	2.1297
	59023	2.1335
	57070	2.1344
	56038	2.1374
	57900	2.1399
	57037	2.147
	56996	2.1534
	58747	2.1583
	57153	2.1595
	57324	2.1673
	56987	2.1713
	57217	2.1732
	57513	2.1754
	53965	2.1771
	58235	2.1856
	57807	2.1998
	57902	2.2021
	53957	2.2109
	58114	2.2183
	57832	2.219
	57329	2.2231
	57038	2.2302
	57189	2.2327
	53970	2.2419
	57143	2.2489
	57237	2.2652
	56693	2.2797
	53964	2.283
	57140	2.2843
	57290	2.302
	58744	2.3034
	58477	2.3104
	57063	2.32
	57328	2.336
	58570	2.3419
	56173	2.3741
	57057	2.3745
	59031	2.3821
	57065	2.4017
	58468	2.4158
	57295	2.4189
	58109	2.421
	58122	2.4215
	59209	2.4219
	56792	2.4244
	57343	2.4252
	58130	2.4415
	57814	2.4518
	57827	2.4867
	58659	2.4912
	57425	2.5046
	58125	2.5287
	58203	2.5371
	57315	2.5381
	57809	2.5661
	57512	2.5895
	58484	2.6044
	53955	2.6049
	57426	2.6138
	58108	2.6184
	57216	2.6379
	58128	2.7103
	56995	2.7104
	57907	2.7284
	57414	2.7412
	58107	2.7433
	56790	2.7985
	57294	2.8088
	57420	2.8418
	57285	2.9059
	57903	2.9095
	57413	2.9865
	58751	2.994
	56793	3.0719
	57333	3.1604
	58117	3.1944
	58118	3.2172
	57416	3.2315
	57415	3.6917
