	56964	-3.69375816
	56962	-3.5442150399999997
	57273	-3.1569599999999998
	57056	-3.07404
	56948	-3.0506580999999997
	56684	-3.02059864
	56969	-3.02027542
	57274	-2.9988
	56977	-2.9564933399999997
	57271	-2.9513999999999996
	56975	-2.91372056
	56959	-2.87913602
	56870	-2.8548945199999998
	56669	-2.8428276399999994
	56665	-2.76697868
	56867	-2.7538343999999997
	56869	-2.7369192199999994
	56976	-2.7290541999999998
	56961	-2.72399042
	57185	-2.68344
	56688	-2.6422157599999996
	57169	-2.6284799999999997
	56567	-2.623469
	56666	-2.61829748
	56952	-2.61280274
	57063	-2.61084
	57065	-2.60952
	56761	-2.60903184
	57186	-2.5854
	57175	-2.58108
	56966	-2.5582863
	57067	-2.5443599999999997
	57070	-2.54112
	57072	-2.51808
	56775	-2.5168063999999997
	56693	-2.5136819399999997
	56671	-2.51131166
	57188	-2.50332
	57078	-2.4948
	56954	-2.49439648
	57076	-2.49276
	57074	-2.48544
	57281	-2.48508
	57080	-2.4693599999999996
	57177	-2.46576
	57066	-2.4649199999999998
	56862	-2.46121256
	56777	-2.4580880999999994
	57370	-2.45636426
	56569	-2.4523778799999993
	54904	-2.4441599999999997
	57051	-2.44236
	57293	-2.4282
	57081	-2.40864
	56674	-2.3913970399999998
	57285	-2.39124
	57156	-2.37468
	54851	-2.36808
	56764	-2.3676942399999996
	57179	-2.3658
	53998	-2.3621999999999996
	56767	-2.3494861799999995
	56856	-2.3449610999999995
	54828	-2.33832
	57084	-2.33784
	56766	-2.33073942
	57193	-2.3249999999999997
	57295	-2.3214
	54824	-2.30268
	56756	-2.29884838
	57298	-2.29536
	59446	-2.2889999999999997
	57082	-2.28096
	57162	-2.27136
	57297	-2.2578
	57053	-2.25732
	57083	-2.2503599999999997
	53864	-2.2483199999999997
	56898	-2.24411646
	57077	-2.24028
	54908	-2.23908
	58122	-2.2307566999999997
	57071	-2.2195199999999997
	56878	-2.21718146
	57187	-2.21628
	56768	-2.1940173599999997
	56652	-2.1932631799999998
	56654	-2.18776844
	57087	-2.18184
	57085	-2.1761999999999997
	58117	-2.1760247799999997
	57178	-2.17536
	54744	-2.16936
	56949	-2.1661127
	56772	-2.16115666
	53972	-2.15988
	56763	-2.1580322
	58220	-2.1572780199999997
	57279	-2.15598514
	57075	-2.15448
	56778	-2.15393808
	54825	-2.15244
	57195	-2.1517199999999996
	57290	-2.1515999999999997
	54842	-2.15076
	56673	-2.14747368
	58214	-2.1354067999999997
	58207	-2.13456
	56982	-2.13422166
	58118	-2.13206686
	56746	-2.1308817199999996
	54836	-2.1238799999999998
	58202	-2.1235554
	56970	-2.11806066
	56752	-2.11795292
	53958	-2.11344
	54936	-2.10708
	54906	-2.1066
	59425	-2.10552
	54192	-2.10243836
	54841	-2.097
	51328	-2.0936036799999997
	59419	-2.08464
	58104	-2.0831999999999997
	57902	-2.07808912
	54831	-2.07768
	57090	-2.07624
	56984	-2.0695776599999998
	56985	-2.06257456
	57079	-2.06064
	57292	-2.05752
	58109	-2.05427858
	56757	-2.05169282
	57061	-2.0502
	53984	-2.04864
	57254	-2.0465999999999998
	54852	-2.04552
	54732	-2.0445599999999997
	57181	-2.04264
	58223	-2.04145752
	57055	-2.0378399999999997
	57054	-2.0357999999999996
	56978	-2.0346699
	56950	-2.03326928
	54731	-2.03244
	58128	-2.03003708
	53978	-2.02704
	54909	-2.0257199999999997
	57294	-2.0252399999999997
	57363	-2.0233571999999995
	54935	-2.01816
	54822	-2.01684
	56748	-2.01592314
	58114	-2.0109671
	53995	-2.01096
	56854	-2.0082736
	57265	-1.99997762
	56989	-1.9994389199999998
	56875	-1.9993311799999998
	53994	-1.9990799999999997
	57296	-1.99152
	53961	-1.9902
	56871	-1.9897423199999997
	54291	-1.9892036199999998
	53854	-1.9838399999999998
	57057	-1.97844
	53987	-1.9782
	56646	-1.9755206399999998
	54835	-1.9744799999999998
	57144	-1.974
	58126	-1.9736890599999999
	53967	-1.9723199999999999
	53986	-1.96824
	58125	-1.96744014
	57191	-1.9607999999999999
	56774	-1.96054478
	56742	-1.95838998
	58225	-1.9523565399999998
	53979	-1.9472399999999999
	56751	-1.9439528199999998
	58215	-1.93942774
	57194	-1.93884
	56844	-1.9374884199999998
	57094	-1.92504
	58100	-1.92132
	57900	-1.9150785
	56643	-1.91119986
	53964	-1.9097999999999997
	53859	-1.90812
	57299	-1.9071599999999997
	56745	-1.90462772
	54833	-1.89816
	56664	-1.8937459799999998
	53956	-1.8923999999999999
	53464	-1.88566548
	57192	-1.8854399999999998
	53988	-1.8809999999999998
	58224	-1.8787701199999998
	54925	-1.8752399999999998
	53853	-1.8733199999999999
	53949	-1.87164
	56863	-1.8649794
	57043	-1.8639599999999998
	54846	-1.86192
	54843	-1.8611999999999997
	53866	-1.86036
	53957	-1.85928
	53948	-1.8535199999999998
	53982	-1.8516
	54734	-1.85076
	57184	-1.8488399999999998
	57197	-1.84368
	59426	-1.84056
	53955	-1.8392399999999998
	58108	-1.8357818599999998
	53993	-1.8346799999999999
	58203	-1.83341158
	53989	-1.82856
	54737	-1.82496
	55493	-1.8243614199999998
	57359	-1.8203750399999998
	54765	-1.8199199999999998
	59429	-1.81824
	54832	-1.8178799999999997
	56571	-1.8172505799999998
	57098	-1.8148799999999998
	53962	-1.8122399999999999
	59435	-1.8072
	57173	-1.79748
	54729	-1.79424
	53983	-1.7933999999999999
	54700	-1.7928
	56670	-1.79096202
	56986	-1.7908542799999998
	53963	-1.78932
	54293	-1.78719112
	58205	-1.78428
	57196	-1.78308
	53861	-1.7774400000000001
	54929	-1.76784
	54914	-1.767
	56651	-1.7658585999999998
	57182	-1.76568
	59948	-1.75908
	56223	-1.7586400199999999
	56872	-1.75680844
	57091	-1.75044
	54837	-1.74216
	56586	-1.7339675599999997
	57060	-1.72992
	53850	-1.72572
	58212	-1.7253483599999997
	57099	-1.72452
	57049	-1.7234399999999999
	57189	-1.7161199999999999
	59421	-1.716
	54290	-1.7126350399999997
	54827	-1.70988
	54710	-1.69884
	57183	-1.69356
	57245	-1.6894799999999999
	54736	-1.6863599999999999
	57096	-1.68576
	57256	-1.68548456
	54848	-1.6849199999999998
	58311	-1.68279106
	57037	-1.68
	57390	-1.6779600000000001
	56879	-1.6774040599999998
	54940	-1.67568
	53865	-1.67244
	58006	-1.6703999999999999
	58011	-1.66584
	57385	-1.6641520399999998
	58221	-1.66091984
	54806	-1.65636
	59838	-1.65396
	57268	-1.6489607
	56973	-1.6478833
	57052	-1.64532
	58004	-1.64436
	58102	-1.6423885599999999
	57042	-1.64184
	56565	-1.6378634799999998
	54096	-1.6358164199999998
	55248	-1.63527772
	56843	-1.6337693599999998
	57093	-1.63272
	54923	-1.6308
	54730	-1.63068
	57922	-1.62374954
	59658	-1.61832
	54723	-1.61808
	58127	-1.6149148599999998
	57180	-1.6139999999999999
	56951	-1.61200588
	58111	-1.6053600000000001
	59417	-1.6003199999999997
	56946	-1.59767646
	54727	-1.5948
	58017	-1.5902399999999999
	54932	-1.58892
	56739	-1.5818386799999997
	56548	-1.5812999799999998
	57047	-1.5774
	53997	-1.5724799999999999
	57348	-1.56589316
	56580	-1.5656776799999998
	53985	-1.55988
	58034	-1.54812
	56987	-1.5444528999999998
	57176	-1.5408
	56645	-1.5394968599999999
	58007	-1.5378
	53968	-1.53396
	53970	-1.52352
	57033	-1.5222
	54829	-1.5218399999999999
	57095	-1.5205199999999999
	53757	-1.51884
	56788	-1.51730242
	54818	-1.51668
	57523	-1.4994175799999998
	54821	-1.4980799999999999
	54902	-1.49796
	53770	-1.49208
	58005	-1.49184
	56846	-1.4849804199999999
	54849	-1.48476
	57259	-1.4792702
	53950	-1.47792
	53954	-1.4772
	53873	-1.4748
	54764	-1.47468
	56585	-1.47399094
	58132	-1.4667723599999998
	53862	-1.46616
	59235	-1.46568
	53868	-1.46556
	58344	-1.4638633799999998
	58507	-1.46196
	53889	-1.4567999999999999
	53759	-1.4538
	58027	-1.4536280799999999
	54844	-1.45356
	53875	-1.4530800000000001
	56835	-1.4496416999999997
	53877	-1.44132
	54617	-1.4405999999999999
	51717	-1.43919092
	58003	-1.4333999999999998
	53768	-1.4332799999999999
	58129	-1.432942
	59046	-1.43064
	53879	-1.4304
	58138	-1.4292788399999998
	53945	-1.4285999999999999
	54286	-1.42626212
	59847	-1.42248
	57328	-1.4210905999999999
	58208	-1.41924
	55585	-1.41807388
	54292	-1.41602682
	53856	-1.4154
	57908	-1.40902372
	57198	-1.40868
	57257	-1.40126644
	56357	-1.4009432199999998
	53965	-1.3977600000000001
	54810	-1.39524
	58036	-1.3948020399999999
	54826	-1.39332
	57040	-1.39296
	53947	-1.38696
	59431	-1.3847999999999998
	53769	-1.3839599999999999
	54922	-1.38336
	57153	-1.3794
	56885	-1.3781023399999999
	53885	-1.37712
	53872	-1.3766399999999999
	53857	-1.37544
	53778	-1.3699199999999998
	54917	-1.36968
	58008	-1.3658400000000002
	58210	-1.36581998
	57242	-1.3648799999999999
	57910	-1.36377292
	57361	-1.3614026399999999
	54627	-1.35888
	54759	-1.35684
	53869	-1.3557599999999999
	56944	-1.35547694
	58040	-1.35472276
	59037	-1.3510799999999998
	53941	-1.3435199999999998
	56876	-1.3388849799999998
	56443	-1.3381307999999998
	58038	-1.33716114
	54276	-1.33522182
	58002	-1.33044
	56842	-1.3298348199999999
	57333	-1.3288651599999999
	57438	-1.32714132
	56462	-1.32638714
	54725	-1.3221599999999998
	53863	-1.3176
	57278	-1.31669054
	54644	-1.31328
	51329	-1.3122732
	54753	-1.3121999999999998
	56851	-1.31098032
	58016	-1.3099029199999999
	57044	-1.30968
	58015	-1.3062397599999997
	58306	-1.29891344
	56584	-1.29600446
	56880	-1.29589672
	53871	-1.29384
	54632	-1.2875999999999999
	54716	-1.2873599999999998
	50527	-1.2835066199999998
	59451	-1.2832799999999998
	56838	-1.28296792
	54703	-1.28076
	58035	-1.27973572
	54719	-1.2782399999999998
	53953	-1.2779999999999998
	54819	-1.2779999999999998
	58045	-1.2774731799999999
	57249	-1.2734868
	57396	-1.2733199999999998
	58140	-1.27197844
	57233	-1.27176
	58048	-1.27068556
	54728	-1.26996
	56691	-1.26831528
	54766	-1.26684
	57903	-1.26605274
	54618	-1.2640799999999999
	54900	-1.2635999999999998
	58013	-1.2628205399999999
	54801	-1.26144
	57154	-1.25712
	56649	-1.25452456
	56755	-1.25236976
	54751	-1.25208
	54834	-1.2504
	59238	-1.2499200000000001
	58032	-1.24848
	56594	-1.2475214599999997
	56841	-1.24644406
	54871	-1.2460799999999999
	54774	-1.24584
	57029	-1.24308
	54726	-1.24128
	54776	-1.2389999999999999
	58615	-1.2312
	50525	-1.23103724
	57231	-1.2299999999999998
	57039	-1.22904
	59246	-1.2259200000000001
	56793	-1.2256502399999998
	59241	-1.22544
	54660	-1.2250037999999999
	53931	-1.2227999999999999
	53788	-1.22184
	58251	-1.212075
	53852	-1.2082799999999998
	59644	-1.2066000000000001
	58107	-1.20496416
	58222	-1.2044254599999997
	53860	-1.20288
	54943	-1.20216
	57086	-1.2009599999999998
	53884	-1.19988
	57326	-1.1964527
	54724	-1.19232
	53775	-1.1886
	54195	-1.1852477399999999
	58101	-1.1823599999999999
	54099	-1.1803994399999997
	54722	-1.17912
	53959	-1.17516
	58301	-1.1737199999999999
	59255	-1.173
	59256	-1.17288
	58001	-1.17108
	58338	-1.17027188
	56886	-1.1651003599999998
	53992	-1.1630399999999999
	58044	-1.1629455599999998
	58314	-1.16122172
	54706	-1.158
	54816	-1.15788
	51377	-1.15701986
	56582	-1.1565888999999998
	58113	-1.15518828
	54386	-1.1512019
	55578	-1.15109416
	58330	-1.1490471
	57237	-1.14764648
	53694	-1.1418
	57143	-1.1418
	53679	-1.13964
	56790	-1.13568734
	57137	-1.13556
	53974	-1.13316
	54830	-1.13316
	53981	-1.12944
	56543	-1.12793006
	53874	-1.12332
	53898	-1.11864
	58141	-1.11758702
	59640	-1.11744
	54712	-1.11612
	57381	-1.1097219999999999
	58139	-1.10907556
	53782	-1.10652
	58342	-1.10465822
	59453	-1.1046
	53942	-1.10388
	57807	-1.10368856
	54778	-1.10148
	54631	-1.10124
	51829	-1.10088732
	57247	-1.0975199999999998
	58612	-1.09632
	53966	-1.09476
	51827	-1.0928068199999998
	57251	-1.08795852
	58146	-1.08688112
	59635	-1.0866
	54820	-1.0831199999999999
	58238	-1.0824637799999999
	53892	-1.08
	58458	-1.0768799999999998
	53774	-1.07508
	57355	-1.0747065
	58247	-1.07212074
	54938	-1.07124
	53888	-1.06908
	54920	-1.0671599999999999
	53776	-1.065
	58836	-1.06308
	54800	-1.06188
	57048	-1.0611599999999999
	57045	-1.0572
	58240	-1.0569293999999998
	57445	-1.0558519999999998
	59441	-1.05336
	50618	-1.0517578799999998
	57395	-1.05143466
	58514	-1.0468799999999998
	57089	-1.04388
	54285	-1.04173806
	56196	-1.04173806
	54803	-1.03968
	53780	-1.0374
	58047	-1.03688976
	53767	-1.03572
	53796	-1.03416
	53845	-1.03152
	55472	-1.0298866599999998
	53730	-1.0283783
	51828	-1.0276241199999998
	57260	-1.0244996599999998
	53991	-1.0209599999999999
	53841	-1.0202399999999998
	57232	-1.01616
	58321	-1.01200182
	58147	-1.01038572
	57769	-1.0062
	53772	-1.0038
	58316	-1.00338262
	57140	-0.99912
	53725	-0.9981599999999999
	54486	-0.9976724
	54939	-0.9949199999999999
	53883	-0.98952
	56994	-0.9867906599999999
	58148	-0.9810804399999998
	57942	-0.9779999999999999
	53533	-0.97537022
	53466	-0.9733231599999999
	59427	-0.9729599999999999
	57432	-0.9721380199999999
	50431	-0.96653554
	57378	-0.9613640199999999
	59229	-0.96024
	53677	-0.9566399999999999
	51573	-0.9563002399999999
	56882	-0.9557615399999999
	53886	-0.94848
	58143	-0.9470346
	57809	-0.9454184999999998
	57155	-0.94116
	58145	-0.9387386199999999
	53463	-0.9385231399999999
	54662	-0.9377689599999999
	56479	-0.9375534799999999
	50524	-0.9374457399999999
	56578	-0.9369070399999999
	57035	-0.9341999999999999
	57041	-0.93168
	59022	-0.93108
	54814	-0.9305999999999999
	57808	-0.9302271599999998
	56198	-0.9252711199999999
	54640	-0.91836
	53891	-0.9172799999999999
	59452	-0.91524
	53748	-0.9144
	57916	-0.9136351999999999
	58041	-0.91298876
	54802	-0.91152
	54568	-0.9108339599999999
	53662	-0.9101999999999999
	57462	-0.9080327199999999
	53644	-0.90673984
	56792	-0.9066320999999999
	54863	-0.90588
	56840	-0.90566244
	54804	-0.90216
	54752	-0.90192
	55664	-0.90113736
	54905	-0.89772
	59230	-0.89724
	54861	-0.89712
	53848	-0.8958
	53665	-0.8954399999999999
	59264	-0.8943599999999999
	58049	-0.8941342599999998
	50425	-0.8940265199999999
	54855	-0.89256
	56849	-0.88734664
	54911	-0.8867999999999999
	53785	-0.88572
	55773	-0.8812054599999999
	53735	-0.8807999999999999
	57447	-0.88055902
	57907	-0.87851196
	53890	-0.87828
	56839	-0.8719398199999999
	57829	-0.8682766599999999
	58941	-0.8652
	58242	-0.8646134999999999
	58754	-0.8646
	53763	-0.86328
	57046	-0.86112
	53685	-0.8558399999999999
	50880	-0.8557788199999999
	53973	-0.8557199999999999
	58460	-0.8551
	54569	-0.8549168999999999
	58606	-0.85032
	53980	-0.84888
	56783	-0.84780606
	54713	-0.8470799999999999
	58341	-0.8452202999999999
	57926	-0.84446612
	59750	-0.8412
	50526	-0.8395100799999999
	58464	-0.8334
	58245	-0.8330456799999999
	58237	-0.8328302
	58509	-0.8276399999999999
	51826	-0.8256116199999999
	54619	-0.8238
	51431	-0.81968592
	53467	-0.8156995399999999
	59015	-0.8155199999999999
	58627	-0.8141999999999999
	58331	-0.80675712
	55591	-0.8063261599999999
	58135	-0.8037403999999999
	54711	-0.80196
	59047	-0.80196
	51365	-0.80007724
	56228	-0.7970605199999999
	58246	-0.7958753799999999
	51434	-0.7938283199999999
	53786	-0.79128
	57034	-0.78696
	58760	-0.78504
	53878	-0.78048
	56441	-0.7797143799999999
	57605	-0.77745184
	50884	-0.7755125199999999
	57437	-0.7736809399999999
	56991	-0.7730345
	57343	-0.77076
	54626	-0.76596
	55593	-0.76538496
	57464	-0.7612908399999999
	57261	-0.7608
	57921	-0.7602134399999999
	54718	-0.7589999999999999
	56167	-0.7580586399999999
	56267	-0.7575199399999999
	58462	-0.7543
	57253	-0.7540722599999999
	53790	-0.7535999999999999
	58326	-0.75213294
	51232	-0.7508400599999999
	58944	-0.7448400000000001
	53777	-0.74232
	53455	-0.7417898999999999
	54738	-0.73908
	59632	-0.7384799999999999
	59631	-0.7372799999999999
	54098	-0.7367261199999999
	58452	-0.73668
	58451	-0.7342799999999999
	54608	-0.73188
	58012	-0.7310158999999999
	58834	-0.72708
	53698	-0.72348
	57425	-0.7177638799999999
	58250	-0.71765614
	53756	-0.71712
	57932	-0.7167942199999999
	58131	-0.7166864799999999
	51430	-0.7149626399999999
	58843	-0.7129199999999999
	54705	-0.71268
	55572	-0.7125923599999999
	53687	-0.70776
	57031	-0.70608
	57415	-0.7050505599999999
	58667	-0.705
	54701	-0.70236
	56444	-0.69998678
	59237	-0.6983999999999999
	51572	-0.6951384799999999
	58747	-0.69504
	59448	-0.69336
	54812	-0.69288
	54621	-0.68904
	59209	-0.68784
	57132	-0.68772
	54704	-0.68664
	54374	-0.68619606
	58752	-0.6802799999999999
	53781	-0.68016
	50434	-0.6769304199999999
	58327	-0.6768226799999999
	57349	-0.6747756199999999
	53579	-0.67452
	53751	-0.6678
	52986	-0.6645599999999999
	53723	-0.66324744
	53529	-0.6605539399999999
	55681	-0.6599075
	57990	-0.65772
	58508	-0.6576000000000001
	58632	-0.6562800000000001
	57608	-0.6551669399999999
	53547	-0.6534430999999999
	56158	-0.65150378
	58345	-0.64568582
	58030	-0.6444
	57030	-0.642
	57345	-0.63954464
	53899	-0.6392399999999999
	58340	-0.6377130599999999
	53699	-0.6354
	55696	-0.6308176999999999
	56786	-0.63070996
	54777	-0.62892
	54717	-0.6249600000000001
	53798	-0.6248400000000001
	53795	-0.6216
	53658	-0.62076
	54377	-0.6203669199999999
	53693	-0.61908
	59059	-0.61908
	57906	-0.61799664
	53753	-0.6170399999999999
	57248	-0.6113999999999999
	52988	-0.6097199999999999
	57941	-0.60732
	53446	-0.6064684599999999
	57413	-0.6030207799999999
	58745	-0.60204
	55299	-0.5995731
	53975	-0.59664
	53832	-0.59544
	59449	-0.5947199999999999
	57358	-0.5933241799999999
	53553	-0.59321644
	53619	-0.58976876
	58361	-0.5889
	58254	-0.58858362
	58731	-0.58332
	50892	-0.581796
	53651	-0.5801999999999999
	58339	-0.5769477
	53787	-0.5757599999999999
	53738	-0.57564
	58336	-0.5726380999999999
	56247	-0.57026782
	56081	-0.5698799999999999
	57420	-0.56251054
	58748	-0.56148
	53678	-0.5586
	59058	-0.558
	53791	-0.55752
	53357	-0.5573390199999999
	53799	-0.55596
	54823	-0.55536
	56958	-0.55507648
	53457	-0.5543222999999999
	54371	-0.54494892
	58463	-0.5428
	54708	-0.54228
	53324	-0.54160898
	55279	-0.54150124
	59647	-0.5414399999999999
	57541	-0.54053158
	59041	-0.5384399999999999
	53976	-0.5372399999999999
	55228	-0.53665294
	58369	-0.5362
	59848	-0.53472
	51482	-0.5295420999999999
	53893	-0.52752
	57439	-0.52512476
	58744	-0.522
	50987	-0.5175829599999999
	53797	-0.5117999999999999
	56595	-0.51047212
	54606	-0.50904
	54636	-0.50796
	58622	-0.50532
	53545	-0.5023916199999999
	54901	-0.5022
	58527	-0.50208
	58626	-0.4962
	53881	-0.49183309999999997
	56137	-0.49064796
	56475	-0.49064796
	57598	-0.48863999999999996
	56781	-0.48838541999999996
	54094	-0.48720027999999993
	58750	-0.48624
	59656	-0.48456
	56891	-0.48407581999999993
	57707	-0.48332163999999994
	51777	-0.48235197999999996
	53882	-0.47903999999999997
	54349	-0.47771916
	53433	-0.47707272
	56199	-0.47610305999999997
	50514	-0.47319407999999996
	58839	-0.47184
	57038	-0.47075999999999996
	57634	-0.46985414
	57238	-0.46535999999999994
	58234	-0.45994206
	57466	-0.4596188399999999
	57522	-0.45800273999999996
	59012	-0.45708
	58746	-0.45516
	53659	-0.45443999999999996
	53771	-0.4536
	53764	-0.45276
	54605	-0.45203999999999994
	54702	-0.45096
	53475	-0.44981449999999995
	51818	-0.44755195999999997
	53392	-0.44676
	53691	-0.44652
	58644	-0.4458
	56147	-0.44324235999999995
	53585	-0.44232
	53810	-0.43882501999999995
	57905	-0.43871728
	52968	-0.43753213999999996
	52875	-0.43559281999999994
	53760	-0.43476
	57909	-0.43462315999999995
	53924	-0.43392
	53789	-0.43356
	56596	-0.43268384
	55589	-0.43160644
	53676	-0.43116
	58846	-0.43104000000000003
	52978	-0.42432000000000003
	57408	-0.42331046
	53420	-0.420186
	58658	-0.41952
	58749	-0.41939999999999994
	53149	-0.41630736
	54628	-0.41616
	54612	-0.41568
	58629	-0.41352
	56144	-0.40919652
	53618	-0.40768815999999997
	51330	-0.40574883999999994
	51288	-0.40531787999999996
	58150	-0.40467143999999994
	57417	-0.3983147799999999
	54633	-0.3966
	54749	-0.39143999999999995
	57022	-0.38988
	58634	-0.38172
	58244	-0.37892158
	51436	-0.37665904
	51369	-0.37299588
	53732	-0.37224169999999995
	53577	-0.37176000000000003
	56487	-0.3715952599999999
	54575	-0.36491537999999996
	58607	-0.36444000000000004
	57806	-0.36394572
	53792	-0.36311999999999994
	58751	-0.36072
	54903	-0.36047999999999997
	54353	-0.3571581
	53646	-0.35579999999999995
	58624	-0.35208
	52993	-0.35196
	53784	-0.35159999999999997
	51087	-0.34940081999999995
	53576	-0.34919999999999995
	58563	-0.34919999999999995
	54913	-0.34572
	53695	-0.34464
	53567	-0.34392
	54187	-0.34078162
	58343	-0.33970422
	53750	-0.33792
	54811	-0.33552
	53611	-0.33356304
	57426	-0.33302434
	58334	-0.33259337999999994
	58614	-0.3306
	58734	-0.32964
	58656	-0.32772
	53522	-0.3269909
	53348	-0.32515932
	53681	-0.32232
	57778	-0.32123999999999997
	58601	-0.32076
	54915	-0.32028
	57388	-0.32020328
	51855	-0.31977232
	53754	-0.318
	53614	-0.31772525999999995
	51145	-0.31740203999999994
	54921	-0.31332
	54267	-0.31201504
	53472	-0.31169181999999995
	55655	-0.31126086
	53578	-0.3108
	54181	-0.31072215999999997
	53937	-0.30755999999999994
	53669	-0.30432
	59254	-0.30408
	53707	-0.30350358
	53930	-0.30336
	51379	-0.30264166
	58116	-0.30210296
	54579	-0.30177974
	59242	-0.30168
	53773	-0.30012
	59954	-0.29951999999999995
	59754	-0.29891999999999996
	57023	-0.28944
	53680	-0.28859999999999997
	50727	-0.28745032
	57317	-0.28734257999999996
	54602	-0.28716
	53562	-0.28367941999999996
	58241	-0.27818467999999996
	53829	-0.27708
	59063	-0.27671999999999997
	54919	-0.27384
	54614	-0.27312
	57329	-0.27290542
	53935	-0.27264
	53660	-0.27252
	53688	-0.27096
	58730	-0.2682
	58130	-0.26687198
	51243	-0.26665649999999996
	53880	-0.26471999999999996
	58022	-0.26268
	58657	-0.26171999999999995
	53895	-0.25668
	58693	-0.25595999999999997
	54604	-0.25548
	51058	-0.25372769999999994
	53610	-0.25372769999999994
	57211	-0.24636
	53696	-0.24612
	52853	-0.24370788
	50973	-0.24230725999999997
	57936	-0.23961375999999995
	52863	-0.23918279999999997
	58625	-0.23747999999999997
	51707	-0.23692026
	58249	-0.23692026
	56296	-0.23347257999999999
	53794	-0.2334
	57965	-0.23135999999999998
	53543	-0.23045585999999998
	51931	-0.22970168
	54563	-0.22690043999999998
	57779	-0.22655999999999998
	57465	-0.22603851999999997
	58026	-0.22539207999999997
	58335	-0.22528434
	58367	-0.2236
	56307	-0.22205213999999998
	59044	-0.22175999999999998
	53615	-0.22032829999999998
	54817	-0.21828
	59265	-0.20939999999999998
	57414	-0.2090156
	53783	-0.20639999999999997
	58456	-0.20423999999999998
	53897	-0.20292
	56641	-0.19748741999999997
	59034	-0.19632
	56480	-0.19576358
	53682	-0.19571999999999998
	53337	-0.19554809999999997
	51704	-0.19436296
	54907	-0.19391999999999998
	53588	-0.1938
	58329	-0.19307007999999998
	58467	-0.19247999999999998
	57680	-0.19187999999999997
	58025	-0.19068000000000002
	53690	-0.19055999999999998
	50632	-0.18951465999999997
	54805	-0.18839999999999998
	51137	-0.18832952
	53481	-0.18671342
	56312	-0.18466635999999997
	53582	-0.18192
	55437	-0.1766936
	56533	-0.17540071999999998
	57398	-0.17529298
	53906	-0.17448
	52707	-0.17378461999999997
	59017	-0.17376
	52974	-0.17098338
	57431	-0.17044468
	57519	-0.16882858
	54363	-0.16828988
	50646	-0.16581186
	57368	-0.16451897999999998
	57377	-0.16398027999999998
	53674	-0.16068
	57126	-0.15744
	59501	-0.15288000000000002
	53666	-0.15108000000000002
	54102	-0.15094374
	58472	-0.15048
	51378	-0.15018955999999997
	58020	-0.14975999999999998
	53488	-0.14964
	53484	-0.1459877
	54616	-0.144
	50879	-0.14189358
	56190	-0.14049295999999997
	58737	-0.13848
	54365	-0.1373685
	56016	-0.13402856
	53705	-0.13305889999999998
	56785	-0.13219698
	51133	-0.1303654
	53596	-0.12972
	54910	-0.12768
	52963	-0.12648676
	56396	-0.12627127999999999
	57912	-0.12627127999999999
	51465	-0.1255171
	54645	-0.12516
	53573	-0.12431999999999999
	57614	-0.12250037999999999
	57577	-0.12204
	57874	-0.1152
	58230	-0.11409665999999999
	53925	-0.11124
	58377	-0.11021802
	57868	-0.11004
	57510	-0.10967932
	56065	-0.10957157999999999
	54273	-0.1088174
	58942	-0.10836
	57774	-0.10704
	53486	-0.10343999999999999
	58547	-0.10043999999999999
	57362	-0.09976724
	54918	-0.09552000000000001
	54518	-0.09252
	50915	-0.09017837999999999
	57776	-0.08904
	52868	-0.08791584
	54611	-0.08784
	53518	-0.08619199999999999
	57512	-0.08371398
	56371	-0.07908116
	53923	-0.07283999999999999
	50787	-0.07207806
	53914	-0.06981551999999999
	54284	-0.06895359999999999
	58845	-0.06863999999999999
	53673	-0.06731999999999999
	58616	-0.066
	54607	-0.06432
	58154	-0.062058239999999994
	53996	-0.06168
	53806	-0.061088579999999996
	50603	-0.060657619999999995
	56491	-0.06054987999999999
	58461	-0.0603
	56331	-0.0581796
	57899	-0.05807999999999999
	58562	-0.056999999999999995
	56109	-0.055378359999999995
	57870	-0.05448
	53487	-0.05268
	59249	-0.045599999999999995
	50978	-0.04298825999999999
	53602	-0.042341819999999995
	58933	-0.0414
	56197	-0.04083346
	51810	-0.03997154
	51581	-0.039756059999999996
	51367	-0.039325099999999995
	56128	-0.037709
	58659	-0.0372
	58643	-0.0342
	53612	-0.03329166
	56881	-0.03242974
	53617	-0.031891039999999996
	56251	-0.03059816
	56836	-0.030274939999999997
	58517	-0.029879999999999997
	54715	-0.02868
	56496	-0.026396299999999998
	57923	-0.025426639999999997
	54945	-0.024239999999999998
	58823	-0.02328
	50247	-0.021547999999999998
	54475	-0.02090156
	57871	-0.019559999999999998
	57566	-0.01848
	54755	-0.0138
	58353	-0.010019819999999999
	53692	-0.00948
	57411	-0.009373379999999999
	58637	-0.0078
	51711	-0.0064643999999999995
	54857	-0.00636
	59116	-0.0016799999999999999
	53740	1.2E-4
	57032	9.6E-4
	57409	0.0014006199999999998
	58346	0.0018315799999999998
	59227	0.00456
	51463	0.0047405599999999996
	52267	0.006356659999999999
	58664	0.0084
	51241	0.012174619999999999
	53517	0.012174619999999999
	52652	0.01464
	53478	0.016679999999999997
	56263	0.01766936
	56186	0.018962239999999998
	56257	0.023810539999999998
	58602	0.02412
	51811	0.024887939999999997
	51765	0.026827259999999995
	58569	0.027960000000000002
	57339	0.02876658
	57458	0.03059816
	54092	0.031891039999999996
	52895	0.034679999999999996
	56227	0.038570919999999995
	57318	0.040402499999999994
	51435	0.043850179999999996
	52323	0.04416
	59057	0.045599999999999995
	58633	0.046079999999999996
	52657	0.04622046
	50878	0.047944299999999995
	57543	0.048267519999999994
	59027	0.049319999999999996
	50778	0.05042232
	59001	0.05316
	58642	0.05328
	57482	0.05591706
	59023	0.05676
	56697	0.05936474
	56194	0.06292015999999999
	58354	0.06809168
	57889	0.07487999999999999
	51747	0.07735732
	59269	0.0774
	53926	0.08003999999999999
	52112	0.08576104
	53894	0.08688
	58519	0.08724
	54528	0.0876
	57134	0.08819999999999999
	56195	0.08974742
	53368	0.09060933999999998
	54620	0.09156
	58926	0.09455999999999999
	51059	0.09836662
	56598	0.09847435999999998
	58236	0.10030594
	56146	0.10536971999999999
	53367	0.1066626
	51839	0.10763226
	54012	0.10774
	50647	0.11000253999999998
	51433	0.11086446
	53584	0.11412
	56889	0.11506632
	57014	0.1164
	52982	0.11831999999999998
	54171	0.12185394
	55598	0.12196167999999999
	51815	0.12724094
	58320	0.12907252
	57399	0.1309041
	54266	0.13295115999999998
	54398	0.135
	57955	0.13512
	53519	0.13542917999999998
	52869	0.1357524
	56291	0.13779946
	58666	0.13788
	57827	0.13973878
	56125	0.14027748
	51526	0.14243228
	51053	0.1443716
	53697	0.14496
	53492	0.14724
	54476	0.14781927999999997
	53903	0.15331402
	51469	0.15665395999999998
	51470	0.15740814
	59007	0.15827006
	57536	0.1643035
	59266	0.16716
	57832	0.17033693999999996
	58356	0.17109111999999999
	54503	0.17952
	52972	0.1810032
	56996	0.18434314
	54714	0.18455999999999997
	57773	0.18528
	57927	0.18696
	57844	0.18725212
	57460	0.18843726
	51068	0.18897596
	58847	0.189
	53594	0.19044
	57507	0.19166945999999999
	57461	0.19199267999999997
	53664	0.19271999999999997
	58359	0.19597905999999998
	54519	0.19607999999999998
	54169	0.19608679999999998
	56873	0.19791837999999998
	59031	0.19824
	57637	0.19899577999999998
	54601	0.20232
	51438	0.20330537999999998
	52656	0.20387999999999998
	53391	0.2079382
	59845	0.20819999999999997
	53938	0.20952
	52842	0.210093
	58618	0.21059999999999998
	58620	0.21192
	56092	0.21203999999999998
	53513	0.2160187
	58362	0.2161
	56071	0.22128
	51633	0.22733139999999996
	54172	0.23110229999999998
	53821	0.23471999999999998
	58557	0.23544
	58934	0.23747999999999997
	59457	0.24072
	57971	0.24228
	50742	0.24532398
	59843	0.24599999999999997
	58024	0.24672
	58455	0.2496
	52855	0.25006454
	57217	0.25017227999999997
	55680	0.25124968
	57387	0.25265029999999994
	53505	0.25717537999999995
	53575	0.26123999999999997
	57026	0.26208
	53565	0.26711999999999997
	57469	0.26741067999999996
	58567	0.26784
	52833	0.26999643999999995
	52546	0.27168
	54346	0.27182802
	57768	0.2724
	50741	0.2725822
	57307	0.27376733999999997
	54259	0.27387507999999994
	53231	0.27484474
	57865	0.2766
	51627	0.27840016
	56082	0.27936
	53574	0.27948
	50873	0.28023173999999995
	59075	0.2838
	57006	0.28584
	53512	0.28615744
	51238	0.28701936
	51709	0.28701936
	57008	0.28703999999999996
	52995	0.28716
	50745	0.28766579999999997
	58264	0.2914367
	57851	0.2958
	53336	0.29650047999999996
	59851	0.29675999999999997
	57304	0.29725465999999995
	52661	0.30096
	59317	0.30108
	57389	0.30318036
	58940	0.30408
	54809	0.3066
	54622	0.3078
	56093	0.31104
	53590	0.31164
	56168	0.31276921999999996
	51642	0.31363114
	53896	0.31368
	53564	0.3138
	55690	0.31438531999999997
	58665	0.3162
	57127	0.31704
	57128	0.32076
	56393	0.32278903999999997
	52874	0.32472836
	54274	0.32515932
	50557	0.32569802
	54807	0.32652
	53727	0.32709863999999994
	58848	0.32964
	50788	0.33431721999999997
	54093	0.33614879999999997
	57571	0.33647202
	57520	0.3401351799999999
	58477	0.34079999999999994
	56297	0.34767697999999997
	57763	0.34824
	59268	0.34932
	56483	0.34983178
	58905	0.35028
	52607	0.35090918
	54076	0.35457234
	57975	0.35568
	56497	0.3576968
	58337	0.3613599599999999
	54474	0.36642374
	56373	0.37073333999999997
	59004	0.37236
	51814	0.37288814
	58358	0.37288814
	53934	0.37548
	53419	0.3760125999999999
	51629	0.38409309999999997
	51655	0.38527823999999994
	57303	0.3928200399999999
	50979	0.39346648
	52643	0.39552
	56386	0.40025409999999995
	53276	0.40370177999999995
	57012	0.40428
	56493	0.40521013999999994
	54527	0.40932
	57407	0.41372159999999997
	52576	0.41382934
	50655	0.41469126
	54709	0.41519999999999996
	51720	0.41684605999999996
	54186	0.4174925
	58549	0.42047999999999996
	57714	0.42137114
	53599	0.42179999999999995
	59064	0.42275999999999997
	56317	0.42492655999999995
	54399	0.42624
	50442	0.42708135999999997
	50888	0.4286974599999999
	58565	0.43007999999999996
	53917	0.43032
	54263	0.43085225999999993
	59856	0.43248
	57027	0.43548
	57206	0.44130304
	57772	0.44148
	52866	0.44162625999999994
	52984	0.44232
	56592	0.44238044
	52515	0.44316
	54362	0.44625908
	54261	0.44744421999999995
	56298	0.44852161999999995
	57673	0.44939999999999997
	53704	0.45056868
	57991	0.45096
	50349	0.45132285999999994
	51186	0.45186155999999994
	51437	0.45401635999999995
	53195	0.45487827999999997
	58158	0.45574019999999993
	50750	0.45811048
	54609	0.45828
	59055	0.45983999999999997
	57995	0.4608
	59065	0.4626
	58556	0.46656
	57481	0.46845351999999996
	56290	0.46996187999999994
	58243	0.47028509999999996
	52557	0.471
	54615	0.47172
	51359	0.47330182
	58546	0.4764
	57606	0.47739593999999996
	52889	0.47807999999999995
	53689	0.47963999999999996
	51334	0.4824597199999999
	57582	0.4824597199999999
	57604	0.48493773999999995
	57216	0.48547643999999995
	56434	0.4866615799999999
	56490	0.48816993999999997
	58323	0.48903186
	57511	0.49150987999999995
	54483	0.49247954
	58457	0.49248
	56489	0.49323371999999993
	53469	0.49528078
	57106	0.49584
	52862	0.49948264
	54472	0.50012908
	57958	0.50064
	58021	0.50112
	53580	0.5029199999999999
	51571	0.5038999799999999
	57001	0.50604
	51477	0.50734766
	54540	0.51072
	53192	0.5149971999999999
	58443	0.51636
	57110	0.51768
	53384	0.51952228
	59462	0.525
	57028	0.52536
	58468	0.52704
	54707	0.5274
	58927	0.52776
	58257	0.5284646999999999
	58635	0.5292
	50445	0.5301885399999999
	53663	0.53496
	59021	0.53508
	57020	0.53808
	57896	0.53832
	51568	0.5392386999999998
	57731	0.5403160999999999
	57777	0.54252
	51356	0.5438715199999999
	52818	0.5462418
	56080	0.54708
	57636	0.5517365399999999
	56485	0.55249072
	59113	0.5578799999999999
	53929	0.56124
	58429	0.5615408799999999
	56091	0.5616
	57957	0.5651999999999999
	58365	0.5679
	57828	0.5768399599999999
	58550	0.57816
	58646	0.5797199999999999
	57612	0.5867520399999999
	53817	0.58836814
	57004	0.5890799999999999
	53928	0.59028
	54514	0.59064
	50658	0.59138486
	57994	0.59148
	54613	0.59412
	51495	0.5945093199999999
	51636	0.59537124
	54505	0.59592
	58742	0.5976
	58814	0.59856
	58506	0.59964
	57682	0.60096
	52645	0.60248208
	50913	0.60269756
	53483	0.6040981799999999
	58623	0.6048
	51353	0.6067916799999999
	50639	0.6097006599999999
	50739	0.6125018999999999
	56390	0.61271738
	57635	0.61368704
	59045	0.61392
	58442	0.6141179999999999
	56021	0.6148721799999999
	54433	0.6157199999999999
	50776	0.6159495799999999
	54541	0.6170399999999999
	57728	0.6195049999999999
	57502	0.62209076
	51722	0.6227371999999999
	58903	0.6228
	59758	0.62292
	58918	0.62868
	52378	0.6297402999999999
	52836	0.63060222
	57914	0.63200284
	56376	0.63308024
	50468	0.63706662
	58366	0.6374
	58265	0.6388982
	59278	0.64056
	58907	0.6410399999999999
	58542	0.64224
	57966	0.6423599999999999
	58631	0.6424799999999999
	58235	0.64299232
	58735	0.64344
	52754	0.64525486
	57575	0.6465599999999999
	57002	0.6477599999999999
	56116	0.6484870599999999
	52203	0.6485947999999999
	57314	0.6502109
	57562	0.6502800000000001
	51156	0.65258118
	54624	0.6546
	59038	0.66036
	54204	0.6626009999999999
	58352	0.66766478
	58360	0.6684189599999999
	50566	0.6685267
	52575	0.67025054
	51716	0.67078924
	57320	0.67197438
	57007	0.67236
	57025	0.67392
	50983	0.67412918
	59061	0.67452
	57306	0.6746678799999999
	59315	0.6763199999999999
	57416	0.6764994599999999
	52998	0.67668
	58609	0.6789599999999999
	52495	0.68177872
	58450	0.68208
	51886	0.6869502399999999
	53908	0.69
	51802	0.6974010199999999
	57800	0.70332672
	57732	0.70343446
	57766	0.705
	58459	0.70548
	52101	0.7107607799999999
	57573	0.71313106
	57401	0.7151781199999999
	54507	0.7162799999999999
	54916	0.71724
	53490	0.7212
	57540	0.72121156
	54493	0.72196574
	54808	0.7239599999999999
	58269	0.7248747199999999
	55294	0.72530568
	51708	0.72541342
	51358	0.7320933
	58484	0.7322399999999999
	50834	0.73284748
	54494	0.7369416
	57021	0.73812
	56193	0.7389886599999999
	52713	0.75105554
	54471	0.7520251999999998
	58923	0.75228
	53480	0.7553651399999999
	56399	0.7575199399999999
	56593	0.7596747399999999
	50564	0.7619372799999999
	57799	0.76536
	56183	0.76753976
	57985	0.76788
	58654	0.7686
	51804	0.77314224
	58906	0.77904
	56285	0.7794989
	58804	0.78528
	56188	0.7879026199999999
	56995	0.7897341999999999
	58568	0.79056
	57837	0.7974914799999999
	50833	0.8015855999999999
	52985	0.8064
	56151	0.80783452
	57740	0.8095199999999999
	54412	0.8121599999999999
	59481	0.8158799999999999
	57969	0.82104
	50659	0.8243187399999999
	57564	0.82476
	57720	0.82518066
	50353	0.82658128
	57309	0.83433856
	58441	0.83466178
	57016	0.8358
	52996	0.8374799999999999
	53927	0.8394
	57589	0.8395100799999999
	57992	0.8409599999999999
	50758	0.8429577599999999
	58931	0.84396
	57981	0.84504
	53915	0.8468399999999999
	57213	0.8495999999999999
	58553	0.8497199999999999
	52679	0.84996
	58255	0.85233114
	57688	0.85272
	52681	0.85632
	56286	0.85771814
	57771	0.8617199999999999
	53502	0.8692463199999999
	59288	0.87192
	57846	0.8749199999999999
	58911	0.87708
	57882	0.87768
	57625	0.8788351799999999
	50656	0.88206738
	57872	0.8835599999999999
	57208	0.88379122
	57590	0.8872388999999999
	57581	0.8882085599999999
	52825	0.88917822
	57745	0.8892
	58647	0.89124
	56096	0.89352
	51628	0.89467296
	57671	0.89616
	58704	0.89784
	57405	0.9018915399999998
	56492	0.9023224999999999
	54513	0.9047999999999999
	59093	0.90936
	58938	0.91152
	58701	0.91164
	56391	0.91298876
	52418	0.9133199999999999
	56095	0.9139200000000001
	53362	0.91729836
	57687	0.91896
	50756	0.9193454199999999
	58259	0.9217156999999999
	57492	0.92193118
	54927	0.92268
	54408	0.92316
	59471	0.92424
	57124	0.92448
	58351	0.9249478999999999
	58268	0.9253788599999999
	51346	0.92721044
	58502	0.93024
	56180	0.9306581199999999
	50877	0.9337825799999999
	51705	0.9406779399999999
	54853	0.9427199999999999
	57505	0.9438023999999999
	56295	0.9454184999999998
	58821	0.94848
	53491	0.9488399999999999
	56074	0.95292
	57913	0.9564079799999999
	56187	0.9584550399999998
	57976	0.9596399999999999
	59279	0.96012
	54165	0.96082532
	58705	0.96312
	58652	0.96516
	57600	0.9655658799999999
	50548	0.96728972
	50779	0.9695522599999999
	58936	0.96984
	57324	0.9740773399999999
	59480	0.9773999999999999
	57609	0.9794643399999999
	59500	0.9813599999999999
	57713	0.98161914
	56084	0.9839999999999999
	58932	0.9860399999999999
	58558	0.9875999999999999
	52884	0.9979199999999999
	59298	1.0038
	51730	1.00402906
	56384	1.00769222
	56079	1.0130792199999998
	56202	1.01394114
	51467	1.0154495
	52797	1.017
	56164	1.01781978
	54305	1.0192203999999998
	59092	1.0194
	54470	1.02105198
	53593	1.02468
	57949	1.02936
	54539	1.03128
	52983	1.0345199999999999
	54525	1.03632
	57313	1.03667428
	54520	1.0418399999999999
	58819	1.04388
	57737	1.0447547799999999
	59502	1.0449599999999999
	56289	1.04518574
	59650	1.0458
	57780	1.04592
	57662	1.04652
	58736	1.04796
	50136	1.05455912
	58503	1.05924
	58555	1.06008
	56992	1.06156222
	58822	1.06452
	53378	1.06522538
	52424	1.06776
	53068	1.06899628
	56106	1.07061238
	54530	1.07196
	58548	1.07472
	56394	1.07546068
	59470	1.077
	59072	1.07808
	54596	1.0789199999999999
	58917	1.07976
	57834	1.0800934999999998
	56374	1.0806321999999997
	57509	1.0813863799999999
	57558	1.08168
	57105	1.08264
	52745	1.08472632
	50854	1.0848340599999997
	51060	1.0864501599999998
	54499	1.0904399999999999
	52674	1.09164
	51639	1.0936687399999998
	58570	1.09632
	57545	1.1011027999999998
	56094	1.10304
	57011	1.10676
	59757	1.10676
	58706	1.11
	57514	1.1105839199999998
	53916	1.1140316
	57113	1.1178
	51567	1.1190953799999999
	50755	1.1197418199999998
	56018	1.12081922
	59945	1.12464
	57574	1.1274
	58928	1.128
	54522	1.12944
	52896	1.13472
	59270	1.143
	51076	1.14861614
	54405	1.14912
	57824	1.15023224
	54437	1.15128
	58718	1.15224
	57663	1.1556
	58660	1.16124
	57476	1.1649926199999998
	59025	1.1663999999999999
	58401	1.16811708
	58559	1.1694
	54351	1.17102606
	54584	1.17242668
	58921	1.17408
	52784	1.17552
	57853	1.17576
	57954	1.17588
	53498	1.17828
	59114	1.1796
	54428	1.18032
	59117	1.18404
	57315	1.18578644
	54597	1.19448
	59941	1.1954399999999998
	59215	1.19628
	54623	1.1990399999999999
	58707	1.20168
	57491	1.20485642
	52313	1.2072266999999999
	50842	1.21272144
	52943	1.21379884
	57111	1.22076
	57839	1.2212329
	53289	1.2238186599999998
	52446	1.2241199999999999
	56284	1.2261889399999997
	54205	1.22855922
	51357	1.2314682
	57825	1.23168368
	54308	1.2326399999999997
	56378	1.2385790399999999
	57743	1.23924
	59454	1.2399600000000002
	52856	1.2426731599999998
	57537	1.2448279599999998
	52876	1.2475214599999997
	57894	1.25088
	57821	1.2509691399999998
	51644	1.2540935999999998
	59109	1.2588
	54424	1.2609599999999999
	57516	1.2622818399999998
	54501	1.2664799999999998
	58844	1.26696
	52447	1.26732
	59213	1.2686399999999998
	58806	1.26936
	54072	1.26993138
	54347	1.2738100199999998
	56189	1.2761803
	54531	1.2812400000000002
	52633	1.2835066199999998
	56494	1.2837220999999999
	59071	1.2838800000000001
	58619	1.2849599999999999
	57308	1.2930954799999999
	57544	1.29444
	56038	1.29578898
	59940	1.29888
	54533	1.3027199999999999
	50871	1.30386948
	58319	1.30462366
	52980	1.308
	58608	1.3092
	59314	1.3093199999999998
	57883	1.31232
	58813	1.3142399999999999
	58724	1.3168799999999998
	57866	1.3186799999999999
	56782	1.31970726
	57762	1.3220399999999999
	54080	1.32509426
	57738	1.33640696
	53499	1.33944
	58543	1.33992
	57640	1.3411199999999999
	57729	1.3411475199999998
	57583	1.3419017
	54610	1.3432799999999998
	58600	1.34676
	58453	1.34688
	59276	1.34736
	52737	1.35246022
	54510	1.35456
	58719	1.36008
	58837	1.36068
	58605	1.36188
	53083	1.3623722999999999
	57978	1.36908
	54502	1.37124
	58454	1.38072
	59313	1.3819199999999998
	54260	1.38295064
	54449	1.38372
	56172	1.3957717
	56498	1.4079463199999998
	54248	1.4115017399999998
	58714	1.4136
	57696	1.41624
	59293	1.41732
	57679	1.42212
	51352	1.4243227999999999
	58404	1.4259388999999998
	57996	1.4272799999999999
	53385	1.4273395199999999
	57647	1.43498906
	53910	1.43531228
	59316	1.43652
	59842	1.4372399999999999
	58712	1.4384400000000002
	59284	1.4424
	59102	1.44264
	56387	1.44791786
	59469	1.45488
	56043	1.45923056
	57102	1.4597999999999998
	57595	1.46009248
	59475	1.46268
	57657	1.4628
	59654	1.4672399999999999
	57796	1.46844
	57840	1.4771154
	52765	1.47905472
	57513	1.47905472
	59297	1.482
	54534	1.4834399999999999
	59124	1.49148
	57736	1.49834018
	54164	1.5026497799999998
	58826	1.50432
	58537	1.50456
	57786	1.5082799999999998
	57003	1.51944
	58317	1.5225816799999998
	51542	1.5236590799999998
	56389	1.5258138799999998
	54912	1.5299999999999998
	57734	1.5369111
	59476	1.5395999999999999
	54342	1.5406819999999999
	58818	1.54152
	54069	1.55027086
	50963	1.5511327799999999
	59091	1.5531599999999999
	58446	1.55736
	54439	1.55952
	50832	1.56190678
	54404	1.5761999999999998
	59289	1.58112
	57486	1.58463992
	54134	1.589165
	54252	1.589165
	54423	1.5905999999999998
	59133	1.5923999999999998
	51656	1.5930436399999999
	58544	1.59348
	50844	1.5960603599999998
	57494	1.59767646
	57483	1.60489504
	57974	1.60596
	54535	1.60896
	56278	1.6146993799999998
	54434	1.6158
	57506	1.61642322
	54410	1.61868
	59099	1.6194
	59322	1.6210799999999999
	59290	1.6222800000000002
	59096	1.62348
	54523	1.62768
	57867	1.62852
	57525	1.6285978399999999
	54603	1.63296
	58715	1.63344
	57988	1.63452
	56273	1.6432504799999998
	54406	1.6434
	56499	1.64368144
	56288	1.6443278799999999
	54454	1.6504690599999998
	57993	1.65168
	57818	1.6537012599999998
	56380	1.6538089999999999
	50956	1.65661024
	50985	1.6590882599999999
	54511	1.66428
	54521	1.6662000000000001
	57956	1.67304
	50749	1.6764344
	50965	1.6768653599999999
	57475	1.680744
	50775	1.68246784
	56004	1.6837607199999998
	54332	1.6863464799999999
	56383	1.6935650599999998
	58436	1.6945347199999998
	57204	1.69981398
	57857	1.70352
	52957	1.70530872
	54223	1.70757126
	59473	1.71264
	50838	1.7198536199999999
	57586	1.7198536199999999
	59106	1.7207999999999999
	53272	1.72179294
	59951	1.7239200000000001
	50851	1.7283650799999999
	58531	1.73913908
	59224	1.7394
	53352	1.7395700399999998
	58946	1.74684
	54041	1.75422268
	57887	1.7563199999999999
	54512	1.75848
	56287	1.7614412599999998
	59228	1.76304
	54316	1.7701681999999999
	59130	1.77192
	57508	1.7771712999999998
	57674	1.7815199999999998
	57717	1.7819118599999997
	54429	1.78608
	58433	1.79344004
	52885	1.79988
	59456	1.8002399999999998
	59097	1.80396
	57517	1.80399856
	50939	1.8051837
	59855	1.8080399999999999
	59485	1.8104399999999998
	57845	1.8162
	56173	1.8203750399999998
	57964	1.8203999999999998
	53343	1.8211292199999998
	50928	1.8223143599999998
	58420	1.8223143599999998
	56097	1.82382272
	56181	1.8295329399999998
	59664	1.8312
	51701	1.8331960999999999
	56279	1.83459672
	54401	1.83564
	57678	1.8384
	59122	1.8384
	57891	1.84344
	56276	1.8456939399999999
	57718	1.85032676
	50674	1.8526970399999998
	50962	1.85323574
	57584	1.8658799999999998
	59493	1.8686399999999999
	59303	1.86948
	57402	1.8719824999999999
	57911	1.8731676399999997
	58935	1.875
	56033	1.8755379199999997
	54039	1.8789855999999998
	56381	1.880063
	54319	1.8805199999999997
	56184	1.8876047999999999
	59134	1.8884400000000001
	54320	1.8965472199999998
	59306	1.8965999999999998
	54024	1.9033348399999999
	54339	1.9064592999999999
	54419	1.9067999999999998
	59271	1.9090799999999999
	50964	1.9100147199999997
	58820	1.91256
	57744	1.914
	57642	1.9163999999999999
	58501	1.92671442
	57655	1.9270800000000001
	58529	1.9344000000000001
	57710	1.9380271199999999
	57881	1.9476
	54438	1.94904
	56152	1.9495552999999999
	59318	1.9531199999999997
	50936	1.9538648999999997
	59280	1.9566
	59854	1.9604399999999997
	59088	1.9631999999999998
	59052	1.96548
	57699	1.96848
	51559	1.9707800799999997
	58449	1.9723199999999999
	57633	1.97401228
	54455	1.9796147599999998
	59107	1.9796399999999998
	50852	1.9809076399999999
	58713	1.9849199999999998
	57835	1.99114294
	58710	1.9911599999999998
	50934	1.9963144599999998
	59659	2.0006399999999998
	57493	2.0021324199999997
	57477	2.0034253
	52787	2.00688
	50246	2.00967422
	56029	2.0098896999999996
	54532	2.01336
	58530	2.0172160199999998
	57698	2.0256
	52908	2.02561974
	58929	2.02896
	58534	2.03456216
	57694	2.03868
	58418	2.04210396
	59849	2.0423999999999998
	58419	2.04285814
	56382	2.0496457599999998
	57565	2.0532
	50940	2.05438632
	57962	2.0545199999999997
	58725	2.0570399999999998
	50767	2.05815722
	54336	2.0644061399999996
	57947	2.0763599999999998
	56185	2.0797052199999997
	54313	2.08757024
	59090	2.08884
	54328	2.0988829399999998
	50954	2.10771762
	58448	2.1077999999999997
	59324	2.11728
	56182	2.1207541599999997
	57489	2.12495602
	50950	2.1318513799999996
	56395	2.1344371399999997
	59287	2.14464
	56192	2.1470399999999996
	57708	2.1491975199999995
	56281	2.15016718
	50945	2.1563083599999997
	52602	2.1577089799999998
	58402	2.16147988
	57666	2.1616799999999996
	54161	2.1670823599999998
	57767	2.17068
	57742	2.17300806
	57895	2.17704
	59294	2.18844
	59137	2.18856
	56045	2.18863036
	54225	2.1924012599999996
	54249	2.19434058
	52533	2.19456
	59492	2.19576
	59321	2.1964799999999998
	53397	2.20272
	54063	2.2084545199999996
	54594	2.2104
	50953	2.214057
	59074	2.21928
	50853	2.2259084
	57646	2.22816
	58510	2.23812
	54218	2.2433622799999995
	58500	2.24433194
	57972	2.24724
	57518	2.2496112
	59488	2.25696
	57989	2.26116
	54327	2.26275548
	54031	2.2671728199999994
	57499	2.26825022
	54416	2.27256
	58428	2.27514558
	59205	2.27557654
	50858	2.30100318
	57781	2.30472
	58431	2.3059592199999996
	50955	2.3061746999999997
	54590	2.3174873999999996
	57554	2.32188
	54318	2.32308
	54431	2.32428
	57722	2.3313858599999997
	57758	2.3329199999999997
	56171	2.3356954599999997
	50946	2.33828122
	57960	2.33952
	59285	2.34084
	57585	2.34372
	57811	2.3503481
	50968	2.3573512
	58407	2.35756668
	54506	2.3615999999999997
	57649	2.3641199999999998
	59131	2.3668799999999997
	56883	2.3689871199999994
	54214	2.381054
	54432	2.3886
	54208	2.3889190199999994
	52436	2.3946
	57754	2.39784
	57498	2.40841996
	57803	2.4214564999999997
	57876	2.4228
	50673	2.42662802
	50867	2.4383716799999995
	58409	2.4455902599999995
	58828	2.4483599999999996
	50958	2.4489302
	59320	2.4498
	57842	2.4506399999999995
	54301	2.45112
	57789	2.45136
	54156	2.45259336
	57822	2.45528686
	56280	2.4558255599999996
	54326	2.46002742
	57723	2.46627634
	52955	2.46649182
	59319	2.4743999999999997
	57805	2.4758652
	50859	2.48039028
	54333	2.4868546799999995
	54324	2.4877166
	54497	2.5019382799999996
	54421	2.505
	54047	2.5252101199999997
	56046	2.5256410799999998
	57623	2.5455729799999998
	57760	2.5531200000000003
	58416	2.5542999199999996
	54452	2.55839404
	50862	2.56550488
	54420	2.5673999999999997
	53399	2.5809599999999997
	54026	2.5812349199999995
	59211	2.59248
	54338	2.60967828
	59478	2.61072
	57886	2.6113199999999996
	57603	2.6265934599999996
	50960	2.63575136
	54027	2.64189254
	54321	2.6460944
	54425	2.66496
	58424	2.66861206
	57816	2.67701578
	54157	2.6802479799999994
	59304	2.6829599999999996
	54254	2.68401888
	57741	2.68628142
	57973	2.6874
	56034	2.69177616
	57739	2.6995334399999997
	59673	2.7041999999999997
	57915	2.7132164199999997
	50948	2.7149402599999997
	54065	2.71623314
	56385	2.72323624
	57735	2.72657618
	58408	2.7297006399999995
	58423	2.73207092
	54304	2.75076
	54049	2.7610529799999997
	54337	2.7649316199999996
	58417	2.7665477199999997
	59126	2.79216
	57860	2.802
	58432	2.8130914
	59127	2.82672
	54243	2.82957562
	58512	2.8301999999999996
	57798	2.8332
	54311	2.83872
	58824	2.84712
	57496	2.85920412
	59655	2.8622400000000003
	57661	2.8667999999999996
	58421	2.8732103199999997
	59094	2.87352
	57814	2.8759038199999996
	56272	2.8984214799999997
	54115	2.90262334
	54117	2.9101651399999997
	59081	2.9115599999999997
	54453	2.91749146
	54122	2.9263261399999996
	57485	2.9281577199999997
	58415	2.93311376
	57761	2.9352
	54135	2.95541594
	57792	3.00084
	59125	3.0221999999999998
	50937	3.02609338
	54113	3.03201908
	57875	3.04824
	57948	3.05172
	50861	3.06164758
	54325	3.0746841199999997
	58912	3.0814799999999996
	59053	3.1168799999999997
	59087	3.12756
	54515	3.1324799999999997
	56067	3.1396513399999995
	59626	3.14748
	57643	3.15732
	54430	3.171
	59310	3.18168
	50774	3.2175473599999997
	54064	3.2246581999999995
	59653	3.2344799999999996
	54334	3.2375869999999995
	59477	3.24
	58426	3.2616130199999995
	54213	3.2630136399999996
	58523	3.2650607
	50772	3.26764646
	57719	3.3025542199999998
	57813	3.3243177
	58427	3.3380006799999995
	54226	3.3462966599999997
	51468	3.3617034799999996
	59051	3.38256
	54245	3.3926248599999997
	54231	3.45479084
	54237	3.4859277
	54132	3.4862509199999994
	57841	3.4882799999999996
	54234	3.5402286599999995
	54331	3.6022868999999997
	54323	3.6195253
	54244	3.6280367599999996
	57793	3.6309599999999995
	57658	3.7463999999999995
	56178	3.7807043399999998
	57669	3.7863599999999997
	58520	3.78932354
	54436	3.8668799999999997
	54236	3.8988951199999993
	54335	3.9103155599999995
	57859	3.9274799999999996
	59663	3.9756
	54154	3.9758214799999996
	59312	4.01904
	58438	4.08571628
	58435	4.09767542
	59082	4.117319999999999
	57752	4.137
	58414	4.149929319999999
	54142	4.25486808
	58437	4.337181439999999
	59033	4.48596
	59487	4.7844
	59218	5.20836
