	59847	-2.8879
	59750	-2.8661
	56989	-2.8178
	52869	-2.7791
	52963	-2.6448
	52875	-2.5729
	59948	-2.4203
	56756	-2.349
	56748	-2.3352
	52868	-2.274
	52863	-2.2275
	56767	-2.2156
	56742	-2.1978
	59940	-2.1661
	56843	-2.1267
	59855	-2.1215
	56649	-2.1174
	56645	-2.0749
	52874	-2.0677
	56846	-2.0657
	56543	-2.0538
	52866	-1.9645
	56646	-1.955
	56745	-1.9272
	59754	-1.9026
	53856	-1.8989
	52972	-1.8916
	56761	-1.8401
	53970	-1.8139
	56862	-1.8079
	56764	-1.8019
	56654	-1.7985
	53753	-1.7964
	59658	-1.7939
	56652	-1.7936
	56651	-1.7812
	56746	-1.7605
	56854	-1.7603
	56870	-1.7254
	56752	-1.7093
	59838	-1.7017
	59650	-1.6788
	59954	-1.6736
	56851	-1.6481
	54936	-1.6435
	57853	-1.6155
	56548	-1.5929
	52980	-1.5853
	58047	-1.5828
	54855	-1.5757
	56869	-1.5602
	54945	-1.5567
	56643	-1.5435
	56842	-1.534
	56755	-1.5257
	56966	-1.5233
	53590	-1.5167
	56951	-1.4993
	54938	-1.4924
	57846	-1.4911
	52974	-1.4868
	52876	-1.4793
	53757	-1.4783
	54863	-1.4755
	59431	-1.4743
	56697	-1.4689
	56959	-1.4632
	57317	-1.4596
	56567	-1.4569
	56286	-1.4568
	57634	-1.4501
	54853	-1.4482
	58038	-1.4402
	58044	-1.4371
	56444	-1.4109
	56946	-1.4067
	56976	-1.3927
	56065	-1.3908
	57408	-1.388
	58131	-1.3849
	56898	-1.3775
	53467	-1.3745
	56565	-1.3685
	58666	-1.3633
	59849	-1.3595
	53852	-1.357
	56970	-1.3513
	53464	-1.3405
	58045	-1.3315
	54939	-1.3271
	57777	-1.3191
	57871	-1.3166
	53593	-1.3122
	53848	-1.3085
	52862	-1.3077
	56766	-1.3059
	59656	-1.3047
	54849	-1.3042
	57872	-1.2987
	54940	-1.2962
	56295	-1.296
	54923	-1.2741
	54857	-1.2699
	58048	-1.2653
	57870	-1.2641
	52978	-1.2502
	56441	-1.2499
	56280	-1.2446
	57778	-1.2406
	56977	-1.2403
	59429	-1.2342
	58049	-1.234
	59945	-1.2273
	53850	-1.2162
	56199	-1.2051
	59449	-1.199
	56074	-1.1948
	58667	-1.1915
	56768	-1.1881
	57309	-1.1867
	53877	-1.1817
	56443	-1.1787
	57293	-1.1784
	58024	-1.1765
	54755	-1.1734
	54861	-1.1734
	53861	-1.167
	58040	-1.1653
	56399	-1.1593
	52765	-1.1548
	53768	-1.1524
	53543	-1.1455
	53845	-1.1441
	56673	-1.1403
	54932	-1.1363
	56492	-1.1292
	56285	-1.1237
	56284	-1.1092
	58107	-1.0961
	58109	-1.0893
	58932	-1.0878
	54848	-1.0843
	56298	-1.0826
	53582	-1.0797
	56975	-1.0796
	58041	-1.074
	53576	-1.0713
	54844	-1.0675
	56288	-1.0638
	53841	-1.062
	54764	-1.0581
	57294	-1.0546
	54842	-1.054
	54835	-1.0536
	56186	-1.0457
	56641	-1.0413
	57191	-1.0401
	53865	-1.0394
	53748	-1.0382
	56849	-1.0349
	58036	-1.0315
	57411	-1.0296
	57774	-1.0258
	58567	-1.0206
	53853	-1.0198
	59435	-1.0198
	56198	-1.0148
	58944	-1.0099
	53457	-1.0088
	52984	-1.0079
	53770	-1.0076
	55572	-1.0049
	53385	-1.0019
	56871	-0.9915
	56297	-0.9897
	56296	-0.9896
	54753	-0.9837
	51058	-0.9819
	52889	-0.9818
	59469	-0.9787
	58656	-0.9628
	56962	-0.9622
	59842	-0.9607
	56664	-0.9602
	53854	-0.9579
	53866	-0.9548
	57865	-0.9486
	57290	-0.9483
	54871	-0.9471
	53764	-0.9457
	57318	-0.9447
	58664	-0.9413
	53446	-0.9393
	57208	-0.9384
	54777	-0.938
	57780	-0.934
	58122	-0.9339
	56395	-0.9325
	52884	-0.9311
	53545	-0.9246
	54831	-0.9224
	56196	-0.917
	54843	-0.9122
	53775	-0.9107
	56381	-0.9082
	53750	-0.9078
	58210	-0.9068
	58011	-0.9065
	56757	-0.9017
	57507	-0.9017
	58659	-0.9009
	53756	-0.8992
	54818	-0.8981
	54765	-0.898
	56987	-0.8955
	57315	-0.8941
	57197	-0.8928
	58236	-0.8925
	57505	-0.8917
	59941	-0.8917
	54752	-0.8912
	53455	-0.8871
	53562	-0.8865
	57189	-0.8836
	59673	-0.8833
	54738	-0.8823
	53578	-0.882
	59426	-0.879
	58034	-0.8742
	56391	-0.8737
	54935	-0.8712
	56973	-0.8693
	53864	-0.8687
	59315	-0.8673
	56569	-0.8667
	56571	-0.8663
	53584	-0.8659
	54830	-0.8612
	58026	-0.8611
	56533	-0.861
	54852	-0.8606
	53997	-0.8602
	58113	-0.8589
	56592	-0.8577
	53868	-0.8573
	57093	-0.8571
	54832	-0.8569
	53738	-0.8555
	53547	-0.8547
	58020	-0.8538
	53679	-0.8536
	53776	-0.8454
	53759	-0.8403
	54904	-0.8384
	53669	-0.836
	58108	-0.8357
	56396	-0.8335
	54809	-0.8318
	54906	-0.8318
	58032	-0.8308
	57188	-0.8285
	53774	-0.8235
	57413	-0.8233
	57320	-0.8213
	51633	-0.8187
	53859	-0.8177
	59664	-0.8169
	58143	-0.8147
	53857	-0.812
	54778	-0.812
	53486	-0.8107
	57432	-0.8098
	58130	-0.809
	53964	-0.8073
	53980	-0.8052
	57851	-0.8043
	57295	-0.804
	57292	-0.8035
	53962	-0.7991
	53599	-0.7952
	53707	-0.7933
	54851	-0.7927
	57860	-0.787
	56575	-0.7841
	56247	-0.7815
	59324	-0.7805
	59663	-0.7798
	51328	-0.7787
	53646	-0.7762
	54804	-0.7756
	52986	-0.7753
	56357	-0.7744
	57206	-0.7744
	53998	-0.7718
	53966	-0.7713
	54607	-0.7683
	56273	-0.7666
	58224	-0.763
	56774	-0.7627
	53771	-0.7598
	54837	-0.7587
	53778	-0.7581
	58202	-0.757
	56775	-0.7557
	59320	-0.7546
	56964	-0.7544
	54900	-0.754
	56187	-0.754
	54826	-0.7529
	53690	-0.7524
	57416	-0.7524
	56675	-0.7518
	58658	-0.7506
	56670	-0.7492
	53874	-0.7482
	57908	-0.7472
	58203	-0.7467
	51329	-0.7454
	58150	-0.7441
	53782	-0.742
	54749	-0.7418
	57091	-0.7397
	53772	-0.7396
	53469	-0.7378
	57094	-0.737
	54903	-0.7369
	58125	-0.7338
	56578	-0.7308
	53574	-0.7267
	58135	-0.7238
	54802	-0.7236
	54833	-0.7215
	53484	-0.7197
	58225	-0.7195
	56291	-0.7194
	51356	-0.7166
	53529	-0.7149
	58569	-0.7143
	55585	-0.7134
	54825	-0.7132
	58030	-0.7119
	57177	-0.7113
	59446	-0.7101
	53727	-0.7096
	56272	-0.7068
	57508	-0.7066
	57636	-0.7053
	57625	-0.7039
	54927	-0.7036
	56986	-0.7034
	53871	-0.7013
	55279	-0.7011
	56192	-0.7003
	54806	-0.6991
	52853	-0.699
	58104	-0.6976
	57425	-0.6943
	53573	-0.6941
	52983	-0.6909
	59951	-0.6909
	53475	-0.6903
	57096	-0.6901
	57273	-0.6886
	59227	-0.6873
	58220	-0.6865
	53682	-0.6852
	53651	-0.6843
	54751	-0.6836
	56984	-0.6809
	59448	-0.6808
	58146	-0.6779
	53954	-0.6724
	57867	-0.6712
	53863	-0.6688
	56383	-0.6687
	57402	-0.6678
	51701	-0.6631
	53463	-0.6631
	54822	-0.6609
	56276	-0.6585
	58114	-0.6566
	58665	-0.6564
	57194	-0.6549
	53579	-0.6548
	53957	-0.6531
	53490	-0.6521
	54815	-0.6516
	55664	-0.6516
	53399	-0.6508
	53959	-0.6506
	54846	-0.6504
	54399	-0.6495
	53676	-0.6491
	53983	-0.6452
	58021	-0.6423
	51137	-0.6421
	53730	-0.6403
	57407	-0.6387
	53869	-0.6384
	56586	-0.6375
	57409	-0.635
	53487	-0.6344
	55578	-0.6331
	59306	-0.633
	56491	-0.6321
	57313	-0.6315
	53659	-0.6312
	57973	-0.6294
	57773	-0.6274
	58004	-0.6271
	53478	-0.6266
	58214	-0.6262
	57304	-0.6255
	57361	-0.6227
	52943	-0.6211
	54412	-0.6189
	56195	-0.6189
	53953	-0.616
	54805	-0.6154
	50468	-0.6139
	52896	-0.6123
	53989	-0.6098
	53553	-0.6082
	59758	-0.605
	51642	-0.6044
	53564	-0.6023
	53963	-0.6
	53965	-0.5999
	53994	-0.5998
	53674	-0.5961
	56084	-0.5922
	54841	-0.5921
	53594	-0.5917
	54513	-0.5915
	54808	-0.5905
	53769	-0.5902
	54501	-0.5901
	57281	-0.59
	57067	-0.5872
	58205	-0.5869
	56290	-0.586
	53673	-0.5856
	54902	-0.5856
	57043	-0.5853
	58025	-0.5847
	54532	-0.5845
	52988	-0.5841
	52985	-0.5834
	54834	-0.5821
	53751	-0.5811
	55589	-0.5807
	56961	-0.5775
	56867	-0.5763
	54819	-0.5758
	59493	-0.5754
	53492	-0.5741
	53348	-0.5737
	54709	-0.5723
	53698	-0.572
	53692	-0.5697
	53575	-0.5692
	51722	-0.568
	52982	-0.5676
	58008	-0.5665
	59644	-0.5665
	53875	-0.5644
	57187	-0.5592
	53763	-0.5573
	54774	-0.5559
	56841	-0.5532
	53685	-0.5523
	58568	-0.5508
	53677	-0.5496
	57426	-0.5489
	54925	-0.548
	51353	-0.5473
	58234	-0.5459
	53357	-0.5453
	53896	-0.5447
	54915	-0.5445
	57517	-0.5445
	56669	-0.5442
	54401	-0.5433
	57029	-0.5419
	53961	-0.5417
	57268	-0.5414
	57296	-0.5401
	53666	-0.5391
	53687	-0.5389
	57034	-0.5386
	57089	-0.5377
	56872	-0.5353
	54759	-0.5346
	57085	-0.5337
	52855	-0.5334
	57868	-0.5332
	56021	-0.5323
	53955	-0.5317
	58127	-0.5309
	58145	-0.5304
	58140	-0.5285
	54911	-0.5277
	53832	-0.5274
	53499	-0.5256
	53783	-0.5228
	53890	-0.5221
	54824	-0.5215
	56393	-0.5213
	53697	-0.521
	53699	-0.5203
	57437	-0.52
	54374	-0.5176
	57922	-0.517
	54817	-0.5165
	56079	-0.5161
	59647	-0.516
	52856	-0.515
	59475	-0.5139
	54913	-0.5138
	53975	-0.5117
	50566	-0.5114
	54734	-0.5098
	56152	-0.509
	53981	-0.5087
	51818	-0.5082
	58222	-0.5078
	56080	-0.5067
	54910	-0.5065
	53767	-0.5036
	57772	-0.5029
	51431	-0.5028
	54208	-0.5017
	54836	-0.5008
	58760	-0.5007
	53777	-0.5006
	55294	-0.5
	51243	-0.4999
	54901	-0.4988
	54575	-0.4967
	54579	-0.4932
	53498	-0.4923
	53577	-0.4923
	54371	-0.4921
	56181	-0.4886
	53968	-0.4868
	58751	-0.4865
	56839	-0.4855
	58005	-0.4835
	56693	-0.4831
	57776	-0.4827
	53678	-0.4818
	53488	-0.4817
	53694	-0.4812
	58846	-0.4812
	51810	-0.481
	57771	-0.4804
	54829	-0.4797
	57604	-0.4797
	56462	-0.4786
	56671	-0.4776
	53773	-0.4767
	53787	-0.4738
	54505	-0.4723
	56958	-0.4705
	56878	-0.4702
	56386	-0.4695
	57518	-0.4657
	56585	-0.4656
	52968	-0.4637
	53992	-0.4634
	58221	-0.4628
	57090	-0.4616
	56493	-0.4615
	57196	-0.4613
	58215	-0.4613
	58754	-0.4612
	58116	-0.4607
	53610	-0.4592
	59854	-0.459
	59215	-0.458
	53829	-0.4579
	53973	-0.4559
	58022	-0.4546
	59659	-0.4543
	53397	-0.4527
	58223	-0.4526
	54922	-0.4525
	57026	-0.4506
	54766	-0.45
	56763	-0.449
	56164	-0.4483
	53695	-0.4477
	53872	-0.4464
	55773	-0.446
	57279	-0.443
	51434	-0.4428
	51076	-0.4423
	53602	-0.4414
	56483	-0.4395
	53786	-0.4393
	53899	-0.4388
	53781	-0.4387
	53789	-0.4338
	54827	-0.4333
	57081	-0.4325
	56885	-0.4303
	54267	-0.4299
	56046	-0.4296
	53611	-0.4284
	58001	-0.4275
	54807	-0.4251
	53688	-0.4241
	58118	-0.4237
	51352	-0.4224
	56096	-0.4219
	54776	-0.4204
	53664	-0.4195
	53985	-0.419
	59312	-0.4169
	57087	-0.4168
	56376	-0.4139
	53696	-0.412
	54920	-0.4109
	53810	-0.4074
	53693	-0.4072
	53614	-0.4059
	58006	-0.4055
	54613	-0.4031
	56287	-0.403
	54510	-0.4024
	53760	-0.4001
	50775	-0.3973
	55598	-0.3971
	56944	-0.3969
	57185	-0.3952
	57162	-0.394
	56480	-0.3936
	59133	-0.3935
	57909	-0.3918
	51145	-0.3916
	58117	-0.3916
	54828	-0.3913
	58323	-0.3903
	54724	-0.39
	53873	-0.3891
	58013	-0.3874
	57124	-0.384
	58002	-0.384
	59266	-0.3838
	54821	-0.383
	54714	-0.3826
	53889	-0.3822
	56490	-0.3811
	56474	-0.3806
	56390	-0.3805
	53893	-0.3799
	52885	-0.3785
	59314	-0.3785
	53472	-0.3778
	57192	-0.3773
	58015	-0.375
	53898	-0.3697
	58154	-0.3692
	59848	-0.3679
	53948	-0.3662
	51709	-0.3636
	53665	-0.3629
	53480	-0.3615
	51365	-0.3609
	53580	-0.3598
	51133	-0.3594
	57033	-0.3585
	56188	-0.3561
	53993	-0.355
	58148	-0.3546
	57902	-0.354
	57082	-0.3531
	57083	-0.3528
	53565	-0.3523
	58935	-0.3483
	53984	-0.3476
	59319	-0.3473
	53860	-0.345
	57084	-0.3443
	53956	-0.344
	51433	-0.3436
	54706	-0.3429
	56792	-0.3425
	54511	-0.341
	53967	-0.3402
	54523	-0.3396
	53806	-0.3383
	53996	-0.3379
	57156	-0.3379
	51704	-0.3369
	54912	-0.3355
	59269	-0.3354
	57042	-0.3345
	53705	-0.3335
	57768	-0.3321
	59209	-0.332
	56279	-0.3313
	52955	-0.3305
	56875	-0.3301
	56257	-0.3299
	51802	-0.3284
	53491	-0.3255
	53680	-0.3255
	59321	-0.3238
	56197	-0.3232
	53585	-0.323
	53894	-0.3203
	54408	-0.3203
	54737	-0.3196
	54929	-0.3193
	54621	-0.3186
	53567	-0.3178
	56183	-0.3178
	58570	-0.3175
	56969	-0.317
	54640	-0.3152
	59856	-0.3138
	56382	-0.3131
	55696	-0.3125
	56384	-0.3123
	59441	-0.3122
	57658	-0.3115
	56394	-0.3103
	52995	-0.3096
	56739	-0.309
	54594	-0.3073
	56194	-0.3073
	53895	-0.3072
	54596	-0.3072
	57086	-0.3068
	50861	-0.3055
	57193	-0.3044
	56434	-0.3041
	56473	-0.3034
	51358	-0.3029
	51815	-0.3016
	53892	-0.3016
	53691	-0.3012
	57055	-0.2996
	57405	-0.2994
	54812	-0.2987
	53784	-0.2984
	54921	-0.2976
	53986	-0.2967
	53502	-0.2961
	57176	-0.2957
	58139	-0.2952
	53958	-0.2949
	59485	-0.2949
	57743	-0.2939
	53798	-0.2929
	54916	-0.2928
	56498	-0.2924
	57027	-0.2919
	59318	-0.2916
	56189	-0.2915
	57075	-0.291
	54520	-0.2891
	57345	-0.2885
	51705	-0.2882
	51334	-0.2871
	56995	-0.2862
	57324	-0.2849
	58926	-0.2835
	53930	-0.2826
	59427	-0.282
	53791	-0.2818
	54286	-0.2816
	51437	-0.2808
	56497	-0.2808
	57600	-0.2808
	53533	-0.2806
	53988	-0.2791
	53754	-0.2783
	57420	-0.2781
	58320	-0.2769
	53995	-0.2764
	56593	-0.2756
	56950	-0.2746
	57841	-0.2744
	53466	-0.2733
	59453	-0.2721
	54727	-0.2702
	53596	-0.2695
	53618	-0.2684
	53725	-0.2684
	58746	-0.2684
	53723	-0.2682
	57074	-0.2658
	58126	-0.2653
	54814	-0.2649
	58212	-0.2628
	54701	-0.2626
	54597	-0.2624
	54909	-0.2623
	54918	-0.2619
	57195	-0.2606
	53982	-0.2604
	57040	-0.2599
	57182	-0.2597
	52784	-0.259
	53950	-0.259
	50877	-0.2585
	50425	-0.2568
	57866	-0.2564
	57299	-0.2551
	53949	-0.2548
	50776	-0.2544
	53740	-0.2532
	57198	-0.2509
	53881	-0.2506
	54603	-0.2495
	56856	-0.2493
	51814	-0.249
	57180	-0.2482
	57385	-0.2482
	57328	-0.247
	57237	-0.2468
	53517	-0.2455
	57186	-0.2455
	54731	-0.2443
	57894	-0.2441
	53588	-0.2429
	56093	-0.2429
	54470	-0.2424
	56151	-0.2409
	56289	-0.2408
	58563	-0.2402
	54522	-0.2382
	54801	-0.2381
	58003	-0.2373
	54431	-0.236
	54433	-0.2352
	52707	-0.2349
	58132	-0.2347
	57052	-0.2341
	59425	-0.2337
	50774	-0.2332
	57184	-0.2329
	53978	-0.2315
	54820	-0.2309
	56331	-0.2292
	54499	-0.2287
	53662	-0.2271
	53821	-0.2255
	51717	-0.2245
	57414	-0.2226
	57066	-0.2216
	55472	-0.2212
	57769	-0.2205
	57298	-0.2203
	57022	-0.2198
	57053	-0.2188
	55299	-0.2173
	50767	-0.2148
	58141	-0.2147
	53735	-0.2118
	57038	-0.2118
	53976	-0.2111
	53891	-0.2098
	57060	-0.2098
	52998	-0.2075
	54410	-0.206
	57537	-0.2058
	59125	-0.2042
	58906	-0.2039
	53941	-0.2029
	57054	-0.2018
	57306	-0.2012
	54117	-0.1998
	58208	-0.1986
	53790	-0.1985
	51369	-0.1973
	54336	-0.1965
	58241	-0.1948
	58100	-0.1943
	54800	-0.1918
	57179	-0.1917
	55680	-0.1914
	56499	-0.189
	58158	-0.1877
	54276	-0.1852
	53483	-0.1851
	54917	-0.1843
	53384	-0.1842
	57387	-0.1832
	53392	-0.1828
	54718	-0.1828
	56863	-0.1827
	51708	-0.1812
	54707	-0.1802
	58027	-0.179
	57154	-0.178
	54602	-0.1769
	56584	-0.1763
	53780	-0.1752
	57216	-0.175
	57752	-0.1734
	53481	-0.1719
	54514	-0.1706
	53862	-0.1696
	51777	-0.1681
	53681	-0.1681
	56378	-0.167
	51716	-0.1662
	54810	-0.1662
	54914	-0.1657
	56494	-0.1654
	53615	-0.1652
	51828	-0.1651
	53391	-0.1637
	54729	-0.1627
	57297	-0.1621
	54420	-0.1616
	54474	-0.1592
	57063	-0.1591
	57061	-0.1586
	57445	-0.1583
	56487	-0.1571
	59316	-0.1556
	59487	-0.1552
	51931	-0.1547
	58111	-0.1547
	50557	-0.154
	58017	-0.1513
	57183	-0.151
	52674	-0.15
	54192	-0.1494
	52323	-0.1492
	53945	-0.1488
	57326	-0.1486
	50603	-0.1482
	59322	-0.1464
	56785	-0.146
	53991	-0.1444
	57916	-0.1438
	57307	-0.1413
	57875	-0.1406
	54736	-0.1403
	53879	-0.1387
	54301	-0.1367
	57431	-0.1366
	54584	-0.1362
	52446	-0.1359
	57008	-0.1357
	59655	-0.1357
	54519	-0.1356
	56281	-0.1354
	54563	-0.1349
	53880	-0.1348
	57102	-0.134
	57041	-0.1336
	58450	-0.1333
	54528	-0.1331
	56389	-0.1328
	55248	-0.1312
	53897	-0.1301
	56882	-0.1297
	53886	-0.1289
	57974	-0.1264
	57070	-0.1243
	59229	-0.1234
	56387	-0.1233
	58938	-0.1215
	57014	-0.1194
	52754	-0.1188
	57048	-0.1186
	54525	-0.1175
	57078	-0.1167
	56091	-0.114
	51707	-0.1122
	58565	-0.111
	54205	-0.1086
	58235	-0.1083
	55690	-0.1075
	57972	-0.1068
	53942	-0.1039
	53797	-0.1033
	57065	-0.1023
	58923	-0.101
	56778	-0.1005
	54568	-0.0995
	57169	-0.0994
	53518	-0.0975
	57106	-0.097
	51068	-0.0968
	55655	-0.0968
	59492	-0.0957
	54521	-0.0956
	50618	-0.0947
	58321	-0.0942
	57023	-0.0927
	51628	-0.0922
	54723	-0.0899
	57175	-0.0876
	50353	-0.0874
	57071	-0.085
	57079	-0.0844
	54905	-0.0809
	51241	-0.0808
	57623	-0.0808
	59501	-0.0807
	51730	-0.0799
	59845	-0.0786
	55437	-0.0772
	53987	-0.077
	57741	-0.077
	56071	-0.0759
	50915	-0.0736
	51060	-0.0732
	53972	-0.0721
	53795	-0.0714
	53944	-0.0702
	55591	-0.0696
	57605	-0.0666
	59654	-0.066
	53979	-0.063
	56190	-0.0629
	54404	-0.0624
	57128	-0.0622
	57025	-0.0587
	54816	-0.0576
	58562	-0.0571
	54424	-0.0567
	54569	-0.0559
	58102	-0.0537
	51804	-0.0525
	53663	-0.0518
	58012	-0.0513
	58929	-0.0501
	58316	-0.0493
	56688	-0.0477
	56004	-0.0468
	58007	-0.0455
	57926	-0.0451
	54518	-0.0449
	54713	-0.0443
	54700	-0.0437
	50756	-0.0432
	58461	-0.0421
	56982	-0.0395
	57035	-0.0382
	57095	-0.0376
	53799	-0.0365
	56137	-0.0359
	53788	-0.0352
	57285	-0.0341
	58207	-0.033
	58748	-0.0324
	59126	-0.0315
	54527	-0.0308
	57178	-0.0305
	50514	-0.0302
	53083	-0.0299
	54610	-0.0294
	56879	-0.0258
	54506	-0.0254
	57329	-0.0253
	58327	-0.0238
	51572	-0.0234
	58441	-0.023
	53785	-0.0228
	54725	-0.0214
	53732	-0.0212
	54715	-0.0204
	57049	-0.0202
	56128	-0.0197
	57506	-0.0191
	57447	-0.0181
	54284	-0.0146
	51811	-0.0144
	54363	-0.0143
	59134	-0.0136
	56373	-0.0119
	57510	-0.0114
	57045	-0.011
	57072	-0.0105
	59313	-0.0091
	54615	-0.0081
	57514	-0.0074
	53513	-0.0067
	57020	-0.0055
	57181	-0.0048
	58129	-0.0048
	50524	-0.0048
	54623	-0.0044
	53882	-0.0032
	57415	-0.0022
	57030	-0.0020
	52495	8.0E-4
	53689	0.0013
	57401	0.0015
	54534	0.0017
	55593	0.0032
	57044	0.0035
	57046	0.0035
	54533	0.0042
	56873	0.0046
	53519	0.0078
	58101	0.0078
	52797	0.0079
	58128	0.0094
	51367	0.0102
	57640	0.0113
	50962	0.0115
	54606	0.0131
	57076	0.0134
	57173	0.0144
	54486	0.0175
	53378	0.0179
	53947	0.0195
	57988	0.0197
	54122	0.0219
	57399	0.022
	54662	0.0245
	54503	0.0271
	54154	0.0287
	54702	0.0304
	56173	0.0306
	51644	0.0314
	59131	0.0315
	57132	0.0317
	50431	0.033
	53931	0.0336
	57260	0.0337
	54386	0.0339
	53617	0.0358
	57080	0.0358
	53619	0.036
	53923	0.0403
	50655	0.0414
	52787	0.0431
	56886	0.0439
	54316	0.0466
	52818	0.0483
	54811	0.0483
	57155	0.0489
	57016	0.0505
	56485	0.0521
	53934	0.0522
	58342	0.0543
	58477	0.0559
	56772	0.0564
	54712	0.0572
	57395	0.058
	54157	0.0624
	51430	0.0625
	54530	0.0632
	53938	0.0641
	59478	0.0645
	50727	0.0664
	57348	0.0675
	54012	0.0677
	51346	0.0698
	58361	0.0699
	54609	0.0703
	51829	0.0716
	54633	0.0729
	55681	0.0729
	59265	0.0731
	54471	0.0746
	58138	0.0748
	57265	0.0763
	58941	0.0764
	54377	0.0782
	52575	0.0783
	57006	0.0791
	56777	0.0831
	51087	0.0838
	56018	0.0847
	50564	0.0853
	56380	0.0854
	51156	0.0874
	52418	0.0878
	58936	0.0917
	57637	0.0927
	59635	0.0933
	58559	0.0936
	54362	0.094
	58147	0.0951
	58942	0.0992
	57845	0.0994
	57887	0.1
	54476	0.1003
	57417	0.1009
	57303	0.1022
	56125	0.1025
	57134	0.1025
	54803	0.1033
	54475	0.1046
	54507	0.1054
	56876	0.1055
	57126	0.1058
	54645	0.1093
	56691	0.1093
	50525	0.1109
	52895	0.1111
	57377	0.1118
	57359	0.1119
	53352	0.1126
	54324	0.1127
	57056	0.1127
	51526	0.1129
	56475	0.1129
	54416	0.1136
	54608	0.1138
	57039	0.1141
	59476	0.1154
	50674	0.116
	52825	0.1165
	58243	0.117
	58467	0.1183
	50527	0.119
	56996	0.1192
	59310	0.1205
	53796	0.121
	58745	0.1212
	53924	0.1229
	53149	0.1232
	57362	0.1237
	57886	0.1238
	56038	0.1244
	59137	0.1259
	54919	0.1281
	56043	0.1281
	50442	0.1282
	53935	0.1284
	54632	0.1318
	54421	0.1331
	57217	0.1342
	53883	0.1373
	56781	0.1377
	58326	0.1422
	57024	0.1424
	57047	0.1463
	57021	0.1466
	57516	0.1473
	56881	0.1483
	58660	0.1492
	50445	0.1506
	54164	0.1527
	52957	0.1536
	52378	0.1541
	54636	0.1547
	54823	0.1571
	53792	0.1589
	52607	0.1594
	58744	0.1639
	57989	0.1641
	57113	0.1643
	59057	0.165
	57251	0.1682
	57460	0.1701
	50987	0.1708
	51377	0.171
	58452	0.1719
	54304	0.1726
	51059	0.1736
	57110	0.1737
	57766	0.1745
	52112	0.1748
	50985	0.1749
	56596	0.1755
	51629	0.1758
	58454	0.1766
	56594	0.179
	50772	0.1812
	54708	0.1815
	58750	0.1816
	50862	0.182
	57137	0.1821
	57011	0.1826
	50888	0.1827
	56193	0.1849
	51720	0.1856
	51581	0.1859
	57388	0.1883
	54406	0.1887
	58652	0.1888
	53512	0.1906
	54704	0.1908
	54710	0.1911
	57333	0.1918
	57211	0.1934
	54428	0.1936
	54722	0.194
	52424	0.1945
	56180	0.1946
	54259	0.1952
	57363	0.1968
	59851	0.1991
	53368	0.2008
	53926	0.2011
	54273	0.2013
	58311	0.2015
	58331	0.2028
	57098	0.2038
	54261	0.208
	59653	0.2091
	53878	0.2108
	59757	0.2111
	58367	0.2172
	56595	0.2173
	54204	0.219
	58016	0.2193
	54438	0.2197
	54728	0.2223
	58335	0.2231
	54618	0.2244
	57889	0.2253
	50526	0.2257
	57511	0.2262
	53925	0.2264
	52836	0.2287
	54703	0.2287
	57261	0.2289
	57921	0.2299
	58240	0.2324
	57358	0.2332
	56496	0.2344
	58436	0.2361
	54515	0.2367
	56251	0.2379
	54660	0.239
	54099	0.2396
	56580	0.2397
	58848	0.2432
	58317	0.2436
	56489	0.244
	50833	0.2448
	54347	0.2449
	57657	0.245
	58358	0.2451
	57513	0.2452
	52447	0.2462
	57874	0.247
	58416	0.247
	54612	0.2472
	53658	0.248
	58472	0.2483
	54405	0.2484
	54218	0.2488
	54744	0.2491
	58462	0.2499
	52657	0.2509
	54115	0.2524
	57278	0.2536
	58556	0.2557
	57031	0.2563
	54705	0.2575
	52645	0.2579
	58752	0.2581
	58912	0.2587
	53324	0.2589
	53884	0.2596
	54517	0.2614
	53794	0.2617
	58468	0.2619
	57633	0.2649
	57339	0.2654
	57494	0.267
	54346	0.2677
	51053	0.268
	53419	0.2684
	57140	0.2685
	56844	0.2698
	56147	0.2707
	58931	0.272
	57111	0.2726
	54719	0.273
	58843	0.2732
	51435	0.2758
	57985	0.2759
	56097	0.2769
	50656	0.2789
	50739	0.2796
	57462	0.2819
	56016	0.2827
	53937	0.2845
	51186	0.2852
	54644	0.2909
	58502	0.2915
	57314	0.2916
	58451	0.2924
	56598	0.2927
	50871	0.2928
	57028	0.293
	54631	0.2946
	56978	0.296
	57119	0.2979
	56094	0.2987
	54169	0.2992
	56045	0.3005
	57906	0.3006
	57687	0.3007
	50349	0.3031
	54726	0.3045
	54616	0.3058
	57099	0.3058
	58747	0.3058
	53612	0.3065
	51357	0.3082
	53367	0.3082
	54429	0.3084
	56109	0.3088
	50948	0.3092
	57981	0.3111
	56788	0.312
	50247	0.3124
	57238	0.3137
	51359	0.3186
	50778	0.3188
	57679	0.3196
	51636	0.3203
	57543	0.3208
	59417	0.3216
	54332	0.3221
	56171	0.3234
	58921	0.324
	54353	0.3244
	54601	0.3251
	56278	0.3253
	54716	0.3255
	56883	0.3276
	57127	0.3297
	54622	0.3302
	58456	0.3323
	53068	0.3329
	50873	0.3339
	57057	0.3344
	56835	0.3355
	50787	0.3423
	54541	0.3423
	58918	0.3423
	51330	0.3428
	57740	0.3437
	58340	0.344
	56783	0.3466
	57486	0.3477
	57204	0.3492
	56067	0.3514
	58845	0.3528
	53505	0.3531
	52833	0.3562
	53231	0.3568
	56889	0.3579
	54291	0.3588
	58329	0.3591
	54711	0.3595
	58246	0.3603
	57051	0.3604
	51238	0.3622
	50853	0.3637
	56985	0.3637
	59473	0.364
	57002	0.3649
	57271	0.3654
	54434	0.366
	50246	0.3665
	52737	0.3683
	57259	0.3693
	51855	0.3695
	58503	0.3735
	57779	0.3742
	54627	0.3777
	50673	0.3792
	54730	0.3794
	52533	0.3808
	58336	0.3816
	53929	0.3818
	52267	0.3851
	55493	0.3861
	51463	0.3871
	50946	0.3879
	54313	0.3887
	54620	0.3914
	59228	0.3948
	58369	0.3958
	53420	0.4026
	52652	0.4032
	57274	0.4048
	54628	0.406
	58463	0.4064
	54626	0.4076
	51827	0.408
	58657	0.408
	57993	0.4097
	51573	0.4099
	54732	0.4139
	50963	0.4158
	50646	0.4173
	56840	0.4176
	54619	0.4216
	59488	0.4218
	54165	0.4237
	57512	0.4239
	54318	0.4241
	57256	0.4254
	52576	0.4267
	57859	0.4277
	57308	0.4278
	52203	0.4315
	50548	0.4327
	56786	0.4343
	57381	0.4345
	56880	0.4352
	58251	0.436
	59034	0.4364
	57153	0.4383
	57254	0.4401
	53817	0.4414
	56092	0.4426
	54604	0.4427
	54624	0.4429
	54171	0.4431
	50647	0.4443
	52993	0.4454
	53272	0.4458
	56684	0.4458
	57835	0.446
	56033	0.4467
	52681	0.4478
	56793	0.4501
	58330	0.4512
	52557	0.4528
	51571	0.4531
	57635	0.4535
	57509	0.4546
	57249	0.4561
	57678	0.4574
	59451	0.4582
	57483	0.4589
	59213	0.4611
	50788	0.4623
	51839	0.464
	53885	0.4646
	54617	0.4648
	57257	0.4665
	56994	0.4666
	50136	0.4667
	56223	0.4689
	53704	0.4695
	51639	0.4713
	57731	0.4722
	57004	0.4735
	57739	0.475
	54614	0.4795
	57976	0.48
	58264	0.48
	52436	0.4837
	54213	0.4837
	54333	0.4856
	58737	0.491
	58749	0.4934
	58460	0.4941
	56948	0.4966
	56952	0.4982
	57482	0.4984
	58446	0.4984
	57489	0.4986
	59276	0.4993
	58314	0.4995
	54252	0.5036
	50832	0.5045
	57129	0.5048
	54335	0.5072
	57491	0.5072
	54305	0.5074
	54419	0.5083
	56782	0.5093
	57037	0.5116
	54452	0.5125
	57253	0.5149
	57606	0.5152
	57990	0.5177
	54266	0.5203
	57378	0.5209
	54611	0.5242
	54453	0.5244
	54398	0.5245
	59640	0.5259
	51495	0.5282
	58500	0.5292
	57461	0.5321
	58905	0.533
	57541	0.5351
	54436	0.5404
	54338	0.5407
	59626	0.541
	53903	0.542
	57077	0.5437
	59303	0.5438
	59031	0.5445
	54339	0.5466
	50956	0.5471
	57789	0.5473
	57525	0.5492
	50973	0.5523
	58442	0.5531
	50755	0.5537
	57213	0.5541
	58245	0.5546
	53928	0.5565
	59419	0.5569
	59477	0.5576
	57736	0.5587
	58464	0.5631
	57663	0.5635
	54539	0.5648
	56082	0.5681
	52679	0.5682
	54249	0.5691
	57763	0.5713
	57343	0.5725
	57398	0.5725
	57896	0.5733
	52546	0.5759
	54285	0.576
	57390	0.578
	56666	0.5791
	51378	0.5805
	54214	0.5846
	57502	0.5858
	51232	0.5876
	50844	0.5892
	58484	0.5953
	54096	0.5969
	54049	0.5989
	54308	0.6009
	58242	0.6009
	53914	0.6017
	58424	0.605
	59268	0.6063
	58946	0.6064
	54113	0.609
	54512	0.6124
	57370	0.6126
	53888	0.6149
	54493	0.6152
	51379	0.6158
	59471	0.6161
	54425	0.6188
	58443	0.6192
	59843	0.6196
	52633	0.6202
	57781	0.6212
	57492	0.6224
	58319	0.6228
	59480	0.6242
	50434	0.6242
	53192	0.6243
	57439	0.6263
	58735	0.6295
	56158	0.6304
	54181	0.631
	58352	0.6321
	54311	0.6331
	57907	0.6348
	56949	0.6369
	56582	0.6412
	55228	0.6432
	54135	0.6436
	57012	0.6439
	52661	0.6455
	54320	0.6464
	57247	0.6489
	54293	0.6492
	52643	0.6498
	50750	0.6516
	54331	0.6522
	54186	0.6524
	50758	0.654
	57614	0.655
	52313	0.6569
	58334	0.658
	56081	0.6583
	57451	0.6587
	50964	0.6603
	56146	0.6645
	54047	0.6649
	51568	0.6651
	59218	0.6661
	59116	0.6664
	51711	0.6666
	50884	0.6721
	50834	0.6722
	59457	0.6722
	57232	0.6725
	57007	0.6735
	57396	0.6777
	58847	0.6797
	58550	0.6809
	57349	0.6811
	50939	0.6817
	54455	0.6825
	56267	0.6839
	54423	0.6853
	51436	0.6877
	52101	0.6877
	57994	0.6898
	57818	0.6914
	54439	0.6924
	58501	0.6934
	57536	0.6936
	57519	0.6937
	57389	0.694
	58365	0.6941
	57947	0.695
	57857	0.6951
	57242	0.6959
	54323	0.6962
	53343	0.6994
	52515	0.6998
	54236	0.706
	58555	0.7063
	50960	0.7089
	50879	0.71
	54142	0.7103
	57003	0.7103
	50936	0.7114
	58455	0.712
	57231	0.715
	57842	0.7172
	57355	0.7187
	50949	0.7193
	53362	0.7221
	56106	0.7222
	56371	0.725
	56674	0.7264
	57465	0.7267
	57767	0.7268
	57722	0.7286
	57001	0.7287
	56202	0.7295
	50741	0.733
	56790	0.7331
	56184	0.7337
	58453	0.7346
	58940	0.7364
	54027	0.7368
	59107	0.7392
	54717	0.7453
	54590	0.7457
	58408	0.7461
	57143	0.7483
	58736	0.7506
	54502	0.752
	56144	0.7538
	54260	0.7551
	54064	0.7564
	56479	0.7568
	58433	0.7591
	57991	0.7594
	50851	0.7603
	53289	0.7603
	54365	0.7607
	54156	0.7634
	53910	0.7652
	51826	0.7675
	58458	0.7686
	54325	0.7697
	59224	0.7708
	52656	0.7738
	58418	0.7756
	58339	0.778
	54172	0.7809
	57666	0.7828
	51567	0.7829
	58338	0.7889
	58255	0.7898
	50838	0.793
	59456	0.795
	58837	0.7983
	58431	0.8024
	58301	0.8026
	54225	0.8027
	58337	0.8061
	59462	0.8062
	50878	0.8103
	57609	0.8112
	58354	0.8117
	58359	0.8143
	54449	0.8152
	59124	0.8174
	59004	0.818
	56954	0.8213
	57144	0.8234
	56034	0.8256
	54483	0.8272
	57248	0.828
	59096	0.8298
	59099	0.83
	50639	0.8305
	59256	0.831
	59452	0.8328
	51467	0.8371
	50979	0.8381
	57233	0.8393
	56838	0.8413
	56029	0.8427
	57498	0.8434
	54041	0.8435
	59205	0.8494
	50867	0.8498
	54472	0.8517
	57910	0.8517
	58558	0.8556
	51559	0.8569
	59065	0.8615
	57674	0.8616
	57245	0.8645
	54223	0.8663
	56116	0.8669
	58917	0.8687
	50953	0.869
	57995	0.8721
	59298	0.8723
	59632	0.8747
	54432	0.8755
	59001	0.8767
	57832	0.8785
	51438	0.8786
	57975	0.8815
	57723	0.8816
	57669	0.8823
	58343	0.8855
	57481	0.8859
	50950	0.8869
	59470	0.8881
	50978	0.8888
	50880	0.8931
	52908	0.898
	54243	0.8985
	58402	0.9004
	58734	0.9032
	57496	0.9036
	58346	0.9074
	58345	0.9164
	57368	0.9196
	59130	0.9202
	53915	0.9227
	57464	0.9294
	52996	0.9316
	57754	0.9324
	54274	0.9331
	58356	0.9351
	58254	0.9356
	58250	0.9385
	57876	0.9406
	54351	0.9467
	50940	0.9485
	57476	0.9503
	57745	0.9526
	57839	0.9531
	54069	0.9534
	54497	0.9553
	58934	0.957
	57671	0.9584
	54328	0.9594
	54321	0.9602
	59235	0.9606
	59246	0.9624
	58415	0.9642
	54226	0.9648
	59109	0.9649
	50858	0.9673
	57105	0.9697
	50958	0.9754
	50745	0.9756
	58710	0.9759
	57603	0.977
	54132	0.9779
	53908	0.9783
	59317	0.9792
	54134	0.9813
	58928	0.9835
	58419	0.9841
	54231	0.9878
	56374	0.9886
	59255	0.989
	58557	0.9935
	59022	0.9937
	58822	0.9952
	57458	0.9962
	50659	0.9965
	58823	0.9973
	58306	0.9994
	59631	1.0038
	54263	1.0058
	54248	1.0106
	50742	1.0112
	58421	1.0131
	50632	1.0139
	53906	1.0177
	54102	1.0179
	58512	1.018
	58927	1.019
	54327	1.0196
	59127	1.02
	57761	1.0219
	57800	1.0278
	54290	1.0302
	57493	1.0306
	58401	1.0373
	51288	1.0385
	59249	1.0404
	58607	1.0418
	58510	1.0432
	54349	1.0435
	58230	1.045
	51477	1.0467
	57608	1.0479
	53195	1.0483
	56167	1.0604
	58646	1.0607
	58432	1.062
	57540	1.0628
	57710	1.0679
	59092	1.0698
	50945	1.0699
	56478	1.0715
	57707	1.0739
	56172	1.075
	58742	1.0792
	57941	1.0811
	56317	1.0817
	57971	1.084
	59304	1.0871
	59264	1.0901
	53916	1.0907
	58407	1.0946
	58839	1.0989
	54244	1.1002
	56891	1.1007
	58907	1.1016
	58836	1.102
	54065	1.1035
	58362	1.1055
	51465	1.1069
	58238	1.1087
	54080	1.1115
	57643	1.1189
	59237	1.1195
	57927	1.12
	54254	1.1205
	54161	1.1214
	57966	1.1234
	58420	1.1243
	54535	1.1298
	59102	1.1307
	59254	1.1323
	54430	1.1344
	59063	1.1367
	57891	1.1384
	58903	1.1385
	56178	1.1406
	58237	1.1422
	54039	1.1433
	59113	1.1444
	57900	1.151
	57466	1.1515
	54337	1.1527
	51656	1.1544
	56227	1.1561
	58542	1.1607
	57735	1.1631
	54454	1.166
	50854	1.1673
	56095	1.1684
	54098	1.1707
	51542	1.1719
	59058	1.1721
	56263	1.1782
	54292	1.1801
	59421	1.1833
	54072	1.184
	51655	1.1884
	56991	1.19
	50954	1.1911
	59481	1.1913
	57499	1.1951
	56182	1.1964
	54540	1.1974
	57932	1.1994
	58642	1.2007
	58459	1.2009
	58933	1.201
	59242	1.2014
	57714	1.2038
	56385	1.2129
	54092	1.2161
	59114	1.2169
	50928	1.2192
	53917	1.2192
	59211	1.2212
	59117	1.2213
	58911	1.2216
	58508	1.2231
	58429	1.2276
	59044	1.2283
	57923	1.2297
	54334	1.2327
	53276	1.2343
	54195	1.236
	59278	1.237
	57992	1.2395
	59279	1.2414
	57438	1.2461
	57786	1.2467
	58509	1.2485
	58643	1.2508
	50658	1.2532
	57903	1.2533
	57807	1.2536
	54319	1.2539
	58828	1.2552
	57655	1.2588
	51470	1.2605
	57899	1.2654
	57905	1.2658
	58244	1.2681
	50859	1.272
	54076	1.276
	57962	1.2766
	58507	1.2769
	59288	1.2801
	57758	1.2803
	57760	1.2824
	58257	1.2869
	58409	1.289
	53927	1.2927
	59280	1.2929
	57469	1.2933
	57522	1.2953
	59055	1.3011
	58249	1.3031
	59012	1.3074
	58377	1.3075
	57662	1.3095
	57520	1.3133
	57688	1.3141
	54342	1.3169
	59297	1.3207
	57595	1.3238
	58606	1.3241
	51765	1.3246
	59061	1.3249
	59023	1.3301
	57822	1.3325
	58821	1.3326
	54234	1.3364
	57696	1.337
	57598	1.3375
	58427	1.3396
	57673	1.3471
	58693	1.3515
	50968	1.352
	54024	1.3545
	54031	1.3576
	58834	1.3584
	57742	1.3592
	57564	1.3612
	51482	1.3692
	58448	1.3747
	57829	1.3766
	58404	1.3767
	59091	1.3772
	59007	1.3802
	54326	1.3823
	57720	1.3843
	57699	1.3864
	57803	1.3912
	57883	1.3912
	57799	1.3923
	58426	1.4047
	57942	1.4126
	50934	1.4153
	57708	1.4173
	58844	1.4286
	51469	1.4372
	58428	1.4378
	56992	1.4399
	58701	1.4408
	59238	1.4418
	54437	1.4607
	50955	1.4628
	58546	1.4673
	58654	1.4731
	54494	1.4755
	57882	1.4819
	58247	1.498
	57964	1.4986
	58519	1.5002
	59289	1.5055
	58259	1.5073
	58269	1.5104
	58457	1.5118
	57738	1.5163
	58644	1.5185
	58449	1.5217
	50852	1.5221
	58826	1.5259
	58549	1.5301
	59052	1.5301
	58612	1.5311
	59017	1.5311
	50965	1.5321
	54531	1.5343
	58341	1.5385
	57965	1.5405
	54094	1.5439
	54063	1.5505
	57698	1.5643
	58514	1.5643
	56836	1.571
	59106	1.5749
	59053	1.5773
	59122	1.587
	58543	1.5969
	58714	1.5987
	59064	1.6002
	59241	1.6009
	56185	1.6027
	58731	1.6059
	57955	1.6163
	54237	1.6192
	58647	1.6195
	54026	1.6349
	59045	1.6473
	57996	1.6537
	57978	1.6574
	58548	1.6649
	57661	1.6702
	58435	1.6739
	57834	1.6754
	58605	1.6764
	57590	1.6787
	59046	1.6956
	56312	1.6989
	57485	1.7033
	57798	1.7059
	58351	1.7089
	58414	1.719
	58360	1.72
	57642	1.7234
	57646	1.7257
	57649	1.7257
	58438	1.728
	57475	1.7313
	59059	1.7349
	58527	1.7367
	57762	1.7416
	58344	1.748
	58268	1.7526
	58423	1.7715
	57562	1.7728
	58725	1.7989
	59025	1.8031
	58530	1.8089
	59094	1.8165
	57612	1.8214
	58531	1.8228
	58366	1.8245
	57694	1.8281
	59097	1.8296
	57583	1.8462
	59074	1.8596
	57792	1.8605
	57554	1.8611
	57717	1.8681
	57895	1.8721
	59294	1.8771
	57844	1.8905
	58704	1.8912
	59502	1.9056
	57574	1.9058
	59271	1.9107
	58718	1.9153
	59090	1.9172
	57732	1.9366
	57584	1.9401
	59270	1.9421
	58713	1.9513
	59293	1.9543
	57912	1.9584
	57545	1.9614
	58600	1.9617
	58804	1.9722
	57558	1.9729
	58824	1.9807
	58601	1.987
	54093	1.9877
	57477	1.9988
	58635	1.9991
	57881	2.0044
	58523	2.0071
	57969	2.0175
	58417	2.0292
	57582	2.033
	59041	2.0407
	57914	2.0598
	58712	2.0603
	57680	2.063
	58608	2.0631
	57796	2.0693
	57565	2.0807
	59500	2.0845
	59027	2.0973
	58615	2.1008
	58534	2.1041
	57577	2.1299
	58517	2.1358
	59093	2.1419
	58520	2.154
	57808	2.1676
	57575	2.1915
	57840	2.1961
	58715	2.1967
	58629	2.2189
	59284	2.2275
	50937	2.2379
	57825	2.2472
	57821	2.2574
	57734	2.2615
	57960	2.2634
	59047	2.2892
	57936	2.295
	58820	2.2961
	58265	2.3021
	57544	2.3036
	56168	2.3118
	58544	2.3205
	57737	2.3267
	58719	2.3297
	58724	2.3413
	57573	2.3425
	58707	2.3437
	58620	2.344
	57566	2.3547
	51468	2.3939
	59088	2.404
	57824	2.4076
	57523	2.4111
	58609	2.4188
	57647	2.4191
	57793	2.4261
	57586	2.4263
	59021	2.4358
	57806	2.4421
	58632	2.4436
	57805	2.4616
	58547	2.4753
	57589	2.477
	59038	2.4798
	58637	2.4851
	51627	2.4978
	59287	2.5097
	58705	2.5171
	57956	2.5254
	57728	2.5276
	58623	2.5396
	58353	2.5479
	59037	2.5759
	58625	2.5768
	57682	2.5843
	59081	2.6057
	58631	2.6064
	59230	2.6163
	58730	2.6206
	57581	2.6297
	57744	2.6336
	58813	2.641
	58818	2.6483
	59290	2.6829
	57814	2.687
	57913	2.6875
	59015	2.6941
	58437	2.7063
	57571	2.7108
	57718	2.7182
	57828	2.735
	58814	2.7362
	59033	2.7409
	58619	2.747
	58634	2.7642
	58819	2.7693
	59072	2.7697
	58627	2.7722
	58633	2.7735
	57911	2.8177
	58626	2.8201
	58616	2.8496
	58624	2.8535
	59075	2.8956
	58537	2.9335
	57719	2.951
	57948	2.9745
	59285	2.9766
	58614	2.9833
	59071	2.9851
	57811	2.997
	59087	3.0032
	59051	3.0375
	58618	3.0429
	57957	3.0861
	59082	3.1057
	57809	3.1113
	57585	3.1392
	58529	3.1853
	57954	3.1984
	58602	3.2741
	58622	3.2797
	58806	3.3318
	57816	3.4622
	57949	3.4779
	57813	3.5486
	57915	3.7451
	57729	3.7604
	57837	3.7825
	57827	3.8183
	57958	3.965
