	59750	-2.81088
	59017	-2.6022
	59419	-2.58696
	57870	-2.4482399999999997
	57851	-2.27388
	59015	-2.24172
	57871	-2.10948
	59849	-2.04084
	57872	-2.0236799999999997
	54024	-2.02272
	56094	-2.01312
	54115	-1.9801199999999999
	57842	-1.93248
	56164	-1.9305599999999998
	59427	-1.9278
	57317	-1.8586799999999999
	56152	-1.8518399999999997
	59007	-1.85076
	57253	-1.79124
	57942	-1.68612
	57868	-1.6662000000000001
	59754	-1.63248
	57846	-1.63008
	57318	-1.63008
	57206	-1.61568
	56190	-1.6149600000000002
	59449	-1.6123199999999998
	56018	-1.5928799999999999
	53692	-1.5860400000000001
	59653	-1.57176
	57314	-1.56252
	57857	-1.56036
	57841	-1.55568
	57119	-1.55052
	53578	-1.53588
	56021	-1.5322799999999999
	56171	-1.5296399999999999
	57941	-1.5247199999999999
	54707	-1.5218399999999999
	57003	-1.51668
	57022	-1.51548
	52643	-1.5134400000000001
	54861	-1.51236
	57208	-1.50852
	54633	-1.5053999999999998
	57124	-1.49244
	56880	-1.47276
	57176	-1.46928
	54603	-1.4616
	56992	-1.45176
	57865	-1.44264
	57778	-1.42932
	56195	-1.42932
	56029	-1.42296
	55655	-1.4137199999999999
	54836	-1.4052
	59475	-1.40232
	59477	-1.39896
	55773	-1.3985999999999998
	54616	-1.3904400000000001
	56982	-1.38936
	57875	-1.37736
	53699	-1.37604
	53357	-1.37076
	54602	-1.3675199999999998
	54777	-1.3648799999999999
	52765	-1.36008
	56151	-1.35612
	57261	-1.3484399999999999
	54606	-1.34412
	53730	-1.344
	54778	-1.34076
	53681	-1.33944
	57007	-1.33836
	53673	-1.33572
	55437	-1.33104
	57307	-1.3278
	57102	-1.3262399999999999
	56196	-1.32276
	57401	-1.31532
	57414	-1.31124
	57106	-1.31088
	57187	-1.3100399999999999
	54851	-1.2902399999999998
	54611	-1.28916
	52607	-1.287
	57213	-1.28076
	51931	-1.2805199999999999
	52633	-1.27248
	57041	-1.2709199999999998
	54609	-1.2615599999999998
	51839	-1.26024
	51572	-1.25484
	59457	-1.25328
	57866	-1.24884
	56976	-1.24572
	57256	-1.24356
	54943	-1.23444
	57185	-1.2326399999999997
	56885	-1.2202799999999998
	56886	-1.21956
	59021	-1.21464
	54214	-1.2106799999999998
	58929	-1.2084
	54852	-1.2042
	53666	-1.2003599999999999
	57023	-1.19508
	57178	-1.18692
	59130	-1.1867999999999999
	53588	-1.1857199999999999
	54513	-1.17888
	59211	-1.17792
	57251	-1.17564
	56977	-1.17072
	57254	-1.1634
	56034	-1.1622
	57658	-1.16184
	53945	-1.1507999999999998
	53696	-1.14516
	57087	-1.1410799999999999
	57175	-1.1337599999999999
	54704	-1.13076
	54117	-1.13052
	59663	-1.12692
	57306	-1.1261999999999999
	54204	-1.12536
	59429	-1.11456
	54027	-1.1112
	54113	-1.1071199999999999
	59012	-1.0948799999999999
	57315	-1.09248
	57037	-1.09236
	54719	-1.07436
	59650	-1.074
	57128	-1.06704
	56189	-1.0635599999999998
	52853	-1.06332
	57320	-1.06104
	52652	-1.0601999999999998
	52661	-1.0491599999999999
	54607	-1.04904
	54614	-1.04772
	57859	-1.04436
	59453	-1.0368
	57853	-1.03056
	56046	-1.02792
	51886	-1.02576
	57767	-1.0248
	57094	-1.02264
	57671	-1.02036
	54857	-1.02036
	57363	-1.0158
	51855	-1.01124
	56876	-1.00524
	57408	-1.00284
	56180	-1.0026
	52707	-1.0016399999999999
	58932	-1.00152
	57001	-1.00104
	57577	-0.99696
	59133	-0.9925199999999998
	59476	-0.99108
	58004	-0.9905999999999999
	51628	-0.9901199999999999
	57025	-0.98976
	54620	-0.98796
	54531	-0.9822
	54846	-0.97776
	58934	-0.975
	59451	-0.975
	54871	-0.97476
	52656	-0.96972
	59125	-0.96744
	54601	-0.96648
	57303	-0.9648
	50913	-0.96312
	54610	-0.9605999999999999
	57196	-0.9585599999999999
	54613	-0.95772
	57743	-0.9576
	52863	-0.95688
	54906	-0.9549599999999999
	56181	-0.9477599999999999
	54853	-0.94572
	56989	-0.94428
	53644	-0.94308
	51810	-0.93636
	57768	-0.9352799999999999
	51629	-0.92424
	57876	-0.92388
	57008	-0.9166799999999999
	56197	-0.9119999999999999
	59462	-0.9073199999999999
	52825	-0.9027599999999999
	57186	-0.90204
	56996	-0.9005999999999998
	56184	-0.8999999999999999
	59838	-0.8964
	57033	-0.89388
	53475	-0.89376
	57324	-0.8914799999999999
	57584	-0.8883599999999999
	53674	-0.8821199999999999
	54226	-0.8811599999999999
	57777	-0.8810399999999999
	51826	-0.8787599999999999
	57194	-0.87564
	59254	-0.87468
	53944	-0.8689199999999999
	54945	-0.8594399999999999
	57021	-0.8574
	57179	-0.8569199999999999
	50739	-0.85488
	52869	-0.8542799999999999
	53665	-0.85392
	54615	-0.84468
	58108	-0.84456
	52998	-0.8442
	57127	-0.83832
	56973	-0.8354400000000001
	59655	-0.83388
	54612	-0.8302799999999999
	52988	-0.82692
	50431	-0.8261999999999999
	56199	-0.8218799999999999
	54832	-0.81912
	59319	-0.81744
	57126	-0.8172
	53676	-0.8134799999999999
	54213	-0.8122799999999999
	54605	-0.8058
	59647	-0.80388
	54751	-0.8028000000000001
	54026	-0.80196
	56144	-0.79476
	53795	-0.7926
	56863	-0.7908000000000001
	53799	-0.7889999999999999
	54621	-0.7866
	57048	-0.7854
	52818	-0.7824
	57031	-0.78132
	57860	-0.78
	54774	-0.77628
	59025	-0.7760400000000001
	56288	-0.7723199999999999
	54936	-0.7716
	57134	-0.7692
	59314	-0.7576799999999999
	52645	-0.7564799999999999
	52674	-0.75324
	54618	-0.7528799999999999
	54849	-0.75252
	59421	-0.7503599999999999
	57029	-0.747
	56985	-0.74676
	56961	-0.74412
	54700	-0.7430399999999999
	53797	-0.74268
	57105	-0.74196
	53584	-0.74052
	57308	-0.73896
	59134	-0.7368
	59951	-0.7343999999999999
	59124	-0.73344
	53678	-0.732
	54505	-0.73044
	53740	-0.72912
	52885	-0.72312
	53691	-0.72168
	57189	-0.7203599999999999
	57713	-0.71844
	58003	-0.71796
	57217	-0.71724
	54914	-0.7152
	56966	-0.71436
	57026	-0.7130399999999999
	54855	-0.7115999999999999
	57156	-0.7105199999999999
	54636	-0.7103999999999999
	57740	-0.70788
	53580	-0.70752
	54514	-0.70632
	50928	-0.7048800000000001
	53705	-0.70368
	53723	-0.70212
	57682	-0.70068
	52983	-0.69864
	59215	-0.6974400000000001
	56168	-0.6974400000000001
	56183	-0.69684
	54499	-0.6957599999999999
	59425	-0.6918
	57754	-0.6913199999999999
	57155	-0.6909599999999999
	53881	-0.69036
	57673	-0.6897599999999999
	54940	-0.68928
	53794	-0.68796
	57076	-0.68484
	52985	-0.68448
	55690	-0.68448
	59640	-0.6822
	53991	-0.67932
	54776	-0.6790799999999999
	57096	-0.6762
	54031	-0.67584
	54640	-0.6717599999999999
	52576	-0.67104
	52515	-0.6705599999999999
	53689	-0.6696000000000001
	57906	-0.66924
	57698	-0.66396
	56016	-0.66216
	59122	-0.6617999999999999
	53738	-0.6582
	57927	-0.6529200000000001
	54399	-0.6525599999999999
	54132	-0.6522
	54627	-0.65172
	53735	-0.6509999999999999
	57006	-0.64704
	59469	-0.64404
	53576	-0.64092
	56095	-0.6408
	51717	-0.63864
	57574	-0.63516
	57204	-0.63348
	53698	-0.6319199999999999
	57265	-0.63
	53763	-0.6296400000000001
	56198	-0.6269999999999999
	59316	-0.62508
	59654	-0.6231599999999999
	57411	-0.6211199999999999
	59058	-0.6204
	54225	-0.6197999999999999
	57816	-0.61944
	53785	-0.6183599999999999
	52754	-0.61824
	56194	-0.61644
	54908	-0.6156
	53596	-0.61404
	59093	-0.61392
	52982	-0.61344
	53697	-0.61176
	57099	-0.60828
	54932	-0.60816
	54909	-0.60624
	57012	-0.60456
	56173	-0.59736
	54236	-0.59532
	54604	-0.5920799999999999
	54753	-0.5917199999999999
	56186	-0.5890799999999999
	53680	-0.58476
	56092	-0.58368
	58001	-0.5827199999999999
	54709	-0.582
	57649	-0.58164
	57425	-0.58044
	52866	-0.5770799999999999
	53682	-0.5753999999999999
	53753	-0.57492
	54503	-0.57384
	57771	-0.573
	53751	-0.57252
	57663	-0.5711999999999999
	56844	-0.56952
	57016	-0.56652
	54837	-0.56556
	57304	-0.56496
	54472	-0.56424
	56286	-0.56028
	53810	-0.56004
	57042	-0.55932
	57211	-0.5568
	54631	-0.5565599999999999
	56774	-0.55536
	56898	-0.55464
	54511	-0.55392
	59038	-0.5534399999999999
	57030	-0.5521199999999999
	54702	-0.55164
	54708	-0.54948
	54622	-0.54384
	53759	-0.54336
	57680	-0.54192
	57093	-0.53952
	58005	-0.5382
	53579	-0.53796
	53478	-0.53292
	59448	-0.52836
	53192	-0.52668
	53926	-0.5256
	57781	-0.52236
	53602	-0.52164
	51633	-0.52068
	53890	-0.5204399999999999
	53806	-0.5202
	56065	-0.51876
	57728	-0.5184
	59644	-0.51528
	57606	-0.51384
	57678	-0.5119199999999999
	54433	-0.51132
	59664	-0.51084
	56962	-0.51084
	59658	-0.5105999999999999
	57188	-0.51036
	53903	-0.50664
	53777	-0.50196
	56665	-0.50136
	51707	-0.50052
	54713	-0.49944
	51704	-0.49727999999999994
	51827	-0.49679999999999996
	53433	-0.49679999999999996
	53518	-0.49607999999999997
	54628	-0.49499999999999994
	59856	-0.49367999999999995
	57960	-0.49295999999999995
	56067	-0.49248
	57818	-0.49199999999999994
	57002	-0.49152
	58104	-0.48876
	52862	-0.48827999999999994
	54726	-0.48624
	54486	-0.483
	56761	-0.48288
	52557	-0.48084
	58002	-0.47687999999999997
	53789	-0.47375999999999996
	59631	-0.47172
	52995	-0.47088
	51573	-0.47052
	57772	-0.46895999999999993
	53732	-0.46403999999999995
	53756	-0.45912
	58109	-0.45528
	56994	-0.45348
	59758	-0.45263999999999993
	59626	-0.45083999999999996
	57405	-0.44808
	54904	-0.44711999999999996
	51818	-0.44543999999999995
	54517	-0.44496
	56227	-0.44483999999999996
	57080	-0.44436000000000003
	56763	-0.43944
	57110	-0.43728
	53574	-0.43584
	56889	-0.43404000000000004
	57696	-0.43379999999999996
	53850	-0.43224
	50603	-0.43211999999999995
	53727	-0.4296
	58848	-0.42612
	57962	-0.42419999999999997
	54532	-0.42324
	51655	-0.41639999999999994
	59854	-0.41556
	57274	-0.41556
	57758	-0.41519999999999996
	53725	-0.41387999999999997
	54449	-0.41339999999999993
	57840	-0.41315999999999997
	54903	-0.41147999999999996
	53611	-0.41064
	56778	-0.41015999999999997
	54575	-0.40884
	51777	-0.40715999999999997
	51829	-0.40668
	57247	-0.40607999999999994
	54731	-0.40584
	51642	-0.40440000000000004
	53908	-0.40415999999999996
	53796	-0.40236
	53677	-0.3978
	53547	-0.39755999999999997
	57070	-0.39552
	56674	-0.39515999999999996
	53773	-0.39455999999999997
	56284	-0.39336
	57154	-0.39275999999999994
	57745	-0.38772
	54325	-0.3858
	54714	-0.38483999999999996
	57763	-0.38172
	57091	-0.38004
	53861	-0.37979999999999997
	58701	-0.37883999999999995
	56296	-0.37823999999999997
	59324	-0.37788
	57769	-0.37632
	53512	-0.37511999999999995
	58935	-0.37343999999999994
	57585	-0.37188
	53775	-0.36791999999999997
	54752	-0.36719999999999997
	56984	-0.36551999999999996
	50524	-0.36216
	57874	-0.35988
	50915	-0.35951999999999995
	57981	-0.357
	57011	-0.35376
	51716	-0.35304
	59452	-0.35196
	51571	-0.35159999999999997
	51811	-0.35136
	57674	-0.3504
	56172	-0.35004
	57191	-0.34884
	57891	-0.34836
	57735	-0.34787999999999997
	54804	-0.34776
	56879	-0.34728
	56394	-0.34428
	57082	-0.34428
	52602	-0.34284
	55228	-0.33984
	52657	-0.33959999999999996
	53348	-0.33947999999999995
	57086	-0.33624
	56158	-0.33552
	56081	-0.33396
	52681	-0.33312
	54828	-0.33264
	53925	-0.33108
	57687	-0.32976
	59126	-0.32927999999999996
	53582	-0.32808
	59470	-0.32615999999999995
	53927	-0.3252
	53783	-0.32352
	57729	-0.32315999999999995
	56386	-0.32292
	52546	-0.32136
	54706	-0.32076
	50656	-0.32028
	56871	-0.31836
	53821	-0.3162
	57020	-0.31536
	50618	-0.31428
	54841	-0.31032
	59478	-0.30995999999999996
	57779	-0.30708
	50514	-0.30551999999999996
	51708	-0.30504
	53659	-0.30372
	56278	-0.30288
	56986	-0.30263999999999996
	57260	-0.30251999999999996
	53948	-0.30216000000000004
	56775	-0.30168
	52889	-0.30036
	54320	-0.30036
	54493	-0.29928
	58118	-0.297
	59321	-0.29651999999999995
	53852	-0.29556
	59656	-0.29256
	52978	-0.29184
	57313	-0.29148
	53784	-0.29087999999999997
	53517	-0.28968
	54917	-0.28872
	56285	-0.28836
	59137	-0.28812
	56862	-0.2868
	57027	-0.28584
	51495	-0.2838
	58608	-0.28343999999999997
	52101	-0.28259999999999996
	57004	-0.28224
	54766	-0.28056
	59306	-0.27887999999999996
	57720	-0.27708
	58940	-0.27684
	57077	-0.27671999999999997
	58008	-0.27587999999999996
	54218	-0.2754
	54624	-0.27371999999999996
	58100	-0.27192
	53883	-0.27155999999999997
	57281	-0.2694
	53829	-0.26904
	56187	-0.2688
	59109	-0.26771999999999996
	57744	-0.26616
	59280	-0.26471999999999996
	53529	-0.26436
	57024	-0.264
	54237	-0.26268
	57065	-0.26232
	54453	-0.25704
	59322	-0.25692
	51581	-0.25488
	53928	-0.24888
	53695	-0.24467999999999998
	53774	-0.24336
	57028	-0.24323999999999998
	56777	-0.24312
	59842	-0.243
	54660	-0.24216
	59446	-0.24012
	59940	-0.23987999999999998
	54626	-0.23747999999999997
	53343	-0.23628
	52980	-0.23604
	51815	-0.23292
	57882	-0.23207999999999998
	58944	-0.23147999999999996
	57271	-0.23064
	53964	-0.22896
	56276	-0.22824
	57242	-0.22812
	53757	-0.22788
	51720	-0.22728
	57402	-0.22691999999999998
	57575	-0.2268
	54507	-0.22583999999999999
	54834	-0.22535999999999998
	56290	-0.22139999999999999
	57761	-0.2208
	58665	-0.2208
	53754	-0.22032000000000002
	58667	-0.22008
	52986	-0.21828
	53947	-0.21516
	53467	-0.21432
	53577	-0.21372
	59228	-0.21287999999999999
	56192	-0.21144
	57844	-0.20664
	54494	-0.20664
	53993	-0.20543999999999998
	54438	-0.20496
	54632	-0.20471999999999999
	50525	-0.2046
	57679	-0.20412
	57063	-0.20400000000000001
	58658	-0.20376
	57738	-0.20087999999999998
	58847	-0.20052
	57915	-0.19932
	57786	-0.19836
	54337	-0.198
	59127	-0.19776
	54311	-0.19332
	52993	-0.19307999999999997
	53664	-0.1926
	53868	-0.192
	56391	-0.19091999999999998
	52984	-0.1902
	53658	-0.1896
	59209	-0.189
	56193	-0.18744
	56263	-0.18468
	57044	-0.18312
	57991	-0.18168
	54902	-0.18132
	54662	-0.18036
	56033	-0.17808
	59278	-0.17675999999999997
	57694	-0.17184
	57766	-0.16979999999999998
	56396	-0.16476
	58664	-0.16452
	58921	-0.16368
	54327	-0.1632
	57238	-0.16296
	51722	-0.16247999999999999
	53780	-0.16032
	53891	-0.15936
	53519	-0.15888
	53848	-0.15864
	53687	-0.15804
	57257	-0.15804
	57052	-0.1578
	54259	-0.153
	54764	-0.1512
	57881	-0.1494
	53748	-0.14748
	51058	-0.14567999999999998
	53860	-0.14543999999999999
	53845	-0.14424
	59107	-0.14424
	59092	-0.14388
	54910	-0.14196
	56096	-0.14088
	58609	-0.13992
	59502	-0.13632
	59303	-0.13596
	57268	-0.13524
	53798	-0.1344
	59099	-0.13416
	50758	-0.13343999999999998
	57646	-0.13019999999999998
	54520	-0.12984
	54644	-0.12947999999999998
	56383	-0.12888
	53764	-0.12876
	54134	-0.12852
	53660	-0.12588
	56272	-0.12576
	56297	-0.12528
	53492	-0.12276
	53934	-0.12264
	58918	-0.11964
	57752	-0.11928
	58619	-0.11783999999999999
	58946	-0.11532
	54716	-0.11424000000000001
	58128	-0.11375999999999999
	57825	-0.11304
	57835	-0.1128
	57035	-0.11267999999999999
	53929	-0.10716
	54533	-0.10716
	56881	-0.10260000000000001
	57916	-0.10068
	54497	-0.10043999999999999
	57666	-0.0972
	54412	-0.09444000000000001
	54645	-0.09276
	58013	-0.09215999999999999
	52875	-0.08952
	54510	-0.08711999999999999
	53663	-0.08652
	59313	-0.08556
	53896	-0.08532
	54535	-0.08471999999999999
	55493	-0.084
	56872	-0.084
	57095	-0.084
	57971	-0.08256
	54801	-0.08123999999999999
	53786	-0.07992
	53968	-0.07116
	54437	-0.06888
	57710	-0.0684
	53614	-0.06767999999999999
	56080	-0.06468
	54755	-0.0642
	59266	-0.06408
	59022	-0.06276
	59270	-0.06276
	55664	-0.06084
	54326	-0.057839999999999996
	57688	-0.056639999999999996
	59265	-0.055799999999999995
	56752	-0.05567999999999999
	53869	-0.055080000000000004
	51802	-0.054
	53866	-0.0504
	54608	-0.04584
	57792	-0.04452
	57184	-0.04404
	59264	-0.041159999999999995
	56948	-0.03792
	53513	-0.037439999999999994
	57198	-0.03732
	56390	-0.034679999999999996
	57153	-0.033
	57014	-0.032279999999999996
	59673	-0.03
	57273	-0.029759999999999998
	51711	-0.029039999999999996
	57571	-0.028919999999999998
	59493	-0.025679999999999998
	53610	-0.0246
	58007	-0.022199999999999998
	54334	-0.022199999999999998
	54522	-0.02172
	52737	-0.01656
	59312	-0.01656
	50247	-0.0144
	53998	-0.01332
	57699	-0.01104
	57195	-0.0084
	57407	-0.008159999999999999
	53917	-0.00756
	54321	-0.0057599999999999995
	53693	-0.00564
	56688	-0.00396
	57415	-0.00132
	52895	2.4E-4
	53893	4.8E-4
	54316	0.0012
	52784	0.00156
	56781	0.0070799999999999995
	57040	0.00732
	52745	0.00768
	53594	0.00972
	59426	0.01068
	58602	0.010799999999999999
	54701	0.01104
	59205	0.01308
	58704	0.013199999999999998
	51437	0.01572
	54527	0.01824
	57182	0.01968
	53565	0.01992
	53938	0.02004
	57736	0.02208
	57074	0.022799999999999997
	53457	0.02292
	58036	0.023039999999999998
	53942	0.02472
	54540	0.02556
	57739	0.02616
	56146	0.02616
	58202	0.026399999999999996
	54534	0.026520000000000002
	57813	0.0276
	54142	0.02964
	58942	0.03288
	56109	0.03288
	50246	0.03408
	53486	0.035879999999999995
	58659	0.03684
	57905	0.03876
	59847	0.03888
	58027	0.03984
	59227	0.03996
	54900	0.04068
	59268	0.04296
	54619	0.04308
	59417	0.04428
	54907	0.046079999999999996
	54596	0.04632
	57162	0.04836
	51636	0.048960000000000004
	57248	0.05004
	59249	0.05028
	56766	0.051840000000000004
	54922	0.05496
	56969	0.0576
	54710	0.05796
	56382	0.05796
	57047	0.059759999999999994
	57309	0.06048
	59269	0.06372
	52908	0.06384
	56462	0.06444
	52974	0.06731999999999999
	54569	0.06912
	57290	0.06912
	53898	0.06924
	56671	0.06984
	53590	0.07056
	57657	0.07379999999999999
	54816	0.07404
	54234	0.0744
	57722	0.07476
	53564	0.07547999999999999
	57789	0.07655999999999999
	54939	0.07715999999999999
	54703	0.07728
	58707	0.0792
	54518	0.07932
	54820	0.08076
	53874	0.08328
	58145	0.08363999999999999
	53707	0.084
	57061	0.08508
	54808	0.08579999999999999
	54844	0.08579999999999999
	59851	0.08652
	57169	0.08688
	59045	0.08856
	57912	0.08892
	53618	0.09287999999999999
	54800	0.09432
	52842	0.09552000000000001
	50983	0.09648
	52203	0.0984
	57437	0.10008
	50658	0.1002
	57038	0.10056
	53959	0.10439999999999999
	54351	0.10524
	57071	0.10559999999999999
	56995	0.10596
	53488	0.10944
	57197	0.10956
	56786	0.10967999999999999
	51828	0.1104
	57760	0.11148
	57143	0.11184000000000001
	58117	0.11195999999999999
	59229	0.11388
	54455	0.11448
	56764	0.11448
	56666	0.11652
	52836	0.11723999999999998
	54318	0.11735999999999999
	59320	0.11975999999999999
	57717	0.1206
	53455	0.12288
	57845	0.1266
	59059	0.12719999999999998
	59471	0.12792
	57661	0.12827999999999998
	53776	0.13032
	53770	0.1338
	54525	0.13416
	57773	0.13572
	56875	0.13643999999999998
	59218	0.13692
	53336	0.13716
	53505	0.13727999999999999
	57886	0.138
	54267	0.13871999999999998
	52447	0.14051999999999998
	52874	0.14256
	57075	0.14687999999999998
	54349	0.14736
	58026	0.14772
	53862	0.14808
	53480	0.14904
	56079	0.14916
	53894	0.14952
	51709	0.15048
	53533	0.15131999999999998
	57737	0.15348
	50756	0.16140000000000002
	58107	0.16223999999999997
	53772	0.16272
	56768	0.16368
	57183	0.16404
	53619	0.16476
	57084	0.1656
	54530	0.16632
	53771	0.16727999999999998
	53857	0.16907999999999998
	57827	0.17039999999999997
	50527	0.17207999999999998
	57249	0.17243999999999998
	57911	0.17268
	56748	0.17423999999999998
	50879	0.17543999999999998
	52446	0.17568
	53392	0.17616
	52884	0.17723999999999998
	50548	0.17844
	57051	0.18108
	55294	0.18204
	51814	0.18216
	54249	0.18755999999999998
	57066	0.18911999999999998
	58907	0.18971999999999997
	58917	0.1902
	53957	0.19091999999999998
	54135	0.19224
	58629	0.1932
	56873	0.19368
	58017	0.19416
	53963	0.19464
	57914	0.1956
	52713	0.19584000000000001
	58016	0.19704000000000002
	58146	0.19727999999999998
	53992	0.19764
	54833	0.19992
	54734	0.20003999999999997
	57416	0.20423999999999998
	53195	0.20520000000000002
	57520	0.20556
	58125	0.20639999999999997
	53420	0.20676
	58034	0.20844
	59488	0.20976
	56958	0.20987999999999998
	59318	0.21
	56125	0.21036000000000002
	53490	0.21048
	52679	0.21203999999999998
	56074	0.21672
	59027	0.21684
	54568	0.2178
	53599	0.219
	59047	0.2208
	54539	0.22164
	58750	0.22248
	54319	0.22296
	54817	0.22535999999999998
	53995	0.22691999999999998
	53484	0.22728
	57057	0.22728
	58710	0.2274
	54765	0.22871999999999998
	55696	0.23412
	56395	0.23592
	53562	0.23843999999999999
	59845	0.23843999999999999
	54335	0.2436
	57339	0.24599999999999997
	56975	0.24719999999999998
	53690	0.24816
	52112	0.25068
	57582	0.25092
	58210	0.25307999999999997
	57992	0.25344
	59246	0.25476
	56840	0.25476
	57814	0.25788
	57483	0.25836
	59235	0.25968
	53575	0.26052
	58044	0.26184
	56384	0.26244
	57370	0.26376
	53966	0.26508
	59001	0.26592
	54590	0.26592
	54843	0.26652
	57714	0.2676
	59310	0.26868
	54301	0.27108
	56970	0.27371999999999996
	56228	0.2772
	53853	0.2802
	53877	0.28032
	53464	0.2808
	58015	0.28116
	54826	0.28164
	57958	0.28224
	58666	0.28259999999999996
	56767	0.28464
	50842	0.28596
	56867	0.28919999999999996
	50788	0.29112
	57192	0.29112
	59659	0.29448
	59501	0.2964
	54825	0.29664
	54223	0.297
	58035	0.29796
	58212	0.29819999999999997
	57719	0.29856
	53788	0.29868
	56869	0.29916
	53704	0.30132
	53487	0.30156
	53083	0.30216000000000004
	59131	0.30648000000000003
	58047	0.30755999999999994
	53790	0.3078
	54416	0.3096
	53962	0.31151999999999996
	53782	0.31188
	59096	0.31632
	56669	0.31668
	50647	0.31908000000000003
	53446	0.31932
	57662	0.31980000000000003
	56188	0.31980000000000003
	57734	0.32015999999999994
	53967	0.3204
	54362	0.32136
	50750	0.32244
	57034	0.32352
	57053	0.32376
	58660	0.32447999999999994
	54039	0.32915999999999995
	56878	0.3312
	53352	0.33287999999999995
	53916	0.33324
	54506	0.33324
	51568	0.33396
	57043	0.33564
	57796	0.336
	58207	0.33647999999999995
	53817	0.33852
	54935	0.34296
	50557	0.34379999999999994
	56185	0.34679999999999994
	54431	0.35004
	53941	0.35112000000000004
	53499	0.35291999999999996
	53615	0.35376
	53469	0.35591999999999996
	54432	0.35711999999999994
	57811	0.36096
	57292	0.36132
	54429	0.36144000000000004
	58215	0.36168
	57996	0.36216
	59843	0.36528
	57056	0.36708
	54501	0.36779999999999996
	53368	0.3696
	57039	0.37008
	57333	0.3702
	59094	0.3714
	57957	0.37416
	56004	0.37464
	57956	0.37488
	59065	0.37488
	53899	0.375
	53750	0.3756
	57216	0.37896
	53983	0.38304
	54807	0.3834
	53886	0.38436
	50742	0.38664
	56178	0.38855999999999996
	57177	0.39011999999999997
	57085	0.3906
	59091	0.3918
	54717	0.39204
	51542	0.39348
	59034	0.39755999999999997
	57046	0.39875999999999995
	57285	0.40115999999999996
	50425	0.40152
	57803	0.40152
	53543	0.40464
	54012	0.405
	59297	0.40547999999999995
	57098	0.40812
	53897	0.40847999999999995
	53955	0.4086
	51559	0.40884
	57417	0.40896
	54331	0.41112
	50937	0.41147999999999996
	53856	0.41292
	54736	0.41352
	58235	0.41387999999999997
	51330	0.414
	59473	0.41472000000000003
	53662	0.41796
	52313	0.42047999999999996
	51053	0.42119999999999996
	58040	0.42384
	58519	0.42396
	54905	0.42575999999999997
	59255	0.42696
	56289	0.42924
	51639	0.43151999999999996
	59044	0.43188
	50434	0.43439999999999995
	53910	0.43439999999999995
	54428	0.43476
	59238	0.43511999999999995
	54921	0.43524
	53865	0.43644
	56670	0.43751999999999996
	58011	0.43932
	53276	0.43979999999999997
	58041	0.44039999999999996
	56842	0.44076
	53937	0.44088
	53617	0.44208
	50939	0.44303999999999993
	51567	0.44328
	54041	0.44436000000000003
	54398	0.44471999999999995
	54927	0.44471999999999995
	57409	0.44508
	56565	0.44532
	54424	0.44568
	53768	0.44843999999999995
	52575	0.45371999999999996
	54803	0.45539999999999997
	59023	0.46043999999999996
	54579	0.46235999999999994
	57832	0.46463999999999994
	52267	0.46499999999999997
	53895	0.46715999999999996
	57081	0.46824
	54722	0.47015999999999997
	53892	0.47052
	54386	0.4728
	50445	0.47472
	57655	0.47892
	57776	0.48107999999999995
	59848	0.48107999999999995
	56788	0.48144
	57923	0.48192
	54521	0.48288
	58614	0.483
	50838	0.48492
	54617	0.48660000000000003
	58214	0.48852
	57072	0.48852
	59454	0.48995999999999995
	56782	0.48995999999999995
	58752	0.49248
	56991	0.49524
	53954	0.49595999999999996
	58938	0.49632
	57045	0.49667999999999995
	53767	0.49752
	58102	0.49859999999999993
	57090	0.5022
	52876	0.5045999999999999
	57896	0.50532
	52418	0.50568
	50745	0.50604
	50858	0.50724
	59213	0.5074799999999999
	59492	0.50904
	52833	0.50976
	59456	0.50976
	54454	0.51252
	50442	0.513
	54244	0.5131199999999999
	54423	0.51408
	50353	0.51756
	58316	0.51996
	58101	0.52188
	53593	0.52308
	54102	0.52596
	58845	0.52764
	58020	0.528
	59632	0.52848
	58122	0.5286
	57420	0.52884
	51076	0.53172
	56697	0.53304
	56389	0.53364
	56745	0.53652
	57949	0.5442
	53781	0.5448
	56279	0.54564
	53502	0.546
	57900	0.5466
	58143	0.54684
	53976	0.54828
	57909	0.54924
	56298	0.55032
	59116	0.55116
	58605	0.5517599999999999
	57566	0.5518799999999999
	56097	0.55536
	56147	0.55812
	56182	0.55896
	57913	0.561
	58012	0.56136
	57837	0.56268
	56987	0.56292
	54901	0.5633999999999999
	57647	0.56532
	58941	0.56712
	59855	0.56784
	57083	0.5681999999999999
	58006	0.56952
	57972	0.57096
	59941	0.57216
	59074	0.57756
	59064	0.5785199999999999
	53930	0.57864
	51526	0.58044
	54541	0.58116
	54377	0.5817599999999999
	53612	0.58428
	53841	0.58476
	57908	0.58548
	57343	0.5857199999999999
	59635	0.58764
	53646	0.5887199999999999
	59256	0.58968
	57829	0.59076
	54308	0.59556
	51644	0.5982
	58150	0.60204
	57994	0.60288
	53472	0.6029999999999999
	53996	0.6029999999999999
	54718	0.60348
	58022	0.60624
	52996	0.60696
	53651	0.60744
	59271	0.60744
	57137	0.60744
	56952	0.6077999999999999
	57173	0.60852
	54597	0.6097199999999999
	54248	0.60996
	59954	0.61176
	56381	0.6136799999999999
	58903	0.62124
	59102	0.62388
	53792	0.62412
	53986	0.6264
	57598	0.62676
	54346	0.6282
	57377	0.6294
	53567	0.6296400000000001
	58600	0.6296400000000001
	50655	0.63012
	58652	0.6319199999999999
	54805	0.63252
	57903	0.6329999999999999
	53399	0.63336
	56444	0.6344399999999999
	57798	0.6348
	52868	0.6348
	58926	0.63624
	57294	0.6369600000000001
	56295	0.6376799999999999
	57079	0.64068
	53859	0.64188
	50934	0.6426
	57129	0.6429600000000001
	54374	0.64404
	57883	0.64464
	59230	0.64596
	59037	0.6496799999999999
	54705	0.65016
	54333	0.6528
	54812	0.65316
	57461	0.65328
	52972	0.6564
	53923	0.65676
	52323	0.6573599999999999
	51765	0.66348
	54430	0.6636000000000001
	58024	0.66636
	53522	0.6670799999999999
	53864	0.66744
	57362	0.66888
	58923	0.66936
	57245	0.67008
	58846	0.67104
	58712	0.6716399999999999
	51804	0.672
	57278	0.6749999999999999
	54584	0.67548
	57481	0.6777599999999999
	52797	0.68076
	54738	0.6838799999999999
	59304	0.6841200000000001
	54483	0.68868
	59481	0.6888
	56267	0.68952
	54470	0.6898799999999999
	58203	0.693
	57431	0.69408
	57511	0.69408
	54371	0.69528
	58238	0.69552
	57990	0.6956399999999999
	57822	0.69768
	58620	0.6982799999999999
	56287	0.70008
	57947	0.70104
	52963	0.70332
	54156	0.70392
	53553	0.7045199999999999
	54911	0.70512
	57894	0.70608
	53324	0.70608
	59293	0.7062
	59757	0.70668
	58126	0.708
	50834	0.70812
	58742	0.70836
	54363	0.7090799999999999
	58844	0.70944
	56223	0.70944
	59041	0.7102799999999999
	57793	0.7103999999999999
	57921	0.7115999999999999
	57485	0.71208
	50673	0.71244
	56082	0.7166399999999999
	58306	0.71712
	54732	0.71736
	51705	0.7209599999999999
	59237	0.72132
	56951	0.72168
	56137	0.72192
	59224	0.72468
	53978	0.72564
	54929	0.72564
	56380	0.72672
	59088	0.7278
	52856	0.72852
	56851	0.72852
	52896	0.7314
	59117	0.73416
	53970	0.73944
	59106	0.74016
	56084	0.7404
	56281	0.7408799999999999
	53879	0.74208
	51356	0.7429199999999999
	54502	0.74508
	53367	0.7455599999999999
	57089	0.7456799999999999
	56652	0.74676
	58719	0.74784
	53491	0.7489199999999999
	56746	0.7512
	58927	0.75132
	56785	0.75216
	54749	0.7524
	53958	0.75264
	58837	0.75564
	57476	0.7575599999999999
	59288	0.7610399999999999
	53984	0.76164
	50727	0.76572
	56651	0.76656
	57144	0.76656
	58314	0.7669199999999999
	54476	0.7674
	57113	0.76908
	51369	0.7697999999999999
	58208	0.77028
	54475	0.77028
	56649	0.7716
	51358	0.7729199999999999
	58657	0.77652
	58625	0.77676
	57954	0.77808
	50659	0.77856
	58247	0.77916
	58928	0.7806
	56257	0.7844399999999999
	57361	0.78456
	50755	0.78672
	52968	0.7889999999999999
	57899	0.7892399999999999
	56838	0.7893600000000001
	54254	0.792
	54923	0.7922399999999999
	57193	0.79236
	54157	0.7926
	57054	0.79332
	58418	0.79392
	54338	0.79536
	58249	0.79584
	59289	0.79824
	58111	0.79908
	50646	0.8049599999999999
	54452	0.80508
	59075	0.80604
	54365	0.8076
	57573	0.8118
	53979	0.8118
	53419	0.81252
	53466	0.81516
	54723	0.8157599999999999
	57502	0.81672
	56870	0.81768
	53378	0.82044
	53685	0.82104
	57723	0.8214
	59298	0.8220000000000001
	57640	0.82368
	56167	0.82404
	57132	0.82476
	59948	0.82716
	53915	0.8275199999999999
	57460	0.8276399999999999
	56964	0.8302799999999999
	57910	0.83244
	56954	0.83424
	50884	0.8358
	57466	0.8358
	58045	0.83928
	56755	0.8395199999999999
	50880	0.8396399999999999
	56106	0.8414400000000001
	51059	0.8442
	54802	0.84528
	58607	0.84624
	52424	0.8478
	52957	0.84912
	53483	0.8509199999999999
	54916	0.8515199999999999
	51133	0.852
	54252	0.85392
	53884	0.8547600000000001
	51377	0.85536
	54092	0.8560800000000001
	58049	0.85776
	54434	0.8581199999999999
	57731	0.8588399999999999
	57049	0.85932
	57475	0.86136
	58220	0.8618399999999999
	57180	0.86568
	54208	0.8677199999999999
	54324	0.87084
	50861	0.87096
	57718	0.8722799999999999
	56091	0.87888
	54064	0.8795999999999999
	56273	0.8812800000000001
	56793	0.8834399999999999
	57742	0.88464
	54205	0.88572
	59279	0.88596
	54915	0.88728
	53791	0.88788
	50632	0.89244
	54406	0.89256
	57345	0.8927999999999999
	54072	0.89328
	58320	0.8941199999999999
	53545	0.89772
	58225	0.90228
	53961	0.90552
	54623	0.9113999999999999
	57514	0.91416
	56533	0.9161999999999999
	58242	0.9166799999999999
	57973	0.91884
	58813	0.92184
	54810	0.92304
	54519	0.9276
	59294	0.92868
	58329	0.9292799999999999
	54730	0.9295199999999999
	57510	0.9305999999999999
	53875	0.93096
	50349	0.9313199999999999
	51060	0.93372
	59945	0.9365999999999999
	56882	0.9373199999999999
	56792	0.9396
	58224	0.93984
	53463	0.9404399999999999
	58048	0.9432
	56684	0.94416
	50832	0.94428
	58147	0.94428
	55585	0.945
	58025	0.94644
	53337	0.9478800000000001
	51656	0.9520799999999999
	56045	0.9535199999999999
	56742	0.9596399999999999
	51328	0.9608399999999999
	53760	0.9684
	50862	0.97164
	56399	0.972
	58301	0.9727199999999999
	54822	0.97368
	57669	0.9739199999999999
	54829	0.9765599999999999
	53854	0.97908
	50749	0.9822
	58148	0.98352
	50954	0.9859199999999999
	50950	0.9861599999999999
	58327	0.9863999999999999
	59052	0.98772
	59081	0.99024
	54938	0.9905999999999999
	51288	0.9913199999999999
	53950	0.993
	53787	0.9973199999999999
	59004	0.9973199999999999
	54187	0.9978
	54724	0.99876
	58021	0.99888
	56374	0.999
	57614	0.9992399999999999
	58237	0.99996
	57060	1.00044
	56371	1.00176
	57741	1.00404
	52955	1.00488
	57328	1.00488
	54823	1.00704
	57762	1.00836
	55472	1.0091999999999999
	56043	1.01256
	57032	1.0178399999999999
	58331	1.01832
	57948	1.02
	58843	1.0206
	54842	1.023
	56854	1.023
	58911	1.02552
	54814	1.02552
	58230	1.02732
	54835	1.02888
	58507	1.02936
	56757	1.03248
	55248	1.03404
	53272	1.03728
	58624	1.03812
	54925	1.04052
	54260	1.0442399999999998
	54266	1.04436
	50979	1.04676
	57293	1.04796
	56071	1.04904
	57237	1.0491599999999999
	53878	1.05072
	59114	1.0522799999999999
	51482	1.05372
	51431	1.05504
	56280	1.0584
	59055	1.05924
	53974	1.05936
	51467	1.06056
	50833	1.06104
	58618	1.06128
	54528	1.06272
	57635	1.06416
	56751	1.06536
	57505	1.06632
	50468	1.06656
	52943	1.06968
	55680	1.0704
	58234	1.07412
	53989	1.07544
	57522	1.07616
	57809	1.07724
	58635	1.07772
	57326	1.08072
	54830	1.08252
	59241	1.08816
	51241	1.089
	53498	1.09008
	54821	1.09128
	58656	1.092
	58615	1.09308
	56548	1.09476
	58606	1.09632
	58836	1.0977599999999998
	57799	1.0997999999999999
	56849	1.101
	53231	1.10256
	53914	1.10328
	56664	1.10508
	59276	1.11144
	54471	1.1115599999999999
	51334	1.11336
	59441	1.1136
	56891	1.11648
	54164	1.1172
	51436	1.1204399999999999
	53988	1.1208
	57964	1.12128
	54563	1.12332
	58116	1.12356
	54332	1.12368
	59051	1.125
	53769	1.1267999999999998
	52533	1.1277599999999999
	51469	1.1288399999999998
	58222	1.12896
	54420	1.1290799999999999
	56251	1.12932
	53975	1.13208
	59097	1.13292
	54919	1.13412
	56772	1.13496
	54419	1.13592
	54712	1.13592
	58643	1.13688
	59285	1.1387999999999998
	53956	1.13964
	57464	1.1408399999999999
	56944	1.1441999999999999
	59072	1.14468
	57604	1.14768
	54154	1.149
	54811	1.1497199999999999
	57867	1.1528399999999999
	57988	1.15512
	51477	1.15824
	58240	1.16028
	57279	1.1635199999999999
	54711	1.16424
	53982	1.1648399999999999
	58509	1.16652
	51463	1.16784
	58241	1.16856
	52495	1.17024
	56950	1.1736
	50877	1.1754
	54186	1.17552
	50741	1.17564
	54096	1.1784
	59500	1.1802
	52787	1.18224
	57486	1.1826
	58330	1.1834399999999998
	58839	1.18488
	56093	1.18932
	59053	1.19052
	57232	1.19364
	58158	1.197
	54436	1.19952
	59113	1.20492
	57821	1.21344
	57055	1.21344
	58321	1.21404
	57438	1.21644
	58906	1.21836
	54098	1.21896
	58745	1.21992
	58626	1.22112
	58362	1.2221
	53973	1.22376
	57834	1.22436
	59431	1.2249599999999998
	50940	1.22568
	50878	1.22652
	54815	1.22688
	51627	1.2269999999999999
	57887	1.2306000000000001
	58616	1.23156
	58646	1.2316799999999999
	59480	1.236
	57889	1.23648
	53871	1.23708
	58113	1.23804
	58419	1.23852
	58038	1.2446399999999997
	58751	1.2486
	50851	1.25052
	58032	1.25148
	57359	1.25328
	56373	1.25352
	53889	1.25484
	50936	1.25592
	56643	1.2618
	56434	1.2627599999999999
	50526	1.2672
	50985	1.2688799999999998
	54169	1.27164
	59435	1.27176
	54421	1.27416
	54181	1.27524
	54425	1.2763200000000001
	56836	1.28544
	58141	1.28844
	57489	1.2907199999999999
	57586	1.2942
	54195	1.29684
	58568	1.29708
	53994	1.29948
	58693	1.29972
	51465	1.2998399999999999
	51145	1.30092
	57774	1.3066799999999998
	58647	1.3092
	57233	1.31064
	57329	1.3121999999999998
	57936	1.31328
	56567	1.3142399999999999
	57389	1.3149600000000001
	54715	1.3168799999999998
	56598	1.32072
	58135	1.32288
	57507	1.3239599999999998
	57140	1.3318800000000002
	56331	1.33524
	54165	1.34196
	54737	1.3435199999999998
	54474	1.34544
	59487	1.34712
	58132	1.34964
	57469	1.3518000000000001
	54818	1.35276
	58205	1.35492
	53391	1.36068
	53953	1.3630799999999998
	56843	1.3644
	57605	1.3652399999999998
	54523	1.3693199999999999
	50778	1.37352
	58627	1.37388
	54918	1.3758000000000001
	56641	1.3768799999999999
	57926	1.3818
	59082	1.3821599999999998
	54806	1.38336
	53481	1.38384
	58819	1.38588
	54912	1.38816
	57513	1.39068
	57378	1.39116
	58336	1.39572
	58428	1.39584
	58255	1.3959599999999999
	58221	1.39812
	58826	1.3998000000000002
	53289	1.40052
	57498	1.40076
	50844	1.4014799999999998
	51137	1.40316
	58912	1.4052
	54261	1.4065199999999998
	58828	1.41216
	50955	1.4178
	58341	1.4205599999999998
	57390	1.4212799999999999
	51068	1.42308
	57462	1.42704
	56739	1.4272799999999999
	57491	1.4283599999999999
	56483	1.4292
	54284	1.43148
	57388	1.4322
	54276	1.4364000000000001
	51434	1.43736
	57955	1.44024
	58130	1.4404799999999998
	58760	1.449
	56128	1.45224
	57432	1.45404
	54161	1.45536
	57806	1.45608
	54063	1.4565599999999999
	58250	1.4576399999999998
	59090	1.45812
	58244	1.45872
	58138	1.45932
	57348	1.461
	58512	1.46196
	58905	1.46376
	50136	1.4644799999999998
	58529	1.46616
	57995	1.4665199999999998
	58326	1.46904
	58754	1.4703600000000001
	58706	1.47492
	51359	1.48296
	57368	1.4831999999999999
	58030	1.48476
	51352	1.48536
	57396	1.4870400000000001
	57358	1.4886
	58612	1.4892
	51156	1.4911199999999998
	50945	1.4913599999999998
	56116	1.4954399999999999
	54171	1.4984399999999998
	50871	1.49916
	53384	1.4994
	54347	1.5035999999999998
	54404	1.50444
	56756	1.50792
	54819	1.50948
	58323	1.51236
	58569	1.52172
	56475	1.5218399999999999
	50566	1.5247199999999999
	54274	1.5249599999999999
	54172	1.5256800000000001
	58654	1.5275999999999998
	54290	1.52988
	57506	1.54152
	58931	1.54272
	50973	1.54296
	56357	1.5432
	54725	1.54344
	57581	1.5474
	54401	1.55052
	57558	1.5517199999999998
	58311	1.5522
	54093	1.55484
	57297	1.55568
	56376	1.55592
	57902	1.5576
	58644	1.5584399999999998
	51378	1.55988
	54727	1.5724799999999999
	58637	1.5730799999999998
	58824	1.5763200000000002
	50873	1.5803999999999998
	54192	1.5903599999999998
	50946	1.59348
	54065	1.59408
	54286	1.5979199999999998
	54410	1.59816
	58734	1.5984
	53872	1.59888
	56946	1.60188
	50948	1.60368
	57067	1.60716
	50774	1.6076399999999997
	59485	1.6093199999999999
	54729	1.61076
	57808	1.61136
	58236	1.61472
	58140	1.61652
	54094	1.61772
	56543	1.62048
	58510	1.62072
	58319	1.62516
	56592	1.62672
	51468	1.6268399999999998
	57590	1.63008
	58254	1.63296
	58127	1.6332
	57447	1.63668
	58508	1.64184
	58344	1.6446
	57477	1.6550399999999998
	50987	1.6602
	50854	1.66584
	57516	1.66608
	50787	1.66932
	56307	1.67004
	54920	1.67268
	56473	1.6745999999999999
	56480	1.6748399999999999
	58746	1.67832
	59033	1.67892
	58463	1.682
	53949	1.6824
	58623	1.68516
	53888	1.6852800000000001
	50564	1.686
	51329	1.6956
	57541	1.69764
	58243	1.69776
	55578	1.69812
	57482	1.70004
	57295	1.71516
	56493	1.7172
	58457	1.7178
	53149	1.71936
	58472	1.7203199999999998
	50888	1.72248
	58622	1.7236799999999999
	50963	1.7260799999999998
	50978	1.72644
	57439	1.72668
	57589	1.7268000000000001
	57839	1.73064
	58129	1.73412
	59087	1.73424
	58131	1.7369999999999999
	58223	1.73736
	58546	1.7500799999999999
	58420	1.75404
	56883	1.7548799999999998
	57732	1.75704
	50960	1.76268
	57181	1.76304
	54439	1.76568
	59046	1.7676
	58334	1.76868
	58365	1.7726
	58468	1.77336
	58748	1.77504
	59031	1.77612
	58245	1.7788799999999998
	51087	1.78332
	56342	1.78344
	58369	1.7846
	57895	1.78968
	56498	1.79448
	57494	1.8058799999999997
	56499	1.8085200000000001
	56646	1.81824
	57985	1.8234
	58335	1.8242399999999999
	58514	1.8278400000000001
	50772	1.8313199999999998
	51379	1.83564
	55589	1.8359999999999999
	56675	1.84608
	56835	1.84752
	58366	1.848
	59242	1.8532799999999998
	57523	1.8537599999999999
	50767	1.8543599999999998
	58356	1.8544800000000001
	58367	1.8546
	58404	1.8579599999999998
	51357	1.86444
	54231	1.8748799999999999
	50964	1.87704
	50956	1.8778799999999998
	58438	1.8801599999999998
	58361	1.8831
	54273	1.88376
	59071	1.8923999999999999
	54285	1.8955199999999999
	53882	1.89588
	58449	1.89672
	58139	1.8970799999999999
	55591	1.8977999999999997
	58557	1.89828
	50853	1.9135199999999999
	55299	1.9152
	58246	1.9191599999999998
	57565	1.9192799999999999
	51186	1.9234799999999999
	57975	1.9278
	58642	1.92888
	53906	1.93188
	57932	1.93224
	59315	1.93356
	56443	1.9336799999999998
	58834	1.9339199999999999
	58342	1.94232
	58455	1.9451999999999998
	58804	1.9488
	51470	1.9529999999999998
	56387	1.9535999999999998
	56247	1.95732
	58453	1.9582799999999998
	51367	1.9592399999999999
	59063	1.95936
	58818	1.9623599999999999
	54080	1.97436
	50639	1.9799999999999998
	58467	1.9861199999999999
	51353	1.99032
	51243	1.9923600000000001
	58714	1.9942799999999998
	54069	1.9958399999999998
	51438	1.9984799999999998
	58459	2.00004
	51346	2.001
	57296	2.0016
	57298	2.0017199999999997
	58749	2.00316
	51232	2.00676
	50892	2.0076
	59317	2.01204
	53981	2.0154
	57634	2.0185199999999996
	54336	2.0211599999999996
	50776	2.034
	57231	2.03916
	58735	2.04216
	54243	2.04408
	57355	2.049
	57583	2.05524
	54293	2.0612399999999997
	54047	2.0643599999999998
	56459	2.07528
	57259	2.0863199999999997
	57492	2.08764
	54263	2.08764
	57824	2.0890799999999996
	57922	2.0925599999999998
	50949	2.09268
	54342	2.09424
	58377	2.0982
	54049	2.1006
	57508	2.10876
	58715	2.11008
	57780	2.1104399999999996
	57493	2.11704
	59290	2.1229199999999997
	57387	2.1323999999999996
	58806	2.13684
	57496	2.13948
	58725	2.14728
	56378	2.14824
	58501	2.15256
	58542	2.16336
	54292	2.1651599999999998
	59284	2.1708
	58730	2.17452
	56856	2.1786
	57517	2.17992
	58933	2.1881999999999997
	58456	2.19672
	56202	2.1972
	57349	2.21568
	54339	2.21592
	50779	2.21796
	58426	2.22456
	50674	2.22612
	50958	2.2268399999999997
	57600	2.22852
	57993	2.22984
	51238	2.23212
	56569	2.2361999999999997
	57707	2.23872
	51365	2.24256
	58562	2.2436399999999996
	58251	2.2497599999999998
	57562	2.25228
	51433	2.26872
	58462	2.2695
	53985	2.27412
	51435	2.28132
	53885	2.2883999999999998
	58454	2.28936
	58634	2.29008
	56846	2.2902
	57907	2.29152
	58744	2.29704
	57642	2.30052
	55593	2.30388
	50867	2.304
	53397	2.3058
	58822	2.3058
	54408	2.3064
	55279	2.30724
	58460	2.3076
	50852	2.32152
	57708	2.32224
	58820	2.3249999999999997
	54291	2.3268
	58517	2.32956
	58567	2.33196
	56312	2.3333999999999997
	56593	2.3381999999999996
	57398	2.3422799999999997
	57603	2.34936
	56582	2.3495999999999997
	58502	2.36568
	57637	2.3706
	58461	2.3706
	57609	2.37612
	53362	2.38116
	59061	2.4071999999999996
	58503	2.41092
	58448	2.42352
	56584	2.427
	58464	2.4347999999999996
	58555	2.43552
	58527	2.4455999999999998
	58340	2.4526799999999995
	56654	2.4539999999999997
	56487	2.45904
	57525	2.46552
	58484	2.47008
	58531	2.472
	53997	2.4738
	50859	2.4746399999999995
	56949	2.49084
	53880	2.4943199999999996
	58401	2.49612
	57564	2.5059599999999995
	58264	2.51376
	56596	2.52216
	50953	2.53032
	56645	2.53584
	58407	2.5384800000000003
	58414	2.5404
	56790	2.5405200000000003
	58416	2.5423199999999997
	57458	2.54268
	57381	2.5438799999999997
	58435	2.55684
	58559	2.5580399999999996
	58424	2.56356
	58343	2.57124
	58269	2.5791600000000003
	58547	2.57988
	56839	2.58768
	58631	2.6085599999999998
	50968	2.619
	56978	2.6211599999999997
	58458	2.6226000000000003
	57612	2.6227199999999997
	58823	2.62464
	50775	2.63556
	58353	2.67672
	58632	2.6943599999999996
	56385	2.6989199999999998
	58558	2.7036000000000002
	58601	2.70816
	57519	2.7132
	56578	2.72352
	58543	2.73108
	56489	2.7318
	59057	2.7354
	57966	2.73792
	57554	2.7642
	57974	2.7711599999999996
	58565	2.77932
	58548	2.78028
	57540	2.80308
	56474	2.8215600000000003
	58550	2.83356
	58544	2.8402799999999995
	57805	2.8436399999999997
	58530	2.844
	56595	2.8463999999999996
	56496	2.8602000000000003
	58570	2.8622400000000003
	58427	2.86692
	56594	2.88252
	58534	2.88936
	56478	2.9074799999999996
	58354	2.91588
	56571	2.9193599999999997
	56691	2.9195999999999995
	58317	2.92392
	57965	2.9282399999999997
	59287	2.92968
	50965	2.93316
	58549	2.96364
	58633	2.9673599999999998
	56586	2.96856
	56492	2.97156
	50962	2.9718
	57643	2.97432
	58423	2.99628
	57499	3.0400799999999997
	57595	3.0768
	58358	3.07956
	58731	3.0798
	58477	3.08844
	58821	3.10332
	56673	3.11436
	58408	3.13224
	57536	3.13956
	57395	3.1400399999999995
	51701	3.1420799999999995
	58506	3.14832
	58500	3.1542
	54076	3.1612799999999996
	58520	3.16308
	58352	3.16452
	58421	3.18468
	58402	3.1854
	58452	3.1868399999999997
	58814	3.1893599999999998
	58537	3.1998
	58339	3.20376
	57385	3.2092799999999997
	57969	3.21948
	57399	3.22776
	56585	3.22812
	58437	3.23352
	58351	3.3027599999999997
	58257	3.3099600000000002
	58563	3.31596
	58436	3.32376
	58736	3.32988
	58337	3.35964
	58737	3.3597599999999996
	58409	3.37584
	58345	3.3804000000000003
	58446	3.4370399999999997
	58360	3.45552
	58338	3.4596
	56580	3.46692
	58747	3.54588
	58268	3.54804
	57625	3.56088
	58429	3.6151199999999997
	58451	3.62208
	57545	3.63396
	56693	3.6809999999999996
	57800	3.6894
	58346	3.69264
	57608	3.73116
	58523	3.7938
	58259	3.8098799999999997
	57636	3.8110799999999996
	57543	3.88332
	57518	3.9894
	58432	3.9936
	58359	4.02312
	58417	4.07628
	58442	4.079759999999999
	57623	4.0847999999999995
	57451	4.13976
	58265	4.14492
	57633	4.1976
	58431	4.24932
	57509	4.25892
	57544	4.29024
	57445	4.57812
	58443	4.61304
	57537	4.7028
	58441	4.7268
	58433	4.78428
	58450	5.328
