	59017	-1.53162
	56380	-1.488
	59205	-1.4876
	56992	-1.4433
	59015	-1.43739
	56199	-1.4151
	56190	-1.411
	57723	-1.3996
	56373	-1.3837
	56384	-1.3653
	56296	-1.3283
	56838	-1.2589
	56286	-1.2396
	56197	-1.2389
	56378	-1.1899
	56298	-1.1692
	59209	-1.15911
	56382	-1.1279
	56291	-1.122
	56196	-1.102
	56976	-1.092
	59007	-1.087
	56371	-1.0537
	56396	-1.0469
	56281	-1.0433
	59037	-1.03473
	56285	-1.0339
	56386	-1.0275
	56189	-1.0264
	56279	-1.0067
	56290	-1.0032
	57605	-0.9785
	57517	-0.9677
	56272	-0.9593
	57525	-0.9513
	56748	-0.9444
	56391	-0.9349
	59417	-0.92385
	56843	-0.9164
	56180	-0.9051
	56385	-0.9026
	56441	-0.9025
	57606	-0.8912
	57306	-0.8757
	56186	-0.8685
	56493	-0.854
	57714	-0.8305
	56462	-0.8234
	56297	-0.8221
	56757	-0.8183
	56295	-0.8173
	57818	-0.8133
	56395	-0.81
	56387	-0.8093
	56284	-0.8028
	56383	-0.7973
	56376	-0.7958
	56257	-0.7941
	57307	-0.7906
	57948	-0.7834500000000001
	59211	-0.78039
	59230	-0.78003
	56991	-0.7787
	59021	-0.77193
	56844	-0.7676
	56996	-0.7654
	59229	-0.7595999999999999
	59427	-0.75312
	59215	-0.74817
	57837	-0.7413
	59227	-0.73926
	59218	-0.7362900000000001
	56746	-0.7302
	57204	-0.7268
	56289	-0.7246
	56381	-0.7228
	57608	-0.7113
	56755	-0.7075
	57658	-0.7059
	56745	-0.7018
	56193	-0.6964
	59419	-0.6893100000000001
	57941	-0.68607
	59224	-0.6811200000000001
	57821	-0.6804
	56287	-0.6677
	59025	-0.66654
	53924	-0.65705612
	56187	-0.6426
	57682	-0.6245
	56399	-0.6183
	59228	-0.61542
	57303	-0.6152
	59213	-0.61119
	56247	-0.6088
	56182	-0.6082
	57623	-0.6028
	56278	-0.6009
	57947	-0.5913900000000001
	57506	-0.5899
	57348	-0.5858
	57942	-0.58113
	58404	-0.5782
	58602	-0.57708
	57752	-0.5723
	56491	-0.5716
	56977	-0.5704
	56276	-0.5693
	56443	-0.5637
	56194	-0.5573
	56994	-0.5516
	59041	-0.5444100000000001
	56889	-0.5414
	57916	-0.5406
	57912	-0.5386
	56267	-0.5377
	57407	-0.5372
	53935	-0.53330564
	54776	-0.53152911
	56195	-0.5297
	56841	-0.5273
	56836	-0.5271
	56842	-0.5263
	59664	-0.5244300000000001
	57519	-0.5233
	57408	-0.5217
	53944	-0.5167102499999999
	57633	-0.516
	56854	-0.5132
	53938	-0.51233392
	57604	-0.5122
	57927	-0.51075
	57308	-0.5102
	56761	-0.5069
	56985	-0.5049
	56986	-0.5033
	58514	-0.5012099999999999
	59023	-0.50076
	53926	-0.49946491000000004
	59033	-0.49940999999999997
	57206	-0.4991
	52998	-0.49747173
	56181	-0.4936
	56183	-0.4884
	57377	-0.4884
	53937	-0.4871591900000001
	57680	-0.4851
	57713	-0.4839
	57851	-0.4786
	58041	-0.4783
	57614	-0.4752
	52995	-0.47247032000000005
	57003	-0.4722970000000001
	56188	-0.4707
	53934	-0.47021715999999997
	53945	-0.4678340100000001
	56357	-0.4678
	57722	-0.4672
	56192	-0.46718406000000007
	56171	-0.4667
	59038	-0.46530000000000005
	56251	-0.465
	53829	-0.46484424
	59022	-0.46403999999999995
	53914	-0.46259108000000004
	53929	-0.46250441999999997
	56492	-0.4608
	57016	-0.45752147000000004
	58600	-0.45648
	59012	-0.45639
	56144	-0.4545
	56595	-0.4514
	56959	-0.4464
	58417	-0.4445
	57921	-0.4398
	53908	-0.43819629000000004
	58402	-0.4368
	56846	-0.435
	57462	-0.4338
	54749	-0.43091685
	56444	-0.4302
	59425	-0.42831
	57743	-0.4265
	54857	-0.42168756
	53927	-0.41622798
	53857	-0.41189498
	57211	-0.411635
	53928	-0.41072507
	54853	-0.41020511
	56394	-0.4095
	52993	-0.40738866
	59004	-0.4032
	57902	-0.4016
	59027	-0.40041000000000004
	53810	-0.3960362
	57636	-0.3958
	56596	-0.3953
	57669	-0.387
	53931	-0.38676358
	57217	-0.3849
	57745	-0.3843
	59656	-0.38421
	57023	-0.37922416000000003
	53925	-0.37796759
	57731	-0.3775
	57304	-0.3762
	56533	-0.3729
	57910	-0.3699
	56092	-0.36878163
	52988	-0.3678717
	53916	-0.35929236000000003
	56288	-0.3583
	53923	-0.35803579
	59659	-0.35541
	57027	-0.35491603000000005
	57359	-0.3546
	57460	-0.3543
	59031	-0.3537
	57314	-0.347
	56459	-0.3466
	56273	-0.34
	57824	-0.3399
	56835	-0.3389
	57857	-0.3387
	53942	-0.33684742
	59001	-0.33417
	57020	-0.33394431
	59626	-0.33291000000000004
	58508	-0.33129
	54765	-0.33004461
	56839	-0.3275
	57637	-0.3248
	57012	-0.32428172
	52784	-0.32354511
	53906	-0.31951542000000005
	57845	-0.3179
	52986	-0.31765223
	53917	-0.31704561000000003
	57729	-0.3164
	56840	-0.3141
	56652	-0.3135
	59034	-0.31248000000000004
	56164	-0.3098
	56393	-0.3096
	54753	-0.30924621
	58509	-0.30915000000000004
	57734	-0.3048
	59635	-0.3024
	52323	-0.30188011
	56091	-0.30118683
	53915	-0.30101351
	52996	-0.29980027
	57105	-0.29767710000000003
	53955	-0.29655052000000004
	58040	-0.2953
	56280	-0.2931
	54774	-0.2916109
	54943	-0.29130759
	54778	-0.29126426
	57516	-0.2902
	56543	-0.289
	56390	-0.2875
	52983	-0.28519806000000003
	58409	-0.2849
	57004	-0.28437479
	57025	-0.27848191000000005
	53930	-0.27605543
	57124	-0.27419224000000003
	56751	-0.2694
	53850	-0.26847268
	57922	-0.2663
	57021	-0.26266646
	56081	-0.2595467
	53881	-0.25928672
	57022	-0.25686024
	54715	-0.25473707
	53727	-0.25105402000000004
	53868	-0.25096736000000003
	53806	-0.25070738000000004
	57011	-0.24953746999999998
	53903	-0.24884419000000002
	59237	-0.24741
	57037	-0.24698099999999998
	54751	-0.24563777
	57006	-0.24537779
	57134	-0.24364459000000002
	58418	-0.2427
	57909	-0.2419
	54925	-0.24117478
	54718	-0.24056816000000003
	56593	-0.2397
	56978	-0.2394
	56389	-0.2386
	56752	-0.2383
	57401	-0.2378
	57119	-0.23779503999999999
	53910	-0.23692844
	56883	-0.2349
	54734	-0.23441530000000002
	58510	-0.23175
	57720	-0.2282
	52674	-0.22717919
	57923	-0.2267
	57001	-0.22652924000000002
	54732	-0.22505602
	54752	-0.22462272
	54736	-0.22414609
	57002	-0.22366946000000001
	57657	-0.2236
	54841	-0.22297618
	52557	-0.22158962
	54737	-0.22102633000000002
	54777	-0.21353024
	53957	-0.21340025
	53725	-0.21084378
	56584	-0.2098
	57609	-0.2041
	57498	-0.1988
	54936	-0.19866805
	54871	-0.19806143
	52656	-0.19767146
	58507	-0.19746000000000002
	58512	-0.1971
	56565	-0.1969
	57805	-0.1964
	54800	-0.19476835
	57769	-0.1945
	54725	-0.19446504
	56592	-0.1937
	57110	-0.19316513999999999
	54849	-0.19147527
	56093	-0.1889188
	53854	-0.18809553
	57513	-0.1859
	57208	-0.1848
	54724	-0.18432582
	54712	-0.1828526
	56473	-0.1822
	57106	-0.17951619000000002
	54707	-0.17934287000000002
	58601	-0.17865
	54828	-0.17669974
	54764	-0.17635309999999998
	56849	-0.1762
	53759	-0.17613645
	53757	-0.17435992
	57612	-0.1741
	54945	-0.17301669
	54929	-0.17275671
	56958	-0.171
	53748	-0.17098018
	57496	-0.1707
	56095	-0.17067687
	54717	-0.17063354
	53963	-0.16903033
	54821	-0.16773043
	54731	-0.16660385
	54714	-0.16643053
	56184	-0.1645
	57859	-0.16326000000000002
	54827	-0.1616209
	54855	-0.1581545
	57586	-0.158
	57678	-0.1578
	54726	-0.1577212
	59426	-0.15759
	52681	-0.1572879
	52895	-0.15499141000000002
	52515	-0.15386483
	57242	-0.15364818000000002
	53862	-0.15312822
	52985	-0.15135169
	54935	-0.15130836
	57514	-0.15
	53852	-0.14974848000000002
	54729	-0.14892521
	54738	-0.14892521
	54843	-0.14779863000000001
	52982	-0.14766864
	54611	-0.14550214
	53848	-0.14545881
	57718	-0.1452
	54842	-0.14519883
	56756	-0.1449
	54938	-0.14285901
	52652	-0.14216573000000002
	57768	-0.1414
	53841	-0.14125580000000001
	53596	-0.13960926
	54713	-0.1395226
	57153	-0.13774607000000003
	57127	-0.13757275000000002
	54755	-0.13709612000000002
	53707	-0.13661949
	54628	-0.13653283
	57913	-0.136
	54716	-0.13544958
	57014	-0.13419301
	54610	-0.13336974000000001
	57915	-0.1333
	57562	-0.1326
	57030	-0.13176653
	52447	-0.13159321000000002
	53953	-0.13081327
	53738	-0.13055329000000002
	54744	-0.13007666
	52533	-0.12994667000000001
	54812	-0.12968669000000002
	58415	-0.1288
	56598	-0.1262
	54818	-0.12544035
	57760	-0.125
	57806	-0.1248
	54810	-0.1243571
	54730	-0.12418378000000002
	57315	-0.1217
	57024	-0.11902751
	54709	-0.11829090000000002
	57564	-0.118
	56146	-0.117
	52896	-0.11699100000000001
	57233	-0.11677435000000001
	53817	-0.11651436999999999
	57761	-0.1156
	57846	-0.1153
	54834	-0.11465118
	53947	-0.11395790000000001
	54711	-0.11356793000000001
	53885	-0.11291798
	56173	-0.1128
	56485	-0.1116
	57041	-0.11148809
	59044	-0.1098
	53994	-0.10975489000000002
	54811	-0.10819501000000001
	57754	-0.1066
	57600	-0.1065
	58030	-0.10576853000000001
	57926	-0.1055
	57511	-0.1054
	54923	-0.10511858
	53845	-0.10464195
	54940	-0.10446863
	57814	-0.1041
	53986	-0.10403533000000001
	56263	-0.1038
	52546	-0.10373202000000001
	58401	-0.1036
	57405	-0.1034
	57413	-0.1027
	54832	-0.10143553000000001
	53962	-0.10139220000000002
	56487	-0.0989
	54939	-0.09866241
	54617	-0.09788247
	53705	-0.09740584000000001
	57903	-0.0969
	54833	-0.0966259
	57708	-0.0954
	53777	-0.09515268
	53754	-0.09424275
	57035	-0.09151296
	57936	-0.0915
	52643	-0.09051637
	56674	-0.0895
	54723	-0.08756993
	57595	-0.0861
	56082	-0.08449350000000001
	54822	-0.08440684000000001
	54705	-0.08423351999999999
	53974	-0.08410353
	57625	-0.0828
	56739	-0.0816
	53998	-0.08154706
	54604	-0.07951055
	54919	-0.07916391
	54621	-0.07864395
	56654	-0.0779
	53832	-0.07777735
	54917	-0.07695408000000001
	58032	-0.07630413000000001
	53821	-0.07578417
	57829	-0.0753
	53966	-0.07513422
	53723	-0.0749609
	54817	-0.07465759000000001
	54915	-0.07426762
	53995	-0.07379099
	57111	-0.07374765999999999
	54535	-0.07361767
	57040	-0.07335769
	57807	-0.073
	54803	-0.07270774
	54631	-0.07257775000000001
	53769	-0.07244776
	54804	-0.07227444000000001
	54846	-0.0719278
	56987	-0.0714
	53992	-0.07049791000000001
	54836	-0.07036792
	54722	-0.06958798
	57811	-0.0692
	56742	-0.0687
	54907	-0.06824475
	54608	-0.06703151
	56480	-0.0665
	57674	-0.0663
	53860	-0.06386842000000001
	54700	-0.06339179
	57841	-0.0626
	56691	-0.0622
	57808	-0.061
	54449	-0.06083532
	57154	-0.060748659999999996
	59650	-0.05823
	57508	-0.0582
	54900	-0.05563572
	53750	-0.05520242000000001
	54807	-0.05498577000000001
	53753	-0.05494244
	57640	-0.054
	54766	-0.05229931
	56496	-0.0515
	54909	-0.05052278
	59431	-0.05049
	54904	-0.04987283
	53993	-0.04974284
	52889	-0.048789580000000006
	57816	-0.0475
	57466	-0.0458
	53853	-0.04540984000000001
	56185	-0.0452
	54706	-0.04514986
	56074	-0.04514986
	56084	-0.04493321
	54602	-0.044543240000000005
	53956	-0.044499910000000004
	53775	-0.04181345
	53778	-0.04155347
	53866	-0.04099018
	53997	-0.0407302
	57914	-0.0406
	56497	-0.0404
	56649	-0.0395
	58024	-0.03860703
	54503	-0.038217060000000004
	54819	-0.03808707000000001
	56152	-0.0377
	54710	-0.03544394
	53871	-0.03436069
	56567	-0.034
	58021	-0.03388406
	57476	-0.0337
	57803	-0.0335
	54903	-0.03349409
	52679	-0.03340743
	57673	-0.0326
	54815	-0.03254083
	57932	-0.0319
	54719	-0.03141425
	56948	-0.0312
	57313	-0.0297
	57349	-0.0283
	54727	-0.028251159999999997
	54603	-0.028164500000000002
	54824	-0.027904520000000002
	53948	-0.02539138
	57842	-0.025
	54801	-0.024914750000000003
	58002	-0.024914750000000003
	54908	-0.02482809
	53859	-0.02361485
	57800	-0.0228
	57574	-0.0225
	58319	-0.0224
	54906	-0.02222829
	53772	-0.02183832
	57213	-0.02149168
	53863	-0.02010512
	53696	-0.019671820000000003
	52446	-0.0190652
	56198	-0.0188
	56498	-0.0184
	54601	-0.01802528
	54921	-0.01659539
	54640	-0.01655206
	57144	-0.01585878
	57565	-0.0153
	53697	-0.01468887
	57461	-0.014
	54802	-0.01351896
	57813	-0.0135
	53985	-0.01182909
	56995	-0.0102
	54701	-0.01018255
	54913	-0.010139220000000001
	53768	-0.01000923
	54614	-0.00992257
	52436	-0.00944594
	54704	-0.00818937
	57732	-0.0072
	57128	-0.006802809999999999
	56489	-0.0057
	57536	-0.0051
	54429	-0.004549650000000001
	54606	-0.00394303
	54708	-0.0031630900000000003
	54820	-0.0017332
	56966	-0.0015
	57512	-0.0011
	54844	-9.5326E-4
	57835	-9.0E-4
	59838	-2.0E-4
	50136	0.0
	50246	0.0
	50247	0.0
	50349	0.0
	50353	0.0
	50425	0.0
	50431	0.0
	50434	0.0
	50442	0.0
	50445	0.0
	50468	0.0
	50514	0.0
	50524	0.0
	50525	0.0
	50526	0.0
	50527	0.0
	50548	0.0
	50557	0.0
	50564	0.0
	50566	0.0
	50603	0.0
	50618	0.0
	50632	0.0
	50639	0.0
	50646	0.0
	50647	0.0
	50655	0.0
	50656	0.0
	50658	0.0
	50659	0.0
	50673	0.0
	50674	0.0
	50727	0.0
	50739	0.0
	50741	0.0
	50742	0.0
	50745	0.0
	50749	0.0
	50750	0.0
	50755	0.0
	50756	0.0
	50758	0.0
	50767	0.0
	50772	0.0
	50774	0.0
	50775	0.0
	50776	0.0
	50778	0.0
	50779	0.0
	50787	0.0
	50788	0.0
	50832	0.0
	50833	0.0
	50834	0.0
	50838	0.0
	50842	0.0
	50844	0.0
	50851	0.0
	50852	0.0
	50853	0.0
	50854	0.0
	50858	0.0
	50859	0.0
	50861	0.0
	50862	0.0
	50867	0.0
	50871	0.0
	50873	0.0
	50877	0.0
	50878	0.0
	50879	0.0
	50880	0.0
	50884	0.0
	50888	0.0
	50892	0.0
	50913	0.0
	50915	0.0
	50928	0.0
	50934	0.0
	50936	0.0
	50937	0.0
	50939	0.0
	50940	0.0
	50945	0.0
	50946	0.0
	50948	0.0
	50950	0.0
	50953	0.0
	50954	0.0
	50955	0.0
	50956	0.0
	50958	0.0
	50960	0.0
	50962	0.0
	50963	0.0
	50964	0.0
	50965	0.0
	50968	0.0
	50973	0.0
	50978	0.0
	50979	0.0
	50983	0.0
	50985	0.0
	50987	0.0
	51053	0.0
	51058	0.0
	51059	0.0
	51060	0.0
	51068	0.0
	51076	0.0
	51087	0.0
	51133	0.0
	51137	0.0
	51145	0.0
	51156	0.0
	51186	0.0
	51232	0.0
	51238	0.0
	51241	0.0
	51243	0.0
	51288	0.0
	51328	0.0
	51329	0.0
	51330	0.0
	51334	0.0
	51346	0.0
	51352	0.0
	51353	0.0
	51356	0.0
	51357	0.0
	51358	0.0
	51359	0.0
	51365	0.0
	51367	0.0
	51369	0.0
	51377	0.0
	51378	0.0
	51379	0.0
	51430	0.0
	51431	0.0
	51433	0.0
	51434	0.0
	51435	0.0
	51436	0.0
	51437	0.0
	51438	0.0
	51463	0.0
	51465	0.0
	51467	0.0
	51468	0.0
	51469	0.0
	51470	0.0
	51477	0.0
	51482	0.0
	51495	0.0
	51526	0.0
	51542	0.0
	51559	0.0
	51567	0.0
	51568	0.0
	51571	0.0
	51572	0.0
	51573	0.0
	51581	0.0
	51627	0.0
	51628	0.0
	51629	0.0
	51633	0.0
	51636	0.0
	51639	0.0
	51642	0.0
	51644	0.0
	51655	0.0
	51656	0.0
	51704	0.0
	51705	0.0
	51707	0.0
	51708	0.0
	51709	0.0
	51711	0.0
	51716	0.0
	51717	0.0
	51720	0.0
	51722	0.0
	51730	0.0
	51765	0.0
	51777	0.0
	51802	0.0
	51804	0.0
	51810	0.0
	51811	0.0
	51814	0.0
	51815	0.0
	51818	0.0
	51826	0.0
	51827	0.0
	51828	0.0
	51829	0.0
	51839	0.0
	51855	0.0
	51886	0.0
	51931	0.0
	52101	0.0
	52112	0.0
	52203	0.0
	52267	0.0
	52313	0.0
	52378	0.0
	52495	0.0
	52575	0.0
	52576	0.0
	52602	0.0
	52607	0.0
	52633	0.0
	52645	0.0
	52657	0.0
	52707	0.0
	52713	0.0
	52737	0.0
	52745	0.0
	52754	0.0
	52765	0.0
	52818	0.0
	52825	0.0
	52833	0.0
	52836	0.0
	52842	0.0
	52853	0.0
	52855	0.0
	52856	0.0
	52862	0.0
	52863	0.0
	52866	0.0
	52868	0.0
	52869	0.0
	52874	0.0
	52875	0.0
	52876	0.0
	52908	0.0
	52943	0.0
	52955	0.0
	52957	0.0
	52963	0.0
	52968	0.0
	52972	0.0
	52974	0.0
	53068	0.0
	53083	0.0
	53149	0.0
	53192	0.0
	53195	0.0
	53231	0.0
	53272	0.0
	53276	0.0
	53289	0.0
	53324	0.0
	53336	0.0
	53337	0.0
	53343	0.0
	53348	0.0
	53352	0.0
	53357	0.0
	53362	0.0
	53367	0.0
	53368	0.0
	53378	0.0
	53384	0.0
	53385	0.0
	53391	0.0
	53419	0.0
	53420	0.0
	53433	0.0
	53446	0.0
	53455	0.0
	53457	0.0
	53463	0.0
	53464	0.0
	53466	0.0
	53467	0.0
	53469	0.0
	53472	0.0
	53475	0.0
	53480	0.0
	53481	0.0
	53483	0.0
	53484	0.0
	53502	0.0
	53505	0.0
	53512	0.0
	53513	0.0
	53522	0.0
	53529	0.0
	53533	0.0
	53543	0.0
	53545	0.0
	53547	0.0
	53553	0.0
	53562	0.0
	53602	0.0
	53644	0.0
	53730	0.0
	53732	0.0
	53751	0.0
	54012	0.0
	54024	0.0
	54026	0.0
	54027	0.0
	54031	0.0
	54039	0.0
	54041	0.0
	54047	0.0
	54049	0.0
	54063	0.0
	54064	0.0
	54065	0.0
	54069	0.0
	54072	0.0
	54076	0.0
	54080	0.0
	54092	0.0
	54093	0.0
	54094	0.0
	54096	0.0
	54098	0.0
	54099	0.0
	54102	0.0
	54113	0.0
	54115	0.0
	54117	0.0
	54122	0.0
	54132	0.0
	54134	0.0
	54135	0.0
	54142	0.0
	54154	0.0
	54156	0.0
	54157	0.0
	54161	0.0
	54164	0.0
	54165	0.0
	54169	0.0
	54171	0.0
	54172	0.0
	54181	0.0
	54186	0.0
	54187	0.0
	54192	0.0
	54195	0.0
	54204	0.0
	54205	0.0
	54208	0.0
	54213	0.0
	54214	0.0
	54218	0.0
	54223	0.0
	54225	0.0
	54226	0.0
	54231	0.0
	54234	0.0
	54236	0.0
	54237	0.0
	54243	0.0
	54244	0.0
	54248	0.0
	54249	0.0
	54252	0.0
	54254	0.0
	54259	0.0
	54260	0.0
	54261	0.0
	54263	0.0
	54266	0.0
	54267	0.0
	54273	0.0
	54274	0.0
	54276	0.0
	54284	0.0
	54285	0.0
	54286	0.0
	54290	0.0
	54291	0.0
	54292	0.0
	54293	0.0
	54305	0.0
	54313	0.0
	54316	0.0
	54320	0.0
	54321	0.0
	54323	0.0
	54324	0.0
	54325	0.0
	54326	0.0
	54327	0.0
	54328	0.0
	54331	0.0
	54332	0.0
	54333	0.0
	54334	0.0
	54335	0.0
	54336	0.0
	54337	0.0
	54338	0.0
	54339	0.0
	54342	0.0
	54346	0.0
	54347	0.0
	54349	0.0
	54351	0.0
	54353	0.0
	54362	0.0
	54363	0.0
	54365	0.0
	54371	0.0
	54374	0.0
	54377	0.0
	54386	0.0
	54452	0.0
	54453	0.0
	54454	0.0
	54455	0.0
	54470	0.0
	54471	0.0
	54472	0.0
	54474	0.0
	54475	0.0
	54476	0.0
	54483	0.0
	54486	0.0
	54493	0.0
	54494	0.0
	54497	0.0
	54563	0.0
	54568	0.0
	54569	0.0
	54575	0.0
	54579	0.0
	54584	0.0
	54590	0.0
	54660	0.0
	54662	0.0
	55228	0.0
	55248	0.0
	55279	0.0
	55294	0.0
	55299	0.0
	55437	0.0
	55472	0.0
	55493	0.0
	55578	0.0
	55585	0.0
	55589	0.0
	55591	0.0
	55593	0.0
	55598	0.0
	55655	0.0
	55664	0.0
	55680	0.0
	55681	0.0
	55690	0.0
	55696	0.0
	55773	0.0
	56004	0.0
	56016	0.0
	56021	0.0
	56029	0.0
	56033	0.0
	56034	0.0
	56043	0.0
	56045	0.0
	56046	0.0
	56065	0.0
	56067	0.0
	56106	0.0
	56109	0.0
	56116	0.0
	56125	0.0
	56128	0.0
	56137	0.0
	56151	0.0
	56202	0.0
	56223	0.0
	56227	0.0
	56228	0.0
	56307	0.0
	56312	0.0
	56317	0.0
	56331	0.0
	56342	0.0
	56434	0.0
	56975	7.0E-4
	53964	0.00125657
	53771	0.0030764300000000002
	53599	0.00333641
	54612	0.0035530600000000002
	56651	0.0039
	53983	0.00498295
	53950	0.005286260000000001
	57900	0.0057
	54613	0.00576289
	54927	0.00589288
	54703	0.0061528600000000004
	53991	0.00623952
	53961	0.006586160000000001
	52661	0.00922929
	54932	0.009575930000000002
	56891	0.0098
	54632	0.01022588
	57839	0.0104
	53981	0.01074584
	57573	0.0108
	53735	0.01204574
	54911	0.012305720000000001
	57409	0.0126
	57378	0.0128
	53692	0.01312899
	57245	0.013172320000000001
	59658	0.013590000000000001
	57080	0.013952260000000001
	57028	0.014515550000000002
	53949	0.0160321
	56792	0.0161
	57642	0.0165
	52884	0.01659539
	54806	0.01707202
	54902	0.01711535
	57113	0.018198600000000002
	56851	0.0187
	57187	0.021231700000000003
	57402	0.0216
	57860	0.0216
	54809	0.022401610000000002
	57411	0.0233
	54848	0.023744840000000003
	56374	0.0239
	53958	0.02465477
	59246	0.02583
	54816	0.027601210000000004
	53888	0.02781786
	53970	0.027904520000000002
	54759	0.027904520000000002
	58020	0.02807784
	56641	0.0282
	53893	0.028207830000000003
	56665	0.0289
	56645	0.0292
	57143	0.030331000000000004
	58011	0.030331000000000004
	53788	0.03059098
	53518	0.03202087
	54912	0.0320642
	57231	0.032194190000000004
	56969	0.0333
	57822	0.0344
	57126	0.03457734
	56474	0.0348
	54618	0.03488065
	57688	0.0357
	57828	0.0358
	54609	0.03670051
	53774	0.03735046
	57545	0.0377
	54837	0.03795708
	57414	0.0384
	58503	0.03852
	54541	0.0385637
	57155	0.03873702
	57274	0.038953669999999996
	53770	0.038997
	54835	0.03912699000000001
	54620	0.039516960000000004
	57774	0.0398
	53899	0.03982027
	53989	0.040600210000000005
	54829	0.04086019
	54626	0.04155347
	53767	0.04185678
	53954	0.04207343
	53681	0.042420070000000004
	54644	0.04276671
	57238	0.044196599999999996
	52885	0.04597313
	53689	0.04601646
	54808	0.046406430000000005
	57432	0.0472
	57867	0.048
	54605	0.04800964
	57031	0.04800964
	53898	0.04805297
	53594	0.04835628
	57034	0.048962900000000004
	54830	0.04913622
	54901	0.04943953
	53856	0.05047945
	57179	0.05203933
	58003	0.052689280000000005
	53988	0.0528626
	53611	0.05333923
	56478	0.0534
	57464	0.0537
	53973	0.054249160000000005
	54916	0.05511576000000001
	53799	0.05654565
	53896	0.05706561000000001
	53695	0.057715560000000006
	57026	0.057715560000000006
	57029	0.057715560000000006
	53763	0.05775889
	53872	0.05784555
	52980	0.05810553
	57540	0.0588
	54905	0.05884214
	57762	0.059
	54619	0.05914545000000001
	53682	0.05953542
	53582	0.05970874
	54702	0.06061867
	53787	0.06070533
	58034	0.06083532
	54636	0.061571930000000004
	53699	0.06161526
	53593	0.062135220000000005
	53585	0.06451837
	53883	0.064995
	56670	0.0654
	52418	0.06560162
	57737	0.0681
	56946	0.0692
	53760	0.06989129000000001
	57038	0.07058457
	53590	0.07080122
	52984	0.07153783
	54814	0.07175448
	54922	0.07227444000000001
	57091	0.07244776
	57140	0.07283773
	53579	0.07418096
	54852	0.07448427
	57137	0.07578417
	53967	0.07608748
	54627	0.07686742
	54851	0.07803733
	53776	0.07864395
	57102	0.07868728000000001
	56984	0.079
	56080	0.07907725
	57247	0.07912058000000001
	57033	0.0801605
	53665	0.08046381000000001
	57523	0.0828
	57076	0.08289029
	53492	0.08354024
	54728	0.08375689
	54910	0.08540343
	58013	0.0856
	57911	0.0858
	58506	0.08595
	57853	0.0863
	53874	0.08696331
	54519	0.08709330000000001
	57032	0.08778658
	57007	0.08791657
	57254	0.08860985
	57248	0.08921647
	53764	0.08947645
	53519	0.09021306
	57772	0.0915
	54507	0.0918596
	53865	0.09224957
	59235	0.09252
	57502	0.0931
	57736	0.0933
	54918	0.09354947000000001
	58416	0.0938
	56989	0.095
	53976	0.09528267000000001
	53895	0.09593262000000001
	54825	0.09627926
	58520	0.0972
	57662	0.0977
	57558	0.0985
	54506	0.10039561
	53882	0.10091557
	58517	0.10161
	57093	0.1018255
	57906	0.1024
	53610	0.10338538000000001
	56097	0.1038
	54861	0.10420865
	53897	0.10472861
	56094	0.10507525
	57077	0.10568187000000001
	56569	0.1059
	53959	0.10641848000000001
	54615	0.10650514
	57827	0.1068
	53577	0.10732841000000001
	53659	0.10750173
	53780	0.10758839
	58022	0.10763172000000001
	54920	0.10936492
	54823	0.11109812000000001
	57261	0.11200805000000001
	54607	0.11244135000000001
	53784	0.11369792000000001
	56548	0.1144
	53791	0.11443453
	57510	0.116
	57465	0.1166
	57216	0.118
	53658	0.11885419
	54616	0.12539702
	53676	0.12734687
	54518	0.12964336
	57324	0.1303
	54633	0.13050996
	53773	0.13063995
	53884	0.13081327
	58045	0.1312
	54437	0.13180986000000003
	53892	0.1321565
	53975	0.13289310999999998
	57834	0.1332
	57320	0.1336
	53889	0.13362972
	57634	0.1338
	57825	0.1338
	57180	0.13406302
	53783	0.13484295999999998
	57156	0.13505961
	57195	0.13514627
	58044	0.1353
	53679	0.13596954000000003
	57431	0.1369
	53618	0.13926262
	53980	0.13960926
	54512	0.13973925
	53674	0.14012922000000003
	57326	0.1416
	53664	0.14203574
	53968	0.14303233
	57132	0.14311899
	53646	0.14316232
	57042	0.14372561
	59435	0.14436
	56950	0.1444
	53673	0.14519883
	56793	0.1452
	54428	0.14532882
	53886	0.14641207
	56586	0.1467
	57368	0.1478
	53996	0.14862190000000003
	52424	0.14931518000000002
	53574	0.15057175
	53756	0.1507884
	54805	0.15230495
	53617	0.15260826000000002
	57643	0.1528
	57178	0.15390816000000002
	57175	0.15754788
	53796	0.15767787
	56646	0.1599
	53794	0.16019101
	53680	0.16127426
	57176	0.16127426
	57598	0.162
	54539	0.1620542
	57809	0.1626
	53580	0.16274748
	56475	0.1633
	53567	0.16487065
	53691	0.16504397
	57582	0.1659
	57741	0.1659
	53678	0.16625721
	57956	0.16866
	57232	0.16894367000000002
	57518	0.1704
	57671	0.1704
	53877	0.17085019
	56886	0.1713
	53878	0.17145681000000002
	54645	0.17180345000000002
	53660	0.17197677
	56096	0.17353665000000001
	57763	0.1738
	53677	0.17487988000000002
	53894	0.17505320000000002
	57057	0.17583314
	53785	0.17656975
	53979	0.17778299
	53740	0.1780863
	52978	0.17986283000000003
	57581	0.1814
	54502	0.18233264000000002
	53873	0.18263595
	53687	0.1837192
	54914	0.18467246
	59429	0.18495
	57169	0.18536574
	57537	0.1855
	53987	0.18584237
	54831	0.18601569
	53790	0.18679563
	53685	0.18809553
	53651	0.18887547000000002
	57719	0.1889
	58004	0.18904879000000002
	57541	0.1899
	53619	0.1910853
	53781	0.19212522
	59655	0.19233
	57177	0.19320847000000002
	58036	0.1934
	57273	0.19446504
	58007	0.19611158
	53584	0.19693485000000002
	53798	0.19741148
	53698	0.19771479
	58428	0.1991
	53879	0.20022793000000003
	58104	0.20230777
	57044	0.20248109
	57039	0.20729072
	58317	0.2073
	57184	0.20768069
	59631	0.20934
	57355	0.2098
	57193	0.20997717999999999
	56684	0.2112
	57905	0.2118
	59478	0.21339
	56499	0.2137
	57717	0.2142
	53789	0.21613004000000002
	57509	0.2173
	57055	0.21738661000000004
	54398	0.21950978000000004
	53576	0.21955311000000002
	53890	0.22007307
	57194	0.22050637
	53693	0.22163295
	58025	0.22310617000000002
	52797	0.22327949
	57008	0.22475271000000002
	53614	0.22488270000000002
	58472	0.22491000000000003
	57098	0.22626926
	53891	0.22657257000000003
	58407	0.228
	57188	0.22808912
	59663	0.22923
	53782	0.22934569000000002
	57908	0.2299
	54623	0.23047227000000003
	53704	0.23077557999999998
	58101	0.23125220999999999
	58419	0.2313
	53615	0.23198882
	53669	0.23224880000000003
	53565	0.23281209
	58100	0.23354870000000003
	57198	0.23584519
	57046	0.23632182000000002
	56962	0.2365
	57543	0.2368
	53588	0.23701510000000003
	58111	0.23974489000000002
	57292	0.24121810999999999
	53662	0.24126144
	57079	0.24247468
	57458	0.2442
	57507	0.2452
	57281	0.24585442000000002
	57061	0.24607107
	57339	0.2469
	54826	0.24732764
	54622	0.24884419000000002
	53864	0.25036074
	57129	0.2504474
	58502	0.25227
	56790	0.2523
	57544	0.2524
	57767	0.253
	53694	0.25374048
	53490	0.25556034
	58006	0.25612363
	57095	0.25638361000000004
	53688	0.25725021000000003
	56168	0.2584
	57655	0.2585
	54424	0.2591134
	56494	0.2594
	53578	0.26162654
	53984	0.26162654
	53666	0.26192985
	57099	0.26275312
	54527	0.26435633000000003
	54624	0.26496295000000003
	57189	0.26500628000000004
	57048	0.26652283
	57053	0.26712945000000005
	57575	0.2683
	53488	0.268646
	54540	0.27020588
	58408	0.271
	57183	0.27289234
	57493	0.274
	53792	0.27813527000000005
	57196	0.2786119
	57416	0.2788
	53690	0.28160167
	57485	0.2817
	57290	0.28194831
	53487	0.28489475
	57907	0.2879
	54408	0.28797118
	56158	0.2888
	53564	0.29018101
	57192	0.29044099
	57072	0.29100428
	57469	0.2933
	54522	0.29334410000000005
	57067	0.29373407
	58531	0.294
	53486	0.29408071
	53972	0.29412404
	53978	0.29425403000000006
	57049	0.29481732
	53982	0.29499063999999997
	57358	0.2954
	58125	0.2973
	58017	0.29841371
	54517	0.29928031
	54532	0.30097018000000003
	53795	0.30205343
	57735	0.3028
	57186	0.3028767
	56666	0.3043
	57045	0.30508652999999997
	53517	0.30820629000000005
	57328	0.3089
	57844	0.3093
	57185	0.31054611000000004
	59940	0.3115
	56483	0.3139
	57052	0.31578904
	57426	0.3185
	53612	0.31921211000000005
	57181	0.32003538000000004
	57271	0.32007871000000004
	57489	0.3214
	53875	0.32172525
	53663	0.32250519
	57740	0.3228
	53575	0.32289516
	57635	0.3244
	54515	0.32484501000000005
	53786	0.32553829
	58556	0.32678999999999997
	57173	0.32722816
	56585	0.3282
	57047	0.32865805
	58438	0.329
	57571	0.3293
	54433	0.32930800000000005
	54530	0.32943799
	56964	0.3301
	56147	0.3325
	57191	0.33260108
	54501	0.33346768
	59475	0.33507000000000003
	57089	0.33676076
	53797	0.33680409
	57738	0.3378
	57162	0.33832064000000006
	57728	0.339
	57566	0.3401
	57589	0.3414
	57832	0.3435
	58001	0.34503679000000004
	58426	0.3451
	57840	0.3472
	57096	0.34720329
	57742	0.3495
	57415	0.3513
	54438	0.35136297
	58035	0.3552
	57647	0.3558
	57090	0.35708253000000006
	56038	0.3584
	57679	0.3608
	58414	0.3615
	57417	0.3622
	53869	0.36275876
	53880	0.36366869
	59046	0.36369
	57554	0.3664
	57499	0.3684
	56764	0.3697
	59421	0.36980999999999997
	57477	0.3715
	57318	0.3736
	56973	0.3737
	57182	0.37428454
	53573	0.37471784
	54511	0.37476117000000003
	54533	0.37510781000000004
	57043	0.37675435
	58500	0.3771
	56643	0.3799
	57294	0.38290721000000005
	57237	0.3845
	58008	0.38611363000000004
	58047	0.391
	54528	0.39118324000000004
	56172	0.3931
	57694	0.39663
	57317	0.3974
	56788	0.3975
	57666	0.3998
	59673	0.40176
	58666	0.40526999999999996
	58605	0.40571999999999997
	54510	0.40591544
	56885	0.4066
	59754	0.40887
	58131	0.4094
	54401	0.41276158
	56688	0.4129
	56786	0.4154
	57663	0.4158
	57363	0.416
	54523	0.41661795
	57094	0.41679127
	57696	0.41733000000000003
	58113	0.4193
	57197	0.41939107000000003
	58116	0.4205
	56952	0.4238
	58026	0.4269
	57583	0.4278
	57584	0.4279
	58005	0.42818706
	54534	0.42931364000000005
	54531	0.43083019
	57437	0.4313
	57361	0.4318
	57066	0.43204343
	57387	0.4339
	54597	0.43446990999999996
	57279	0.438
	57293	0.43893289999999996
	56763	0.4393
	57329	0.4426
	57483	0.4434
	57758	0.4479
	58534	0.4491
	56571	0.4516
	57297	0.4530151500000001
	57075	0.45548496
	54514	0.45613491
	57438	0.4565
	54594	0.45730482
	54596	0.45821475000000006
	58130	0.4611
	57971	0.4627
	58527	0.46323000000000003
	57739	0.4645
	57771	0.4649
	57343	0.46592749
	58108	0.4677
	58523	0.4689
	53478	0.47095377
	57958	0.4723200000000001
	56880	0.4739
	57744	0.4753
	59750	0.47538
	57362	0.478
	57773	0.4796
	53491	0.47979309
	57603	0.4881
	58102	0.4882
	57083	0.49157885000000007
	57766	0.4971
	56951	0.4977
	58519	0.49878000000000006
	57370	0.5017
	57868	0.5034
	59758	0.5076
	57577	0.5082
	56582	0.5096
	57086	0.5098641100000001
	56167	0.5116
	54405	0.51190062
	54406	0.5141537800000001
	58453	0.51435
	56490	0.5178
	56693	0.5186
	57494	0.5203
	57870	0.521
	54863	0.52507294
	59047	0.52695
	57345	0.5274
	57085	0.5287126600000001
	57081	0.5299259000000001
	54499	0.53447555
	57056	0.5352554900000001
	57087	0.5370753500000001
	56697	0.5375
	58128	0.5395
	57309	0.5406
	53499	0.54322821
	57285	0.54470143
	56479	0.545
	57475	0.5469
	54434	0.55042099
	58126	0.5545
	56671	0.5558
	58038	0.5566
	58449	0.55917
	58555	0.56016
	57060	0.56173012
	54521	0.56181678
	58543	0.56547
	57505	0.5656
	54419	0.56645309
	57699	0.56835
	54431	0.57234597
	57082	0.57836884
	54436	0.57858549
	56881	0.5822
	56856	0.5832
	57865	0.5834
	58562	0.5839200000000001
	59843	0.5861
	59287	0.58653
	57071	0.58655821
	54505	0.58829141
	56675	0.5898
	57707	0.5905
	54439	0.59115119
	57251	0.5917
	57065	0.59279773
	59480	0.5931000000000001
	58693	0.59373
	59294	0.59454
	59055	0.59463
	58049	0.6011
	57054	0.6058400600000001
	56575	0.6076
	58570	0.6078600000000001
	57687	0.6084
	56944	0.6101
	56961	0.6101
	58557	0.61587
	58550	0.61668
	56982	0.6169
	56071	0.61775581
	57661	0.6199
	57084	0.6204856
	57063	0.62122221
	59476	0.62289
	56782	0.6293
	57445	0.6366
	58132	0.6408
	59057	0.64107
	59854	0.6455
	56669	0.6468
	58135	0.6475
	54525	0.65159654
	58016	0.6526
	56578	0.6532
	57420	0.6549
	57649	0.6564
	57070	0.6603492000000001
	57390	0.6638589300000001
	58467	0.6654599999999999
	58501	0.6659
	57481	0.6676
	59487	0.66834
	58542	0.6692400000000001
	57051	0.67178832
	58143	0.6727
	57781	0.6752
	57296	0.6805409800000001
	57447	0.6869
	58455	0.68895
	57388	0.6953
	59654	0.69642
	57439	0.6973
	58027	0.6984
	57780	0.7002
	54399	0.70125272
	59644	0.7020000000000001
	58015	0.7054
	53498	0.71139194
	57078	0.7168515200000001
	57333	0.7329
	59289	0.7335900000000001
	57249	0.7341
	58145	0.7416
	57954	0.74466
	57590	0.7469
	59851	0.7498
	59845	0.7582
	57396	0.75940158
	53392	0.7597915500000001
	57482	0.7675
	59481	0.77166
	54513	0.77296387
	54416	0.7753470200000001
	57295	0.77547701
	57253	0.7779
	57074	0.78184652
	57585	0.7911
	56781	0.7959
	58435	0.7977
	56876	0.8012
	57960	0.80532
	56178	0.8074
	59317	0.82125
	58122	0.8268
	57299	0.83726559
	58548	0.84033
	57698	0.84573
	58667	0.8478
	57492	0.8497
	58141	0.8504
	58129	0.8507
	59473	0.85221
	57955	0.85995
	54421	0.86235366
	58114	0.8648
	59477	0.86526
	54318	0.86647001
	57256	0.8667
	56594	0.867
	58620	0.87498
	58208	0.87634925
	57298	0.87998897
	59945	0.8807
	57395	0.8825
	58327	0.8831
	58607	0.8847
	58652	0.88839
	58048	0.8908
	59948	0.891
	56783	0.8969
	58546	0.8982
	58544	0.90072
	58529	0.9044099999999999
	58117	0.9067
	59757	0.9075
	59064	0.9082800000000001
	58109	0.909
	56882	0.911
	57646	0.9162
	56863	0.9171
	59297	0.91863
	59653	0.9233100000000001
	56970	0.9235
	59842	0.9245
	54412	0.9245322100000001
	58484	0.92772
	58468	0.93312
	56862	0.9349
	58647	0.94365
	58207	0.9454172700000001
	59488	0.94896
	59469	0.95283
	57710	0.9548
	58205	0.9620993200000001
	57381	0.9684
	54432	0.97128528
	58559	0.9805499999999999
	56079	0.985
	58549	0.9865800000000001
	58458	0.98757
	58660	0.9892799999999999
	57486	0.9944
	58569	0.9972900000000001
	54425	0.9983232
	59051	1.00008
	58665	1.00692
	56767	1.0074
	57425	1.0076
	57793	1.0125
	58565	1.0175400000000001
	57964	1.02069
	56878	1.021
	56870	1.0246
	58643	1.0263600000000002
	58367	1.037
	56775	1.0378
	56673	1.039
	58107	1.0424
	57278	1.043
	54430	1.04407968
	58421	1.0515
	59485	1.05426
	58654	1.05516
	58361	1.0578
	54423	1.06006845
	54304	1.06262492
	54420	1.0686044600000002
	56580	1.0719
	56664	1.0733
	59280	1.07442
	54404	1.07592723
	57451	1.0777
	58644	1.0818
	58452	1.0820699999999999
	56872	1.0846
	58456	1.0861200000000002
	58150	1.0875
	58139	1.0927
	54311	1.09546906
	58420	1.0984
	58461	1.0996
	57957	1.10016
	59133	1.10151
	54319	1.1073848099999999
	58012	1.1158
	58464	1.1196
	54301	1.12012383
	58477	1.1214
	58558	1.12743
	56768	1.1294
	56774	1.1367
	54410	1.13823577
	58568	1.1392200000000001
	57259	1.1394
	57988	1.1493
	57871	1.1553
	59502	1.15677
	58633	1.15866
	58140	1.1606
	59855	1.1631
	56879	1.1654
	56777	1.1725
	58118	1.1735
	54308	1.17567289
	58530	1.1853
	58301	1.18702535
	58664	1.1909699999999999
	58462	1.1923
	53397	1.19356818
	57866	1.1976
	59849	1.2006
	57389	1.2035
	56873	1.2043
	58148	1.2059
	57872	1.209
	59242	1.2099600000000001
	57875	1.2237
	59249	1.2249
	58210	1.2261
	59270	1.22742
	58457	1.2312
	56871	1.2324
	58567	1.2337200000000001
	59647	1.23732
	59238	1.24326
	58606	1.24533
	58202	1.2487
	58448	1.24956
	57520	1.2499
	58359	1.253
	59501	1.25352
	59493	1.26072
	58451	1.26432
	58365	1.2645
	58329	1.2823
	58441	1.2864
	58701	1.2888
	59284	1.2914100000000002
	56869	1.2923
	59453	1.29942
	57978	1.2999
	59130	1.30554
	53399	1.30600953
	59061	1.30653
	57962	1.3113
	58459	1.31193
	58940	1.3123799999999999
	57949	1.3131000000000002
	58642	1.3146300000000002
	57385	1.3159
	58356	1.3164
	59053	1.32327
	57883	1.3236299999999999
	59045	1.33587
	58446	1.33749
	58843	1.34145
	57796	1.3428
	59241	1.34316
	58424	1.3454
	58316	1.3548
	58362	1.3554
	57789	1.35684
	59310	1.36134
	58127	1.3648
	57778	1.3681
	59324	1.37187
	58752	1.37304
	58427	1.3731
	58334	1.3849
	57260	1.3897
	58656	1.39581
	59321	1.39896
	59288	1.3995
	58463	1.4088
	58612	1.41183
	58941	1.4146200000000002
	58154	1.4188
	58203	1.4211
	58942	1.42191
	57265	1.4228
	58760	1.4235300000000002
	59254	1.4290200000000002
	57268	1.4305
	59632	1.43208
	59456	1.4365800000000002
	57491	1.4368
	56954	1.4376
	56867	1.4378
	58443	1.44018
	59137	1.44072
	59848	1.4412
	59122	1.4471100000000001
	58938	1.4487299999999999
	58629	1.45224
	59094	1.45359
	59126	1.45593
	58614	1.45719
	58563	1.45845
	58537	1.45935
	58460	1.4618
	59097	1.46385
	57779	1.466
	58339	1.4663
	59087	1.46637
	58442	1.4693
	59271	1.47717
	57522	1.4775
	59640	1.4781600000000001
	56778	1.4798
	58622	1.48059
	57776	1.4823
	56785	1.4844
	58212	1.4933
	58944	1.50201
	59454	1.5037200000000002
	58635	1.5107400000000002
	58146	1.5119
	59448	1.51569
	59131	1.5183900000000001
	58259	1.5192
	59278	1.5249599999999999
	59072	1.5345000000000002
	56772	1.5361
	58358	1.5401
	58450	1.5426
	59462	1.5479100000000001
	59266	1.55034
	59954	1.5504
	57786	1.55331
	58745	1.55448
	57874	1.5562
	57792	1.55997
	56898	1.5602
	58615	1.56618
	56949	1.5663
	57798	1.5705900000000002
	58632	1.57329
	59127	1.57887
	58338	1.5872
	59265	1.59012
	57257	1.5951
	58848	1.5975899999999998
	58369	1.599
	59951	1.5998
	59941	1.6064
	58731	1.61118
	57896	1.61388
	59088	1.6272
	59285	1.63026
	58337	1.6448
	59320	1.65546
	58754	1.66068
	59114	1.66131
	58929	1.6680599999999999
	58730	1.6685100000000002
	58658	1.67697
	57777	1.6784
	58158	1.6823
	58264	1.6873
	58335	1.6879
	58436	1.6916
	58221	1.6999
	59313	1.70064
	58742	1.7025299999999999
	59052	1.70469
	59318	1.7068500000000002
	59124	1.7091
	58268	1.7127
	58345	1.7227
	59306	1.7262899999999999
	56875	1.7263
	57891	1.72872
	59264	1.73169
	59125	1.73259
	58147	1.7366
	59075	1.73889
	59441	1.7502300000000002
	59116	1.7577
	59279	1.76202
	58454	1.77102
	58751	1.7712
	59319	1.7727300000000001
	59470	1.77318
	57966	1.7745
	58718	1.77498
	58353	1.7829
	58429	1.7844
	58719	1.78443
	58847	1.79154
	59322	1.7962200000000001
	58269	1.7968
	58314	1.8008
	58547	1.80594
	56766	1.809
	57882	1.8221
	59847	1.8224
	59316	1.8235799999999998
	58936	1.83591
	58360	1.8371
	58138	1.846
	59134	1.84635
	59315	1.8504
	58844	1.85184
	58437	1.8529
	58932	1.8640800000000002
	59071	1.8648
	58608	1.8690300000000002
	57881	1.8756
	58618	1.8853200000000003
	59298	1.88586
	58631	1.9045800000000002
	58222	1.9077
	58423	1.9097
	57985	1.914
	57899	1.9305
	58712	1.9328400000000001
	59303	1.93428
	57876	1.9348
	58634	1.93635
	59314	1.9485000000000001
	58707	1.94868
	58257	1.9501
	57992	1.96092
	59096	1.9674
	58331	1.9694
	58946	1.97217
	58366	1.9771
	58326	1.9821
	58735	1.9920600000000002
	59092	2.00466
	59304	2.02068
	58224	2.022
	57889	2.0261
	58377	2.0297
	59449	2.03787
	58223	2.0466
	58748	2.04858
	58845	2.0573099999999998
	59093	2.06442
	58433	2.0654
	57991	2.0664
	58846	2.07207
	59269	2.08179
	58354	2.0853
	58659	2.08611
	58736	2.08908
	57895	2.08944
	58623	2.10096
	58934	2.10312
	58627	2.1125700000000003
	58704	2.12193
	58935	2.13111
	58352	2.1344
	59268	2.13444
	59312	2.1393
	59451	2.14866
	57799	2.15298
	57969	2.1628
	58241	2.1677
	58250	2.1709
	57990	2.1801600000000003
	57398	2.1887
	59500	2.19105
	58625	2.19618
	57981	2.2007
	58431	2.2021
	58624	2.20356
	58341	2.2052
	58706	2.2056299999999998
	59452	2.20932
	58432	2.2162
	58646	2.22228
	58214	2.2328
	58240	2.2345
	58705	2.24235
	58819	2.24514
	59109	2.2557600000000004
	58351	2.264
	59293	2.2842
	58265	2.287
	57976	2.2884
	58619	2.29374
	59059	2.2965299999999997
	59074	2.29869
	58637	2.30031
	58243	2.3037
	58626	2.31354
	59492	2.3155200000000002
	59276	2.31642
	58813	2.32236
	58251	2.3307
	58220	2.3331
	57994	2.3380199999999998
	59856	2.3393
	58616	2.34126
	58823	2.3440499999999997
	59091	2.35035
	58340	2.3554
	59107	2.35935
	58657	2.36682
	58715	2.37591
	57975	2.3778
	58926	2.38428
	58906	2.39148
	57894	2.39328
	59058	2.40921
	58710	2.41056
	58609	2.4157800000000003
	58821	2.4188400000000003
	59256	2.421
	58336	2.4239
	57996	2.43405
	58725	2.4382800000000002
	59081	2.44647
	58750	2.44908
	57965	2.45
	59090	2.45106
	59106	2.45331
	58927	2.45619
	57989	2.4588
	58804	2.4819299999999997
	58918	2.48238
	58746	2.48427
	58839	2.48562
	57993	2.48625
	58255	2.4871
	58724	2.50002
	58818	2.51046
	58343	2.5238
	59113	2.52423
	59255	2.53017
	58713	2.54106
	58903	2.54304
	59290	2.54547
	58346	2.5508
	57887	2.5547
	59117	2.5547400000000002
	58905	2.56311
	58306	2.5697
	57974	2.5817
	57886	2.5822
	58928	2.59065
	58734	2.59173
	59065	2.6080200000000002
	57995	2.6272800000000003
	58234	2.6348
	57973	2.6392
	58749	2.6417699999999997
	58911	2.6445600000000002
	58330	2.6538
	58814	2.65743
	58820	2.65806
	58230	2.6776
	59063	2.6792
	59446	2.68254
	58737	2.6871300000000002
	58822	2.7184500000000003
	58828	2.7377100000000003
	58321	2.7387
	58714	2.7558
	58806	2.75886
	58237	2.768
	58824	2.781
	58907	2.8097100000000004
	58254	2.827
	58747	2.8390500000000003
	58744	2.84994
	59471	2.85696
	58834	2.85885
	57972	2.8649
	58837	2.8654200000000003
	59082	2.87181
	58235	2.9026
	58238	2.9036
	58215	2.9087
	58247	2.926
	58921	2.9403
	58236	2.9629
	58249	2.9682
	59102	2.99484
	58342	3.006
	58323	3.0063
	58923	3.0189600000000003
	58826	3.02067
	59099	3.02805
	57399	3.0512
	58836	3.07764
	58242	3.0987
	58933	3.11715
	58912	3.12462
	58931	3.1563000000000003
	58320	3.1978
	59457	3.22866
	58344	3.2543
	58917	3.27006
	58225	3.3146
	58311	3.399
	58246	3.4376
	58245	3.4905
	58244	3.6616
