	54871	-2.4022799999999997
	54776	-2.23656
	54226	-2.1687070600000005
	54432	-2.1348
	54424	-2.0669999999999997
	54438	-2.05668
	54520	-2.0498399999999997
	54027	-1.98533734
	54778	-1.9577999999999998
	54540	-1.9547999999999999
	54434	-1.93692
	54428	-1.9281599999999999
	54510	-1.9167599999999998
	54439	-1.9114799999999998
	54437	-1.8919199999999998
	54425	-1.8811200000000001
	54455	-1.8556937800000002
	54225	-1.8554991200000002
	54416	-1.84032
	54311	-1.82904
	54328	-1.80809941
	54429	-1.8033599999999999
	57883	-1.79630555
	54436	-1.77288
	54531	-1.7516399999999999
	54861	-1.74
	54522	-1.7394
	54323	-1.7373405
	57758	-1.73541578
	54433	-1.73412
	54132	-1.73286332
	54539	-1.71756
	50934	-1.71748518
	54218	-1.70979611
	54327	-1.70171772
	54398	-1.68444
	54325	-1.6749519700000002
	54335	-1.6662896
	54777	-1.66464
	54501	-1.66308
	54319	-1.662
	54213	-1.6557779600000002
	54511	-1.65516
	54541	-1.6430399999999998
	54430	-1.64256
	54454	-1.6378692400000001
	54419	-1.6336799999999998
	54026	-1.61343941
	54616	-1.6048799999999999
	54420	-1.59936
	54513	-1.5946799999999999
	54318	-1.59336
	54339	-1.5732421200000002
	56357	-1.5641505
	54453	-1.5600052400000002
	54533	-1.5511199999999998
	54852	-1.5411599999999999
	54452	-1.5340181300000002
	54766	-1.5317999999999998
	54431	-1.52952
	54521	-1.51596
	54532	-1.5129599999999999
	54612	-1.5057599999999998
	54399	-1.5048
	54621	-1.4964000000000002
	57767	-1.49128335
	54449	-1.4754
	54024	-1.47055897
	54115	-1.4628699
	54597	-1.45416
	54534	-1.45176
	54223	-1.4513849600000002
	54313	-1.4512876300000002
	54324	-1.4480757400000002
	54064	-1.4476864200000001
	57860	-1.44392464
	57941	-1.44105789
	54404	-1.43184
	53491	-1.42296
	59429	-1.4183532300000001
	54615	-1.41156
	59626	-1.40826227
	54530	-1.40496
	54512	-1.3967999999999998
	54347	-1.3954202100000002
	59425	-1.39129111
	57922	-1.3910933099999998
	54334	-1.39065104
	54506	-1.3847999999999998
	56378	-1.3840362
	54523	-1.3823999999999999
	50937	-1.38082071
	57768	-1.37902142
	54507	-1.37676
	54320	-1.3754675600000001
	54338	-1.3728396500000002
	54765	-1.36164
	54316	-1.36057607
	54525	-1.35948
	53680	-1.35048
	53599	-1.3459199999999998
	59133	-1.34404707
	57803	-1.3383229799999998
	54337	-1.32553727
	54472	-1.32106009
	54863	-1.31856
	53488	-1.30236
	54601	-1.29888
	54613	-1.2985200000000001
	56184	-1.2981922499999998
	50844	-1.2967275900000002
	54214	-1.29517031
	54594	-1.2951599999999999
	54517	-1.29132
	54617	-1.28688
	50527	-1.2833933800000001
	57769	-1.27879984
	57932	-1.2786008699999998
	54331	-1.27774824
	50832	-1.2770669300000002
	50939	-1.2766776100000001
	54503	-1.27044
	54719	-1.27044
	54605	-1.26996
	54614	-1.2690000000000001
	54528	-1.26612
	56443	-1.2660665999999998
	56342	-1.26589543
	54412	-1.25904
	56394	-1.25627091
	57851	-1.25391645
	54134	-1.24592133
	54514	-1.2445199999999998
	50758	-1.23823226
	54519	-1.2367199999999998
	50936	-1.2317111500000002
	54774	-1.22772
	54321	-1.2275259600000001
	54502	-1.2232800000000001
	54515	-1.22244
	54332	-1.2215888300000002
	53593	-1.21884
	54636	-1.21656
	54142	-1.2156517000000002
	53782	-1.2018
	54234	-1.2010522000000001
	54527	-1.2001199999999999
	54518	-1.2
	57872	-1.1974988100000001
	50838	-1.1952124
	57743	-1.1921093200000001
	54122	-1.19161119
	59427	-1.1894719100000002
	54336	-1.1886912900000002
	54047	-1.1847980900000001
	54499	-1.18404
	59501	-1.17789024
	59004	-1.1707807
	54205	-1.16941995
	54031	-1.16737602
	50928	-1.16718136
	50940	-1.1629961700000002
	54505	-1.1556
	54049	-1.15413914
	54596	-1.15344
	57846	-1.1501401
	59419	-1.1468146700000001
	54231	-1.13817702
	54156	-1.13788503
	53682	-1.13412
	54618	-1.13136
	54470	-1.12893067
	59090	-1.1288114800000002
	54039	-1.12786004
	56390	-1.12408176
	54065	-1.1226042200000002
	57752	-1.12112859
	54041	-1.11861369
	50425	-1.11296855
	54471	-1.1126765600000001
	54569	-1.1125792300000001
	54611	-1.10628
	57942	-1.1036987500000002
	54610	-1.0975199999999998
	57993	-1.09681855
	56992	-1.09522134
	54603	-1.09464
	54662	-1.0940865300000002
	54326	-1.0891227
	53596	-1.0891199999999999
	57732	-1.08458301
	54244	-1.0783190700000003
	54660	-1.07715111
	56395	-1.07278605
	59109	-1.07010044
	54623	-1.0675199999999998
	57936	-1.0625690399999999
	56331	-1.06150839
	50953	-1.06002103
	54563	-1.05914506
	57740	-1.0572574000000001
	54405	-1.05276
	59854	-1.04693559
	57658	-1.04212096
	54606	-1.0408799999999998
	57766	-1.0356994400000001
	53582	-1.03488
	58804	-1.02801655
	54135	-1.0279021300000002
	54627	-1.02276
	50956	-1.0214783500000002
	57870	-1.01528818
	50851	-1.0102854000000001
	57805	-1.00832409
	59227	-1.00703194
	57871	-1.00691727
	53694	-1.0003199999999999
	54853	-0.9985199999999999
	57605	-0.9972644399999999
	54421	-0.99696
	54423	-0.9947999999999999
	54626	-0.98904
	55591	-0.9878111399999999
	53688	-0.98412
	58657	-0.97652972
	54237	-0.97592791
	50445	-0.97125607
	54624	-0.9668399999999999
	50985	-0.96288569
	53083	-0.96142574
	54117	-0.96093909
	54063	-0.9575325400000001
	54301	-0.9559199999999999
	54249	-0.95295803
	57800	-0.9518672099999999
	53192	-0.95159541
	50950	-0.9487728400000001
	54759	-0.9448799999999999
	53498	-0.94368
	57988	-0.94212872
	54408	-0.9388799999999999
	59088	-0.93203776
	53695	-0.9312
	53692	-0.9295199999999999
	57857	-0.92928568
	52980	-0.9267599999999999
	59631	-0.9234375100000001
	50603	-0.9230777200000001
	51059	-0.92260024
	53777	-0.9223199999999999
	57744	-0.92217614
	54628	-0.9149999999999999
	54342	-0.91383137
	54602	-0.9134399999999999
	54475	-0.9094515200000001
	50945	-0.9072129300000001
	50618	-0.90604497
	51232	-0.9015183600000001
	53769	-0.8999999999999999
	53691	-0.89928
	52868	-0.89490794
	57734	-0.8939357099999999
	59492	-0.8931646300000001
	54943	-0.89124
	54486	-0.89076416
	57834	-0.8896171799999999
	59052	-0.8866284400000001
	54236	-0.8864816400000001
	54568	-0.88424305
	54157	-0.8831724200000001
	58111	-0.8811599999999999
	57731	-0.8802428099999999
	50834	-0.87353675
	59431	-0.8704599700000001
	53590	-0.86688
	57835	-0.86612859
	57760	-0.86484114
	54607	-0.8627999999999999
	51353	-0.85694269
	50948	-0.8567959900000001
	57072	-0.85656
	54575	-0.85387609
	54851	-0.8534400000000001
	53972	-0.85068
	57081	-0.84936
	57063	-0.8481599999999999
	54208	-0.84667367
	57722	-0.8466425399999998
	58158	-0.8444306099999999
	57071	-0.84396
	53483	-0.8438511000000001
	57978	-0.8414484600000001
	56493	-0.8375841599999999
	54476	-0.8356753800000001
	50861	-0.8338261100000001
	54346	-0.8307115500000001
	57080	-0.82512
	54764	-0.8161200000000001
	57173	-0.8141999999999999
	57949	-0.8134689800000001
	59435	-0.8111755800000001
	53987	-0.80808
	57947	-0.8064741100000001
	56693	-0.8060904899999999
	54855	-0.8028000000000001
	56387	-0.7943988599999999
	53392	-0.79404
	58654	-0.79328706
	54535	-0.79188
	59317	-0.7908789900000001
	59847	-0.7895135700000001
	53788	-0.7856399999999999
	53195	-0.78340917
	57971	-0.78136138
	53699	-0.78
	56247	-0.7798633199999999
	53486	-0.77856
	59632	-0.77654524
	54644	-0.77472
	58666	-0.77264646
	54619	-0.77136
	59137	-0.7686330100000001
	56543	-0.7685930099999999
	58754	-0.76278484
	54161	-0.76073128
	59417	-0.7592300700000001
	57840	-0.7552161
	53580	-0.7549199999999999
	59094	-0.75349657
	50842	-0.7499276500000001
	59265	-0.7477630700000001
	50852	-0.7474944
	54751	-0.74736
	57818	-0.7447884299999998
	56595	-0.7370993399999999
	59097	-0.73652541
	54291	-0.7356201400000001
	58146	-0.7349927399999999
	57899	-0.72803983
	54722	-0.7262399999999999
	50434	-0.7255951500000001
	59264	-0.7208156200000001
	53492	-0.72012
	58652	-0.71978359
	57729	-0.71866659
	59842	-0.71723829
	58714	-0.7143941
	58912	-0.7139354200000001
	54622	-0.71268
	54333	-0.7062264800000001
	57965	-0.70315644
	50946	-0.7017493
	59304	-0.699487
	50892	-0.69834275
	57779	-0.6977669500000001
	57774	-0.6960469
	58366	-0.6952
	58369	-0.6918
	57908	-0.68791023
	58749	-0.68790533
	59096	-0.68744665
	59074	-0.6850385800000001
	54645	-0.6836399999999999
	59266	-0.68010777
	50833	-0.67916874
	54261	-0.67887675
	57714	-0.6754812899999999
	53575	-0.66972
	57079	-0.66948
	54195	-0.66924108
	57086	-0.6670799999999999
	56592	-0.6649482899999999
	50755	-0.66408259
	50954	-0.66067604
	53908	-0.6606
	54243	-0.66057871
	53584	-0.65928
	59635	-0.65751778
	53982	-0.65544
	53391	-0.6534736200000001
	54072	-0.65104037
	56473	-0.6480954899999999
	53689	-0.648
	57066	-0.6476399999999999
	58265	-0.64725285
	53664	-0.6439199999999999
	59127	-0.63974393
	54604	-0.6376799999999999
	54700	-0.6376799999999999
	57825	-0.6374571599999999
	57181	-0.6372
	50349	-0.63702485
	54584	-0.63566223
	53687	-0.63456
	54406	-0.6344399999999999
	53663	-0.6303599999999999
	59421	-0.62850627
	58921	-0.6274742400000001
	53697	-0.62724
	58334	-0.6267134999999999
	57083	-0.62136
	50525	-0.61989477
	54713	-0.6196799999999999
	56492	-0.6141792299999999
	50526	-0.6141523
	54154	-0.6137629800000001
	50955	-0.61074575
	50853	-0.6089938100000001
	57822	-0.6082807499999999
	57957	-0.60729232
	56480	-0.6050155199999999
	58605	-0.6029348600000001
	54590	-0.6012074100000001
	58148	-0.60069699
	53690	-0.59916
	57912	-0.5944825199999999
	53774	-0.5935199999999999
	58362	-0.5924
	57737	-0.59216526
	58646	-0.5903211600000001
	58367	-0.5901
	57821	-0.58932135
	59254	-0.58928913
	57678	-0.5881424300000001
	59758	-0.58758864
	58251	-0.58437084
	54579	-0.5843693200000001
	57687	-0.58240893
	54410	-0.58212
	57090	-0.57912
	57799	-0.57839548
	54752	-0.57828
	54620	-0.5766
	57184	-0.57288
	59276	-0.57254731
	50767	-0.57142443
	59218	-0.57059792
	54608	-0.56268
	55585	-0.55956312
	59107	-0.55809889
	53886	-0.55716
	58365	-0.5539
	56190	-0.5537198099999999
	57274	-0.55116
	55589	-0.5506301199999999
	57975	-0.54949864
	57078	-0.54828
	50524	-0.54251742
	55681	-0.5414291299999999
	54753	-0.54048
	54483	-0.53998684
	58377	-0.53707767
	53696	-0.53664
	57657	-0.5340181900000001
	59298	-0.5337888500000001
	57065	-0.5337599999999999
	57974	-0.53195413
	58356	-0.52959924
	57921	-0.5288619299999999
	56228	-0.5288336
	54709	-0.52752
	56976	-0.5262286799999999
	58752	-0.52484459
	57076	-0.52428
	58154	-0.5240167499999999
	58429	-0.5216994899999999
	59033	-0.5199137800000001
	57070	-0.51936
	58819	-0.5176203800000001
	58602	-0.51658835
	54715	-0.5142
	57956	-0.51349226
	56959	-0.51316776
	58329	-0.5103238499999999
	56197	-0.5088492299999999
	58027	-0.5081119199999999
	51241	-0.50784105
	53974	-0.50544
	57754	-0.50535069
	54102	-0.5039747400000001
	54474	-0.5012495
	54254	-0.5002762000000001
	58335	-0.49979084999999995
	54069	-0.49862159
	57185	-0.49632
	53487	-0.49535999999999997
	57962	-0.49491572
	59426	-0.49457171000000005
	58905	-0.49411303
	54723	-0.49392
	50756	-0.49112718000000005
	56697	-0.48694058999999995
	59063	-0.48643014000000007
	53880	-0.486
	53979	-0.48527999999999993
	54833	-0.48347999999999997
	50867	-0.48314612
	57094	-0.48216
	59452	-0.48081131000000005
	57281	-0.48024
	59268	-0.47954994000000006
	53966	-0.47747999999999996
	54701	-0.477
	56994	-0.47682890999999994
	57991	-0.47610984000000006
	53780	-0.47603999999999996
	57074	-0.47567999999999994
	54204	-0.47389977000000005
	57636	-0.47071977
	56109	-0.46880384
	58614	-0.46842695
	57773	-0.46831228
	53790	-0.46788
	50858	-0.46708667000000004
	57647	-0.46408397999999995
	59224	-0.46131741
	53475	-0.46066289000000005
	59134	-0.45971203
	50514	-0.45900828000000005
	57994	-0.45868000000000003
	57085	-0.45815999999999996
	53783	-0.45468
	58917	-0.45340517999999996
	58472	-0.4511117800000001
	57642	-0.45030909
	57177	-0.44723999999999997
	54706	-0.44496
	59228	-0.44423158000000007
	50431	-0.44294883
	57717	-0.44270199
	56441	-0.43954208999999994
	57844	-0.43827813
	53879	-0.43607999999999997
	51058	-0.43584107
	58918	-0.43563133000000004
	59051	-0.43368194
	53985	-0.43356
	54940	-0.42911999999999995
	54164	-0.42650006
	58693	-0.42576971
	54714	-0.42564
	54728	-0.42432000000000003
	59001	-0.42359098
	53705	-0.42270956
	56593	-0.41942406
	53573	-0.41939999999999994
	54803	-0.41856
	59061	-0.41797215
	54848	-0.41772000000000004
	57191	-0.41759999999999997
	57204	-0.41752811999999995
	57891	-0.41659611
	53973	-0.414
	58236	-0.41352557999999995
	57696	-0.41132129000000006
	58750	-0.41109195
	52842	-0.40877408
	58254	-0.40583648999999994
	53992	-0.40272
	54812	-0.40247999999999995
	57853	-0.40065698
	54099	-0.39953965
	56296	-0.39403952999999997
	50658	-0.39194791
	53994	-0.3912
	57606	-0.39066896999999995
	56886	-0.39035297999999996
	58607	-0.39010734
	58906	-0.38724059
	53484	-0.38717874
	57792	-0.38689658
	57082	-0.38688
	57098	-0.3864
	59310	-0.38414450000000006
	58122	-0.38413851
	50659	-0.38396685
	50745	-0.38046297000000007
	57679	-0.37760831
	57778	-0.37611760000000005
	58250	-0.37465881
	57640	-0.37451222
	56485	-0.37402683
	54726	-0.37151999999999996
	59053	-0.37118679
	59644	-0.37049877000000003
	54716	-0.36996
	58143	-0.3691816499999999
	58264	-0.36886566
	58337	-0.36833900999999997
	50960	-0.36829672
	58340	-0.36739103999999995
	58715	-0.36705867000000003
	53763	-0.36588
	50739	-0.36537682000000005
	57723	-0.36454713
	56889	-0.36412581
	50859	-0.36411153
	53796	-0.36372
	55248	-0.36339444
	59849	-0.36231504000000003
	50750	-0.36109430000000003
	58339	-0.36107123999999996
	58463	-0.3602
	54708	-0.35868
	58116	-0.35770068
	53806	-0.35517608
	59215	-0.35192223
	57996	-0.35146355
	58748	-0.34825279000000003
	56991	-0.34706234999999996
	59493	-0.34355132
	57061	-0.34164
	58016	-0.3415851899999999
	59941	-0.34131297
	54712	-0.34056
	57194	-0.33924
	57067	-0.33912000000000003
	53666	-0.33899999999999997
	59041	-0.33873518
	50983	-0.3367618
	58241	-0.3360027
	54113	-0.3357885
	50962	-0.33569117
	50888	-0.33500986000000005
	56996	-0.33421209
	56199	-0.33410675999999995
	54744	-0.3336
	57093	-0.33336
	53467	-0.33316059000000003
	58338	-0.33252680999999995
	54711	-0.33204
	57896	-0.33105229
	50742	-0.33101933000000006
	57707	-0.33063086999999997
	56399	-0.32978822999999996
	53681	-0.32976
	53499	-0.32904
	58361	-0.3281
	54849	-0.32808
	54811	-0.32592
	57955	-0.32428676
	57832	-0.31735928999999996
	58150	-0.31556867999999993
	57096	-0.31488
	57193	-0.3144
	51133	-0.31390562
	59209	-0.31316377
	54710	-0.31308
	58461	-0.3111
	58609	-0.31064103
	53771	-0.31008
	53576	-0.30696
	57745	-0.30662758000000007
	57649	-0.30628357
	57507	-0.30608898
	56298	-0.30482501999999995
	58147	-0.30261309
	53877	-0.3018
	50854	-0.30026305000000003
	59082	-0.29986205000000005
	56462	-0.29892653999999996
	56598	-0.29892653999999996
	53481	-0.29841378
	53784	-0.29748
	54731	-0.29664
	57084	-0.29592
	57948	-0.2935552
	58223	-0.29302806
	57742	-0.29208008999999996
	54703	-0.29135999999999995
	54248	-0.29121136000000003
	58462	-0.291
	57806	-0.2896575
	55664	-0.28960786
	53698	-0.28919999999999996
	57882	-0.28747769
	58002	-0.28656
	56883	-0.28565495999999996
	54012	-0.28332763000000005
	54169	-0.28245166000000005
	59500	-0.28162952
	53662	-0.28092
	53776	-0.28092
	53810	-0.28076419
	53889	-0.27816
	58104	-0.27696
	57841	-0.27669871
	53981	-0.27636
	54830	-0.27276
	53594	-0.27204
	54609	-0.27144
	56582	-0.27048743999999997
	58011	-0.27048
	58660	-0.26706643
	57182	-0.26676
	57900	-0.26501028
	57964	-0.26328232
	53399	-0.26304
	56584	-0.26290368
	53770	-0.26088
	57162	-0.26064
	56195	-0.25784783999999994
	58048	-0.25784783999999994
	57544	-0.25777816000000003
	57903	-0.25721585999999996
	53490	-0.25668
	56977	-0.25553058
	54304	-0.25523999999999997
	50741	-0.25461528
	53978	-0.25248
	54252	-0.25237669
	56290	-0.25205468999999997
	50646	-0.25179271
	58012	-0.25047474
	53768	-0.25044
	57969	-0.24975126
	53873	-0.24888
	59075	-0.24826055
	53906	-0.24816
	54829	-0.24744
	54187	-0.24624490000000002
	58113	-0.24426026999999997
	58744	-0.24367375
	56196	-0.24299630999999997
	53480	-0.24186505000000003
	54822	-0.2412
	53884	-0.2406
	54494	-0.23952913000000003
	54718	-0.2388
	57771	-0.23874294000000001
	57976	-0.23874294000000001
	56788	-0.23825646
	57188	-0.23676
	58642	-0.23553218
	57713	-0.23520188999999997
	54806	-0.23328
	57762	-0.23151873
	54737	-0.23099999999999998
	59297	-0.22945467
	56594	-0.22898742
	53866	-0.2286
	57814	-0.22846076999999998
	57738	-0.22825010999999998
	53676	-0.22799999999999998
	57789	-0.22739061000000002
	54702	-0.22583999999999999
	57809	-0.22540619999999997
	50958	-0.22531895000000002
	54192	-0.22502696
	52889	-0.22416
	54800	-0.22355999999999998
	58360	-0.22161431999999998
	54730	-0.2196
	54727	-0.21912
	54857	-0.219
	59322	-0.21695564
	54945	-0.21684
	58243	-0.21613715999999997
	58421	-0.21582116999999998
	53863	-0.21432
	57728	-0.21403055999999998
	54401	-0.21216000000000002
	53772	-0.20844
	53995	-0.20759999999999998
	57186	-0.20759999999999998
	58600	-0.20732335999999998
	58145	-0.20718411
	58436	-0.20581481999999998
	57875	-0.2052593
	54921	-0.20471999999999999
	54186	-0.20293305
	59126	-0.20285123000000002
	58108	-0.20265491999999996
	58331	-0.20254958999999997
	58843	-0.20124585
	58246	-0.20118029999999998
	59271	-0.20090184
	58706	-0.20032849
	53954	-0.19764
	54801	-0.19752
	54386	-0.19611995000000002
	52895	-0.1956
	54286	-0.19475733
	56995	-0.19401786
	58128	-0.19243791
	57763	-0.19115489
	53272	-0.19028015
	53988	-0.18924
	57179	-0.1866
	50871	-0.18590030000000002
	57643	-0.18507737999999999
	57175	-0.18455999999999997
	51334	-0.18428779
	57992	-0.18243997
	58659	-0.18209596
	54308	-0.18155999999999997
	58316	-0.17969297999999997
	59072	-0.17865586
	57718	-0.17674373999999998
	54810	-0.17436000000000001
	53760	-0.17423999999999998
	53892	-0.17423999999999998
	53276	-0.17295541
	54707	-0.17184
	56497	-0.17147723999999998
	57761	-0.17051429
	53872	-0.16968
	54349	-0.16896488
	53885	-0.16607999999999998
	58907	-0.16523947000000003
	57868	-0.16478079
	57842	-0.1628314
	54802	-0.1626
	56567	-0.16210286999999998
	54729	-0.1596
	59055	-0.15950597
	57655	-0.15790059
	54293	-0.15786926
	53781	-0.15744
	58249	-0.15357114
	51060	-0.15337961
	58837	-0.15044704000000003
	53677	-0.15036
	51053	-0.14891311
	57095	-0.14867999999999998
	54292	-0.14706563000000003
	52993	-0.14604
	58442	-0.14598738
	57719	-0.14567138999999998
	57099	-0.14459999999999998
	58022	-0.14412
	53384	-0.1440484
	56106	-0.14399996
	59213	-0.14264948
	54096	-0.1411285
	57926	-0.13787697
	57894	-0.13783334
	52896	-0.13608
	51356	-0.13587093
	58025	-0.1356
	57666	-0.13427857
	55437	-0.13417366
	57798	-0.13393456
	59278	-0.13370522
	57189	-0.13355999999999998
	56491	-0.13313712
	50987	-0.13266079
	57635	-0.13124117999999999
	54843	-0.12996
	58345	-0.12829194
	56396	-0.12755462999999997
	53585	-0.12719999999999998
	58118	-0.12629067
	53674	-0.12552
	53897	-0.12539999999999998
	57087	-0.12431999999999999
	56793	-0.12292010999999999
	54260	-0.12273313
	50775	-0.12253847000000002
	57859	-0.12200888
	54704	-0.1212
	58549	-0.12109152000000001
	50913	-0.12107852000000001
	57887	-0.12051817000000001
	53679	-0.1194
	50915	-0.11932658
	57180	-0.11843999999999999
	59851	-0.11791665000000001
	58433	-0.11765360999999998
	58020	-0.1176
	59237	-0.11409665000000001
	54844	-0.11291999999999999
	56189	-0.11207111999999998
	52978	-0.11195999999999999
	58441	-0.11049116999999999
	57985	-0.10859249000000001
	50778	-0.10647902000000001
	57051	-0.10608000000000001
	58658	-0.10423502999999999
	56183	-0.10238075999999999
	58336	-0.10238075999999999
	57708	-0.10048481999999999
	53968	-0.10043999999999999
	53980	-0.10008
	55593	-0.09879898000000001
	57187	-0.09792000000000001
	53878	-0.09648
	57866	-0.09609346
	53881	-0.09594042
	54842	-0.09504
	58130	-0.09448100999999999
	58608	-0.09357072000000001
	58001	-0.09264
	51367	-0.09254588
	51330	-0.09165258
	58707	-0.09070397000000001
	51358	-0.08950865999999999
	58013	-0.08858252999999999
	57075	-0.08808
	50655	-0.08798631999999999
	59658	-0.08772255
	58004	-0.08748
	54909	-0.08292
	58240	-0.08236805999999999
	53673	-0.081
	58665	-0.07958098000000001
	52875	-0.07878906
	56989	-0.07625892
	53975	-0.07584
	58342	-0.07552160999999999
	56986	-0.07541627999999999
	59130	-0.07487951
	56376	-0.07467897
	54827	-0.07464
	59099	-0.07304479000000001
	54821	-0.07271999999999999
	50877	-0.06978561
	53617	-0.06842678
	53785	-0.06708
	57909	-0.06583125
	53950	-0.06516
	59940	-0.06500082
	57089	-0.06492
	53678	-0.06384
	53707	-0.06288832
	53792	-0.06251999999999999
	53579	-0.061799999999999994
	59502	-0.06157779
	59280	-0.059972410000000004
	53894	-0.05915999999999999
	51137	-0.058243159999999995
	52885	-0.0576
	53962	-0.05616
	57735	-0.05529824999999999
	56782	-0.05424494999999999
	57178	-0.05412
	58005	-0.05328
	59838	-0.05315049
	58015	-0.05298098999999999
	58826	-0.0527482
	56565	-0.052454339999999995
	54717	-0.05244
	58259	-0.051295709999999994
	58102	-0.05097971999999999
	59448	-0.04919343
	57829	-0.049189109999999994
	57600	-0.046239869999999995
	55472	-0.04457567
	57915	-0.04371195
	54732	-0.04332
	57195	-0.04272
	58944	-0.04082252
	57271	-0.03864
	53883	-0.03684
	51145	-0.0339454
	54076	-0.03318953
	58643	-0.03119024
	57154	-0.030479999999999997
	58926	-0.029699530000000002
	58824	-0.02924085
	56295	-0.027807119999999998
	59480	-0.027406130000000004
	58114	-0.02538453
	57902	-0.024331229999999995
	53397	-0.02196
	53685	-0.020279999999999996
	54080	-0.02024464
	57981	-0.019608570000000002
	54816	-0.0192
	58432	-0.01664214
	54831	-0.0162
	53996	-0.01584
	59294	-0.01548045
	56297	-0.012323609999999999
	58234	-0.011796959999999999
	57508	-0.01169163
	57777	-0.011122990000000001
	58601	-0.009402940000000002
	53469	-0.0087597
	59205	-0.0074784299999999995
	59481	-0.00710954
	58330	-0.007057109999999999
	53890	-0.006719999999999999
	58047	-0.00621447
	51804	-0.0037518599999999997
	58747	-0.0025227400000000003
	56964	-0.0017906099999999998
	59324	-9.173600000000001E-4
	58938	-6.8802E-4
	56386	0.0013692899999999998
	57808	0.0022119299999999995
	54290	0.00243325
	51243	0.0034838699999999996
	59476	0.004242790000000001
	59071	0.00561883
	58141	0.006109139999999999
	57845	0.007912230000000001
	53789	0.00888
	56975	0.00990102
	57545	0.011270309999999999
	59117	0.01135233
	59475	0.0126137
	58269	0.012639599999999999
	51357	0.0133995
	50136	0.01343154
	57990	0.01387507
	59485	0.014333750000000001
	58557	0.01444842
	58107	0.014535539999999998
	58131	0.01506219
	55578	0.015454089999999998
	59229	0.015824460000000002
	53861	0.016919999999999998
	53794	0.0174
	50862	0.018979350000000002
	58746	0.020869940000000003
	53472	0.023261870000000004
	53986	0.0234
	59650	0.02396603
	56891	0.02591118
	54819	0.026399999999999996
	53991	0.026520000000000002
	50247	0.028907010000000004
	56586	0.029071079999999996
	56881	0.03001905
	53888	0.03072
	55493	0.03189081
	59289	0.03233694
	57604	0.03296829
	58836	0.033942320000000005
	54725	0.0348
	59246	0.03520369
	54825	0.035399999999999994
	57091	0.03564
	59238	0.038758459999999995
	56444	0.039077429999999996
	56985	0.03928809
	56389	0.039709409999999994
	51352	0.039930509999999995
	58007	0.040319999999999995
	54276	0.041365250000000006
	54919	0.04176
	59255	0.04231323000000001
	58828	0.0424279
	57192	0.04259999999999999
	51068	0.04546897
	56194	0.04592387999999999
	57119	0.04836
	53464	0.049151650000000005
	56792	0.04961043
	57049	0.050159999999999996
	58705	0.05137216
	56291	0.051401039999999995
	58049	0.052559669999999996
	58314	0.052665
	53891	0.05483999999999999
	53378	0.05625674
	59102	0.0584817
	59321	0.05882571
	53759	0.05964
	54305	0.05985795
	53976	0.06084
	57661	0.06100444
	58220	0.06246068999999999
	59843	0.06593946
	53869	0.06648
	57736	0.06751652999999999
	54917	0.0678
	59007	0.06930713999999999
	59065	0.06937535
	56961	0.07109775
	59470	0.07235677
	55598	0.07289328
	53778	0.07452
	53693	0.07572
	59640	0.07591154
	53455	0.07620939
	50979	0.07679337
	55696	0.07869973
	51495	0.07923571
	54267	0.07932395
	58255	0.07941881999999999
	57816	0.08057745
	53898	0.08256
	57637	0.08436932999999999
	56186	0.08552795999999999
	58021	0.08603999999999999
	54705	0.08819999999999999
	57886	0.08909859
	54736	0.08916
	55680	0.08995531
	53868	0.09108
	56188	0.09595562999999999
	54835	0.096
	58026	0.09964218
	58818	0.1009096
	58126	0.10248608999999999
	58268	0.10343405999999998
	57916	0.10364472
	52874	0.10621337
	57106	0.1074
	57143	0.10787999999999999
	50749	0.10813363000000001
	56984	0.10954319999999998
	58125	0.11006984999999998
	58017	0.11016000000000001
	58327	0.11091248999999999
	58101	0.11232
	56498	0.11259776999999999
	56257	0.11270309999999999
	51810	0.11309177999999999
	50779	0.11368144000000001
	54165	0.11397343
	52876	0.11684364
	54263	0.11699066000000001
	58431	0.11723228999999999
	53956	0.12011999999999999
	58139	0.12134015999999999
	54631	0.12143999999999999
	57662	0.12235289
	53895	0.12276
	53917	0.12408
	56691	0.12460539
	57923	0.12460539
	58813	0.12659568000000002
	54171	0.12740497
	51642	0.12890319
	56772	0.13029321
	58224	0.13081985999999998
	58927	0.13118248000000002
	50656	0.13139550000000003
	52737	0.13283371
	56272	0.13345310999999999
	56873	0.13429575
	52657	0.13515628999999998
	57183	0.13535999999999998
	54814	0.13548
	54907	0.13584
	57297	0.13584
	53945	0.13608
	58760	0.13714532000000001
	54724	0.13727999999999999
	54632	0.138
	58117	0.13850895
	52972	0.13872948999999998
	58024	0.13992
	57796	0.14070009
	50776	0.14190714000000001
	52575	0.1421018
	57633	0.14293280999999997
	53984	0.14328
	58823	0.14391085
	53953	0.14412
	59211	0.14528689
	53965	0.14532
	54916	0.14567999999999998
	53565	0.147
	53775	0.14736
	54932	0.15072
	53899	0.15204
	58100	0.15527999999999997
	53665	0.15672
	58806	0.1582446
	56790	0.15894297
	54920	0.1626
	54936	0.16332
	52963	0.16463519
	57285	0.16523999999999997
	57293	0.16536
	58038	0.1653681
	51811	0.16624313
	58230	0.16631607
	54098	0.16672629000000003
	57699	0.16695952000000003
	57057	0.16848
	57914	0.16894931999999996
	58359	0.16937064
	57739	0.17042394
	56307	0.17088829
	58821	0.17120231
	53958	0.17436000000000001
	57646	0.17533043
	56970	0.17684906999999997
	59287	0.17739449000000002
	58933	0.17762383
	59125	0.17854119000000002
	54734	0.17868
	52884	0.17975999999999998
	53795	0.18084
	57889	0.18175195000000002
	53915	0.1818
	58109	0.18411684
	51346	0.18553841
	57304	0.18611810999999998
	53750	0.18624
	57505	0.18643409999999996
	57295	0.189
	59230	0.19012286
	58003	0.19055999999999998
	56948	0.19138460999999998
	53961	0.19211999999999999
	53512	0.19222675000000003
	56033	0.19393543
	58341	0.19401786
	57290	0.19427999999999998
	59951	0.19476780000000002
	56880	0.1948605
	50968	0.19592529000000003
	58401	0.19675643999999998
	53893	0.19727999999999998
	56489	0.19749374999999997
	59022	0.19780575
	58138	0.19791507
	51238	0.19929523
	53797	0.20063999999999999
	54832	0.201
	59044	0.20285123000000002
	57294	0.20292
	57260	0.20391887999999997
	57574	0.20606199
	58606	0.206406
	58006	0.20687999999999998
	54818	0.20784
	57206	0.20960669999999998
	51559	0.21010415999999998
	57954	0.21030478000000002
	54172	0.21042746
	53937	0.21336000000000002
	57741	0.21339857999999998
	52863	0.21349869999999999
	59318	0.21477691000000002
	58420	0.21655848
	51359	0.21885849999999998
	58221	0.21908639999999996
	52112	0.2197518
	50873	0.21996580000000002
	56885	0.22024502999999998
	54923	0.22655999999999998
	58321	0.23098868999999997
	50647	0.23135341
	58244	0.23183132999999997
	59303	0.23289477
	54351	0.23300802
	56585	0.23393792999999996
	54841	0.23424
	57273	0.23435999999999998
	58814	0.23564685
	57811	0.23604452999999997
	59081	0.23633487000000003
	58326	0.23730848999999998
	53553	0.23913981
	57867	0.23943096000000003
	56382	0.24057371999999996
	53798	0.24251999999999999
	54820	0.24419999999999997
	51076	0.24422821999999997
	57292	0.24503999999999998
	56496	0.2454189
	57265	0.2454189
	59469	0.24585248
	59945	0.24709698000000002
	54755	0.24936
	53419	0.25023543000000004
	56164	0.25194935999999996
	58127	0.25205468999999997
	57307	0.25216002
	57196	0.25379999999999997
	51329	0.25414384999999995
	53446	0.25422596000000003
	57995	0.25605811
	57268	0.25626788999999994
	53983	0.25668
	53964	0.25739999999999996
	54497	0.25850848000000004
	57517	0.26248235999999997
	59446	0.26328232
	53574	0.264
	56949	0.26532627
	53871	0.26568
	58731	0.26741044
	58034	0.2682
	57242	0.26868
	58424	0.26880215999999996
	58214	0.26901282
	59454	0.27085054000000003
	54925	0.27227999999999997
	53959	0.2736
	51815	0.27370712
	50353	0.27456793
	54824	0.27468
	58742	0.27474932
	59663	0.27566668
	56391	0.27606992999999996
	54181	0.27622254
	58358	0.27975648
	59473	0.28002414000000003
	56966	0.28365368999999996
	58426	0.28502298
	58035	0.28807755
	53903	0.28925054
	57966	0.29137647
	56763	0.29376536999999997
	54915	0.294
	56152	0.29471334
	57674	0.29504590999999997
	58448	0.29504590999999997
	56786	0.29534531999999997
	51328	0.29666493
	58344	0.29892653999999996
	58416	0.29966384999999995
	53385	0.29997106
	53963	0.30336
	57973	0.30399017
	59319	0.30467819
	54834	0.3048
	54266	0.30483756
	57828	0.30777425999999997
	58140	0.30777425999999997
	58730	0.3084623
	57907	0.31125014999999995
	57720	0.31251411
	57781	0.31270509
	54823	0.31523999999999996
	59093	0.31625986
	57780	0.3164892
	58460	0.3198
	58450	0.32061732000000004
	57056	0.321
	58667	0.32210803
	53970	0.32232
	58354	0.3230471099999999
	54092	0.3231356
	59124	0.32348407
	57198	0.32364
	53757	0.32472
	53767	0.32604
	56276	0.32694431999999995
	53957	0.32736
	58202	0.32905091999999997
	56876	0.33010422
	50639	0.33024069
	53914	0.33516616
	57565	0.33690046
	52855	0.33704209
	58644	0.33747381000000004
	58846	0.33804716
	57053	0.33827999999999997
	53882	0.33852
	58245	0.33895193999999995
	53149	0.34075233000000005
	53773	0.34272
	53862	0.34392
	52856	0.34427782
	59655	0.34527136999999997
	51430	0.34704705
	57153	0.34787999999999997
	51814	0.34910164
	58215	0.35232884999999997
	53478	0.35268
	57910	0.35327681999999994
	57960	0.35490365
	56987	0.35664737999999996
	58008	0.35711999999999994
	53791	0.35819999999999996
	54815	0.35916
	57023	0.35988
	58041	0.36043926
	53588	0.3606
	57786	0.36178385
	53466	0.3630409
	53949	0.36516
	57575	0.36533862
	57554	0.36568263
	56393	0.36570576
	56973	0.3660217499999999
	58212	0.36665373
	58257	0.36686439
	53799	0.36732
	53545	0.36829672
	50878	0.36878337000000005
	51636	0.36911156
	52955	0.37000486
	56783	0.37055093999999994
	54939	0.37392
	56898	0.37392149999999996
	54913	0.3756
	58247	0.3756067799999999
	54935	0.37776000000000004
	53614	0.37893786
	53289	0.37948967000000006
	53875	0.38196
	52797	0.38411999999999996
	56978	0.38466516
	53993	0.38495999999999997
	59316	0.38540587000000004
	53916	0.38572694
	51369	0.38581627
	58235	0.38761439999999997
	51886	0.38778153
	51365	0.38796019
	51437	0.38912147999999996
	59754	0.39102470000000006
	53577	0.3912
	54365	0.39603577
	57298	0.39804
	54837	0.4002
	54805	0.40164
	59241	0.40191835
	50973	0.4039195
	54259	0.40518479
	56774	0.40636313999999996
	59654	0.40673449000000006
	54094	0.40722872000000004
	56081	0.40896
	58712	0.40914256000000004
	58435	0.40941770999999993
	58427	0.41015502
	56187	0.41120831999999996
	54633	0.41279999999999994
	53463	0.41355517
	57245	0.41412
	54918	0.41604
	52982	0.417
	51573	0.41922569
	53924	0.41928
	56478	0.41963471999999996
	57881	0.41980687
	59856	0.42039339000000003
	59131	0.42152691999999997
	58203	0.42205730999999996
	53519	0.42565745
	52988	0.42575999999999997
	53865	0.42732000000000003
	59457	0.42748976000000005
	54493	0.42854399000000004
	58735	0.43035651
	54093	0.43146389000000007
	50978	0.43272918000000005
	59113	0.43310859
	57407	0.43364360999999996
	56286	0.43469691
	52974	0.43485844
	53955	0.43632
	57540	0.43754081999999994
	53659	0.43836
	54922	0.43836
	56775	0.43859412
	58751	0.43895676
	50965	0.44090490000000004
	52602	0.4439701
	50557	0.44470077
	53850	0.44483999999999996
	51717	0.44504205999999996
	58320	0.4461778799999999
	57113	0.44771999999999995
	52447	0.44952
	53857	0.45024
	54809	0.45024
	57671	0.45030909
	54846	0.45108
	59315	0.45168513
	54905	0.45299999999999996
	53669	0.45408
	54927	0.45588
	54374	0.45618571
	57911	0.45850148999999996
	56384	0.45881747999999994
	59047	0.46017071
	51708	0.46076414000000004
	58464	0.46223477
	51467	0.46371203
	53754	0.4638
	58404	0.46513727999999993
	54353	0.46514007
	53543	0.46533473000000003
	58225	0.46755987
	51542	0.46773187999999993
	58032	0.46788
	58040	0.46977179999999996
	54640	0.47003999999999996
	52495	0.47341312
	56962	0.473985
	53619	0.4761289
	50727	0.47623569000000004
	53925	0.4764
	51802	0.47684354
	51438	0.47737952
	54938	0.48012
	57211	0.48084
	58237	0.48104210999999997
	52446	0.48167999999999994
	53786	0.4818
	57807	0.48251672999999995
	57197	0.48527999999999993
	56288	0.4855713
	57698	0.48688882
	53611	0.48702716
	57216	0.4876779
	58132	0.48788855999999997
	57905	0.4886258699999999
	53610	0.49220830000000004
	59031	0.493081
	59314	0.49365435
	55228	0.49470953999999995
	54749	0.49572
	57793	0.4965211
	58820	0.49869983
	53748	0.49895999999999996
	59270	0.50041988
	56785	0.50179212
	57176	0.50208
	54914	0.50256
	53704	0.5038212
	56434	0.5039105300000001
	53578	0.50652
	51633	0.50757306
	53821	0.51216
	59293	0.5147536300000001
	59948	0.51554802
	57865	0.5183084
	58323	0.52180482
	57813	0.52201548
	58647	0.52392723
	51377	0.52579638
	56969	0.52612335
	59106	0.52667931
	51855	0.52865494
	53997	0.52932
	58030	0.52932
	58520	0.53002056
	53942	0.5304
	56878	0.5308632
	53502	0.5317137900000001
	53505	0.53366039
	57837	0.53497107
	58044	0.53792031
	58242	0.53813097
	51818	0.53821325
	57127	0.53904
	54377	0.5411548
	58734	0.54342113
	55279	0.54357305
	53787	0.5436
	58443	0.54445316
	56982	0.54645204
	58343	0.5469786899999999
	53896	0.5474399999999999
	58451	0.54789326
	51526	0.54812888
	54908	0.5508
	58208	0.55092
	57573	0.55108656
	57520	0.5519292
	57669	0.55282407
	54911	0.5534399999999999
	58301	0.555
	52418	0.55524
	59091	0.55626417
	53856	0.5568
	59114	0.55683752
	53612	0.55759786
	58129	0.5578276799999999
	53660	0.5578799999999999
	51707	0.55902714
	59269	0.5598189400000001
	57134	0.5622
	54804	0.56268
	57296	0.5646
	53618	0.56483359
	54929	0.56556
	53989	0.567
	51704	0.56742416
	53615	0.5685854499999999
	53231	0.56908851
	57024	0.56916
	57253	0.57004596
	58045	0.57078327
	53874	0.57084
	53764	0.57252
	56181	0.57331119
	51156	0.5734986
	57052	0.57516
	58559	0.57828081
	57839	0.5803683
	57032	0.58224
	59488	0.58240893
	54808	0.5831999999999999
	53433	0.58417466
	57827	0.5842655099999999
	57895	0.58470233
	58612	0.58573436
	53518	0.58680877
	53944	0.5873999999999999
	53967	0.5890799999999999
	50788	0.59089043
	56371	0.5926919099999999
	50879	0.59351834
	54904	0.59364
	53753	0.5950799999999999
	54362	0.59536761
	59288	0.59548131
	58622	0.59616933
	56879	0.59732643
	58928	0.5974307000000001
	57022	0.59808
	59242	0.5994947600000001
	57680	0.5998387700000001
	54738	0.60072
	53457	0.6014994
	54828	0.60192
	53860	0.6050399999999999
	52957	0.60592539
	57385	0.6119672999999999
	56494	0.6120726299999999
	50632	0.6122057000000001
	59046	0.6123378
	50442	0.6138603100000001
	52986	0.61536
	56548	0.61575918
	56645	0.61818177
	54284	0.62047875
	59848	0.62055837
	51777	0.62075417
	50246	0.6237879700000001
	57927	0.62816226
	59757	0.62924079
	50963	0.6306984000000001
	57233	0.63276
	57876	0.6341251000000001
	53859	0.63612
	53562	0.6368301900000001
	57562	0.63722119
	57026	0.6381600000000001
	56844	0.63819447
	53756	0.6392399999999999
	52984	0.6403199999999999
	59023	0.6444454000000001
	53941	0.6463199999999999
	53324	0.6464658600000001
	58415	0.6477795
	58036	0.64788483
	52576	0.64948309
	56092	0.65052
	54910	0.65316
	59954	0.6544667399999999
	57279	0.6583125
	58353	0.65841783
	56836	0.65926047
	52818	0.66095267
	57958	0.6618752400000001
	57004	0.66396
	56080	0.6649200000000001
	58238	0.66547494
	54371	0.6676838
	51434	0.6681884
	53517	0.6685457199999999
	59478	0.66864077
	54826	0.6706799999999999
	59045	0.67070483
	57694	0.67139285
	53751	0.67248
	52836	0.67336954
	57625	0.67505997
	56180	0.67527063
	57634	0.6753759599999999
	54285	0.6766381600000001
	51716	0.67685341
	58446	0.67747036
	51436	0.67774671
	56569	0.6799051499999998
	56781	0.6819064199999999
	57030	0.6855600000000001
	58423	0.6873835799999999
	58903	0.6882493399999999
	57370	0.6883315499999999
	52983	0.6909599999999999
	53864	0.6911999999999999
	57388	0.6914914499999999
	57824	0.69349272
	56684	0.6941246999999999
	58923	0.69432685
	55572	0.69623802
	57506	0.6965472899999999
	59673	0.69684959
	57140	0.69912
	54363	0.70204129
	56284	0.7021297799999999
	59290	0.70441781
	58942	0.70510583
	58222	0.70708029
	51730	0.7074042700000001
	53357	0.7075891
	53513	0.7079784200000001
	58135	0.7083442499999999
	59279	0.70854593
	59038	0.71015131
	56688	0.71276811
	56018	0.71330005
	51571	0.71892784
	58205	0.71988
	52995	0.7210799999999999
	58210	0.7212998399999999
	59027	0.72425572
	59092	0.72437039
	58544	0.7254024200000001
	52679	0.72588
	52607	0.72929369
	54807	0.73068
	53998	0.7322399999999999
	53352	0.7333815499999999
	59659	0.73354399
	53727	0.7369724999999999
	53848	0.7375200000000001
	58311	0.7402592399999999
	50964	0.7423359100000001
	58713	0.74443764
	59855	0.7465707899999999
	57577	0.74696038
	58306	0.7471056899999999
	57045	0.75
	52533	0.75132
	51628	0.7557318
	57537	0.7594292999999999
	58414	0.7595346299999999
	56483	0.7636424999999999
	56198	0.76437981
	51378	0.7655581
	53644	0.76657108
	58523	0.7686983399999999
	57238	0.7695599999999999
	52745	0.77038192
	56875	0.7709102699999999
	57208	0.77291154
	58457	0.7729904700000001
	59477	0.77413717
	51709	0.77529507
	51644	0.77574172
	57913	0.7762820999999999
	57232	0.7776
	53927	0.7781999999999999
	52424	0.78012
	59441	0.78044402
	57028	0.78228
	56251	0.7848138299999999
	59116	0.7866362000000001
	58845	0.78732422
	58656	0.78755356
	53533	0.78876232
	57772	0.78961762
	58456	0.78961762
	59487	0.79042031
	57016	0.7916399999999999
	51477	0.7925357599999999
	59462	0.79271371
	56872	0.79376688
	53854	0.7956
	58718	0.7983325400000001
	59320	0.7984472100000001
	59017	0.8007406100000001
	57155	0.80184
	57906	0.80229861
	52643	0.8025599999999999
	57012	0.80292
	56882	0.8029305899999999
	52203	0.8037020100000001
	57137	0.80712
	56764	0.8079864299999999
	57583	0.8084077499999999
	58616	0.80853817
	56287	0.8105143499999999
	57972	0.81060223
	53658	0.8136
	58351	0.8145168899999999
	56778	0.81493821
	56193	0.8153595299999999
	58745	0.81622106
	54906	0.81732
	57499	0.8178874499999998
	57663	0.81931715
	56071	0.81936
	56664	0.8193620699999999
	52869	0.8207640399999999
	53564	0.8216399999999999
	53730	0.82253583
	57408	0.8239965899999999
	52713	0.82496255
	52853	0.8253198700000001
	58548	0.82573867
	53602	0.82652636
	58834	0.8275733900000001
	53732	0.8287649500000001
	53817	0.83050101
	53567	0.83076
	56766	0.83094837
	56596	0.8317910099999999
	53522	0.8327554800000001
	57496	0.8336869499999999
	57564	0.8339949099999999
	57395	0.8340029399999999
	52825	0.83487818
	57525	0.83653086
	57458	0.8377948199999999
	57025	0.83808
	56285	0.83884812
	51087	0.84157793
	57044	0.84396
	57511	0.84432528
	51431	0.8474737099999999
	56863	0.8478011699999999
	57060	0.84792
	58547	0.8480993200000001
	56459	0.8503290899999999
	58417	0.8508557399999999
	52436	0.85368
	58550	0.85475018
	58352	0.85643823
	53931	0.8570399999999999
	57129	0.85776
	56171	0.8590714799999999
	51720	0.8621238299999999
	53841	0.86472
	56839	0.86528595
	54900	0.8664
	54273	0.8670156400000001
	52313	0.8682875999999999
	51572	0.8684662599999999
	58449	0.8689692600000001
	57111	0.8694000000000001
	51931	0.87257544
	51705	0.87668462
	57020	0.87696
	50884	0.87781927
	53651	0.8781599999999999
	56004	0.87981117
	53420	0.8818098000000001
	53348	0.88210179
	57027	0.88464
	58542	0.88467905
	54274	0.8849243600000001
	53368	0.8881362500000001
	52998	0.89112
	56761	0.8960423099999999
	59647	0.8978661000000001
	57128	0.9003599999999999
	58455	0.90084752
	58319	0.9015194699999999
	57213	0.9016799999999999
	57261	0.9029999999999999
	52323	0.90444
	51722	0.9049128999999999
	58555	0.9050903100000001
	57021	0.9059999999999999
	59656	0.9068103599999999
	59453	0.90875975
	58543	0.9089890899999999
	56151	0.9099153799999999
	59845	0.91177143
	53723	0.91348858
	57299	0.9175199999999999
	56490	0.9193202399999999
	57377	0.9193202399999999
	54901	0.9199199999999998
	58941	0.92068543
	51581	0.9210816299999999
	51463	0.9235828700000001
	59306	0.92378152
	57558	0.9281389800000001
	57688	0.92894167
	56029	0.92938932
	57390	0.93036
	56043	0.9317118999999999
	56757	0.93290781
	57256	0.9343824299999999
	57308	0.9353303999999999
	51435	0.9353744299999999
	56871	0.93733167
	53938	0.9388799999999999
	56383	0.9401755799999999
	57363	0.9412288799999998
	57614	0.9421768499999998
	57002	0.9427199999999999
	57126	0.94344
	57037	0.9439199999999999
	58454	0.94442212
	57003	0.94584
	57522	0.9458633999999999
	58839	0.94660085
	57278	0.9468113699999999
	52833	0.94707666
	58558	0.9477475500000001
	59059	0.9479768900000001
	56067	0.95064986
	58408	0.95207787
	56381	0.9528151799999999
	57034	0.95412
	52943	0.9556523400000001
	58701	0.95737983
	54902	0.9580799999999999
	58407	0.9594509699999999
	52866	0.96333472
	57031	0.96372
	56185	0.96387483
	57571	0.9682986899999999
	56646	0.9693519899999999
	59653	0.9695348500000001
	57502	0.97029996
	58633	0.9712549
	53832	0.9715199999999999
	51567	0.9721783900000001
	53738	0.97356
	50564	0.97368932
	56767	0.9747238199999999
	59025	0.9758417
	54903	0.9767999999999999
	57169	0.97692
	58452	0.97824977
	58458	0.9796258099999999
	58546	0.9808871800000001
	53362	0.9815730500000001
	58710	0.9815752
	57035	0.9859199999999999
	56954	0.9866261099999999
	58822	0.98742337
	56777	0.9885220499999999
	52996	0.9920399999999999
	53343	0.9922793500000001
	51655	0.99281362
	56870	0.9941045399999999
	57398	0.9965271299999999
	58207	0.9985199999999999
	58631	0.9986610300000001
	57132	0.999
	57077	1.00404
	58503	1.0045092
	53547	1.02079704
	52784	1.02276
	55655	1.02577639
	51186	1.03140418
	56752	1.03402461
	57306	1.0433989799999999
	57566	1.04613441
	57584	1.04762512
	58346	1.0524573599999998
	56958	1.0526680199999998
	59037	1.0540466400000001
	59249	1.05416131
	51839	1.06043643
	58620	1.06241755
	58438	1.06309569
	56652	1.0639383299999998
	58402	1.06625559
	52862	1.06776149
	57623	1.06794087
	51433	1.0681188099999999
	54912	1.0721999999999998
	55690	1.0723173199999998
	57543	1.07426067
	57038	1.07508
	52674	1.0757999999999999
	52267	1.0759831499999999
	57378	1.0764726
	52633	1.07928506
	56223	1.0797317100000001
	53367	1.08114164
	56675	1.08437235
	55294	1.0847341899999998
	50774	1.0852295
	58530	1.0895335199999998
	56952	1.09522134
	57523	1.09574799
	59064	1.0962452
	58619	1.10278139
	57047	1.10364
	57309	1.1060703299999999
	50787	1.1064474400000002
	59122	1.10862956
	57396	1.1097599999999999
	59235	1.11321636
	51829	1.1139451
	59471	1.1157391
	57447	1.1157606899999999
	56751	1.11639267
	59285	1.1176884900000001
	53934	1.1244
	57466	1.12766298
	58519	1.12846747
	56499	1.1316655199999999
	55773	1.1319897600000002
	53529	1.13457581
	57536	1.1360893799999998
	56144	1.1407238999999998
	57054	1.14144
	57498	1.1417772
	56950	1.14356781
	58418	1.1453584199999998
	57105	1.1454
	57682	1.14566797
	56280	1.14662238
	58719	1.15048411
	58510	1.15117213
	57513	1.15431147
	53926	1.15584
	57516	1.15641807
	56021	1.16048603
	51827	1.16191531
	56854	1.16242188
	53829	1.16472
	57144	1.1703599999999998
	56580	1.17042696
	57156	1.17108
	57493	1.1716909199999999
	57541	1.1731655399999998
	53337	1.17360514
	58568	1.17697288
	56317	1.1772800700000001
	52546	1.18248
	59087	1.1883252100000001
	53947	1.1916
	57007	1.19184
	56862	1.1920196099999998
	53845	1.19724
	56669	1.19928738
	58459	1.2012829200000001
	57029	1.20156
	58534	1.20160464
	57399	1.20402723
	59015	1.2081631200000003
	56838	1.20982038
	59034	1.2136672800000001
	56846	1.21529754
	54836	1.21692
	57510	1.21719348
	58618	1.22031814
	58736	1.2204328100000001
	58317	1.2216173399999999
	57582	1.2231972899999999
	53852	1.2247199999999998
	56869	1.22909577
	51629	1.22953812
	57874	1.23098245
	57259	1.23162369
	51568	1.2330219900000001
	56479	1.2356262299999998
	59058	1.2376333099999999
	52681	1.24488
	56267	1.2448952699999998
	55299	1.24713613
	56168	1.2486871499999999
	58664	1.25001767
	58615	1.25265508
	51288	1.2541932
	57043	1.25508
	56867	1.2556389299999997
	57033	1.25592
	57445	1.25616558
	58635	1.2571272100000002
	50880	1.25799025
	57405	1.25922015
	52985	1.2592800000000002
	51469	1.26098228
	57247	1.2611999999999999
	56116	1.26178625
	57362	1.2633280199999999
	52656	1.2633599999999998
	53928	1.26768
	57303	1.27017447
	57486	1.2704904599999998
	52707	1.27616838
	58626	1.27639177
	57041	1.27932
	57381	1.2818661
	56946	1.2896605199999998
	57361	1.2921884399999997
	53853	1.2924
	56756	1.29282042
	56851	1.29292575
	57477	1.2950323499999998
	56146	1.2958749899999997
	57581	1.2966123
	58512	1.3018485100000001
	56944	1.3025107799999998
	57608	1.30546002
	57008	1.3074
	51379	1.30895249
	59312	1.31228348
	59451	1.3232918
	52515	1.32588
	56289	1.3258940399999999
	57481	1.3278953099999997
	56571	1.33126587
	59057	1.33923093
	56380	1.3415882099999998
	57110	1.3426799999999999
	58940	1.3431297100000001
	56742	1.3467493799999999
	56074	1.3491600000000001
	56746	1.34969862
	56670	1.3512785699999998
	58419	1.3555970999999998
	53948	1.35672
	59449	1.3592981800000001
	51656	1.36076389
	54817	1.3748399999999998
	53646	1.37808
	57603	1.3784537099999998
	56674	1.38435219
	56202	1.38532964
	56091	1.3871999999999998
	53336	1.39055371
	57483	1.3911986399999998
	56849	1.39225194
	53929	1.3932
	57001	1.3938
	57710	1.3958331599999998
	51465	1.39694254
	58428	1.3996250399999999
	51828	1.40265966
	53930	1.40376
	57046	1.40508
	56487	1.40784078
	57402	1.4088940799999998
	57102	1.41492
	56475	1.41784713
	51639	1.42070432
	57011	1.42488
	58514	1.42752683
	57595	1.4285907899999999
	59750	1.42901754
	53735	1.434
	51765	1.43857032
	57055	1.4471999999999998
	56856	1.4487088199999998
	53910	1.45831225
	56673	1.4587151699999998
	57518	1.46461365
	58537	1.46467991
	57469	1.4684055299999998
	58737	1.4728214800000001
	50548	1.4745495
	57389	1.4760946199999998
	57254	1.4794800000000001
	56768	1.47999183
	53935	1.48392
	58632	1.4880725900000003
	57609	1.4883129
	56665	1.4989512299999999
	52754	1.5007439999999999
	57124	1.50444
	57040	1.5051599999999998
	56147	1.50906291
	56578	1.5114854999999998
	57673	1.51180928
	57989	1.5269457199999998
	50772	1.52749702
	53923	1.52784
	50673	1.52876231
	52378	1.52954095
	58629	1.5318765300000001
	58704	1.53256455
	56125	1.53460007
	56158	1.5400299299999998
	50468	1.5401499200000002
	57585	1.54219683
	56082	1.5456
	56281	1.54603374
	58437	1.5499309499999998
	57042	1.55028
	56666	1.5527748599999998
	58725	1.5537785
	56835	1.56035862
	56096	1.5612
	56748	1.56235989
	56843	1.5663624299999999
	58527	1.5732724000000002
	56016	1.57738914
	53740	1.58028
	57251	1.58426853
	56842	1.58605914
	51826	1.58766209
	57438	1.5914309699999998
	52652	1.5917999999999999
	57519	1.59448554
	56649	1.5945908699999998
	57590	1.5948015299999998
	56167	1.5989094
	58929	1.5998758400000002
	57612	1.60070001
	53725	1.6019999999999999
	58409	1.6080731099999999
	58501	1.60902108
	56279	1.6187114399999998
	57387	1.6222926599999998
	56651	1.62271398
	58847	1.6245298900000003
	52101	1.6267886299999998
	58844	1.6386343
	58563	1.6405836900000001
	58911	1.64253308
	56192	1.64556
	56643	1.6508370899999998
	56373	1.6613700899999997
	57492	1.6667419199999998
	51711	1.6722576
	59664	1.67337931
	50674	1.67582794
	58477	1.67670474
	56533	1.6789602
	56654	1.67948685
	52908	1.6797613200000001
	59256	1.6815208799999999
	58556	1.68163555
	57315	1.6821201
	56178	1.6867546199999999
	57048	1.68912
	58565	1.6892037700000002
	52557	1.68936
	58531	1.6944437099999998
	57248	1.7064
	56045	1.7079002699999999
	57489	1.71603636
	57476	1.7226721499999997
	57006	1.72572
	57598	1.72670086
	52968	1.73434195
	58724	1.73449842
	59313	1.74321334
	58567	1.75296029
	58509	1.7606431800000002
	58508	1.76729404
	56841	1.7694386699999998
	50566	1.77179532
	57359	1.7773384199999998
	57461	1.7801823299999997
	57257	1.7842901999999998
	57512	1.7888193899999998
	57460	1.7911366499999997
	56745	1.79176863
	57320	1.79345391
	57439	1.7974564499999997
	56312	1.7998208400000002
	57313	1.79987904
	58934	1.8053644800000002
	57348	1.8160998599999998
	58627	1.8161434600000002
	58517	1.81740483
	57491	1.8247369199999999
	56755	1.8277914899999999
	59284	1.83827477
	58634	1.85249385
	57314	1.8582318599999998
	57237	1.8624450599999998
	51627	1.8636024599999998
	56671	1.8651836399999997
	57249	1.86771156
	59456	1.8743958200000002
	59012	1.87772125
	57425	1.8942547199999997
	57217	1.8972039599999997
	57586	1.9006798499999997
	58502	1.9023753
	57355	1.9071049799999997
	56094	1.91736
	57349	1.9235364599999998
	57039	1.9236
	57014	1.9258799999999998
	52661	1.9307999999999998
	57776	1.9374643200000001
	57475	1.9416532199999998
	56951	1.94207454
	52787	1.94448
	56173	1.9642991699999999
	56046	1.96722526
	56182	1.9685123699999998
	57482	1.9706189699999999
	57494	1.9736735399999996
	56038	1.9881037499999998
	58569	1.9911298800000001
	56079	1.99189563
	57485	1.9965301499999997
	57368	1.9974781199999998
	52645	2.01778604
	57509	2.02981443
	58453	2.0363098600000002
	56128	2.04351308
	58625	2.05568909
	58570	2.08309522
	57462	2.0852180099999997
	57231	2.0904
	58529	2.09983704
	57401	2.1012281699999997
	56034	2.1211408499999997
	56065	2.12140884
	57514	2.13482844
	58624	2.1814820800000003
	58500	2.18970537
	56263	2.19886908
	56097	2.2146685799999997
	58562	2.22712074
	57333	2.24047443
	58506	2.2437478900000003
	56137	2.24602419
	58623	2.2567056
	58931	2.25922834
	56641	2.26238307
	56385	2.26406835
	56172	2.26649094
	58484	2.27918092
	58848	2.3047523300000003
	51701	2.3390167199999996
	57343	2.3406
	51482	2.3483963699999997
	58467	2.34924429
	56084	2.35044
	58637	2.4221744099999998
	57451	2.4288044699999998
	57358	2.46419535
	57464	2.47988952
	56840	2.4831547499999997
	57409	2.4928451099999998
	51470	2.49981072
	56227	2.5036519100000003
	52765	2.53536406
	57329	2.6110253699999997
	56278	2.6141852699999997
	56739	2.61818781
	57416	2.62714086
	57465	2.6432563499999997
	57345	2.6517880799999998
	57437	2.69297211
	56095	2.69364
	56374	2.70666501
	57326	2.73952797
	57432	2.75701275
	57411	2.8630800599999997
	51468	2.8930413799999997
	57426	2.96693544
	57589	2.9765204699999996
	58507	3.0249946
	57324	3.04045578
	56093	3.08784
	58946	3.12303745
	58468	3.19952234
	56273	3.20677185
	57417	3.2392134899999996
	57317	3.28345209
	58936	3.28586885
	57318	3.3803556899999996
	57420	3.40205367
	57415	3.47673264
	58935	3.49193084
	57328	3.5207605799999997
	57414	3.53055627
	57431	3.5641565399999995
	57339	3.59775681
	57413	3.7144624499999996
	58932	3.76564813
	59021	4.06000602
