	58402	-3.3275
	58404	-2.7266
	58401	-2.7055
	56969	-2.6975
	57581	-2.5452
	57673	-2.5156
	57583	-2.5145
	57598	-2.5013
	57595	-2.4934
	57585	-2.4809
	57895	-2.4554
	58407	-2.4348
	57348	-2.4127
	58500	-2.3984
	57680	-2.3972
	57590	-2.3952
	58635	-2.3924
	56951	-2.3784
	56966	-2.3412
	57899	-2.3244
	58419	-2.3186
	57469	-2.3181
	57573	-2.317
	58316	-2.3153
	57385	-2.2952
	58637	-2.2942
	57389	-2.2772
	58623	-2.2538
	57571	-2.2491
	57494	-2.2406
	57355	-2.2364
	57486	-2.2315
	58618	-2.2253
	58041	-2.2073
	58104	-2.205024
	57399	-2.204
	58321	-2.2006
	58804	-2.1847
	58510	-2.175
	58237	-2.1737
	58506	-2.1688
	57196	-2.159424
	57390	-2.153376
	57349	-2.1468
	57273	-2.143296
	57491	-2.138
	58517	-2.1339
	57499	-2.1338
	57461	-2.1132
	57696	-2.1128
	54753	-2.110944
	58409	-2.1078
	58626	-2.0995
	58512	-2.0914
	58712	-2.0908
	56867	-2.0879
	57498	-2.0862
	57798	-2.0843
	58320	-2.078
	58214	-2.0647
	57489	-2.0639
	57584	-2.0596
	58323	-2.0401
	58715	-2.0281
	57586	-2.0268
	58507	-2.0214
	57293	-2.0209919999999997
	57295	-2.015328
	58306	-2.0139
	57493	-2.0124
	58319	-2.0124
	57496	-2.0116
	58839	-2.0072
	57543	-2.0048
	57883	-2.0045
	58501	-1.9902
	54911	-1.9892159999999999
	58514	-1.9859
	58108	-1.9624
	54849	-1.953408
	58427	-1.943
	57564	-1.9409
	57481	-1.9252
	58207	-1.9235519999999997
	56964	-1.92
	58837	-1.9129
	57981	-1.9121
	58508	-1.9098
	58846	-1.9051
	58220	-1.8976
	57699	-1.8923
	57398	-1.8884
	58330	-1.8868
	51365	-1.8820000000000001
	58719	-1.8818
	58230	-1.8742
	58215	-1.8702
	57482	-1.8665
	57682	-1.8659
	58235	-1.865
	57265	-1.8601
	57642	-1.86
	58428	-1.86
	56854	-1.8582
	56970	-1.8573
	58130	-1.8554
	58616	-1.8515
	58415	-1.851
	57279	-1.8471
	58408	-1.8445
	58707	-1.8394
	56950	-1.8363
	54853	-1.8353279999999998
	58601	-1.8353
	57465	-1.835
	57671	-1.8342
	58418	-1.8315
	57368	-1.8246
	58629	-1.8205
	57492	-1.8195
	57445	-1.8157
	58007	-1.8125759999999997
	57281	-1.8102719999999999
	57483	-1.803
	58424	-1.8013
	58509	-1.7996
	57195	-1.79952
	57966	-1.7981
	58614	-1.7972
	57891	-1.7934
	56948	-1.791
	57274	-1.7908799999999998
	58625	-1.7888
	51377	-1.7880800000000001
	57294	-1.782336
	57192	-1.779648
	57193	-1.778112
	58337	-1.775
	57395	-1.773
	57290	-1.7680319999999998
	58946	-1.764
	58735	-1.7606
	58431	-1.756
	57271	-1.754112
	54910	-1.745952
	58004	-1.7427839999999999
	58834	-1.7387
	58931	-1.7382
	57177	-1.732608
	57687	-1.7326
	57698	-1.7309
	54846	-1.7289599999999998
	58421	-1.7265
	54774	-1.722816
	57179	-1.722624
	58632	-1.7173
	57268	-1.715
	57396	-1.714848
	53891	-1.714656
	53883	-1.71264
	58236	-1.7114
	57745	-1.7093
	57188	-1.709088
	58113	-1.7074
	58844	-1.7039
	58502	-1.7006
	58414	-1.6945
	56584	-1.6883
	58602	-1.6877
	57772	-1.6852
	57099	-1.6827839999999998
	54855	-1.678176
	58600	-1.6777
	54905	-1.674048
	58100	-1.6707839999999998
	58429	-1.6705
	58420	-1.6684
	56949	-1.6681
	57577	-1.664
	54863	-1.659168
	57875	-1.6585
	57460	-1.6537
	58701	-1.6531
	57096	-1.649376
	57674	-1.648
	59659	-1.6361
	58624	-1.6317
	57475	-1.6298
	57657	-1.626
	58742	-1.6257
	58529	-1.625
	54819	-1.621824
	58705	-1.6213
	54940	-1.6199999999999999
	57278	-1.6198
	57098	-1.604928
	58329	-1.6043
	58040	-1.5995
	58724	-1.5977
	58234	-1.5973
	57377	-1.5891
	58693	-1.5888
	57187	-1.588416
	58605	-1.5866
	58612	-1.5808
	58608	-1.5795
	57297	-1.574784
	57991	-1.5746
	57464	-1.5697
	54759	-1.561152
	58748	-1.5582
	57554	-1.5545
	54777	-1.554144
	57485	-1.5509
	58026	-1.5476
	58245	-1.5468
	53797	-1.5434879999999997
	57194	-1.54176
	57184	-1.540992
	51463	-1.5405600000000002
	51367	-1.53752
	57870	-1.5332
	58942	-1.5294
	57582	-1.5288
	58317	-1.5278
	58314	-1.5275
	58102	-1.5237
	58527	-1.5202
	54755	-1.518912
	53789	-1.518336
	58423	-1.5163
	58129	-1.5157
	58845	-1.5131
	57558	-1.5119
	58745	-1.5103
	54522	-1.507392
	57971	-1.5044
	58125	-1.5026
	57198	-1.502592
	58744	-1.5012
	58627	-1.4992
	54848	-1.498656
	57679	-1.498
	56977	-1.4964
	57731	-1.4954
	54502	-1.4952
	58117	-1.4926
	58432	-1.4919
	57643	-1.4876
	58519	-1.487
	57185	-1.4852159999999999
	57846	-1.4852
	57767	-1.4851
	58426	-1.4844
	53871	-1.480704
	57298	-1.479072
	57574	-1.4753
	54857	-1.472448
	58704	-1.4702
	58731	-1.461
	58338	-1.4581
	57462	-1.4545
	57769	-1.454
	58706	-1.452
	58503	-1.4468
	58531	-1.4461
	58326	-1.4448
	58921	-1.4404
	58244	-1.4378
	57792	-1.434
	57662	-1.4298
	57562	-1.4294
	56596	-1.4273
	57458	-1.4261
	57381	-1.4234
	58301	-1.4217600000000001
	53781	-1.4214719999999998
	57260	-1.4213
	54915	-1.4207999999999998
	54752	-1.419552
	58843	-1.4185
	57768	-1.4177
	57778	-1.4149
	57540	-1.4139
	57466	-1.4137
	57359	-1.409
	57886	-1.4086
	59133	-1.4039
	51482	-1.40224
	57640	-1.4007
	58822	-1.3944
	54609	-1.3937279999999999
	58710	-1.3932
	56593	-1.3896
	57796	-1.388
	58335	-1.3871
	58340	-1.3865
	57678	-1.3859
	57094	-1.381632
	53791	-1.38144
	56869	-1.3805
	56489	-1.362
	58416	-1.3617
	59137	-1.3598
	54534	-1.35936
	54912	-1.356192
	58713	-1.3557
	57754	-1.355
	54851	-1.354848
	57378	-1.3544
	53895	-1.35264
	54523	-1.350912
	53795	-1.348704
	59051	-1.3477
	54519	-1.344384
	57296	-1.340928
	57178	-1.33872
	57339	-1.3359
	54429	-1.334304
	57189	-1.333248
	58044	-1.3323
	58821	-1.3304
	54861	-1.326528
	58718	-1.326
	53685	-1.3240319999999999
	58339	-1.3197
	58331	-1.3133
	56742	-1.3118
	57663	-1.3098
	58008	-1.308768
	58725	-1.3019
	57388	-1.3013
	57176	-1.300608
	57868	-1.2987
	54614	-1.294464
	58609	-1.2934
	54640	-1.293312
	57874	-1.2925
	58126	-1.2913
	54913	-1.2881280000000002
	57544	-1.2881
	54533	-1.2860159999999998
	54766	-1.285728
	53782	-1.285344
	57666	-1.285
	57655	-1.2825
	54606	-1.282464
	54939	-1.281312
	58847	-1.2813
	54817	-1.280736
	57361	-1.2799
	56665	-1.2796
	56870	-1.279
	53987	-1.277376
	54636	-1.276704
	57197	-1.2764159999999998
	57181	-1.2760319999999998
	58737	-1.2748
	58002	-1.272
	57095	-1.269984
	58644	-1.2693
	58622	-1.263
	58932	-1.2629
	58101	-1.2609599999999999
	58122	-1.2578
	53693	-1.25568
	57661	-1.255
	58417	-1.2517
	58127	-1.2511
	57688	-1.2502
	57844	-1.2489
	57541	-1.2483
	58001	-1.248
	57285	-1.24704
	58936	-1.2461
	54503	-1.245984
	57086	-1.2455040000000002
	53192	-1.2432
	58824	-1.2415
	54919	-1.2396479999999999
	53983	-1.23312
	58905	-1.2318
	58035	-1.2275
	58607	-1.226
	56976	-1.2258
	59322	-1.2227
	58714	-1.2203
	54425	-1.22016
	57758	-1.22
	58820	-1.216
	59235	-1.2159
	56982	-1.2152
	53984	-1.2145920000000001
	57186	-1.213728
	57786	-1.2056
	57766	-1.2048
	58749	-1.2001
	58344	-1.1987
	58433	-1.1976
	58118	-1.1969
	58336	-1.1939
	54525	-1.1929919999999998
	54117	-1.19232
	58828	-1.1897
	58116	-1.186
	57358	-1.1799
	57343	-1.179168
	58016	-1.1729
	53973	-1.170912
	58311	-1.1694
	56876	-1.1689
	54818	-1.1674559999999998
	53886	-1.167168
	58027	-1.1665
	57969	-1.1661
	58750	-1.1656
	58530	-1.1641
	53419	-1.16336
	54608	-1.1621759999999999
	53988	-1.1620799999999998
	54842	-1.160832
	51379	-1.1607200000000002
	54510	-1.1599679999999999
	57093	-1.15584
	54807	-1.1557439999999999
	54778	-1.1544959999999997
	53878	-1.1543039999999998
	54528	-1.151232
	54749	-1.151232
	57370	-1.1511
	58032	-1.150464
	53890	-1.1439359999999998
	57841	-1.141
	58025	-1.137888
	57566	-1.137
	54916	-1.1346239999999999
	57780	-1.1292
	54914	-1.128
	54827	-1.12752
	53979	-1.126272
	57771	-1.1249
	58208	-1.124352
	53687	-1.11744
	54812	-1.1155199999999998
	54428	-1.11504
	58251	-1.115
	57646	-1.1148
	57965	-1.1148
	58659	-1.1138
	54613	-1.1133119999999999
	54921	-1.112832
	54841	-1.103232
	58935	-1.0992
	58752	-1.0991
	58003	-1.09872
	58606	-1.0983
	57994	-1.0975
	58520	-1.0973
	54617	-1.0942079999999998
	57169	-1.091136
	54605	-1.084896
	57408	-1.0843
	57732	-1.0843
	53892	-1.0826879999999999
	58619	-1.0812
	57345	-1.0807
	58246	-1.0807
	57259	-1.0792
	58746	-1.0784
	53792	-1.077984
	57476	-1.0773
	54927	-1.0770239999999998
	57647	-1.0759
	57973	-1.0731
	57989	-1.0725
	53697	-1.071456
	53783	-1.066656
	59052	-1.066
	54811	-1.062816
	59053	-1.0623
	57762	-1.0618
	59635	-1.0616
	59242	-1.0604
	54518	-1.058304
	57089	-1.053024
	58634	-1.0516
	54532	-1.051296
	58224	-1.0506
	54027	-1.0488
	54945	-1.048704
	57865	-1.0472
	58615	-1.0442
	54603	-1.044096
	54943	-1.04208
	57477	-1.0419
	56954	-1.0415
	57447	-1.041
	54704	-1.03872
	56748	-1.0382
	54871	-1.03776
	57565	-1.0343
	58647	-1.0332
	57506	-1.0326
	54512	-1.032384
	57974	-1.0295
	58938	-1.0283
	57545	-1.0259
	54938	-1.0245119999999999
	57183	-1.023264
	57299	-1.021728
	53694	-1.0208639999999998
	51765	-1.01976
	54909	-1.0187519999999999
	59124	-1.0142
	54386	-1.0128000000000001
	57575	-1.0125
	59644	-1.0114
	58848	-1.011
	57087	-1.010592
	54925	-1.010112
	54703	-1.009056
	57173	-1.0067519999999999
	56878	-1.0064
	53880	-1.000512
	57175	-1.000512
	54506	-0.9996479999999999
	51581	-0.9979200000000001
	51465	-0.99536
	54906	-0.9951359999999999
	54705	-0.9935999999999999
	58934	-0.9933
	59228	-0.9907
	56946	-0.9878
	58238	-0.9844
	57363	-0.984
	58128	-0.9835
	57978	-0.9833
	53796	-0.98256
	58633	-0.982
	58940	-0.982
	54920	-0.9801599999999999
	51369	-0.978
	58012	-0.9772
	54918	-0.974688
	57511	-0.9739
	53993	-0.972096
	53689	-0.9718079999999999
	59431	-0.9694
	54904	-0.9680639999999999
	58620	-0.9648
	59038	-0.9636
	56548	-0.9634
	53522	-0.9625600000000001
	53798	-0.9623999999999999
	53985	-0.9607679999999998
	54821	-0.9606719999999999
	54632	-0.957696
	54828	-0.956832
	56844	-0.9553
	59321	-0.9538
	58547	-0.9524
	57743	-0.9512
	53872	-0.9477119999999999
	51356	-0.94416
	59316	-0.944
	57774	-0.9419
	59653	-0.9412
	58933	-0.938
	54716	-0.937728
	57777	-0.937
	54936	-0.9368639999999999
	54724	-0.935136
	57962	-0.9319
	54907	-0.929664
	53787	-0.9289919999999999
	57793	-0.9289
	57537	-0.9274
	57603	-0.9239
	57081	-0.9232319999999999
	57894	-0.9205
	57992	-0.9205
	58903	-0.9186
	57990	-0.9159
	57520	-0.9156
	58747	-0.9125
	53972	-0.910272
	56959	-0.9074
	54712	-0.9048959999999999
	58631	-0.9042
	58135	-0.8985
	53195	-0.8972
	57182	-0.895968
	54115	-0.89432
	56487	-0.8924
	54844	-0.892128
	58109	-0.8901
	57507	-0.8869
	58240	-0.8836
	54800	-0.882624
	51436	-0.88232
	58017	-0.880512
	58826	-0.8781
	58005	-0.8778239999999999
	57972	-0.8776
	54725	-0.8771519999999999
	54804	-0.876384
	59134	-0.8751
	56846	-0.875
	54710	-0.874752
	54843	-0.8712
	59125	-0.87
	59211	-0.8698
	54922	-0.868992
	58131	-0.8686
	54610	-0.868128
	57976	-0.8681
	55773	-0.86688
	58147	-0.8657
	59230	-0.865
	57649	-0.8617
	56675	-0.8588
	58225	-0.8584
	54908	-0.857376
	58734	-0.8552
	59033	-0.8535
	54507	-0.852864
	58548	-0.8527
	51572	-0.85184
	54434	-0.851232
	56840	-0.8512
	54935	-0.847776
	57536	-0.8477
	57857	-0.8456
	57867	-0.8456
	58813	-0.843
	54700	-0.8412479999999999
	59071	-0.8411
	56768	-0.8406
	57180	-0.838944
	56843	-0.8371
	54122	-0.8349600000000001
	57993	-0.8338
	51470	-0.8332800000000001
	59055	-0.8313
	58034	-0.831168
	58523	-0.8282
	57589	-0.8281
	58048	-0.8233
	56483	-0.8229
	58537	-0.8226
	56978	-0.8149
	57091	-0.81456
	54644	-0.81024
	58212	-0.8088
	58341	-0.8079
	56875	-0.8074
	53974	-0.80016
	58150	-0.7954
	56594	-0.7927
	59213	-0.7923
	54521	-0.783552
	57949	-0.7824
	59072	-0.7823
	53852	-0.78192
	54701	-0.780576
	57522	-0.7795
	54439	-0.777984
	53790	-0.777792
	59426	-0.7734
	57658	-0.7713
	59041	-0.7692
	58654	-0.769
	54311	-0.7688639999999999
	51655	-0.76848
	56666	-0.7656
	54424	-0.765216
	54631	-0.764832
	51573	-0.7625600000000001
	54765	-0.760608
	53786	-0.7580159999999999
	54820	-0.755424
	54803	-0.7530239999999999
	54816	-0.7530239999999999
	57669	-0.7525
	58015	-0.7485
	58143	-0.7473
	54604	-0.746784
	54328	-0.74528
	57525	-0.7423
	54423	-0.741408
	58047	-0.7401
	53991	-0.7359359999999999
	53699	-0.732864
	56493	-0.7324
	58806	-0.7318
	53992	-0.729888
	54113	-0.72904
	57156	-0.725664
	58132	-0.7244
	54438	-0.724032
	59044	-0.7233
	56958	-0.7228
	56399	-0.7201
	56842	-0.7197
	58941	-0.7162
	59320	-0.7156
	58242	-0.7119
	57072	-0.711168
	56492	-0.7111
	51378	-0.71008
	53788	-0.707904
	53869	-0.704064
	58730	-0.7039
	57439	-0.7003
	59090	-0.7001
	56898	-0.6998
	54715	-0.69936
	53885	-0.6974400000000001
	54809	-0.6972479999999999
	53889	-0.696576
	53897	-0.696384
	57514	-0.696
	50928	-0.69448
	57253	-0.694
	54627	-0.693408
	57779	-0.6932
	52203	-0.6919200000000001
	57872	-0.6913
	57608	-0.6907
	50945	-0.6876800000000001
	57789	-0.6876
	58038	-0.6875
	54406	-0.687168
	59312	-0.6852
	58202	-0.6849
	57941	-0.6833
	53780	-0.6817920000000001
	54728	-0.680928
	57955	-0.6803
	56879	-0.6799
	54416	-0.6790080000000001
	59229	-0.6788
	54723	-0.6783359999999999
	57085	-0.6783359999999999
	58658	-0.6762
	56641	-0.6758
	54801	-0.6757439999999999
	54802	-0.674688
	57835	-0.6746
	58549	-0.6739
	53982	-0.673152
	57075	-0.671712
	57625	-0.6707
	54836	-0.666336
	54805	-0.665952
	58736	-0.6649
	53799	-0.6648
	57191	-0.664512
	51346	-0.66368
	53512	-0.66328
	58818	-0.6632
	53582	-0.662976
	54436	-0.661056
	57845	-0.6609
	57078	-0.6593279999999999
	53866	-0.657888
	59502	-0.6574
	56985	-0.6564
	54616	-0.655296
	54702	-0.6552
	57957	-0.6549
	54575	-0.65368
	57079	-0.651936
	57947	-0.6506
	58327	-0.6497
	51058	-0.64824
	57781	-0.6465
	54619	-0.6464639999999999
	54515	-0.64608
	58013	-0.6447
	51469	-0.6430400000000001
	57760	-0.643
	57070	-0.6428159999999999
	54316	-0.6424000000000001
	53614	-0.639056
	53576	-0.6380159999999999
	57866	-0.6374
	54531	-0.6371519999999999
	53893	-0.636288
	54134	-0.63576
	58543	-0.6345
	54815	-0.634368
	51288	-0.63248
	58154	-0.6309
	53994	-0.630816
	53989	-0.628992
	59037	-0.6282
	57415	-0.6257
	58923	-0.6255
	57882	-0.6253
	53513	-0.6248800000000001
	56973	-0.6221
	53784	-0.62112
	57080	-0.619296
	57853	-0.6189
	56841	-0.6185
	54707	-0.618144
	57842	-0.6179
	54903	-0.617184
	58243	-0.6154
	54902	-0.6145919999999999
	54620	-0.610272
	53785	-0.6087359999999999
	58911	-0.6086
	53888	-0.607776
	57985	-0.607
	57761	-0.6059
	54826	-0.6048
	51359	-0.60472
	52607	-0.6040800000000001
	54623	-0.6004799999999999
	51642	-0.5997600000000001
	57405	-0.5995
	58036	-0.599
	59310	-0.598
	58221	-0.595
	53337	-0.5940000000000001
	54039	-0.5928
	57636	-0.5923
	53997	-0.59136
	56434	-0.5903200000000001
	58751	-0.5896
	57523	-0.5865
	54932	-0.5853119999999999
	57851	-0.5817
	54764	-0.58128
	54615	-0.580608
	51777	-0.57984
	54621	-0.578496
	57859	-0.5783
	58114	-0.5776
	57512	-0.5775
	54832	-0.57648
	54527	-0.576
	53760	-0.575232
	56761	-0.5739
	53433	-0.57136
	56961	-0.57
	56595	-0.5698
	58006	-0.569376
	54319	-0.5691839999999999
	57082	-0.5685119999999999
	53873	-0.568128
	57084	-0.567744
	57773	-0.5668
	58929	-0.5659
	59238	-0.5656
	54714	-0.565152
	57936	-0.5651
	54709	-0.564192
	54626	-0.563904
	58223	-0.5619
	56263	-0.558
	54706	-0.556896
	58210	-0.5566
	51495	-0.55328
	51526	-0.55272
	53691	-0.550752
	56371	-0.5507
	57896	-0.5485
	56764	-0.547
	53588	-0.54624
	53773	-0.5451839999999999
	53998	-0.543648
	51435	-0.5436
	57362	-0.5432
	53759	-0.5423999999999999
	54432	-0.541248
	51353	-0.5404
	56975	-0.5396
	50349	-0.53832
	56272	-0.5377
	53083	-0.53736
	57932	-0.5362
	56839	-0.535
	54541	-0.533376
	57416	-0.532
	58334	-0.5315
	54530	-0.531168
	58205	-0.530496
	53579	-0.529824
	54374	-0.5284
	56497	-0.5284
	54452	-0.52608
	58030	-0.524352
	54917	-0.5209919999999999
	58203	-0.5203
	54579	-0.51912
	54430	-0.517152
	57076	-0.517152
	53794	-0.515328
	53882	-0.51408
	52112	-0.5126400000000001
	53884	-0.511968
	53862	-0.5103359999999999
	59126	-0.5082
	58754	-0.5005
	53995	-0.49603200000000003
	53776	-0.49583999999999995
	54214	-0.49551999999999996
	59940	-0.495072
	52707	-0.49472
	58049	-0.4924
	58646	-0.4905
	53986	-0.490464
	57431	-0.4903
	53324	-0.48632000000000003
	53970	-0.484896
	51243	-0.48408
	58107	-0.483
	54208	-0.48128000000000004
	53856	-0.47923199999999994
	54499	-0.47923199999999994
	57738	-0.4791
	55294	-0.4756
	54708	-0.47472
	59059	-0.4743
	56479	-0.4701
	54633	-0.46943999999999997
	57257	-0.4693
	54320	-0.46928000000000003
	54618	-0.468288
	59317	-0.4679
	54776	-0.466464
	56952	-0.4655
	51438	-0.46456000000000003
	57438	-0.463
	57839	-0.4622
	59425	-0.4618
	59249	-0.4585
	58814	-0.4558
	56478	-0.4554
	50514	-0.4545600000000001
	57720	-0.4542
	53756	-0.452928
	53420	-0.45256
	54718	-0.452352
	56331	-0.45111999999999997
	59063	-0.4508
	59057	-0.4499
	56491	-0.4455
	53502	-0.44488000000000005
	59475	-0.4418
	54483	-0.43968
	54455	-0.43936000000000003
	58823	-0.4363
	54929	-0.43612799999999996
	59237	-0.4359
	52101	-0.4356
	58020	-0.435552
	59451	-0.4338
	57063	-0.433536
	58912	-0.4334
	56673	-0.4332
	56533	-0.431
	54363	-0.43
	54540	-0.429216
	57414	-0.4292
	54722	-0.42912
	57752	-0.4281
	57409	-0.4273
	54218	-0.4272
	59313	-0.427
	57914	-0.4251
	53348	-0.42424
	59087	-0.4222
	56944	-0.4221
	57744	-0.4204
	57425	-0.4203
	57825	-0.4201
	58111	-0.418848
	56485	-0.4183
	53610	-0.417208
	54726	-0.416736
	59655	-0.4161
	54213	-0.41368000000000005
	54923	-0.40943999999999997
	53853	-0.40656
	56312	-0.4016
	54204	-0.40072
	53863	-0.40022399999999997
	58045	-0.3992
	58021	-0.39887999999999996
	57740	-0.3958
	54751	-0.394752
	57996	-0.3935
	57510	-0.392
	58158	-0.3915
	54901	-0.39071999999999996
	59023	-0.3901
	53343	-0.39
	54285	-0.38784
	54535	-0.387456
	58643	-0.387
	53517	-0.386408
	53894	-0.3864
	53565	-0.385056
	58906	-0.3839
	58345	-0.3838
	57811	-0.3827
	51568	-0.38216000000000006
	51357	-0.38144
	55664	-0.37832
	59838	-0.377244
	53352	-0.37632
	56223	-0.37624
	57988	-0.3741
	50936	-0.36752
	53578	-0.36691199999999996
	56227	-0.36624
	57735	-0.3661
	54334	-0.36472000000000004
	50915	-0.36312000000000005
	53996	-0.361728
	59096	-0.361
	51352	-0.35968
	53898	-0.356928
	59017	-0.3567
	57954	-0.3527
	54628	-0.3504
	54437	-0.349248
	53768	-0.348768
	58542	-0.3481
	54744	-0.346464
	57517	-0.3445
	54324	-0.34336000000000005
	57763	-0.3432
	57958	-0.3416
	59269	-0.34
	57249	-0.3388
	59453	-0.3379
	54624	-0.337632
	57948	-0.3373
	51477	-0.3372
	53519	-0.33677599999999996
	57887	-0.3365
	53681	-0.33408
	53276	-0.33376000000000006
	57926	-0.3303
	54900	-0.33024
	53615	-0.329648
	54377	-0.3268
	57604	-0.3239
	58546	-0.3189
	54419	-0.317376
	51137	-0.31720000000000004
	51437	-0.31712
	53981	-0.317088
	54584	-0.31504
	55690	-0.31488000000000005
	54325	-0.31472000000000006
	54852	-0.313152
	58141	-0.3116
	57803	-0.3111
	59127	-0.3109
	56444	-0.3089
	59092	-0.3086
	59293	-0.3074
	50247	-0.3044
	50940	-0.30216
	51567	-0.30056
	57822	-0.3002
	59122	-0.2992
	53896	-0.29856
	54421	-0.29769599999999996
	57975	-0.2958
	54225	-0.29552
	56835	-0.2926
	54730	-0.29097599999999996
	53778	-0.289632
	53619	-0.28864
	53874	-0.286848
	57876	-0.2854
	54662	-0.28312
	54806	-0.281088
	54453	-0.27976
	53492	-0.278112
	57083	-0.276768
	53879	-0.276192
	56671	-0.2741
	51232	-0.27272
	59280	-0.2699
	53966	-0.269184
	54321	-0.26896000000000003
	56396	-0.2684
	54713	-0.267072
	54284	-0.26584
	54810	-0.264096
	56307	-0.2616
	58250	-0.261
	58544	-0.261
	53772	-0.26054399999999994
	56499	-0.2599
	53611	-0.25828
	50934	-0.25823999999999997
	53875	-0.25651199999999996
	57921	-0.2555
	58550	-0.2532
	53690	-0.25286400000000003
	57600	-0.2508
	53518	-0.25079999999999997
	57254	-0.25008
	59266	-0.2497
	54497	-0.24880000000000002
	58241	-0.2482
	57718	-0.247
	54539	-0.244416
	54494	-0.244
	54313	-0.2412
	50834	-0.24048
	54431	-0.239808
	56688	-0.2397
	57635	-0.2389
	57437	-0.2368
	53669	-0.234432
	54719	-0.23423999999999998
	59306	-0.2268
	53574	-0.22464
	57799	-0.2243
	57633	-0.2237
	56586	-0.2185
	54645	-0.217248
	54568	-0.21384
	53488	-0.21350399999999997
	51433	-0.21328000000000003
	56989	-0.2108
	57821	-0.2101
	56984	-0.2092
	58657	-0.2088
	59224	-0.2081
	58642	-0.2077
	57828	-0.2068
	52998	-0.206304
	59131	-0.2054
	50833	-0.20472
	53775	-0.203232
	53753	-0.20227199999999998
	53975	-0.20159999999999997
	59061	-0.2013
	58760	-0.1999
	56395	-0.1985
	56378	-0.1982
	59448	-0.1971
	56670	-0.1961
	57742	-0.1942
	53272	-0.19376000000000002
	56781	-0.1933
	50838	-0.19152000000000002
	51571	-0.19104000000000002
	54012	-0.1888
	57090	-0.187776
	51804	-0.18648
	59315	-0.1864
	58011	-0.185088
	54736	-0.18422399999999997
	51241	-0.18216000000000002
	51656	-0.18200000000000002
	56109	-0.17936000000000002
	57741	-0.1784
	56674	-0.1754
	54327	-0.1744
	57728	-0.1732
	53978	-0.169536
	58555	-0.168
	58907	-0.1677
	57505	-0.1657
	57432	-0.1647
	54024	-0.16456
	59254	-0.1644
	58656	-0.1638
	57292	-0.16272
	57911	-0.1617
	57508	-0.1586
	57942	-0.1579
	50913	-0.1572
	57065	-0.156384
	57609	-0.156
	58557	-0.1556
	53968	-0.15504
	59031	-0.1546
	57739	-0.1537
	54825	-0.15081599999999998
	59631	-0.1473
	52853	-0.14656
	51133	-0.14568
	53585	-0.143904
	54729	-0.143136
	54823	-0.14207999999999998
	54102	-0.142
	53769	-0.141984
	51430	-0.14104000000000003
	54223	-0.13984000000000002
	52633	-0.13752
	56697	-0.1364
	58944	-0.1355
	56074	-0.135168
	53594	-0.134592
	50524	-0.13392
	57502	-0.131
	57719	-0.131
	53231	-0.12960000000000002
	54449	-0.129216
	56684	-0.1287
	53696	-0.126624
	56793	-0.1237
	59435	-0.1224
	51358	-0.12208000000000002
	54611	-0.120672
	51639	-0.12040000000000001
	54031	-0.1172
	58666	-0.1162
	59015	-0.1158
	54362	-0.11576
	53774	-0.115104
	51467	-0.1148
	53868	-0.114048
	57256	-0.1134
	59102	-0.112
	56889	-0.1109
	56004	-0.10784
	52895	-0.103872
	58836	-0.1031
	54612	-0.10271999999999999
	57074	-0.10128
	59270	-0.1012
	57834	-0.1004
	53899	-0.10022400000000001
	56273	-0.0998
	57328	-0.0996
	56777	-0.0991
	58342	-0.0979
	54622	-0.097728
	59457	-0.0964
	51328	-0.09568
	51559	-0.0944
	53850	-0.093504
	58556	-0.0934
	56188	-0.0886
	58024	-0.088128
	56994	-0.0871
	57827	-0.087
	54717	-0.08678399999999999
	59116	-0.0865
	59318	-0.085
	56871	-0.0838
	57717	-0.0836
	54026	-0.08176
	53596	-0.081312
	57960	-0.0808
	54186	-0.08072000000000001
	51087	-0.07888
	54602	-0.077376
	54135	-0.07688
	55279	-0.07544000000000001
	52884	-0.07113599999999999
	54734	-0.070464
	56763	-0.0702
	50739	-0.06992000000000001
	54731	-0.06979199999999999
	50618	-0.06952000000000001
	55598	-0.06832
	54505	-0.067584
	54711	-0.067392
	57071	-0.06681599999999999
	58917	-0.0647
	59027	-0.0635
	50854	-0.06328
	56592	-0.0618
	58222	-0.0618
	57509	-0.0609
	53336	-0.060640000000000006
	54486	-0.060160000000000005
	54660	-0.05992
	50353	-0.05784
	53469	-0.057760000000000006
	54808	-0.05616
	57411	-0.0527
	53505	-0.05224
	53860	-0.050976
	53664	-0.050879999999999995
	54569	-0.04976
	51811	-0.049120000000000004
	50939	-0.04832
	56862	-0.0477
	57956	-0.0475
	51815	-0.046720000000000005
	58926	-0.0453
	54047	-0.0424
	57995	-0.0417
	56757	-0.0411
	59278	-0.0382
	58022	-0.037536
	56374	-0.0355
	54831	-0.035424000000000004
	54337	-0.03424
	58652	-0.0327
	59501	-0.0303
	58254	-0.0297
	54323	-0.02672
	56996	-0.0266
	57304	-0.0192
	59640	-0.0191
	59047	-0.0176
	59074	-0.0162
	53771	-0.015744
	59632	-0.0155
	54493	-0.0148
	57004	-0.013632
	57413	-0.0085
	53770	-0.006432
	58148	-0.0044
	59117	-0.0038
	59456	-0.0024
	56739	-8.0E-4
	56582	8.0E-4
	53593	0.0016319999999999998
	54601	0.004128
	59130	0.0054
	51434	0.0074399999999999996
	58146	0.0082
	54326	0.00864
	51053	0.00904
	52972	0.01112
	53584	0.014591999999999999
	58927	0.0182
	55696	0.01856
	54590	0.01992
	58819	0.02
	54834	0.021504
	58665	0.0223
	55578	0.02496
	59476	0.0277
	53965	0.028319999999999998
	53446	0.029759999999999998
	50431	0.03168000000000001
	53580	0.033887999999999995
	56394	0.034
	53618	0.034055999999999996
	53577	0.034559999999999994
	58453	0.0357
	59647	0.0363
	56193	0.0373
	53673	0.038976
	53861	0.039071999999999996
	53662	0.03936
	56578	0.0421
	53545	0.042480000000000004
	57637	0.0434
	50950	0.044160000000000005
	56885	0.046
	59324	0.0466
	59654	0.0515
	54041	0.05152
	54405	0.051936
	51886	0.052320000000000005
	53881	0.05544
	58558	0.0556
	54738	0.056352
	54339	0.0564
	54142	0.0616
	58928	0.0629
	57871	0.0634
	53660	0.064224
	50526	0.06624000000000001
	58257	0.0681
	57516	0.0684
	51145	0.07152
	51186	0.07408000000000001
	54420	0.07564799999999999
	57248	0.075936
	53590	0.07699199999999999
	54276	0.07824
	58565	0.0783
	57417	0.0785
	53564	0.08035199999999999
	53767	0.08073599999999999
	57061	0.081024
	57162	0.081312
	54094	0.0824
	58559	0.0825
	53068	0.08448
	54132	0.0864
	53857	0.087072
	50954	0.08800000000000001
	50527	0.08856000000000001
	53651	0.089184
	53698	0.090624
	54835	0.092256
	56194	0.0928
	57519	0.0938
	55589	0.094
	56181	0.0948
	54408	0.094944
	56106	0.09504000000000001
	58449	0.0956
	56183	0.0957
	57813	0.0968
	54501	0.09715199999999999
	54293	0.09728
	53149	0.09832
	50425	0.09848000000000001
	52833	0.09904
	58140	0.1
	55585	0.10160000000000001
	56987	0.1037
	54161	0.10376000000000002
	53705	0.10507200000000001
	53757	0.10771199999999999
	53475	0.10968
	53723	0.110704
	58138	0.1112
	59664	0.1119
	50603	0.11408000000000001
	51814	0.11424000000000001
	55299	0.11592000000000001
	56190	0.1162
	52447	0.1176
	51431	0.12056
	54318	0.12096
	53980	0.12172799999999999
	54476	0.12184
	54829	0.124608
	58145	0.1272
	54346	0.1288
	52868	0.12952
	57776	0.1338
	54830	0.135168
	52818	0.13520000000000001
	50948	0.13592
	57251	0.1375
	53357	0.13944
	50564	0.14064000000000002
	59488	0.1412
	53553	0.14208
	55472	0.14456
	57722	0.1446
	53754	0.145248
	59303	0.1455
	59113	0.1471
	53810	0.149776
	57714	0.1521
	53678	0.15216
	54737	0.154272
	50525	0.15464
	51829	0.15544000000000002
	59446	0.1558
	54098	0.15656000000000003
	56189	0.1592
	54824	0.160608
	50246	0.16168000000000002
	54837	0.164544
	54187	0.16544000000000003
	54332	0.16584000000000002
	56571	0.1662
	53529	0.16648000000000002
	50434	0.16656
	53679	0.168288
	54520	0.168864
	56649	0.1698
	53763	0.17030399999999998
	53676	0.173952
	54308	0.17404799999999998
	53658	0.176352
	57860	0.1772
	57923	0.1772
	58351	0.1781
	54822	0.178368
	54471	0.18592
	59094	0.1875
	51717	0.18824000000000002
	56199	0.189
	53854	0.19152
	54286	0.19624
	52575	0.20128000000000001
	57734	0.2034
	56125	0.2036
	56393	0.2045
	53399	0.204864
	57154	0.206592
	51329	0.20816
	50832	0.20848
	56390	0.2102
	53575	0.21148799999999998
	51931	0.21232000000000004
	53498	0.216384
	56147	0.2168
	51636	0.21776
	52876	0.22008000000000003
	52713	0.22096000000000002
	53659	0.221088
	59449	0.2234
	58346	0.2238
	56585	0.2245
	53644	0.22472
	53562	0.22584
	56669	0.2279
	58534	0.2299
	52869	0.23072
	54231	0.23136
	54351	0.23192000000000002
	59469	0.237
	56459	0.2371
	59471	0.2384
	57612	0.2388
	54732	0.238944
	53750	0.239136
	54511	0.24
	51707	0.24448
	53961	0.245568
	56247	0.2518
	53533	0.25232000000000004
	56792	0.2524
	58247	0.2525
	56473	0.2536
	56257	0.2546
	54205	0.25528
	59441	0.2553
	58436	0.2556
	53486	0.257184
	59034	0.2604
	56081	0.260928
	50749	0.26416
	50136	0.26456
	58442	0.2651
	53751	0.267552
	53397	0.26784
	53962	0.271584
	52681	0.27273600000000003
	59663	0.2731
	51542	0.27384000000000003
	53573	0.27388799999999996
	52267	0.27608000000000005
	52645	0.2764
	58664	0.2769
	54454	0.27832
	54475	0.27864
	57964	0.2797
	59109	0.2814
	54472	0.28208000000000005
	55437	0.28256000000000003
	52825	0.2828
	54292	0.28312
	56441	0.2841
	53735	0.28483200000000003
	56092	0.287616
	53464	0.2892
	55680	0.29224
	53487	0.293568
	51818	0.29384000000000005
	56180	0.2939
	53777	0.29529599999999995
	54833	0.299328
	53674	0.299616
	50985	0.30056
	56080	0.300864
	50639	0.30184000000000005
	56772	0.3025
	53727	0.30448
	57317	0.3047
	57729	0.3047
	57806	0.3064
	50937	0.30896
	58562	0.3093
	53481	0.31064
	59462	0.313
	58455	0.3134
	53958	0.314496
	52495	0.31576000000000004
	59107	0.316
	52988	0.316896
	57916	0.3239
	50647	0.32536000000000004
	57518	0.3263
	51747	0.32632
	58438	0.3299
	57206	0.3308
	54514	0.332352
	58660	0.3351
	50442	0.3388
	55681	0.34088
	53666	0.34319999999999995
	56643	0.3437
	59279	0.3487
	53467	0.34872000000000003
	58448	0.3508
	58259	0.3538
	52602	0.35528000000000004
	56498	0.3582
	54154	0.35992
	58667	0.3636
	59088	0.3648
	50745	0.36544
	54365	0.36752
	57247	0.367584
	51059	0.37368
	54399	0.374112
	59470	0.3746
	51334	0.3752
	59626	0.3766
	53567	0.379392
	52679	0.381216
	57333	0.3822
	57814	0.3822
	53963	0.385632
	54335	0.38712
	57737	0.3873
	56474	0.388
	56746	0.3928
	53602	0.3932
	56291	0.3945
	59954	0.395172
	53484	0.39536
	56995	0.3971
	56021	0.39752000000000004
	57001	0.39791999999999994
	51826	0.39880000000000004
	53707	0.400576
	56575	0.4019
	54727	0.40224
	54064	0.40264
	57307	0.4031
	50445	0.40472
	59650	0.405
	57889	0.4088
	52446	0.412992
	56196	0.4165
	53663	0.416928
	54290	0.41712
	56883	0.4172
	51709	0.41832
	58437	0.4192
	55493	0.422
	53976	0.422208
	57051	0.422496
	53617	0.423104
	56785	0.4233
	56962	0.4248
	59304	0.4271
	56376	0.4274
	53457	0.42784000000000005
	51068	0.42824
	53955	0.43084799999999995
	51708	0.4319200000000001
	55655	0.43488
	59209	0.4351
	59429	0.4364
	53483	0.43720000000000003
	57326	0.4382
	57060	0.43872
	56184	0.4388
	56285	0.44
	53665	0.44016
	57816	0.4409
	57623	0.4411
	51644	0.44272
	59046	0.4429
	57713	0.4433
	58354	0.4435
	51633	0.44352
	58459	0.4444
	57513	0.4463
	51810	0.45088
	53478	0.451584
	56849	0.4524
	56276	0.4526
	53764	0.453024
	53949	0.454176
	57829	0.4558
	54333	0.46144
	52978	0.46224
	59294	0.4638
	53959	0.463872
	57102	0.46569599999999994
	57915	0.4658
	53543	0.46632
	56646	0.4671
	56128	0.46904000000000007
	58139	0.4695
	53472	0.4696
	59473	0.4719
	59288	0.4731
	54259	0.47312000000000004
	54470	0.47408000000000006
	57066	0.474624
	59319	0.4755
	58255	0.4757
	53740	0.47654399999999997
	59081	0.4771
	52862	0.47792000000000007
	54266	0.47968000000000005
	59847	0.481896
	53967	0.48518399999999995
	59284	0.4887
	50859	0.49128
	59045	0.4998
	56144	0.5004
	59093	0.5007
	51060	0.5015200000000001
	56016	0.5028800000000001
	52643	0.506016
	56880	0.5062
	51238	0.5078400000000001
	53732	0.5081600000000001
	53864	0.5104319999999999
	56251	0.5114
	54336	0.51328
	54267	0.516
	56386	0.517
	58343	0.5171
	56137	0.51768
	51839	0.51832
	56033	0.5189600000000001
	52889	0.519072
	54513	0.51984
	53865	0.521472
	56693	0.5239
	57809	0.5257
	57818	0.5266
	52754	0.5302399999999999
	52980	0.5314559999999999
	59075	0.5317
	51629	0.53184
	57736	0.5337
	53964	0.535104
	54371	0.5356
	53877	0.537792
	54342	0.5401600000000001
	53547	0.5416000000000001
	59314	0.5422
	53490	0.54288
	50468	0.5436
	59058	0.5443
	56186	0.5615
	56992	0.5662
	53499	0.5696640000000001
	54236	0.5704
	51828	0.57088
	53954	0.570912
	56079	0.5724
	56543	0.575
	51156	0.5770400000000001
	52874	0.5777599999999999
	57021	0.581568
	53677	0.5819519999999999
	53289	0.5824
	56267	0.5832
	54474	0.58328
	58265	0.5875
	54181	0.58952
	56096	0.59424
	57881	0.5963
	58450	0.5983
	50853	0.60104
	54237	0.60424
	55228	0.6048800000000001
	54226	0.60528
	55591	0.6084
	57808	0.6146
	57840	0.6167
	53924	0.6246719999999999
	56296	0.6255
	51701	0.62616
	53730	0.62824
	50557	0.6296
	58464	0.6299
	52323	0.629952
	57329	0.6378
	54156	0.6383200000000001
	52855	0.6387200000000001
	56382	0.6401
	53704	0.64328
	54338	0.64432
	54195	0.6458400000000001
	56295	0.6461
	57694	0.6498
	59480	0.6523
	54563	0.6532800000000001
	57407	0.6544
	53392	0.655104
	52968	0.6564800000000001
	53646	0.656928
	56373	0.6574
	59452	0.6589
	57426	0.66
	52885	0.66048
	57042	0.664512
	56046	0.66472
	50758	0.6668000000000001
	56034	0.6670400000000001
	50756	0.6673600000000001
	56881	0.6695
	56317	0.6696
	51827	0.66968
	59843	0.670896
	54305	0.6715200000000001
	53859	0.671712
	59025	0.6737
	53612	0.677336
	59658	0.6779
	57057	0.6786239999999999
	59842	0.6787799999999999
	56065	0.6788000000000001
	54099	0.6799200000000001
	53956	0.6804479999999999
	56045	0.6804800000000001
	54412	0.6805439999999999
	52533	0.6817920000000001
	57837	0.6826
	56389	0.6848
	56569	0.6848
	59285	0.6866
	58457	0.6869
	54331	0.6876000000000001
	57723	0.6882
	58472	0.6887
	58264	0.6891
	52836	0.6908000000000001
	56197	0.6919
	57318	0.6923
	56067	0.6933600000000001
	56872	0.6936
	54349	0.69528
	58359	0.6953
	51628	0.6976800000000001
	56151	0.70104
	50741	0.7021600000000001
	50953	0.7036800000000001
	58918	0.7049
	55248	0.7052800000000001
	58352	0.7054
	57041	0.70656
	56357	0.7069
	57037	0.708192
	54410	0.7098239999999999
	53950	0.7127039999999999
	56198	0.7135
	50750	0.7137600000000001
	51802	0.7145600000000001
	56783	0.7151
	59500	0.7154
	53725	0.7183679999999999
	56986	0.7209
	56178	0.7213
	53384	0.72368
	57002	0.725088
	53848	0.727296
	53748	0.731232
	52737	0.73128
	58435	0.7333
	53841	0.734304
	52842	0.7385600000000001
	57634	0.7386
	52546	0.7392
	59114	0.7398
	50946	0.74064
	56580	0.741
	54274	0.7444000000000001
	54248	0.7456
	58358	0.7478
	53391	0.75
	52896	0.7501439999999999
	53680	0.752832
	56071	0.753984
	57054	0.754656
	50632	0.75648
	53480	0.75744
	57077	0.759072
	52797	0.762048
	56645	0.7624
	53942	0.7637759999999999
	51711	0.76544
	59454	0.7655
	59241	0.7699
	52424	0.770016
	56383	0.7711
	59754	0.7719
	59255	0.7724
	50755	0.7747200000000001
	52745	0.77568
	50844	0.7770400000000001
	57308	0.7801
	51722	0.7803200000000001
	59099	0.7806
	57056	0.783072
	59851	0.783324
	56290	0.7857
	53948	0.786048
	57402	0.7888
	51705	0.7896000000000001
	56091	0.791328
	59948	0.791424
	57900	0.7956
	54353	0.79928
	54596	0.807648
	53947	0.8082239999999999
	53957	0.80976
	52985	0.8124480000000001
	56991	0.8135
	59492	0.8137
	57106	0.814464
	59481	0.8154
	53682	0.8160959999999999
	56767	0.8176
	51730	0.8236800000000001
	56116	0.8300800000000002
	54243	0.8316000000000001
	50983	0.8318400000000001
	59082	0.8322
	56775	0.834
	56836	0.8372
	51716	0.8376
	53362	0.83776
	52875	0.8396800000000001
	57912	0.8451
	57213	0.8496
	59290	0.851
	56195	0.8533
	52674	0.85488
	56095	0.857184
	53931	0.858048
	52661	0.8594879999999999
	57105	0.860736
	50851	0.8608000000000001
	59289	0.8622
	57204	0.8641
	52993	0.86592
	54065	0.86648
	57153	0.8674559999999999
	54093	0.86816
	59478	0.869
	52986	0.876768
	50658	0.8782400000000001
	58451	0.8784
	54049	0.8792800000000001
	52657	0.87952
	58360	0.8815
	52576	0.8838400000000001
	59656	0.8879
	59246	0.8899
	53491	0.890112
	56043	0.8948800000000001
	57800	0.8954
	57707	0.8987
	53944	0.901536
	58249	0.9017
	59856	0.901908
	57046	0.9023999999999999
	50655	0.90656
	59065	0.9066
	52943	0.9119999999999999
	53367	0.9123200000000001
	59097	0.9132
	56755	0.9136
	52418	0.91536
	59750	0.9192
	55593	0.9221600000000001
	57022	0.9235199999999999
	54347	0.9244
	57055	0.9246719999999999
	56886	0.9252
	54291	0.9268800000000001
	57420	0.9313
	57155	0.934368
	57143	0.93648
	56475	0.9428
	56168	0.9433
	53466	0.94632
	54273	0.94728
	57043	0.950112
	56752	0.9522
	56342	0.9548800000000001
	53378	0.9558400000000001
	57024	0.96192
	56494	0.9657
	54401	0.9660479999999999
	58567	0.9673
	54244	0.9702400000000001
	53941	0.9705599999999999
	50978	0.9724
	54234	0.9753600000000001
	57910	0.9762
	56018	0.9774400000000001
	50858	0.97968
	56851	0.9822
	54096	0.9848000000000001
	51076	0.9868800000000001
	56391	0.9916
	52652	0.99216
	57237	0.9926
	52995	0.994272
	54301	0.99648
	51704	0.9980000000000001
	59757	1.000188
	56565	1.0007
	52996	1.006848
	59477	1.008
	58369	1.0104
	56029	1.01184
	59205	1.0139
	52974	1.0145600000000001
	59265	1.0158
	52963	1.0174400000000001
	54261	1.0176800000000001
	57907	1.0211
	50767	1.0256
	52863	1.0305600000000001
	50979	1.0396
	52955	1.04536
	59215	1.0485
	53738	1.052352
	56873	1.0537
	57832	1.0537
	53463	1.0541600000000002
	56185	1.0545
	57033	1.054848
	52313	1.05528
	52983	1.058304
	53455	1.06176
	57040	1.067712
	57052	1.068096
	59276	1.0691
	57324	1.0692
	53368	1.0692000000000002
	54304	1.069248
	59021	1.0698
	50852	1.07152
	59287	1.0716
	56084	1.07232
	59064	1.0755
	52984	1.075584
	59268	1.0781
	53908	1.0806719999999999
	56598	1.0809
	57006	1.086528
	56288	1.0886
	58462	1.0892
	59007	1.0931
	51855	1.0968
	56790	1.1011
	52557	1.1035199999999998
	50956	1.10488
	50842	1.10704
	56093	1.108704
	56094	1.108992
	59264	1.1114
	58452	1.1164
	51330	1.1187200000000002
	53599	1.1188799999999999
	54254	1.12016
	52957	1.1202400000000001
	51720	1.12584
	56786	1.1279
	56202	1.13448
	58454	1.1348
	54192	1.13744
	54169	1.1428800000000001
	56567	1.1441
	56691	1.1455
	59297	1.1477
	54249	1.14992
	56751	1.1503
	56856	1.1513
	56173	1.1571
	58441	1.1584
	52784	1.160736
	59487	1.1669
	50548	1.1716
	54398	1.171776
	57025	1.173312
	58570	1.1751
	59951	1.175688
	56287	1.1776
	58353	1.1784
	56756	1.1831
	50877	1.18632
	52982	1.187712
	57053	1.1892479999999999
	54263	1.19024
	59493	1.1954
	56082	1.1999039999999999
	58361	1.2078
	57922	1.2082
	58456	1.2102
	53688	1.211136
	59106	1.2141
	58362	1.2144
	56380	1.2156
	56192	1.2198719999999998
	56788	1.2242
	54063	1.22448
	54404	1.226208
	50742	1.2321600000000001
	56289	1.2408
	50659	1.2413600000000002
	54607	1.2425279999999999
	56838	1.2444
	52856	1.24472
	53821	1.2454079999999998
	50884	1.24808
	54245	1.25096
	52765	1.25216
	52378	1.25224
	56298	1.253
	53806	1.2584
	57003	1.2604799999999998
	53832	1.2609599999999999
	50862	1.26192
	56480	1.2659
	58460	1.2686
	54157	1.2686400000000002
	58458	1.2689
	54172	1.2736
	58553	1.2743
	53903	1.2746799999999998
	56286	1.2755
	53692	1.2764159999999998
	56172	1.2802
	57026	1.2827520000000001
	55572	1.284
	53695	1.286112
	52908	1.29936
	57231	1.299744
	59848	1.301616
	52515	1.302144
	54252	1.3078400000000001
	58356	1.3084
	58568	1.3113
	56167	1.3141
	57245	1.317984
	58461	1.3213
	58569	1.3237
	51627	1.32448
	59758	1.324512
	56279	1.3369
	52787	1.3375679999999999
	53829	1.34064
	56774	1.3456
	57902	1.3465
	53926	1.34784
	56171	1.3558
	53938	1.35696
	57035	1.360704
	57309	1.3616
	59845	1.363716
	54597	1.364736
	57067	1.366272
	58269	1.3669
	53385	1.3671200000000001
	54076	1.3751200000000001
	57011	1.377408
	57242	1.379616
	57014	1.3869120000000001
	53923	1.38768
	56387	1.3918
	59091	1.3945
	54260	1.39504
	54080	1.4009600000000002
	58365	1.4024
	56281	1.4093
	59022	1.4098
	50973	1.41688
	50861	1.42648
	59012	1.4295
	57124	1.430688
	57111	1.431744
	57030	1.432512
	50776	1.4332000000000003
	57710	1.4387
	59227	1.4399
	53928	1.441536
	54072	1.4432
	57913	1.444
	57008	1.448736
	56164	1.4525
	50987	1.45472
	53915	1.459008
	57027	1.46016
	50880	1.4626400000000002
	59945	1.46286
	59256	1.4631
	57807	1.4684
	54092	1.4775200000000002
	56381	1.4806
	56158	1.4813
	56863	1.4821
	58477	1.4851
	57303	1.4897
	56782	1.4917
	50673	1.4931200000000002
	56443	1.5037
	58446	1.5053
	54165	1.50664
	56490	1.5072
	54069	1.5077600000000002
	57031	1.509792
	57211	1.512384
	53845	1.515168
	58366	1.5172
	56097	1.5187
	54171	1.52208
	50656	1.5316
	57119	1.5569279999999999
	54433	1.559328
	57927	1.5595
	58268	1.5597
	56882	1.5601
	57034	1.560192
	59271	1.5602
	59485	1.5618
	50727	1.56424
	50962	1.56656
	50963	1.5719200000000002
	56284	1.5835
	56766	1.5837
	57029	1.598976
	50892	1.6011199999999999
	53925	1.601856
	52436	1.60896
	57016	1.6170239999999998
	50964	1.63448
	53935	1.6364159999999999
	50566	1.64408
	58377	1.6471
	59673	1.6509
	57049	1.6548479999999999
	50779	1.6694400000000003
	57208	1.6698
	50873	1.68144
	56280	1.6928
	57605	1.6998
	50879	1.70296
	50646	1.70304
	57045	1.71072
	57824	1.715
	57238	1.7189759999999998
	50888	1.7217600000000002
	58484	1.7224
	57908	1.7387
	57903	1.7418
	57048	1.7460479999999998
	50774	1.75272
	56146	1.7573
	56462	1.7762
	57708	1.7811
	57044	1.7904
	56652	1.7962
	59218	1.7965
	57023	1.799136
	57401	1.8072
	58468	1.8135
	53953	1.81584
	50955	1.82288
	57805	1.8253
	57020	1.8279359999999998
	57113	1.828128
	50968	1.83816
	56278	1.8432
	56038	1.8508
	57909	1.8585
	53937	1.873056
	53945	1.8821759999999998
	53930	1.886304
	58443	1.8889
	50775	1.90352
	58367	1.9053
	59298	1.9078
	50772	1.9147200000000002
	50867	1.92456
	50788	1.9251200000000002
	57144	1.930752
	59941	1.934496
	50958	1.9356000000000002
	56187	1.9383
	59417	1.9401
	50960	1.95248
	59001	1.9546
	57140	1.955808
	53929	1.958208
	56385	1.967
	58463	1.9739
	58467	1.98
	50674	1.9919200000000001
	56182	2.0192
	52866	2.0204
	57028	2.0397119999999997
	59421	2.0447
	56891	2.0618
	57012	2.062656
	50787	2.092
	50878	2.09256
	52656	2.0934719999999998
	58563	2.1118
	50778	2.11496
	57320	2.1202
	57906	2.1226
	59427	2.1235
	57314	2.1254
	57315	2.1268
	57614	2.1332
	54164	2.13632
	50871	2.15272
	53917	2.15808
	57047	2.1670079999999996
	57132	2.173824
	56778	2.2056
	57032	2.206368
	59419	2.2142
	50965	2.2144
	57127	2.25168
	56664	2.2568
	53914	2.3037520000000002
	57038	2.3207999999999998
	59004	2.3405
	53934	2.3589119999999997
	53817	2.37292
	57039	2.3904959999999997
	56745	2.4162
	57306	2.4883
	53927	2.4908159999999997
	57217	2.5139
	56654	2.5363
	57216	2.5428
	54594	2.544384
	57233	2.611584
	57606	2.6219
	59849	2.6898480000000005
	59855	2.689956
	53906	2.7000960000000003
	56651	2.8178
	57232	2.827488
	57129	2.875776
	53916	2.92424
	53910	2.9348
	57905	2.9752
	56152	3.0014
	57313	3.0338
	57128	3.3203519999999997
	59854	3.3591240000000004
	57137	3.614976
	57134	3.641184
	57126	3.694848
