50136     0
50246     1
50349     2
50353     1
50425     2
50431     3
50434     2
50442     1
50445     1
50468     1
50514     2
50524     2
50525     1
50526     1
50527     1
50548     1
50557     1
50564     1
50566     1
50603     0
50618     0
50632     1
50639     1
50646     2
50647     2
50655     0
50656     0
50658     1
50673     0
50674     0
50727     1
50741     1
50742     1
50745     1
50749     2
50750     1
50755     1
50756     0
50758     2
50772    -8
50774     0
50775     1
50776     0
50778     1
50779     0
50788    -4
50832     1
50833     1
50834     1
50838    -1
50842     2
50844     1
50851     2
50852     2
50853     0
50854     2
50858     2
50861     0
50862     1
50867     2
50871     1
50873     1
50877     0
50878     0
50879     1
50880     0
50884    -3
50888     1
50892    -5
50913     1
50915     2
50928    -4
50934    -6
50936     2
50937   -12
50939    -6
50940     1
50946     1
50948     0
50949     1
50950     2
50953     1
50954     3
50958     2
50960     0
50962     0
50963     1
50964     0
50965     1
50968     1
50978     1
50979    -3
50983     0
50985     0
51053     0
51059  -999
51060  -999
51068     1
51076     1
51087     1
51133     2
51137     0
51145     2
51156     0
51186     1
51232     0
51238  -999
51241     0
51243     1
51288     0
51328   -17
51329   -15
51330     1
51334     0
51346     0
51352     0
51353     0
51356     0
51357     0
51358  -999
51359     0
51365     0
51367     0
51369    -4
51377    -2
51378     0
51379     0
51430    -2
51431    -9
51433  -999
51434    -7
51435   -11
51436    -7
51437    -7
51438    -8
51463    -3
51465     1
51467     0
51468     0
51469  -999
51470  -999
51477     0
51482    -2
51495     0
51526     0
51542    -9
51559     1
51567     0
51568     0
51571     0
51572     0
51573     0
51581     0
51627     1
51628     2
51629     2
51633     1
51636     0
51639  -999
51642     1
51644     1
51655  -999
51656     1
51701    -8
51704  -999
51705     1
51707     0
51708     1
51709     0
51711     0
51716     1
51717     0
51720     1
51722     2
51730     0
51765     0
51777     1
51802     0
51804     0
51810  -999
51811     1
51814     2
51815     1
51818     1
51826     0
51827     1
51828     0
51829     1
51839     1
51855     0
51886     0
51931     0
52101     0
52112  -999
52203     0
52267     0
52313     0
52323     0
52378     0
52418     0
52424     1
52436     1
52446     0
52447     1
52495     0
52515     0
52533     1
52546     0
52557     0
52575     0
52576     0
52602     0
52607     0
52633     2
52643     0
52645     2
52652     0
52656     0
52657     2
52661     0
52674    -2
52679     0
52681     0
52707     0
52713     0
52737     0
52745     1
52754     0
52765    -2
52784    -1
52787    -3
52797     0
52818     0
52825     0
52833     0
52836    -9
52842     2
52853     1
52855     1
52856     1
52862     0
52863     1
52866     1
52868     1
52869     1
52874    -1
52876     1
52884  -999
52885    -1
52889     1
52895     0
52896     0
52908     1
52943    -6
52955    -1
52957     1
52963     1
52968     1
52972     1
52978     1
52980     1
52982     2
52983     2
52984     2
52985     1
52986     2
52988     2
52993     1
52995     1
52996     2
52998     2
53068     0
53083     1
53149     0
53192     0
53195     0
53231     0
53272     0
53276     1
53289     2
53324     0
53336     0
53337     0
53343     0
53348    -9
53352    -4
53357     1
53362     1
53367     0
53368     1
53378     1
53384     1
53385     0
53391     2
53392     1
53397     2
53399     1
53419     0
53420     0
53433    -2
53446    -1
53455     0
53457     0
53463     2
53464     1
53467     2
53469     1
53472     1
53475     2
53478     2
53480     1
53481     2
53483     1
53484     3
53486     2
53487     2
53488     2
53491     3
53492     3
53498     2
53499     2
53502     0
53512     0
53513     0
53517     0
53518     0
53519     0
53522     1
53529    -1
53533     0
53543     2
53545     1
53547     1
53553     2
53562     2
53564     0
53565     1
53567     2
53573     3
53574     3
53575     3
53576     2
53577     3
53579     2
53580     2
53582     2
53584     3
53585     2
53588     2
53590     2
53593     1
53596     2
53599     1
53602     2
53610     1
53611     1
53614     0
53615     0
53617     0
53618     0
53619     1
53644     0
53646     1
53651  -999
53658     2
53659     2
53660     3
53662     2
53663     2
53664     2
53665     2
53666     3
53669     1
53673     2
53674     2
53676     2
53677    11
53678    13
53679    15
53680    12
53681     2
53682     2
53685    21
53688     1
53689     1
53690     1
53691     2
53692     2
53693    13
53694    13
53695     2
53696     3
53697     1
53698     2
53699     1
53704     0
53705     2
53707     1
53723     1
53725     2
53727     2
53730     0
53732     1
53735  -999
53738    19
53740     1
53748    22
53750     1
53751     2
53753    17
53754     2
53756     1
53757    27
53759     2
53760     2
53763     2
53764    20
53767     2
53768     2
53769     1
53770     2
53771     1
53772     1
53773     0
53774     1
53776     1
53777     1
53778     1
53780    13
53781    15
53782    17
53783    21
53784     1
53785    17
53786    15
53787    17
53788    12
53789     1
53790     2
53791     1
53792     2
53794    17
53795    13
53796     2
53797    14
53798    17
53799     1
53806     3
53810     1
53817     3
53821    23
53829     3
53832    27
53841    29
53845    25
53848     1
53850    30
53852     2
53853     2
53854  -999
53856     2
53857     1
53860     2
53861     1
53862    18
53863     1
53864     1
53865     0
53866     0
53868     1
53869     0
53871    17
53872    19
53873    25
53874     1
53875     1
53878    17
53879    20
53880    23
53881     2
53882     2
53883    14
53885    19
53886    12
53888    24
53889     1
53890     6
53891    11
53892     1
53893     1
53894     0
53895    11
53896     0
53897    -4
53898     0
53899    -5
53903     4
53906     3
53908     3
53914     3
53915     2
53916     2
53917     3
53923     2
53924    -8
53925     2
53926     1
53927     3
53928     2
53929    -6
53930    30
53931     0
53934     1
53935     1
53937     1
53938   -16
53941   -14
53942     0
53945   -12
53947    -5
53948  -999
53949    -8
53950    -7
53953     0
53954     0
53955  -999
53956     0
53957    -7
53958     0
53959     0
53961     1
53962     2
53963     1
53964     1
53965     1
53966     2
53967     1
53970     2
53972     1
53973     2
53974    -1
53975    28
53976     1
53978    -2
53979     0
53980     1
53981     0
53982    -1
53983     1
53984     2
53985     1
53986     0
53987    -3
53988     0
53989     0
53991     0
53992    -7
53993     0
53994    -4
53995     0
53996     2
53997     0
53998    -1
54012     0
54024     1
54026     2
54027     1
54031    -9
54039    -4
54041    -9
54047    -4
54049    -6
54063     2
54065     3
54069     1
54072     2
54076     2
54080     2
54092     2
54093     0
54094     1
54096     1
54098    -2
54099     0
54102     0
54113    -5
54115    -2
54117     1
54122     0
54132     0
54134    -1
54135   -12
54142    -4
54154     1
54156     2
54157     0
54161     2
54164     1
54169     1
54171     1
54172     1
54181     2
54186    -3
54187     0
54195     0
54204     1
54205     1
54208     2
54213    -9
54214     0
54218     1
54223    -9
54225     1
54226    -4
54231    -5
54234     0
54236     1
54237     0
54244     0
54245     0
54249     1
54252     1
54254     1
54259     0
54261     0
54263     0
54266    -1
54267     1
54273     1
54274     0
54276     2
54284     1
54285     0
54290    -2
54291    -6
54292     0
54293     0
54301     1
54304     2
54305     1
54308     0
54311    -4
54313     1
54316     0
54318     0
54319    -4
54320    -7
54321     0
54323     1
54324    -2
54325     1
54326    -4
54327     0
54328     1
54331     1
54332     1
54333     1
54334  -999
54335     1
54336    -2
54337     0
54338    -3
54339    -1
54342     0
54346    -2
54347    -4
54349  -999
54351     0
54362     1
54363     1
54365    -1
54371     1
54374     1
54377     1
54386    -1
54398     1
54399     1
54401     1
54404     1
54405     2
54408     2
54410     1
54412     1
54416     1
54419     0
54420     1
54421     1
54423     1
54424     1
54425     2
54428     1
54429     1
54430     0
54431     1
54432     0
54433     1
54434     0
54436     2
54437     0
54438     2
54439     2
54449     1
54453     1
54454     1
54455    -7
54471     1
54474     1
54475     0
54476     1
54483    -5
54486     1
54493     1
54494     1
54497     2
54499     0
54501     1
54502     2
54503     1
54505     1
54506     2
54507     3
54510     1
54511     2
54512     2
54513     0
54514     1
54515     2
54517    -1
54518     1
54519     1
54520     3
54521     1
54522     0
54523  -999
54525  -999
54527     1
54528  -999
54530    -2
54531     1
54532     2
54533     1
54534     2
54535    -6
54539    -5
54540     1
54541     2
54563     1
54568     1
54569     1
54579    22
54584     2
54590     3
54594     1
54596     1
54597     2
54601     1
54602     2
54603     1
54604     1
54605     1
54606     1
54607     2
54608     1
54609     1
54610     1
54611     2
54612     1
54613     2
54614     1
54615     2
54616     1
54617     1
54618     1
54619     2
54620     1
54621     1
54622     0
54623    -5
54624     0
54626     1
54627     6
54628     6
54631     1
54632     1
54633    25
54636     1
54640    10
54644     6
54660  -999
54662    17
54700     2
54701     1
54702     1
54703     1
54704     1
54705    15
54706     8
54707     1
54708    11
54709    10
54710     1
54711     0
54712    13
54713     0
54714    10
54715    12
54716     0
54717     0
54718     9
54719     8
54722    13
54723     9
54724    12
54725    15
54726     0
54727  -999
54728     1
54729    14
54730     9
54731    16
54734    16
54736     7
54737    13
54738    15
54744  -999
54749    21
54751    21
54752    16
54753    12
54755    23
54759    10
54764     6
54765     7
54766     6
54774     0
54776    -2
54777    -1
54778    -4
54800     1
54801     0
54802     1
54803     0
54804     1
54805     0
54806     0
54807     0
54808     0
54809    -1
54810     1
54811     0
54814     0
54815     0
54816     0
54817    -1
54818     1
54819     1
54820     1
54821     0
54822     1
54823     0
54824     0
54825     1
54826     1
54827     0
54828    -4
54829     0
54830     0
54831    -6
54832     6
54833     9
54834     6
54835    -6
54836     0
54837    -8
54841    -7
54842  -999
54843   -13
54844   -12
54846   -13
54848    -8
54849   -12
54851     6
54852     6
54853   -10
54855    -8
54857   -11
54861    -9
54863    -2
54871    -2
54900    -1
54901     0
54902    -9
54903    -9
54904     0
54905    -1
54906     1
54907     1
54908    -6
54909    -8
54910    -1
54911    -6
54912   -10
54913    -3
54914    -2
54915    -5
54916    -1
54917    -5
54918     0
54919    -7
54920     1
54921    -1
54922    -1
54923     1
54925     0
54927     1
54929    -4
54932     0
54935    -1
54936  -999
54938     0
54939    -1
54940     1
54943     0
54945    -1
55228     1
55248     0
55279     0
55294     2
55299     1
55437     2
55472     1
55493     1
55572     1
55578     2
55585     0
55591     2
55598    -2
55655     0
55664     1
55680    -2
55681     0
55690   -16
55696     1
55773    -1
56004     1
56016     1
56018     0
56021     1
56029     1
56033     0
56034     1
56038     1
56043     1
56045    -9
56046     0
56065     0
56067     2
56071     1
56074     1
56079     2
56080     2
56081     3
56082     2
56084     2
56091     2
56092     2
56093     2
56094    -3
56095     1
56096     2
56097     1
56106     2
56116     1
56125   -13
56137     1
56144     0
56146     1
56147     1
56151     1
56152     1
56158     0
56164     3
56167    -3
56168    -8
56171     0
56172    -1
56173     2
56178   -19
56180     4
56181    30
56182    -1
56183     2
56184     0
56185    -1
56186    30
56187  -999
56188    30
56189    30
56190     4
56192     2
56193    30
56194    30
56195     4
56196     3
56197    30
56198     4
56199     4
56202     2
56223    -9
56227    -9
56247   -10
56251     0
56257     1
56263   -17
56267   -10
56272    30
56273     3
56276    21
56278     2
56279     5
56280     5
56281     2
56284    30
56285    30
56287     3
56289    20
56290    30
56291    30
56295     2
56296     4
56297     1
56298     2
56307     0
56312    -8
56317    -3
56331     1
56357     1
56371     0
56373     3
56374     1
56376   -14
56378     0
56380    17
56381     2
56382     2
56383     1
56384     2
56385     3
56386     2
56387    -6
56389     1
56390     1
56393     1
56394    20
56395     1
56396     2
56399    -6
56434    -5
56441     1
56443     1
56444     1
56459     3
56462     2
56473    -5
56474     2
56475     0
56478     1
56479     1
56480    -1
56483    22
56485     2
56487     0
56489     1
56490     0
56492     0
56493    -2
56496     0
56497     2
56499     1
56533  -999
56543    -7
56548   -15
56565     1
56567     1
56569    -8
56571    -5
56575    -3
56578    -9
56582     1
56584    -4
56585     0
56586    -9
56592     1
56593    -1
56594     1
56595   -11
56596    -5
56598   -17
56641   -18
56645    -3
56646     0
56649    -3
56651     1
56652     1
56654     0
56664     1
56665    -4
56669     1
56670   -10
56671    -6
56673    -9
56675    -9
56684   -16
56688   -17
56691    -8
56693  -999
56697    -8
56739     0
56742   -15
56745    -7
56746   -16
56748   -19
56751   -17
56752    -9
56755   -20
56756   -11
56757   -21
56761     1
56763     0
56764     1
56766     0
56767     0
56768     0
56772     0
56774     0
56775     0
56777    -5
56778   -13
56781   -17
56782   -18
56783    -4
56785     0
56786   -16
56788    -1
56790     0
56792  -999
56793    -1
56835    14
56836    28
56838     1
56839     1
56840     0
56841     3
56842   -17
56843   -18
56844     2
56846    -9
56849    -4
56851   -20
56854    -6
56856   -24
56862    -6
56863    -4
56867   -12
56869   -14
56870    -3
56871    -5
56872    -9
56873    -9
56875    -7
56876   -14
56878    -7
56879    -6
56880   -11
56881   -10
56882    -1
56883     0
56885    -8
56886    -1
56889   -11
56891     2
56898     0
56944     2
56946    14
56948    -1
56949     1
56950    -1
56951    -4
56952     0
56954    10
56958     1
56959    -7
56961    -1
56962     1
56964    -4
56966     0
56969     0
56970    -8
56973     0
56975     1
56976    -5
56977     2
56978    24
56982     0
56984    -1
56985     0
56986     1
56987     0
56989     0
56992     2
56994     1
56995    -1
56996     0
57001     1
57002     3
57003  -999
57004     1
57006     2
57007     1
57008     1
57011     3
57012     3
57014  -999
57016    -2
57020   -12
57021    -9
57022   -10
57023   -19
57024   -10
57025  -999
57026   -13
57027    -9
57028  -999
57029   -11
57030  -999
57031   -19
57032   -10
57033   -13
57034   -11
57035   -15
57036   -11
57037   -17
57038   -13
57039   -10
57040   -11
57042   -12
57043    -1
57044    -7
57045    -9
57046    -6
57047   -13
57048  -999
57049  -999
57051   -12
57053    -4
57054     0
57055     0
57056    -4
57057    11
57060     0
57061    -7
57063    -4
57065     0
57066    -6
57067    -5
57070     0
57071    -1
57072     1
57074    -3
57075    -8
57076     0
57077   -11
57078    -4
57079    -1
57080     0
57081    -5
57082     0
57083   -11
57085     0
57086   -10
57087   -10
57089    -7
57090    -7
57091    -8
57093    -1
57094   -14
57095   -15
57096   -16
57098   -17
57099   -23
57102     2
57105     3
57106     1
57110     2
57111     2
57113     1
57119     2
57124  -999
57126    -4
57127     1
57128    -1
57129    -6
57132    -9
57134     0
57137     1
57140   -12
57143    -6
57144   -12
57153   -17
57154  -999
57155    -2
57156   -13
57162    -1
57169    -1
57173   -11
57175   -14
57176    -8
57177   -11
57178     1
57179   -12
57180   -18
57181    -9
57182   -11
57183   -12
57184   -12
57185   -10
57186   -20
57187    -7
57188   -11
57189   -16
57191   -14
57192   -20
57193   -21
57194   -16
57195   -13
57196    -6
57198   -14
57206     2
57208     4
57211  -999
57213     2
57216     1
57217     1
57231    -2
57232    -9
57233    -4
57237    -5
57238  -999
57242     0
57245    -2
57247     1
57248     0
57249    -3
57251    -9
57253    -7
57254     1
57257    -5
57259    -8
57260   -10
57261    -8
57265    -9
57268    -8
57271    -3
57273    -6
57274   -12
57279     0
57281    -8
57290   -15
57292   -17
57293   -19
57294   -13
57295   -10
57296   -13
57297   -13
57298   -12
57299   -13
57303     2
57304     3
57306     2
57307     2
57308     1
57309     0
57313     1
57314    -5
57315    -3
57317    -3
57318     0
57320     0
57324     0
57326    -7
57328     1
57329     1
57333    -5
57339   -16
57343  -999
57345    -6
57348   -14
57349    -6
57355     1
57361    -5
57362    -7
57363    -7
57368     0
57370    -8
57377   -10
57378    -2
57385    -5
57387    -8
57388     0
57389    -8
57390   -15
57396    -7
57398     1
57399     2
57401     1
57402    -6
57405    -3
57407     0
57408   -10
57409    -8
57411     0
57413     2
57414     1
57415     1
57416     1
57417     1
57420     1
57425     0
57426     0
57431    -1
57432    -3
57438    -8
57447    -5
57458     0
57460    -2
57461     0
57464    -7
57465   -12
57466   -11
57469     0
57475     0
57476    -3
57477     0
57481     0
57483    -5
57485     2
57486     0
57489     2
57491     2
57492     1
57494     1
57496     1
57498     0
57499    -7
57505    -5
57506     1
57507     0
57509   -10
57510    -6
57511     1
57513    -8
57514     0
57516     0
57518     0
57519    -7
57522   -15
57525   -14
57537   -13
57540     0
57541     1
57543     0
57544    -1
57545     1
57554     0
57558    -7
57562     0
57564    -3
57565    -7
57566    -6
57571     1
57574    -1
57575     0
57577     0
57582     0
57583     0
57584   -12
57585    -6
57586   -11
57589    -4
57590     1
57598    -4
57603     0
57605    -7
57606   -24
57608    -3
57609    -4
57614  -999
57623   -11
57625  -999
57633     0
57634    -4
57635    -5
57636   -19
57637    -4
57640    -5
57643    -9
57646   -14
57647  -999
57649    -9
57655   -11
57657   -15
57658   -13
57661   -11
57662    -3
57663    -5
57666     0
57669    -9
57671   -12
57674    -6
57678     2
57680    -3
57682     0
57687    -3
57688     1
57694     0
57698     0
57699    -1
57707   -16
57708    -7
57710  -999
57713   -12
57714   -17
57717   -14
57718  -999
57719    -9
57720   -16
57722  -999
57723    -5
57728   -11
57729  -999
57731   -20
57732   -18
57734   -17
57735    -8
57736   -18
57737   -19
57738   -18
57739   -10
57740    -5
57741  -999
57742    -8
57743    -9
57744   -10
57745   -13
57754     0
57760    -9
57762    -5
57763    -1
57766   -13
57767   -10
57768    -1
57769   -15
57771     1
57772     1
57773     1
57774    -7
57776    -6
57777   -17
57778    -8
57780     1
57781   -11
57786   -17
57792   -10
57793   -14
57796   -20
57798   -11
57799   -15
57800    -9
57803   -26
57805  -999
57806   -14
57807    -8
57808   -11
57809   -17
57811   -14
57813    -2
57814   -15
57816    -9
57818   -24
57821   -13
57822   -21
57824   -17
57825   -11
57827  -999
57828    -5
57829     1
57832    -9
57834    -9
57835   -16
57837     0
57839  -999
57840  -999
57842    -4
57844     0
57845   -15
57846   -16
57851    -2
57853    -6
57859     0
57860   -16
57865    -9
57866   -11
57867   -11
57868   -10
57870   -14
57871   -17
57872   -18
57874   -13
57875   -17
57876    -2
57881   -12
57882    -7
57883     0
57886    -4
57887   -13
57891    -6
57894     1
57895   -13
57896   -18
57899   -13
57900   -10
57902   -13
57903   -22
57905   -24
57906   -15
57907  -999
57908   -13
57909   -16
57910  -999
57912  -999
57913   -10
57914    -6
57915    -8
57916    -3
57921    -5
57922    -8
57923   -12
57926  -999
57927    -4
57932   -10
57936    -2
57941    -7
57942    -3
57947     2
57948     2
57949     1
57954     1
57955     0
57956     1
57957     0
57960    -2
57962   -10
57964    -5
57965    -6
57966    -7
57969    -5
57971    -4
57972    -9
57973   -11
57975    -1
57976    -5
57978    -3
57981   -15
57985    -3
57988    -7
57989    -7
57990   -12
57991    -9
57992    -8
57993   -16
57994   -11
57995    -6
57996    -4
58001   -16
58002    -1
58003     1
58004   -14
58005   -13
58006     0
58007   -20
58008   -16
58011     0
58012    -1
58013     1
58015    -3
58016    -6
58017   -13
58020     2
58021     2
58022     1
58024     1
58025     1
58026  -999
58027    -2
58030     0
58032     1
58034  -999
58035     0
58036     0
58038  -999
58040     1
58041     2
58044     0
58047  -999
58048    -9
58049    -1
58100   -10
58101   -14
58102   -16
58104   -13
58107   -15
58108   -16
58109   -14
58114   -19
58117   -16
58118  -999
58122   -15
58125    -9
58126    -9
58127    -5
58128   -16
58129    -6
58130  -999
58131    -6
58132   -10
58135  -999
58138     1
58139     0
58140    -6
58141    -5
58143  -999
58145   -10
58146    -6
58147     1
58148     0
58150    -1
58154     0
58158  -999
58202    -5
58203    -7
58205   -12
58207   -11
58208   -10
58210    -2
58212     0
58214    -2
58215     0
58220    -4
58221     0
58222     0
58223     1
58224     1
58230     2
58234     1
58235     1
58236     1
58237     1
58238     1
58240     1
58241     1
58242     2
58243    -2
58244     2
58245     2
58247     0
58249     0
58250     0
58251     0
58254     0
58255  -999
58257    -4
58259     1
58264     0
58265    -1
58268     1
58269    -7
58301     0
58306     2
58311     2
58314     1
58316     0
58317     2
58319     1
58320     1
58321     1
58323     1
58326     0
58327     1
58329    -1
58330     1
58331     1
58334    -9
58335     1
58337     0
58338    -3
58339    -3
58340     1
58341     0
58342    -1
58343    -6
58344     0
58345     1
58346     0
58352    -3
58353    -8
58354  -999
58356  -999
58358    -8
58360    -7
58361    -7
58362     0
58365    -1
58366     0
58367    -7
58369    -2
58401     2
58402     2
58404     0
58407    -6
58408    -2
58409    -8
58415     1
58416     2
58417     0
58418     0
58420     1
58421     2
58424     2
58426     0
58427     1
58428     1
58431     0
58432     0
58433     1
58435    -5
58436    -4
58437     3
58438     1
58441    -2
58442     0
58443    -8
58446    -2
58448  -999
58449     1
58450  -999
58451    -2
58452    -2
58453     0
58454    -3
58455    -2
58456     1
58457     1
58458     0
58459     1
58460     1
58461    -7
58462   -10
58463    -1
58464     0
58467     0
58468     0
58472     0
58477     0
58501    -3
58502     0
58503     0
58506     1
58508     2
58509     1
58510     1
58514     1
58517     1
58519     1
58523     1
58527     1
58529     0
58530     1
58531     2
58534     1
58537    -3
58542     0
58543     1
58544     1
58546     0
58547    -7
58548   -13
58549    -9
58550     0
58553  -999
58556    -3
58557  -999
58558    -4
58559    -7
58562     0
58563     0
58565    -3
58567     0
58569     0
58570     1
58601     1
58602    -2
58605     1
58606     1
58608    -3
58609     0
58612     0
58614     2
58615     0
58616     0
58618     1
58620     1
58624     2
58625     1
58626     2
58629     1
58631     0
58632    -3
58633    -4
58634     0
58635     1
58642    -5
58643    -7
58644     1
58646   -10
58647    -3
58652  -999
58654     0
58656    -6
58657     1
58658     0
58659    -1
58660    -2
58664     0
58665     0
58666     1
58667    -1
58693     1
58701    -1
58704    -3
58706    -5
58707   -13
58710    -7
58712    -1
58713    -2
58714    -8
58715    -5
58719    -7
58724    -6
58725   -12
58730    -6
58731     0
58735    -6
58736    -4
58737   -13
58742  -999
58745    -1
58746     1
58747     0
58748    -4
58749     0
58750   -10
58751    -8
58752    -6
58754    -8
58760    -6
58804   -17
58813   -20
58814   -18
58819   -17
58820   -13
58821   -12
58822   -18
58823    -6
58824   -12
58826    -8
58828    -5
58834    -5
58836    -1
58839     0
58844     0
58845   -12
58846    -8
58847    -4
58848    -9
58903   -18
58905   -17
58906    -8
58907    -3
58911   -13
58912   -10
58917    -4
58918     1
58921   -10
58923     0
58926     0
58928     1
58929     0
58931     2
58932    -8
58933     1
58934     0
58935    -2
58941   -10
58942   -11
58944   -13
58946     0
59001    -8
59004    -1
59007   -11
59012   -11
59015    -1
59017   -11
59021     0
59022     1
59023    -7
59025    -5
59027   -16
59031    -9
59033     0
59034    -7
59037     0
59038     0
59041    -8
59044    -4
59045    -6
59046    -7
59047    -1
59051    -8
59052   -10
59053    -9
59055    -7
59057     0
59058    -4
59059     1
59061    -1
59063    -5
59064    -1
59065    -9
59071    -6
59072    -5
59074    -3
59075    -5
59081    -2
59082    -5
59087    -4
59088  -999
59090    -9
59091    -5
59093    -5
59094    -5
59096     0
59097  -999
59099     0
59102    -5
59106     0
59107  -999
59109     0
59114    -3
59116  -999
59117     0
59122     0
59124     1
59125     1
59126     1
59127    -1
59130     0
59131     0
59133     0
59134     0
59137    -2
59205     0
59209   -14
59211    -7
59213    -9
59215   -11
59218     0
59224   -12
59227    -7
59228    -6
59229   -12
59230    -1
59235     0
59237     1
59238     1
59241   -11
59242     1
59246    -6
59249    -2
59254     0
59255     2
59256     0
59264     1
59265     1
59266     1
59268     0
59269     0
59270    -3
59271    -6
59276    -3
59278   -12
59279   -14
59280  -999
59284     0
59285    -8
59287    -1
59288     0
59289  -999
59290    -1
59293     0
59294    -5
59297     1
59298     0
59303     0
59304  -999
59306  -999
59310     2
59312     1
59313     1
59314     3
59315     1
59316     2
59318     2
59319     2
59320     1
59321     2
59322     1
59324     1
59417    -5
59419    -2
59421     1
59425   -10
59426    -3
59427   -11
59429    -3
59431     1
59435     2
59441     1
59446     2
59448     0
59449     0
59451     0
59452    -1
59453   -12
59454    -7
59456     0
59457     1
59462    -4
59469     1
59470     0
59471    -9
59473    -8
59475    -2
59476    -6
59477     1
59478    -5
59480    -5
59481    -4
59485  -999
59487     1
59488  -999
59492     0
59493     1
59500     3
59501     2
59502     3
59626    18
59632     2
59640     1
59644     1
59647     1
59650     1
59653     0
59654     1
59655     1
59656   -12
59658     0
59659    -6
59663    -5
59664    -9
59673     1
59750     1
59754     1
59757     0
59758    -2
59838   -11
59842    -4
59843     1
59845     0
59847     0
59848     0
59849    -4
59851    -3
59854    -2
59855     0
59856     0
59940     0
59941     1
59945     1
59948     3
59951     0
59954     2
