	56976	-2.6369
	56867	-2.614
	56649	-2.5936
	59435	-2.4944
	59429	-2.4242
	56654	-2.4167
	56567	-2.3273
	56752	-2.3184
	56745	-2.2699
	56862	-2.2693
	56651	-2.266
	56378	-2.2643
	59431	-2.2627
	56767	-2.24
	56652	-2.2324
	57900	-2.1741
	56756	-2.1695
	59012	-2.1532
	56742	-2.1507
	57317	-2.1435
	56296	-2.1135
	56950	-2.1082
	57318	-2.1079
	56199	-2.1034
	56869	-2.0998
	56946	-2.0819
	56854	-2.0702
	57974	-2.0679
	56671	-2.0616
	56751	-2.0448
	51437	-2.0396
	57307	-2.025
	56948	-2.0208
	56664	-2.0205
	56843	-1.9976
	56951	-1.9931
	56761	-1.9719
	56670	-1.9635
	56748	-1.9459
	56768	-1.9357
	56674	-1.9066
	57309	-1.8973
	56846	-1.8731
	56665	-1.8635
	56856	-1.8632
	56898	-1.8425
	56944	-1.8412
	56986	-1.8164
	56842	-1.8069
	57401	-1.7988
	56645	-1.7986
	56952	-1.7952
	56792	-1.7804
	56646	-1.7575
	56870	-1.7493
	56766	-1.7453
	56961	-1.7439
	56290	-1.7366
	56746	-1.7308
	56197	-1.7259
	56849	-1.7244
	56755	-1.7052
	56643	-1.7041
	57315	-1.6955
	56889	-1.6849
	56376	-1.6751
	57004	-1.6678
	57303	-1.6613
	57304	-1.6585
	56995	-1.6413
	59954	-1.6407
	56851	-1.6371
	56989	-1.6368
	57909	-1.631
	57903	-1.6118
	59215	-1.6117
	56196	-1.606
	56190	-1.5999
	56839	-1.5963
	59417	-1.5924
	56091	-1.5772
	59426	-1.5702
	56389	-1.5672
	56959	-1.5583
	56675	-1.549
	57001	-1.5424
	56569	-1.5352
	56585	-1.5345
	56764	-1.5337
	59427	-1.5327
	56757	-1.5244
	57314	-1.522
	56996	-1.5186
	57313	-1.5151
	56954	-1.5143
	54347	-1.511
	59446	-1.5064
	59224	-1.5055
	56673	-1.4991
	56777	-1.4976
	56473	-1.4724
	56371	-1.4673
	56386	-1.4598
	56198	-1.4303
	54259	-1.4292
	51633	-1.4246
	56763	-1.4069
	56181	-1.4054
	57402	-1.4039
	52957	-1.401
	56291	-1.3919
	57905	-1.3885
	56263	-1.3884
	57348	-1.3844
	59027	-1.3836
	56879	-1.3773
	59419	-1.3756
	51629	-1.3728
	56775	-1.3715
	56684	-1.3674
	57306	-1.3661
	59211	-1.3564
	59017	-1.3448
	59656	-1.3329
	57308	-1.3301
	56841	-1.3298
	59421	-1.3282
	57008	-1.3273
	56267	-1.3258
	56374	-1.3219
	56578	-1.3197
	57208	-1.3153
	54267	-1.304
	56977	-1.3034
	57907	-1.3016
	51705	-1.2977
	51433	-1.2972
	54346	-1.289
	56575	-1.2882
	51711	-1.2875
	56092	-1.2835
	56982	-1.2816
	56586	-1.2715
	56146	-1.2694
	59237	-1.2661
	57483	-1.2658
	51435	-1.2619
	56285	-1.2341
	52955	-1.2315
	59229	-1.2298
	56247	-1.2296
	58238	-1.229
	57324	-1.2263
	51628	-1.2229
	53676	-1.2212
	56669	-1.2212
	57475	-1.2209
	51642	-1.2168
	51636	-1.2157
	54351	-1.2135
	57237	-1.2106
	56178	-1.203
	56958	-1.1996
	56978	-1.1993
	56885	-1.1992
	59754	-1.1984
	56871	-1.1955
	58329	-1.1943
	57217	-1.1939
	53917	-1.1873
	57361	-1.1873
	56973	-1.1847
	56189	-1.1826
	56985	-1.1804
	57906	-1.1801
	57362	-1.1763
	56838	-1.1727
	56478	-1.1692
	58334	-1.1649
	57320	-1.1633
	54332	-1.1622
	57807	-1.162
	54365	-1.1594
	54339	-1.1591
	53881	-1.1572
	59750	-1.1567
	59441	-1.1542
	58341	-1.1452
	57413	-1.135
	59425	-1.13
	59940	-1.1289
	51644	-1.1282
	54266	-1.1271
	57405	-1.1261
	57973	-1.1241
	57368	-1.1221
	54335	-1.1146
	56273	-1.1135
	56188	-1.1068
	56872	-1.1022
	51627	-1.1019
	54333	-1.1018
	53908	-1.0976
	56065	-1.0931
	56774	-1.0919
	54822	-1.0911
	56840	-1.0865
	56493	-1.0811
	57326	-1.0788
	51639	-1.0766
	56772	-1.0706
	53690	-1.0693
	56975	-1.0678
	56883	-1.0576
	57803	-1.0507
	57002	-1.047
	54336	-1.0413
	54829	-1.0408
	56571	-1.0333
	56873	-1.0296
	56071	-1.0292
	59847	-1.0284
	56580	-1.0279
	57259	-1.0246
	57333	-1.0242
	57377	-1.0222
	52986	-1.0218
	51438	-1.0178
	57461	-1.0149
	56195	-1.0111
	56396	-1.0108
	57359	-1.0099
	56875	-1.0098
	54837	-1.0076
	56966	-1.0072
	56144	-1.0058
	57914	-1.0009
	56688	-0.9994
	59448	-0.9991
	59230	-0.9978
	54724	-0.9962
	51720	-0.9956
	56984	-0.9903
	57411	-0.9836
	54835	-0.9818
	57206	-0.9784
	57851	-0.978
	57248	-0.9743
	57087	-0.9737
	51717	-0.9727
	53688	-0.9704
	54752	-0.9682
	56158	-0.9642
	59228	-0.9641
	57247	-0.9637
	56987	-0.9624
	56288	-0.9589
	56739	-0.9541
	51656	-0.9539
	53682	-0.9475
	54323	-0.9467
	57902	-0.9441
	56474	-0.9397
	57355	-0.9376
	53685	-0.9342
	56257	-0.9254
	56878	-0.9251
	58452	-0.9161
	54824	-0.9148
	57358	-0.9101
	56592	-0.9096
	56548	-0.9092
	56480	-0.9082
	51730	-0.9078
	58344	-0.9068
	56093	-0.9055
	54833	-0.9046
	52833	-0.9045
	54723	-0.9044
	54834	-0.9044
	56387	-0.9013
	57966	-0.9011
	56272	-0.9005
	58441	-0.8995
	56391	-0.8985
	57407	-0.8983
	57489	-0.8975
	52836	-0.8941
	57006	-0.8918
	56487	-0.8894
	51827	-0.8884
	56949	-0.8856
	57932	-0.8855
	52988	-0.8834
	57007	-0.8831
	59658	-0.8815
	58249	-0.8799
	59644	-0.8791
	56357	-0.879
	53780	-0.8761
	56994	-0.8737
	57874	-0.8729
	57486	-0.8725
	59664	-0.8711
	58337	-0.8708
	59951	-0.8702
	56187	-0.8676
	58257	-0.8664
	53691	-0.8661
	58265	-0.857
	54753	-0.8532
	57415	-0.8517
	56835	-0.8476
	56595	-0.8456
	52842	-0.8451
	56836	-0.843
	53680	-0.8385
	57469	-0.8373
	56381	-0.8332
	58459	-0.8301
	56394	-0.83
	54261	-0.8268
	57460	-0.8267
	56992	-0.8257
	52856	-0.8251
	59004	-0.8228
	54830	-0.82
	56384	-0.8173
	54353	-0.8161
	57231	-0.8153
	58255	-0.8123
	56584	-0.8103
	51330	-0.81
	54751	-0.8052
	52707	-0.8041
	57180	-0.8028
	54825	-0.8026
	57458	-0.7982
	56289	-0.7981
	59469	-0.7963
	54729	-0.7956
	53927	-0.7897
	56128	-0.7857
	51722	-0.7853
	54728	-0.78
	57204	-0.7787
	51716	-0.7786
	56693	-0.777
	52968	-0.7758
	54254	-0.7699
	57278	-0.7669
	57494	-0.7652
	52866	-0.7647
	52974	-0.7645
	57387	-0.7634
	52436	-0.7626
	58247	-0.7614
	56785	-0.7604
	53695	-0.7599
	51334	-0.7574
	56284	-0.7533
	57926	-0.7527
	57339	-0.7486
	58254	-0.7472
	58342	-0.7454
	59031	-0.7434
	56844	-0.7392
	52424	-0.7346
	56382	-0.7255
	57414	-0.7242
	54349	-0.7225
	51810	-0.7214
	52546	-0.7206
	52745	-0.7159
	56492	-0.7143
	54844	-0.7139
	58259	-0.7129
	58335	-0.7125
	57012	-0.7104
	54737	-0.7084
	57465	-0.7052
	54722	-0.7035
	57249	-0.7005
	57254	-0.6998
	53693	-0.6993
	57011	-0.6976
	53694	-0.6965
	54474	-0.6912
	53784	-0.6893
	59948	-0.6893
	56886	-0.6891
	57564	-0.6877
	52633	-0.6857
	51811	-0.6851
	54517	-0.683
	57477	-0.6825
	56969	-0.68
	56383	-0.6799
	59235	-0.6791
	52998	-0.6786
	51704	-0.6776
	58462	-0.6759
	58358	-0.6754
	58336	-0.6735
	53783	-0.6696
	56598	-0.6694
	58343	-0.6681
	56490	-0.6667
	53367	-0.6599
	52869	-0.6574
	56691	-0.6564
	56281	-0.6516
	58464	-0.6512
	58268	-0.6496
	56462	-0.6482
	57445	-0.6478
	57496	-0.6443
	53915	-0.6403
	53707	-0.6396
	56863	-0.6387
	58327	-0.6366
	58339	-0.6365
	57014	-0.6357
	53890	-0.6356
	53886	-0.6353
	54821	-0.6345
	56443	-0.6312
	54243	-0.6302
	57094	-0.6295
	56194	-0.6289
	54386	-0.6286
	51828	-0.6282
	56891	-0.6279
	56876	-0.6233
	58230	-0.6214
	57075	-0.6184
	57913	-0.6182
	57506	-0.6181
	53687	-0.6179
	59856	-0.6175
	56186	-0.6173
	56373	-0.6161
	56095	-0.6147
	59851	-0.6147
	50892	-0.6121
	57857	-0.61
	54712	-0.6079
	53599	-0.6076
	56004	-0.6071
	53788	-0.6067
	58351	-0.6037
	59449	-0.6035
	57818	-0.6015
	58264	-0.6006
	59640	-0.6006
	54732	-0.5994
	56494	-0.5988
	51707	-0.5987
	56279	-0.5977
	57707	-0.5962
	57328	-0.5942
	57021	-0.5868
	57102	-0.5865
	58429	-0.5864
	58450	-0.5855
	53469	-0.585
	57173	-0.5843
	53727	-0.581
	56970	-0.5776
	57821	-0.5744
	55572	-0.5733
	53797	-0.5695
	58453	-0.5689
	52313	-0.5682
	57329	-0.5663
	54611	-0.5639
	51815	-0.56
	51829	-0.5574
	57661	-0.5561
	52737	-0.5554
	59655	-0.5547
	57972	-0.5545
	59238	-0.5544
	57420	-0.5528
	59843	-0.5514
	56793	-0.5506
	52515	-0.5489
	57363	-0.5474
	52652	-0.5466
	57216	-0.5448
	54811	-0.5437
	58369	-0.5432
	57181	-0.5395
	53590	-0.537
	54812	-0.5368
	51818	-0.5359
	55589	-0.5354
	53697	-0.5351
	59451	-0.5351
	51709	-0.534
	57137	-0.5338
	54726	-0.5332
	51839	-0.533
	56444	-0.5279
	56491	-0.5277
	52825	-0.5274
	56390	-0.5262
	57432	-0.5251
	59854	-0.5244
	57908	-0.5233
	57257	-0.523
	53916	-0.5209
	52533	-0.5185
	57485	-0.5182
	51542	-0.5173
	53878	-0.5166
	53588	-0.5151
	56251	-0.5124
	53906	-0.5119
	57505	-0.5119
	51931	-0.5087
	58330	-0.5085
	57409	-0.5079
	51238	-0.5075
	56395	-0.5061
	57511	-0.5055
	57279	-0.5038
	54628	-0.5026
	53879	-0.5018
	54483	-0.5012
	56781	-0.5006
	57129	-0.5005
	57378	-0.4968
	51802	-0.4956
	58377	-0.4949
	54831	-0.493
	57464	-0.4894
	58362	-0.4879
	57268	-0.4857
	52557	-0.4839
	58316	-0.4816
	58367	-0.4799
	54244	-0.4793
	58356	-0.4784
	57242	-0.4776
	51826	-0.4768
	58250	-0.4762
	58311	-0.4761
	53925	-0.476
	53533	-0.4757
	56788	-0.4721
	56084	-0.4715
	57800	-0.4713
	56298	-0.4711
	53873	-0.4708
	56094	-0.4694
	57385	-0.469
	54493	-0.4681
	58463	-0.4664
	53989	-0.4659
	53689	-0.4649
	57176	-0.4618
	53699	-0.4613
	53798	-0.4613
	57466	-0.4556
	53791	-0.455
	53937	-0.4538
	58345	-0.4535
	58360	-0.4527
	56434	-0.4498
	56496	-0.4481
	53705	-0.4464
	52908	-0.4444
	58467	-0.4441
	59626	-0.4438
	57835	-0.4438
	53617	-0.4398
	57086	-0.4384
	52993	-0.4368
	56778	-0.4359
	50525	-0.4348
	57089	-0.433
	57512	-0.4325
	53992	-0.4309
	56295	-0.4297
	53821	-0.4289
	57431	-0.428
	57517	-0.4268
	57370	-0.424
	52447	-0.4214
	57169	-0.4212
	57876	-0.4208
	57408	-0.4207
	58436	-0.4192
	55248	-0.4181
	56021	-0.4167
	53472	-0.4164
	54539	-0.4162
	51708	-0.4157
	54819	-0.4157
	57020	-0.4152
	59941	-0.4143
	54507	-0.4131
	56483	-0.4124
	53871	-0.4111
	56074	-0.4087
	59227	-0.4082
	57233	-0.4082
	53895	-0.408
	55696	-0.4074
	59855	-0.407
	53475	-0.4054
	53723	-0.4051
	53914	-0.4045
	54597	-0.4038
	57947	-0.4028
	53696	-0.4027
	52661	-0.3998
	56276	-0.3996
	57155	-0.3993
	58326	-0.3991
	58314	-0.3989
	56790	-0.3988
	53596	-0.3977
	53795	-0.3974
	53973	-0.3964
	53467	-0.3962
	57936	-0.3962
	57514	-0.3961
	54816	-0.3959
	58340	-0.3947
	58359	-0.3934
	57574	-0.3934
	53573	-0.3904
	54616	-0.3897
	50527	-0.389
	57251	-0.3886
	56297	-0.3885
	57476	-0.3875
	57016	-0.3872
	51436	-0.3866
	59653	-0.3857
	58472	-0.3855
	57093	-0.3848
	52996	-0.3839
	54568	-0.38
	57105	-0.3782
	56018	-0.3758
	53994	-0.3747
	57256	-0.3729
	58331	-0.3721
	53987	-0.3699
	57417	-0.3698
	57110	-0.3684
	58246	-0.3681
	53611	-0.3658
	57345	-0.3642
	59650	-0.3636
	54438	-0.3607
	53698	-0.3597
	54494	-0.3582
	52575	-0.355
	57846	-0.3537
	58361	-0.3521
	51777	-0.3501
	54424	-0.3478
	57437	-0.3476
	54569	-0.3469
	53612	-0.3463
	51814	-0.3457
	53517	-0.3455
	53518	-0.3447
	52995	-0.3443
	54475	-0.3434
	54331	-0.3431
	56380	-0.3427
	51434	-0.342
	51328	-0.3384
	56962	-0.3382
	54169	-0.3376
	52985	-0.3357
	53995	-0.334
	54932	-0.3338
	57605	-0.3322
	52656	-0.3319
	56393	-0.3318
	53988	-0.3307
	57507	-0.3267
	56489	-0.3247
	55294	-0.3213
	53889	-0.3206
	57808	-0.3206
	58352	-0.3194
	57510	-0.3181
	53903	-0.3178
	53776	-0.315
	54263	-0.3146
	57809	-0.3137
	59849	-0.3133
	56499	-0.3131
	57185	-0.3121
	57575	-0.3088
	57573	-0.3056
	54848	-0.3003
	59242	-0.2981
	58460	-0.296
	56193	-0.2959
	52643	-0.2947
	53923	-0.2946
	53660	-0.2927
	58461	-0.2925
	57609	-0.2915
	54534	-0.2914
	57525	-0.2903
	57969	-0.2902
	54530	-0.2867
	57887	-0.2865
	56280	-0.2848
	54505	-0.2837
	58457	-0.283
	54363	-0.2823
	57040	-0.2821
	57191	-0.2811
	54535	-0.2794
	53924	-0.2789
	54622	-0.2788
	57481	-0.2764
	53976	-0.2751
	53888	-0.2742
	54940	-0.2741
	56596	-0.2736
	51855	-0.2727
	58321	-0.2709
	54764	-0.2708
	53789	-0.2702
	58026	-0.2687
	50136	-0.2678
	53894	-0.267
	57600	-0.2668
	52982	-0.2661
	53897	-0.262
	56180	-0.2617
	57260	-0.2613
	53997	-0.2604
	52853	-0.2603
	57078	-0.259
	57805	-0.2579
	52980	-0.2563
	57566	-0.2556
	59842	-0.2548
	57186	-0.2544
	54810	-0.2537
	58448	-0.2518
	54604	-0.2517
	58242	-0.251
	54803	-0.2509
	57513	-0.2506
	56582	-0.2499
	51465	-0.2493
	56043	-0.2488
	58366	-0.2478
	53998	-0.2445
	57265	-0.2438
	58446	-0.2407
	52101	-0.239
	54249	-0.2388
	54252	-0.2388
	54731	-0.2383
	56125	-0.2374
	51431	-0.2363
	54260	-0.2361
	59205	-0.2357
	58323	-0.2356
	57128	-0.2349
	52607	-0.233
	53810	-0.233
	52895	-0.2329
	54923	-0.2317
	51329	-0.2311
	57192	-0.231
	56783	-0.2301
	52645	-0.2288
	54766	-0.2284
	53817	-0.2284
	54814	-0.2257
	54439	-0.2252
	54624	-0.2236
	54342	-0.2231
	50950	-0.2213
	54615	-0.2203
	54841	-0.2179
	57827	-0.2159
	57044	-0.2158
	53984	-0.215
	56593	-0.2124
	57126	-0.2116
	57829	-0.2086
	54818	-0.2068
	57177	-0.2062
	57426	-0.2062
	54802	-0.2054
	51241	-0.2053
	52874	-0.2046
	51145	-0.2042
	52818	-0.2028
	58365	-0.198
	54455	-0.1974
	58269	-0.1966
	54607	-0.1958
	56278	-0.1949
	54398	-0.1949
	52446	-0.1922
	58008	-0.1919
	54601	-0.1905
	57571	-0.1905
	57720	-0.1894
	58468	-0.189
	57604	-0.1888
	51430	-0.1882
	57035	-0.1876
	50618	-0.1855
	57096	-0.1851
	58449	-0.1849
	54523	-0.1843
	58007	-0.1823
	53892	-0.1821
	51358	-0.1814
	57195	-0.1809
	53910	-0.1804
	53618	-0.1798
	57981	-0.1798
	57565	-0.1796
	54828	-0.1781
	54412	-0.1771
	54719	-0.1751
	57910	-0.1744
	51058	-0.174
	53519	-0.1734
	56147	-0.1732
	54645	-0.1731
	51243	-0.1726
	50913	-0.1709
	59063	-0.1708
	57657	-0.168
	51559	-0.1649
	53593	-0.1646
	50954	-0.164
	59007	-0.1635
	57520	-0.163
	56167	-0.1607
	53928	-0.16
	59457	-0.1591
	54434	-0.1588
	52984	-0.1578
	54644	-0.1572
	54627	-0.1567
	55228	-0.1561
	53993	-0.1555
	56964	-0.1552
	54832	-0.1537
	57390	-0.1522
	53419	-0.1517
	57666	-0.1508
	57042	-0.1495
	57927	-0.1476
	57543	-0.1473
	51133	-0.147
	53289	-0.1453
	53829	-0.1449
	52862	-0.1444
	53982	-0.1422
	56399	-0.1386
	50247	-0.1345
	53996	-0.1342
	58237	-0.134
	59945	-0.1338
	58001	-0.1334
	53930	-0.1333
	53276	-0.1321
	57516	-0.1318
	52787	-0.1308
	54613	-0.1308
	56881	-0.1274
	54738	-0.127
	55472	-0.1265
	53681	-0.1264
	54623	-0.1255
	52765	-0.1249
	57033	-0.1249
	51186	-0.1227
	50349	-0.1219
	56317	-0.1217
	51477	-0.1212
	57127	-0.1198
	57083	-0.1191
	57708	-0.1161
	57447	-0.1152
	57245	-0.1108
	53357	-0.1097
	54900	-0.1096
	54852	-0.1087
	54541	-0.1086
	52657	-0.1064
	57081	-0.1061
	57416	-0.1054
	53704	-0.1043
	51655	-0.1039
	58346	-0.1039
	57498	-0.1028
	54311	-0.1026
	57095	-0.1024
	54640	-0.1015
	59845	-0.1015
	57183	-0.1005
	54759	-0.0998
	57045	-0.0997
	52674	-0.0994
	53926	-0.0984
	51701	-0.0976
	56786	-0.0972
	54404	-0.0972
	54521	-0.0881
	53777	-0.0873
	53658	-0.0862
	53614	-0.0859
	52681	-0.0855
	54237	-0.0852
	54486	-0.0848
	57038	-0.0842
	50834	-0.0827
	58100	-0.0826
	57079	-0.0824
	52112	-0.0812
	57396	-0.0806
	54511	-0.0802
	57614	-0.0796
	51765	-0.0786
	54406	-0.0778
	59632	-0.0772
	56533	-0.0771
	56782	-0.0771
	54700	-0.077
	54416	-0.077
	57612	-0.0769
	53770	-0.0747
	57271	-0.0735
	52876	-0.0728
	57175	-0.0721
	57964	-0.0708
	57518	-0.0699
	53399	-0.0697
	53492	-0.0691
	53983	-0.0691
	59453	-0.0685
	56116	-0.0683
	54749	-0.0677
	53692	-0.066
	54620	-0.0647
	53378	-0.0633
	57031	-0.0596
	54922	-0.0585
	53763	-0.0577
	53979	-0.0522
	57976	-0.0522
	51357	-0.0512
	51059	-0.0487
	53896	-0.0483
	54662	-0.0447
	57261	-0.0446
	52885	-0.0442
	50524	-0.0437
	57022	-0.0431
	58101	-0.0415
	53384	-0.0402
	57091	-0.04
	57502	-0.037
	53488	-0.0358
	57975	-0.0346
	53512	-0.0331
	54429	-0.0325
	57728	-0.0306
	53980	-0.0305
	57825	-0.0289
	50246	-0.0276
	58419	-0.0261
	56882	-0.0259
	54939	-0.0245
	57029	-0.0245
	57111	-0.0235
	57162	-0.0226
	54908	-0.0219
	57098	-0.0219
	57090	-0.021
	54910	-0.0208
	51469	-0.0188
	54522	-0.0181
	57714	-0.0176
	54618	-0.0174
	52983	-0.0164
	54527	-0.0155
	54157	-0.0146
	54617	-0.0145
	54419	-0.0113
	53615	-0.0109
	57493	-0.0109
	56498	-0.0104
	58234	-0.0093
	53574	-0.0080
	53455	-0.0078
	54806	-0.0076
	50833	-0.0074
	59663	-0.0073
	54904	-0.0072
	53941	-0.0061
	54408	-0.0051
	57395	-0.0045
	56287	-0.0023
	58353	-0.0016
	53562	-0.0016
	57032	-0.0011
	57119	-0.0011
	57608	-0.0011
	57606	2.0E-4
	59023	7.0E-4
	51567	0.0010
	52203	0.0014
	53505	0.0024
	57085	0.0050
	54636	0.0074
	54716	0.0074
	57213	0.0076
	57024	0.0094
	51377	0.0122
	53610	0.0128
	54528	0.0131
	56697	0.0153
	59218	0.0176
	54710	0.0179
	56497	0.0211
	53806	0.0221
	58005	0.0232
	53959	0.0249
	53935	0.0251
	53565	0.0279
	55493	0.028
	56096	0.0296
	54428	0.0306
	57179	0.0318
	52884	0.0325
	54621	0.0341
	51495	0.0355
	54701	0.036
	53619	0.0362
	57074	0.0365
	54614	0.0397
	54765	0.0407
	53522	0.0431
	56594	0.0433
	54714	0.0434
	57198	0.0435
	55681	0.0463
	53553	0.0483
	57196	0.0487
	52323	0.0495
	58544	0.0498
	53499	0.0505
	51076	0.0519
	58404	0.052
	53794	0.052
	57508	0.0524
	58041	0.053
	53972	0.0542
	58125	0.0552
	59015	0.056
	58032	0.0565
	54291	0.0574
	54453	0.0577
	51356	0.0585
	57853	0.0585
	58040	0.0595
	52896	0.0598
	50425	0.0624
	59209	0.0631
	58150	0.0634
	54503	0.0645
	53773	0.0652
	53899	0.0679
	57027	0.068
	54744	0.0685
	53576	0.0701
	53580	0.0734
	54431	0.0737
	57482	0.0755
	54706	0.0763
	53774	0.0768
	59246	0.0775
	55578	0.0777
	54602	0.08
	51137	0.0801
	50858	0.0811
	51470	0.083
	53772	0.0853
	57055	0.0857
	59838	0.0865
	51804	0.0867
	54525	0.0871
	57047	0.0873
	53644	0.089
	53771	0.0911
	55279	0.0912
	57837	0.092
	50844	0.0927
	56880	0.0927
	54506	0.0939
	52963	0.0958
	58114	0.0984
	53678	0.0989
	57540	0.1006
	57099	0.1009
	57381	0.1013
	57971	0.102
	54301	0.1034
	54308	0.1042
	58035	0.1057
	54590	0.1057
	54520	0.1061
	57985	0.1061
	58130	0.1064
	51156	0.107
	58435	0.1072
	57806	0.1094
	59848	0.1096
	58402	0.1117
	57399	0.113
	57671	0.1143
	53947	0.1144
	59213	0.1153
	57636	0.1154
	54902	0.1155
	58562	0.1175
	59758	0.1199
	54709	0.1251
	54708	0.1255
	56033	0.1264
	58354	0.1264
	58942	0.1291
	58932	0.1299
	57194	0.1331
	54911	0.1333
	54914	0.1336
	54245	0.1338
	53478	0.1341
	57603	0.1341
	53978	0.1357
	53646	0.1371
	53938	0.1407
	55680	0.1468
	57916	0.1478
	57113	0.1479
	57349	0.1485
	53832	0.1514
	57841	0.1522
	58433	0.153
	56034	0.1536
	58102	0.1557
	54717	0.1609
	57072	0.1614
	58418	0.1615
	50353	0.1625
	53582	0.1642
	54903	0.1644
	50431	0.1653
	50854	0.1698
	57178	0.1699
	53498	0.1706
	57828	0.1723
	58301	0.1726
	58111	0.1762
	53392	0.1766
	57285	0.1766
	57562	0.1768
	57298	0.1775
	57865	0.1781
	50468	0.1784
	53584	0.179
	57253	0.1793
	58935	0.1797
	57425	0.1824
	54135	0.1851
	50745	0.1887
	54603	0.1888
	55299	0.191
	54231	0.1913
	54608	0.194
	57153	0.1947
	57056	0.1949
	50741	0.1951
	57957	0.1951
	53778	0.1953
	57054	0.1953
	59001	0.1956
	57844	0.1983
	54164	0.1985
	56991	0.1988
	53484	0.1995
	57824	0.2007
	54436	0.2012
	57912	0.2013
	57082	0.2029
	58427	0.203
	56168	0.204
	54425	0.2046
	57053	0.2061
	54809	0.2062
	53970	0.2067
	53457	0.2069
	54502	0.2074
	54540	0.2093
	57678	0.2096
	54913	0.2101
	50739	0.2108
	54901	0.2113
	52978	0.2131
	51346	0.2133
	57954	0.2134
	57710	0.2135
	53464	0.215
	57577	0.2165
	58240	0.218
	53578	0.2204
	58241	0.2206
	53272	0.2212
	57063	0.2227
	58002	0.2234
	58004	0.2249
	54531	0.2264
	58027	0.2272
	57811	0.2272
	52889	0.2275
	51053	0.2303
	54804	0.231
	57070	0.2321
	56441	0.2324
	50832	0.2329
	56016	0.2343
	58428	0.2364
	54432	0.2376
	54711	0.2378
	54049	0.2379
	57860	0.2403
	57662	0.2424
	57388	0.2426
	54423	0.2427
	57297	0.2435
	50749	0.2437
	57545	0.2476
	50434	0.2479
	51482	0.248
	58243	0.249
	53760	0.2512
	58424	0.2518
	57080	0.2519
	57544	0.2549
	50566	0.2562
	57737	0.2567
	57663	0.2572
	54626	0.2576
	58146	0.2585
	50647	0.2587
	54518	0.2595
	53967	0.2614
	50968	0.2621
	53931	0.2641
	50632	0.2664
	57065	0.2669
	50778	0.2671
	54921	0.2685
	53748	0.2716
	53481	0.2746
	58431	0.2765
	54161	0.2784
	57519	0.2799
	58131	0.2806
	59058	0.2813
	57026	0.2833
	57942	0.284
	56184	0.288
	53368	0.2889
	51352	0.289
	58570	0.2938
	58415	0.2941
	57740	0.2952
	54905	0.2964
	54449	0.2973
	51087	0.2974
	57948	0.2979
	57389	0.2984
	58251	0.3034
	58049	0.3052
	54855	0.306
	58048	0.3084
	54102	0.3084
	54704	0.3096
	54820	0.31
	57994	0.3112
	50727	0.3113
	57076	0.3115
	54430	0.3118
	50758	0.3126
	52679	0.3149
	57398	0.3172
	54827	0.3174
	58941	0.3177
	58006	0.32
	53750	0.3217
	57674	0.3241
	54142	0.3273
	53659	0.3277
	58003	0.3277
	57744	0.3284
	54915	0.3285
	53893	0.3297
	51369	0.33
	57956	0.3324
	57051	0.3346
	54702	0.3407
	53490	0.3408
	58020	0.3414
	50842	0.3425
	54234	0.3431
	57554	0.3431
	53585	0.3462
	51571	0.348
	54318	0.3515
	58011	0.3571
	58244	0.3591
	57834	0.3614
	58438	0.3623
	51526	0.3631
	54374	0.3665
	53487	0.368
	53669	0.3689
	50656	0.3705
	54204	0.3723
	59654	0.3731
	54454	0.374
	58154	0.3741
	57043	0.3743
	59241	0.3745
	53769	0.377
	50639	0.3771
	54041	0.3788
	54154	0.379
	54134	0.3829
	58030	0.3844
	53949	0.3853
	57541	0.387
	53486	0.3877
	54420	0.3883
	50838	0.3891
	59647	0.3901
	53751	0.3902
	57071	0.3902
	58025	0.3915
	58122	0.3941
	52784	0.3954
	58442	0.3956
	58141	0.3959
	50788	0.3961
	53732	0.3989
	50750	0.4003
	59021	0.4015
	58420	0.4032
	57057	0.4046
	54512	0.4065
	57189	0.4085
	53957	0.4089
	53768	0.4143
	50756	0.4204
	53944	0.4207
	53966	0.4212
	54907	0.4229
	53666	0.4243
	55664	0.4244
	57718	0.4249
	50646	0.4254
	57658	0.4264
	57492	0.4273
	54325	0.4274
	58126	0.4302
	50973	0.4313
	57536	0.4328
	54099	0.435
	59057	0.4393
	50888	0.4406
	56029	0.4408
	58500	0.4426
	58484	0.443
	58015	0.4441
	58245	0.4445
	51378	0.4466
	58044	0.4471
	58414	0.4505
	53674	0.4522
	54633	0.4559
	54707	0.4565
	57193	0.4572
	50956	0.4588
	54610	0.4604
	51463	0.4605
	53343	0.4622
	58016	0.4641
	53397	0.4643
	54273	0.466
	57143	0.4664
	57752	0.4667
	58104	0.4671
	50928	0.4695
	59456	0.4711
	57889	0.4722
	57581	0.4727
	58132	0.4731
	58140	0.4733
	50983	0.4739
	53950	0.4739
	58549	0.4744
	50445	0.4761
	57558	0.4765
	54575	0.4767
	57738	0.4768
	54156	0.4781
	58407	0.4792
	53483	0.4815
	54918	0.4832
	54703	0.4835
	58839	0.4838
	58416	0.4867
	50526	0.489
	57839	0.4891
	58038	0.4915
	50655	0.4916
	56067	0.4917
	57739	0.4917
	57640	0.4931
	54186	0.4932
	57585	0.4933
	57582	0.4955
	50442	0.4958
	54619	0.4959
	59034	0.4983
	54935	0.4996
	59053	0.4999
	54777	0.5011
	51288	0.5015
	57679	0.5026
	57439	0.5054
	57832	0.5055
	53433	0.5079
	57745	0.5096
	50557	0.5113
	54925	0.5121
	58501	0.5127
	54515	0.5135
	59051	0.5146
	54165	0.5148
	58923	0.5153
	54871	0.5158
	58426	0.5159
	54713	0.5164
	58012	0.5171
	50880	0.5197
	58542	0.5213
	50755	0.5219
	51068	0.5228
	56192	0.5252
	58021	0.5262
	51367	0.5273
	51359	0.5274
	58113	0.5302
	56183	0.5305
	53945	0.5315
	54778	0.5341
	58946	0.5357
	53756	0.538
	58208	0.5388
	58143	0.5413
	57273	0.5413
	59065	0.5416
	57899	0.5424
	53841	0.5431
	53420	0.5433
	57840	0.5438
	57978	0.5444
	54214	0.5497
	54605	0.5497
	57822	0.5505
	57060	0.5523
	50945	0.554
	54218	0.5542
	58520	0.555
	58421	0.5569
	58401	0.5595
	58417	0.562
	59255	0.562
	54313	0.5639
	59037	0.5652
	53845	0.5665
	54320	0.5668
	57438	0.5668
	57491	0.5669
	57274	0.5695
	54912	0.5711
	53962	0.5713
	59116	0.5723
	59045	0.5728
	54938	0.574
	57871	0.574
	59061	0.5754
	54917	0.5774
	57625	0.5811
	53848	0.5816
	53963	0.5825
	57743	0.5825
	54433	0.5828
	58660	0.583
	53491	0.5832
	58632	0.5848
	52797	0.5878
	58236	0.5905
	58934	0.5924
	57719	0.5928
	58502	0.5943
	50774	0.5945
	54849	0.5946
	58907	0.5949
	50514	0.5951
	58569	0.5968
	50548	0.5983
	53965	0.5985
	57866	0.5993
	58017	0.6
	51572	0.6002
	57590	0.6035
	54276	0.6042
	53964	0.6048
	50564	0.6051
	58306	0.6068
	54327	0.608
	55655	0.6105
	54316	0.6129
	51379	0.6132
	50674	0.6147
	57735	0.6167
	54919	0.6178
	51581	0.621
	57522	0.622
	54181	0.6252
	59265	0.6256
	51568	0.6257
	57537	0.6294
	57687	0.634
	56106	0.6349
	54846	0.6386
	58013	0.6396
	54906	0.6414
	51467	0.642
	54069	0.6448
	53857	0.6457
	57649	0.6526
	50939	0.6539
	58556	0.658
	50963	0.6589
	58929	0.6602
	53577	0.6611
	58614	0.6647
	57896	0.6652
	58235	0.6678
	55690	0.6683
	58557	0.6689
	54226	0.6726
	57870	0.6735
	50867	0.6744
	53868	0.6758
	57299	0.6776
	50859	0.6777
	58432	0.6827
	54705	0.6853
	51060	0.6882
	57965	0.6887
	53753	0.6892
	57647	0.6892
	50603	0.6894
	58616	0.6911
	57762	0.6935
	54064	0.694
	50851	0.6964
	58135	0.6965
	58128	0.6973
	53954	0.6978
	50884	0.6991
	54606	0.7037
	54920	0.7039
	57729	0.7043
	59254	0.7052
	52418	0.7064
	54292	0.7069
	58022	0.7118
	50787	0.7146
	57814	0.7159
	58612	0.716
	53764	0.7174
	54122	0.7184
	57290	0.7195
	59064	0.7231
	53757	0.7255
	57586	0.7286
	57996	0.7286
	53575	0.7312
	54187	0.7329
	57872	0.7334
	54096	0.7367
	59470	0.7387
	57595	0.7389
	58047	0.7416
	50946	0.7419
	50948	0.7429
	56641	0.7462
	54047	0.7464
	54421	0.7584
	58548	0.7631
	58129	0.7688
	51573	0.7693
	50673	0.7697
	57589	0.7706
	58567	0.7765
	57990	0.7766
	59270	0.7783
	50934	0.7788
	54594	0.7791
	57886	0.7796
	57584	0.7836
	57655	0.7843
	54195	0.7852
	56152	0.7878
	53956	0.7918
	57732	0.7941
	54305	0.7945
	57598	0.7946
	54861	0.7986
	57923	0.8018
	58826	0.8036
	57634	0.8037
	56097	0.8041
	58707	0.8046
	58634	0.8048
	56045	0.811
	58665	0.816
	54285	0.8195
	56171	0.82
	53337	0.8248
	53850	0.8248
	50742	0.8258
	58912	0.8279
	59094	0.8284
	58127	0.8292
	54324	0.8297
	59133	0.833
	58503	0.835
	58118	0.836
	58317	0.8383
	57766	0.8388
	58214	0.8402
	58145	0.8418
	54205	0.8453
	54519	0.8464
	56182	0.8536
	56079	0.8537
	59047	0.8547
	57635	0.8551
	53861	0.8554
	58477	0.8557
	53348	0.8563
	58643	0.8576
	59477	0.8625
	54499	0.8646
	57875	0.8669
	59268	0.8675
	57292	0.8677
	57713	0.8707
	51353	0.8741
	57731	0.8746
	59264	0.8759
	57741	0.8788
	54514	0.8874
	54039	0.8923
	59131	0.895
	51365	0.8969
	59321	0.8975
	54098	0.8978
	54065	0.8988
	58207	0.9008
	54290	0.9029
	53767	0.9035
	53860	0.9049
	58926	0.9057
	53862	0.9065
	59454	0.9088
	54596	0.9102
	58622	0.9114
	53856	0.912
	57891	0.9121
	50978	0.9151
	59475	0.9174
	58647	0.9175
	57991	0.9188
	56080	0.9209
	58845	0.9245
	54225	0.9246
	59096	0.9308
	54026	0.932
	50960	0.9321
	57761	0.9325
	50776	0.9366
	58626	0.9375
	57993	0.9375
	57816	0.9383
	57296	0.9396
	57868	0.9416
	58319	0.9422
	58844	0.9425
	54853	0.9463
	54863	0.9467
	58543	0.9528
	58618	0.9545
	59324	0.9555
	54284	0.9571
	57760	0.9617
	58602	0.963
	57763	0.9657
	50955	0.9677
	57294	0.9714
	57742	0.9798
	59033	0.9808
	58508	0.9809
	58519	0.9816
	50772	0.9877
	57187	0.998
	53864	0.9983
	50958	1.0009
	50940	1.0046
	58705	1.0046
	54223	1.005
	58108	1.0053
	57799	1.0074
	58921	1.0081
	57995	1.0128
	58606	1.0154
	53869	1.0184
	58644	1.0192
	54328	1.021
	58147	1.0251
	58510	1.0252
	58666	1.0276
	50965	1.0313
	59471	1.0328
	59052	1.033
	54213	1.0375
	58107	1.044
	50949	1.0444
	58635	1.0476
	57646	1.0531
	57669	1.0531
	54076	1.0547
	59025	1.0628
	58731	1.07
	54113	1.0717
	59266	1.075
	54826	1.0771
	56046	1.0826
	58642	1.0833
	54321	1.0843
	59473	1.0866
	58936	1.0896
	58537	1.0929
	58911	1.0937
	58600	1.0961
	57772	1.0963
	56164	1.0972
	58633	1.0979
	50775	1.1036
	58109	1.1047
	58843	1.1072
	57771	1.1092
	59316	1.1097
	59059	1.1115
	57992	1.1141
	58158	1.1177
	58828	1.1184
	54319	1.1253
	57922	1.1265
	58514	1.1303
	58205	1.1304
	50962	1.1338
	59476	1.1427
	59099	1.1443
	57845	1.1494
	51232	1.1591
	59319	1.1594
	57295	1.1601
	58507	1.1622
	58523	1.1649
	59044	1.167
	58529	1.1818
	59452	1.191
	53192	1.1953
	50937	1.1961
	50862	1.2006
	54063	1.2006
	57717	1.2154
	58224	1.2162
	57867	1.2284
	59117	1.2324
	58625	1.2358
	58754	1.2378
	58944	1.2382
	58693	1.2416
	54027	1.2517
	54943	1.2566
	57682	1.2593
	54094	1.2606
	54117	1.2643
	57499	1.2646
	58509	1.2653
	58906	1.2747
	57955	1.2755
	57754	1.283
	53852	1.2834
	57778	1.2849
	59303	1.2879
	57509	1.2883
	58223	1.2902
	59081	1.2933
	54115	1.2951
	58408	1.2977
	58139	1.2979
	50852	1.3016
	58615	1.3035
	58215	1.3068
	58220	1.3071
	58117	1.3092
	59256	1.3104
	54132	1.3189
	50879	1.322
	59122	1.3249
	59046	1.3277
	58646	1.33
	59125	1.331
	58222	1.3386
	58558	1.3391
	58714	1.342
	58409	1.3448
	58752	1.3457
	58512	1.3476
	58706	1.3502
	54031	1.3503
	59134	1.3551
	59276	1.358
	53865	1.3594
	57722	1.3596
	54072	1.3618
	59462	1.3634
	57637	1.3643
	57643	1.3651
	58437	1.3673
	54080	1.3696
	58531	1.371
	59137	1.3732
	58652	1.3761
	58212	1.3778
	59071	1.3844
	57921	1.385
	58221	1.3926
	53336	1.3977
	54024	1.402
	59279	1.4021
	50853	1.4049
	59481	1.4163
	50936	1.4195
	58620	1.4259
	57736	1.4306
	59097	1.4443
	58847	1.4535
	50873	1.4567
	58746	1.4621
	59278	1.4638
	57673	1.4648
	58517	1.4651
	58715	1.466
	57941	1.4735
	59106	1.4738
	58928	1.4761
	58742	1.4792
	59130	1.4908
	58629	1.4972
	58637	1.5085
	58609	1.5104
	57758	1.5145
	57915	1.5173
	57895	1.5208
	59092	1.5305
	58903	1.5315
	59312	1.5337
	58619	1.5343
	59315	1.5382
	57583	1.5401
	55773	1.5472
	57989	1.5497
	59485	1.5552
	50985	1.557
	57623	1.5617
	58659	1.5641
	59288	1.5692
	57723	1.5699
	58713	1.57
	58704	1.5722
	59055	1.5828
	58749	1.5842
	59072	1.6087
	59038	1.6135
	59478	1.6192
	56038	1.6272
	59041	1.6292
	58534	1.6471
	57769	1.6489
	58202	1.6731
	57780	1.6757
	59310	1.681
	57949	1.686
	59022	1.6877
	58203	1.6879
	58846	1.6889
	57789	1.6984
	58848	1.7093
	59304	1.7097
	58210	1.7105
	58837	1.7116
	58712	1.7118
	57642	1.7166
	59124	1.7261
	59320	1.7324
	57773	1.7398
	59113	1.7447
	54172	1.7447
	58735	1.7496
	58804	1.7568
	59293	1.7643
	58225	1.7737
	59091	1.7764
	58806	1.7775
	51468	1.7821
	54286	1.7848
	56185	1.786
	57680	1.793
	54092	1.7953
	57962	1.8026
	58605	1.8031
	58656	1.8089
	58744	1.8093
	57988	1.8126
	59093	1.8249
	50878	1.8327
	50964	1.8418
	59127	1.8537
	59249	1.8571
	57774	1.8627
	59673	1.8659
	50871	1.8672
	58814	1.8697
	58608	1.8763
	58710	1.8776
	57882	1.8838
	57523	1.8874
	59271	1.9423
	57798	1.9445
	59306	1.9478
	59269	1.9611
	58624	1.9631
	58530	1.9716
	59480	1.9847
	58918	1.9862
	59109	1.9917
	58931	2.0055
	50877	2.0111
	58818	2.023
	57767	2.0302
	58905	2.0352
	59322	2.0466
	58601	2.0748
	59487	2.0921
	59314	2.1029
	57883	2.1075
	59488	2.1116
	57842	2.1144
	58148	2.1235
	59107	2.1297
	59318	2.1381
	59313	2.1532
	57688	2.1607
	58527	2.1689
	59082	2.1793
	58813	2.1966
	58836	2.2034
	59074	2.2182
	57734	2.2224
	58736	2.2231
	57813	2.2283
	58138	2.2384
	57911	2.2519
	57894	2.2656
	58748	2.267
	59090	2.2844
	59114	2.2844
	58819	2.2963
	57859	2.3028
	59280	2.3029
	57779	2.3207
	58834	2.3213
	59289	2.3507
	59126	2.3555
	57960	2.361
	58730	2.3686
	59290	2.4003
	59493	2.4372
	59087	2.4475
	59075	2.4557
	59502	2.4972
	58701	2.5059
	59317	2.522
	59287	2.5534
	59102	2.5948
	58824	2.6086
	58667	2.6092
	58737	2.6357
	58917	2.6408
	58822	2.6642
	58933	2.6727
	57699	2.6824
	58734	2.6879
	58724	2.6937
	58719	2.6977
	57694	2.7623
	57633	2.7643
	59492	2.7859
	58927	2.7901
	57796	2.8086
	57792	2.8103
	58718	2.8189
	57881	2.8218
	58820	2.8344
	58821	2.8468
	58823	2.8487
	58751	2.8528
	58664	2.8536
	59284	2.8683
	57777	2.9715
	57768	2.9997
	58725	3.0254
	59294	3.0449
	57696	3.0487
	59285	3.0877
	57793	3.0933
	59501	3.0981
	58747	3.1152
	59088	3.1162
	57781	3.1538
	59298	3.1977
	57786	3.2244
	59297	3.2705
	57698	3.2889
	59500	3.3128
