	57682	-3.08172
	57781	-2.90604
	59124	-2.75964
	54334	-2.68032
	56312	-2.67888
	54420	-2.6157600000000003
	54335	-2.60988
	57673	-2.5605599999999997
	57777	-2.5423199999999997
	52784	-2.53308
	57388	-2.49396
	57778	-2.48256
	53499	-2.4698399999999996
	56317	-2.42676
	57722	-2.42616
	54113	-2.4026400000000003
	52874	-2.3892
	52875	-2.3838
	57742	-2.3676
	57958	-2.32416
	57491	-2.31216
	57671	-2.31216
	58429	-2.2938
	52863	-2.27976
	57678	-2.27712
	59856	-2.2632
	57565	-2.25456
	57589	-2.25264
	57669	-2.2512
	57995	-2.24964
	59065	-2.24376
	57687	-2.2403999999999997
	59125	-2.23128
	57663	-2.22948
	52855	-2.22456
	57698	-2.22336
	53491	-2.2086
	59061	-2.2023599999999997
	57792	-2.19132
	56227	-2.18208
	59122	-2.17524
	58514	-2.16936
	54636	-2.15688
	57674	-2.1536399999999998
	58647	-2.14452
	54470	-2.1426
	57949	-2.12148
	54115	-2.10972
	52853	-2.10756
	54471	-2.0972399999999998
	58507	-2.09412
	57666	-2.09172
	58510	-2.09124
	54339	-2.0898
	56223	-2.0892
	52972	-2.08272
	57655	-2.0826
	59310	-2.07768
	59241	-2.0772
	54533	-2.05308
	57469	-2.04468
	57564	-2.0376
	57772	-2.0376
	52963	-2.03676
	57598	-2.03544
	59303	-2.0172
	57562	-2.01288
	58719	-2.00016
	58012	-1.99992
	57493	-1.99068
	54404	-1.98636
	52869	-1.9846799999999998
	57485	-1.96752
	54434	-1.9630799999999997
	57773	-1.95852
	57740	-1.95624
	57643	-1.94976
	57571	-1.93428
	58508	-1.9341599999999999
	54064	-1.93212
	57558	-1.90788
	53195	-1.8994799999999998
	54472	-1.8957600000000001
	56247	-1.8864
	57554	-1.88556
	57584	-1.88028
	57771	-1.87404
	54336	-1.86672
	54540	-1.8648
	57649	-1.86444
	59051	-1.8608399999999998
	54338	-1.8522
	57566	-1.83672
	58356	-1.8339599999999998
	54117	-1.81884
	57688	-1.8158400000000001
	52876	-1.81332
	52866	-1.8127199999999999
	58731	-1.81104
	58013	-1.80132
	58927	-1.80132
	57875	-1.8011999999999997
	59046	-1.80096
	54454	-1.79568
	57574	-1.78956
	59052	-1.7874
	57595	-1.78464
	53483	-1.77984
	51058	-1.7762399999999998
	58666	-1.77288
	54412	-1.76592
	59264	-1.76568
	58354	-1.75932
	57793	-1.74684
	57942	-1.7448
	57867	-1.74192
	57680	-1.73928
	57752	-1.73412
	54076	-1.73304
	57866	-1.73208
	58414	-1.7305199999999998
	59044	-1.7258399999999998
	57741	-1.72548
	53498	-1.72404
	57608	-1.7194800000000001
	57544	-1.7115599999999997
	57780	-1.7046000000000001
	58656	-1.70448
	56950	-1.6991999999999998
	58752	-1.6916399999999998
	54401	-1.6878
	59074	-1.6816799999999998
	59127	-1.67532
	54449	-1.6748399999999999
	57796	-1.66716
	58044	-1.662
	51495	-1.6581599999999999
	57798	-1.64472
	54331	-1.6383599999999998
	57786	-1.6338
	54518	-1.6244399999999999
	54605	-1.6239599999999998
	57661	-1.6224
	54324	-1.6216799999999998
	53696	-1.6202400000000001
	54610	-1.6169999999999998
	57361	-1.6128
	54333	-1.61088
	57872	-1.60884
	57640	-1.60164
	54523	-1.59516
	57586	-1.59204
	57662	-1.59204
	59316	-1.59204
	57359	-1.59144
	58431	-1.59048
	57744	-1.58964
	57699	-1.5879599999999998
	59045	-1.5879599999999998
	57540	-1.58664
	58343	-1.5852
	57779	-1.5832799999999998
	57492	-1.5828
	58269	-1.58052
	54204	-1.57992
	57731	-1.5792
	59116	-1.57716
	53343	-1.57584
	51329	-1.5744
	58836	-1.572
	57973	-1.57188
	57696	-1.56876
	58843	-1.56792
	57477	-1.5613199999999998
	54596	-1.5606
	50978	-1.55808
	58556	-1.5560399999999999
	57969	-1.5518399999999999
	54405	-1.5498
	57496	-1.5484799999999999
	53517	-1.5442799999999999
	54231	-1.5419999999999998
	54594	-1.53804
	57679	-1.5378
	54319	-1.53744
	58259	-1.5348
	57776	-1.53372
	57657	-1.5273599999999998
	57865	-1.52172
	54476	-1.51668
	57381	-1.5102
	58500	-1.5063600000000001
	57735	-1.5053999999999998
	58715	-1.50456
	54603	-1.49892
	57966	-1.4978399999999998
	54512	-1.4898
	59256	-1.488
	59246	-1.4878799999999999
	54535	-1.48728
	58523	-1.48224
	53472	-1.47864
	57870	-1.47792
	57851	-1.47732
	59126	-1.4758799999999999
	53378	-1.47
	54475	-1.46664
	54039	-1.4664
	58342	-1.46604
	51804	-1.46112
	58016	-1.45872
	51477	-1.45368
	57964	-1.4532
	58555	-1.44828
	54515	-1.44264
	54320	-1.44024
	58751	-1.43856
	57259	-1.43736
	58040	-1.4351999999999998
	53502	-1.43484
	58503	-1.43244
	58268	-1.4322
	59053	-1.4298
	57739	-1.4292
	58419	-1.4278799999999998
	57962	-1.4272799999999999
	54416	-1.425
	54507	-1.425
	54213	-1.42332
	57581	-1.4205599999999998
	58041	-1.419
	54410	-1.4154
	54421	-1.407
	57606	-1.4022000000000001
	53681	-1.4004
	58615	-1.3988399999999999
	58407	-1.39872
	57891	-1.39608
	57600	-1.3917599999999999
	54102	-1.3914
	54522	-1.38612
	57362	-1.386
	57728	-1.38408
	52868	-1.3839599999999999
	54569	-1.3782
	57761	-1.3768799999999999
	57385	-1.37376
	54455	-1.3654799999999998
	58935	-1.3646399999999999
	59072	-1.3614
	58020	-1.3538400000000002
	58360	-1.35276
	57955	-1.3510799999999998
	54511	-1.34832
	53599	-1.3437599999999998
	57604	-1.34256
	57590	-1.3414799999999998
	58338	-1.33848
	54519	-1.33608
	58032	-1.3306799999999999
	59033	-1.33008
	54541	-1.3298400000000001
	50425	-1.32972
	59041	-1.32852
	58408	-1.3265999999999998
	57399	-1.3241999999999998
	50987	-1.32384
	51469	-1.3233599999999999
	57881	-1.3224
	58567	-1.3219199999999998
	57499	-1.3212
	57257	-1.32084
	52787	-1.3206
	58353	-1.3113599999999999
	57868	-1.30572
	57859	-1.30536
	59454	-1.3008
	50973	-1.30032
	58928	-1.29888
	57723	-1.29768
	57573	-1.2955199999999998
	54612	-1.2918
	58021	-1.28976
	53466	-1.28712
	58725	-1.28568
	53593	-1.2855599999999998
	57774	-1.28352
	57438	-1.2829199999999998
	54525	-1.28256
	57494	-1.28232
	58517	-1.28112
	58820	-1.2802799999999999
	57489	-1.27992
	59318	-1.27884
	54607	-1.27872
	58547	-1.27836
	58846	-1.27704
	54611	-1.2761999999999998
	55228	-1.275
	59647	-1.27476
	57583	-1.2714
	57646	-1.2712799999999997
	59319	-1.2645600000000001
	58718	-1.25904
	58341	-1.25508
	58257	-1.25496
	54337	-1.2493199999999998
	54318	-1.2487199999999998
	57874	-1.2486
	58116	-1.24596
	57647	-1.24512
	54505	-1.24392
	57575	-1.24332
	51377	-1.2416399999999999
	54528	-1.23816
	54429	-1.2326399999999997
	57976	-1.2312
	53475	-1.22928
	52895	-1.2275999999999998
	54622	-1.22748
	58319	-1.2247199999999998
	57743	-1.2225599999999999
	58548	-1.2222
	56641	-1.21992
	58667	-1.2181199999999999
	52679	-1.21776
	58265	-1.2167999999999999
	54506	-1.21584
	59058	-1.21248
	57734	-1.2121199999999999
	58345	-1.2110400000000001
	58704	-1.2086400000000002
	53362	-1.20708
	58301	-1.20204
	58657	-1.1987999999999999
	57520	-1.19616
	50979	-1.19496
	58614	-1.194
	58664	-1.19364
	58352	-1.19256
	57509	-1.19232
	57506	-1.19052
	57738	-1.1898
	54530	-1.18908
	58600	-1.1826
	58030	-1.1823599999999999
	58415	-1.1821199999999998
	57378	-1.18152
	54575	-1.1802
	58337	-1.18008
	55773	-1.17828
	54243	-1.1781599999999999
	53682	-1.176
	59851	-1.1718
	57476	-1.1708399999999999
	58421	-1.16796
	57461	-1.16664
	54539	-1.16628
	58569	-1.1646
	57458	-1.16448
	53881	-1.16388
	57882	-1.16124
	58601	-1.1598
	58821	-1.1588399999999999
	57625	-1.15848
	58404	-1.15392
	54325	-1.15296
	58365	-1.1524
	57415	-1.14984
	57095	-1.14732
	58760	-1.14636
	59270	-1.1423999999999999
	53352	-1.13544
	56444	-1.1352
	58264	-1.13472
	54063	-1.13136
	58017	-1.13076
	59456	-1.1267999999999998
	58433	-1.12536
	54012	-1.125
	54438	-1.12404
	53676	-1.12332
	59064	-1.1148
	57541	-1.11372
	54237	-1.11324
	52885	-1.11252
	52765	-1.1094
	54499	-1.10928
	57736	-1.10892
	51431	-1.10832
	58424	-1.10784
	58612	-1.10748
	58512	-1.10676
	57426	-1.10664
	53446	-1.1058
	54601	-1.10004
	59057	-1.0995599999999999
	57545	-1.0977599999999998
	54613	-1.09704
	54259	-1.0926
	54433	-1.09116
	59255	-1.08768
	57871	-1.0868399999999998
	50880	-1.08504
	57839	-1.08276
	57249	-1.08264
	54503	-1.08228
	54430	-1.08036
	54406	-1.08012
	58706	-1.0794
	51145	-1.0789199999999999
	54323	-1.0776
	57713	-1.0764
	53397	-1.0742399999999999
	54502	-1.07388
	58102	-1.0735199999999998
	58693	-1.0734
	59047	-1.06728
	57603	-1.06584
	54563	-1.0624799999999999
	58646	-1.06068
	57543	-1.05984
	58427	-1.059
	54439	-1.05732
	58011	-1.05708
	53788	-1.05456
	53705	-1.05336
	57057	-1.05276
	57345	-1.05072
	57732	-1.0494
	58602	-1.0489199999999999
	58461	-1.0479
	57642	-1.04508
	51482	-1.0404
	52862	-1.0369199999999998
	59306	-1.03656
	57363	-1.03512
	57585	-1.03056
	52656	-1.03044
	59107	-1.02972
	54026	-1.02192
	57498	-1.01976
	50775	-1.01688
	54423	-1.01352
	57431	-1.01352
	50946	-1.01244
	58527	-1.00872
	53763	-1.00716
	57143	-1.00596
	57954	-1.00548
	58502	-1.00128
	59453	-0.99768
	58027	-0.9946799999999999
	53231	-0.99144
	59055	-0.99024
	54132	-0.9887999999999999
	53704	-0.98796
	57729	-0.98676
	57370	-0.9863999999999999
	56586	-0.98448
	53367	-0.98424
	55664	-0.98364
	58113	-0.9826799999999999
	54579	-0.97488
	57789	-0.97476
	54225	-0.97332
	51328	-0.9700799999999999
	53579	-0.9645599999999999
	53492	-0.9642
	57947	-0.9612
	57486	-0.96012
	53596	-0.9593999999999999
	59063	-0.95832
	51369	-0.9573599999999999
	54134	-0.95628
	54252	-0.9560399999999999
	59427	-0.95448
	57099	-0.9523199999999999
	57860	-0.95052
	57098	-0.94944
	53357	-0.94848
	57040	-0.94848
	53384	-0.94836
	54398	-0.9432
	58823	-0.942
	53564	-0.9401999999999999
	58658	-0.9401999999999999
	50884	-0.93936
	51352	-0.9353999999999999
	58361	-0.934
	58351	-0.9339599999999999
	51470	-0.93336
	59075	-0.9327599999999999
	57754	-0.9318
	54332	-0.92964
	58605	-0.9223199999999999
	53898	-0.92184
	51365	-0.9199199999999998
	58644	-0.9199199999999998
	54604	-0.9185999999999999
	54308	-0.91824
	54161	-0.91716
	54534	-0.91704
	58362	-0.9144
	54431	-0.9113999999999999
	58006	-0.9065999999999999
	55572	-0.9033599999999999
	53774	-0.9028799999999999
	58377	-0.9015599999999999
	54346	-0.89988
	57519	-0.8994000000000001
	58448	-0.8989199999999999
	57737	-0.89856
	59635	-0.8980799999999999
	53562	-0.8976
	53772	-0.8968799999999999
	58848	-0.8941199999999999
	58665	-0.89352
	57658	-0.89028
	59229	-0.88584
	53690	-0.8854799999999999
	53594	-0.88512
	53957	-0.8832
	54597	-0.8826
	57420	-0.88164
	51133	-0.8802
	58813	-0.87852
	57523	-0.8772
	59315	-0.87696
	53490	-0.8766
	57889	-0.876
	53585	-0.8740800000000001
	50983	-0.86976
	53433	-0.86928
	53392	-0.86784
	54513	-0.86688
	53810	-0.86604
	57974	-0.86508
	53663	-0.8615999999999999
	57718	-0.8598
	51241	-0.8594399999999999
	58366	-0.8584
	53348	-0.85764
	58637	-0.85716
	53486	-0.85512
	58529	-0.8546400000000001
	57965	-0.85452
	54408	-0.8543999999999999
	58025	-0.8542799999999999
	54122	-0.85392
	52515	-0.8529599999999999
	57086	-0.8514
	54645	-0.85104
	58463	-0.8507
	54514	-0.85068
	53692	-0.849
	57094	-0.8472
	59266	-0.8468399999999999
	58714	-0.846
	54437	-0.84516
	58034	-0.8396399999999999
	52982	-0.83868
	53565	-0.83832
	58629	-0.8382
	53149	-0.83784
	54907	-0.83388
	52446	-0.83232
	59238	-0.83124
	57089	-0.82968
	53695	-0.82848
	58707	-0.8276399999999999
	57437	-0.82728
	54626	-0.82716
	59137	-0.82704
	59317	-0.8263199999999999
	58007	-0.8217599999999999
	59640	-0.82128
	57762	-0.82104
	53455	-0.81972
	54510	-0.81864
	58015	-0.8168399999999999
	58001	-0.8154
	53512	-0.81528
	58359	-0.81276
	51886	-0.81192
	57507	-0.81132
	54399	-0.8112
	54452	-0.8109599999999999
	53463	-0.81048
	53083	-0.80904
	51433	-0.8088000000000001
	57633	-0.80724
	53573	-0.80628
	56948	-0.80592
	53289	-0.80388
	58643	-0.80208
	58917	-0.7975199999999999
	58822	-0.79344
	54732	-0.7922399999999999
	51059	-0.7903199999999999
	54614	-0.7901999999999999
	56756	-0.7876799999999999
	51434	-0.78708
	58358	-0.78516
	58346	-0.7843199999999999
	58329	-0.7836
	58804	-0.7794
	57637	-0.7783199999999999
	58004	-0.77736
	57960	-0.7761600000000001
	56434	-0.7759199999999999
	57432	-0.7759199999999999
	57268	-0.7756799999999999
	59131	-0.7742399999999999
	51639	-0.77244
	54244	-0.77184
	54226	-0.77076
	58022	-0.76896
	52674	-0.76548
	53660	-0.76476
	58238	-0.7636799999999999
	54517	-0.76332
	52546	-0.7610399999999999
	54249	-0.76068
	58942	-0.75984
	58416	-0.7595999999999999
	53678	-0.75804
	51353	-0.7568400000000001
	54432	-0.7562399999999999
	59656	-0.7562399999999999
	57285	-0.756
	59113	-0.7551599999999999
	57464	-0.75348
	57096	-0.75276
	53480	-0.75252
	59314	-0.75228
	57972	-0.75192
	53674	-0.75132
	54939	-0.7512
	53953	-0.75
	54474	-0.7490399999999999
	56228	-0.7490399999999999
	53771	-0.74784
	57514	-0.7464
	59031	-0.74616
	58008	-0.7446
	59419	-0.7428
	57517	-0.74256
	58506	-0.74256
	53863	-0.74232
	58005	-0.74196
	50928	-0.7418399999999999
	58249	-0.74124
	53963	-0.74076
	58409	-0.73992
	53777	-0.73644
	54483	-0.73524
	58367	-0.735
	59134	-0.7338
	53614	-0.7323599999999999
	53399	-0.73176
	54214	-0.7315200000000001
	57763	-0.7314
	54501	-0.7308
	58520	-0.72948
	54096	-0.72768
	54187	-0.7237199999999999
	57198	-0.72048
	59655	-0.71928
	54521	-0.71856
	53391	-0.7182000000000001
	58339	-0.7162799999999999
	58565	-0.7136399999999999
	58237	-0.7130399999999999
	57090	-0.71256
	57298	-0.7098
	54047	-0.70932
	53768	-0.7086
	53964	-0.7086
	53484	-0.70848
	58609	-0.70776
	57425	-0.70392
	53783	-0.70236
	53505	-0.7008
	56393	-0.6988800000000001
	56487	-0.6988800000000001
	58624	-0.6978
	51465	-0.6975600000000001
	58462	-0.6947
	54623	-0.69444
	53575	-0.69384
	56959	-0.69312
	57988	-0.68856
	54621	-0.68808
	57023	-0.68676
	57343	-0.6834
	57481	-0.6834
	59093	-0.6790799999999999
	54031	-0.67848
	57048	-0.6765599999999999
	53487	-0.67572
	54234	-0.6726
	58553	-0.6722400000000001
	54700	-0.67152
	52896	-0.66972
	53955	-0.66804
	57996	-0.66684
	51463	-0.66384
	50985	-0.66372
	54486	-0.66288
	57717	-0.65988
	57985	-0.65988
	58926	-0.6594
	56493	-0.6583199999999999
	57508	-0.65808
	57577	-0.6569999999999999
	51238	-0.65484
	57339	-0.65484
	58544	-0.6536399999999999
	57466	-0.65352
	58635	-0.65328
	52884	-0.6492
	57038	-0.6468
	58742	-0.6441600000000001
	58550	-0.6429600000000001
	54716	-0.642
	54092	-0.6403199999999999
	54065	-0.63984
	58625	-0.63984
	59425	-0.63876
	54342	-0.6363599999999999
	57623	-0.63456
	57948	-0.6322800000000001
	56673	-0.63132
	58659	-0.6309600000000001
	57417	-0.6303599999999999
	51435	-0.62688
	58501	-0.62604
	58734	-0.6243599999999999
	52984	-0.6236400000000001
	54436	-0.61944
	52974	-0.61788
	51137	-0.61608
	54620	-0.6144
	58844	-0.6112799999999999
	57956	-0.60996
	57358	-0.6083999999999999
	53778	-0.60744
	54602	-0.6036
	56499	-0.6012
	52797	-0.60084
	52607	-0.60072
	58654	-0.5963999999999999
	51346	-0.59628
	58100	-0.59556
	57832	-0.59544
	57445	-0.59268
	57195	-0.5922
	58326	-0.5916
	57516	-0.59004
	58401	-0.5856
	57144	-0.5843999999999999
	58633	-0.58404
	59312	-0.58224
	53666	-0.57996
	53602	-0.579
	57003	-0.5770799999999999
	53611	-0.57192
	58024	-0.57084
	53658	-0.5693999999999999
	55655	-0.56868
	58918	-0.56844
	53698	-0.56832
	59446	-0.56796
	57513	-0.56664
	51430	-0.5663999999999999
	53688	-0.5663999999999999
	54532	-0.5658
	58148	-0.5651999999999999
	58334	-0.56436
	58254	-0.5637599999999999
	53780	-0.5620799999999999
	54527	-0.5607599999999999
	53619	-0.55704
	58247	-0.55668
	56585	-0.5556
	50960	-0.5526
	53553	-0.54828
	53727	-0.54732
	53577	-0.54408
	57055	-0.54216
	57899	-0.5385599999999999
	58713	-0.53796
	58246	-0.53616
	57634	-0.5342399999999999
	58460	-0.5338
	57087	-0.53364
	57760	-0.53172
	53991	-0.53016
	58710	-0.528
	54248	-0.52728
	56496	-0.52728
	53469	-0.5269199999999999
	57414	-0.5256
	52378	-0.52536
	59451	-0.52416
	59091	-0.52368
	53859	-0.52356
	57296	-0.52296
	54142	-0.52116
	58468	-0.51876
	59071	-0.51816
	53276	-0.51768
	58631	-0.51744
	54351	-0.51732
	57304	-0.51696
	58519	-0.516
	57395	-0.51024
	53776	-0.5087999999999999
	58634	-0.5074799999999999
	51777	-0.50664
	57522	-0.50544
	58402	-0.5052
	58477	-0.50364
	53651	-0.5034
	56592	-0.50244
	53791	-0.50112
	58117	-0.5004
	57978	-0.49944
	58737	-0.49884
	58606	-0.49799999999999994
	54328	-0.49524
	56267	-0.49476
	58558	-0.49463999999999997
	59109	-0.49392
	58442	-0.49224
	53857	-0.49199999999999994
	53610	-0.49116
	58642	-0.49104
	53576	-0.49079999999999996
	53954	-0.49007999999999996
	53457	-0.48947999999999997
	57324	-0.48947999999999997
	57981	-0.4848
	53961	-0.48024
	56595	-0.47892
	53488	-0.47712
	53699	-0.47663999999999995
	53750	-0.4764
	50948	-0.47603999999999996
	59653	-0.47363999999999995
	59242	-0.47088
	53707	-0.46812
	57447	-0.46524
	58101	-0.46524
	59211	-0.46392
	58543	-0.46308
	59092	-0.46188
	57192	-0.46175999999999995
	56199	-0.46115999999999996
	52643	-0.45743999999999996
	57846	-0.45636
	58250	-0.45611999999999997
	51367	-0.45408
	54619	-0.45299999999999996
	58933	-0.45299999999999996
	54497	-0.45143999999999995
	56548	-0.4512
	56396	-0.4488
	58317	-0.44376
	58026	-0.44232
	53889	-0.44184
	54425	-0.44171999999999995
	56966	-0.44111999999999996
	57295	-0.44051999999999997
	51243	-0.44004000000000004
	58562	-0.43739999999999996
	56757	-0.43571999999999994
	58003	-0.43524
	53769	-0.43344
	53662	-0.43139999999999995
	59023	-0.43068
	57582	-0.42707999999999996
	58451	-0.42672000000000004
	59452	-0.42444
	56851	-0.42384
	54424	-0.42192
	53787	-0.41856
	54304	-0.41664
	57034	-0.41639999999999994
	57193	-0.41616
	59290	-0.41496
	53518	-0.41484
	57333	-0.41484
	59102	-0.41339999999999993
	54291	-0.41100000000000003
	53873	-0.41028
	50871	-0.40956
	57512	-0.40715999999999997
	54662	-0.40487999999999996
	53567	-0.40392
	56492	-0.4032
	54377	-0.40043999999999996
	53687	-0.40007999999999994
	54590	-0.40007999999999994
	50603	-0.39827999999999997
	59094	-0.39515999999999996
	59099	-0.39504
	53689	-0.39168000000000003
	56263	-0.38975999999999994
	59322	-0.38975999999999994
	58652	-0.3894
	54453	-0.38808000000000004
	57066	-0.38652
	59313	-0.38615999999999995
	59114	-0.38568
	58546	-0.38028
	57876	-0.38016
	53868	-0.37932
	52988	-0.37848
	58369	-0.3767
	58557	-0.37596
	59265	-0.37596
	58932	-0.37536
	57502	-0.3744
	52745	-0.36888
	53543	-0.36744000000000004
	58441	-0.36744000000000004
	53782	-0.36624
	51655	-0.3636
	53885	-0.35747999999999996
	57093	-0.35736
	58724	-0.35604
	50834	-0.35556
	57299	-0.35544000000000003
	53693	-0.354
	56357	-0.35232
	57206	-0.35015999999999997
	53664	-0.34956
	56178	-0.34728
	53875	-0.34715999999999997
	57191	-0.34632
	53612	-0.34572
	57525	-0.34536
	58340	-0.34356
	54205	-0.33972
	58122	-0.33540000000000003
	54293	-0.33492
	58750	-0.3336
	57119	-0.33347999999999994
	58549	-0.33264
	57398	-0.3306
	58929	-0.3276
	54609	-0.3264
	57297	-0.32436
	58834	-0.32292
	56645	-0.32232
	57745	-0.32051999999999997
	50937	-0.31728
	57719	-0.31644
	57694	-0.31632
	53481	-0.31368
	58509	-0.31235999999999997
	54568	-0.312
	55681	-0.31115999999999994
	57609	-0.31115999999999994
	54027	-0.3096
	58632	-0.30815999999999993
	58627	-0.3072
	57389	-0.30528
	59081	-0.30516000000000004
	58845	-0.30432
	57183	-0.30396
	53740	-0.30263999999999996
	58316	-0.30228
	57278	-0.29868
	58251	-0.29868
	54644	-0.29772
	58344	-0.29748
	54531	-0.29496
	58109	-0.29484
	59268	-0.2946
	53385	-0.29364
	57909	-0.29352
	57720	-0.29328
	57941	-0.29303999999999997
	54254	-0.29208
	57043	-0.29184
	58255	-0.2898
	53948	-0.28836
	59449	-0.28752
	58131	-0.28728
	53685	-0.28692
	58749	-0.28692
	57256	-0.28559999999999997
	54927	-0.28536
	59426	-0.28536
	58202	-0.28428
	58839	-0.28176
	59948	-0.28176
	57067	-0.28128
	53336	-0.28103999999999996
	54313	-0.279
	54419	-0.2778
	54617	-0.27756
	59320	-0.27516
	53617	-0.27503999999999995
	53950	-0.27503999999999995
	53677	-0.27324
	57635	-0.27096
	56989	-0.27
	57853	-0.2676
	53730	-0.26652
	58241	-0.26604
	57085	-0.26532
	57396	-0.26436
	53680	-0.26424
	52833	-0.26364
	59130	-0.2586
	50873	-0.25728
	57975	-0.2556
	54710	-0.25488
	57462	-0.25488
	59644	-0.25164
	59271	-0.25032
	57113	-0.24672
	59293	-0.24431999999999998
	56746	-0.24347999999999997
	57035	-0.2424
	59945	-0.24047999999999997
	58936	-0.23987999999999998
	57075	-0.2394
	53775	-0.2376
	54080	-0.2376
	57021	-0.23496
	58623	-0.23496
	56842	-0.23267999999999997
	58443	-0.22931999999999997
	54711	-0.22824
	58620	-0.22619999999999998
	54713	-0.22451999999999997
	57046	-0.2244
	57844	-0.2244
	57405	-0.22404
	52983	-0.22368000000000002
	53618	-0.22248
	57052	-0.22128
	53853	-0.22055999999999998
	56752	-0.21996
	53694	-0.21852000000000002
	57799	-0.21803999999999998
	50934	-0.21755999999999998
	58754	-0.21539999999999998
	57834	-0.21492
	52652	-0.21455999999999997
	57511	-0.21444
	59096	-0.21264
	53770	-0.20892
	58002	-0.20832
	51334	-0.20784
	50776	-0.20664
	57857	-0.20568
	54290	-0.20364
	51467	-0.20328
	53464	-0.19836
	54321	-0.19764
	54316	-0.1962
	58111	-0.19391999999999998
	59254	-0.19236
	50434	-0.19175999999999999
	58335	-0.19127999999999998
	57033	-0.18732
	57636	-0.18384
	50524	-0.18168
	58941	-0.177
	53877	-0.1752
	54719	-0.1752
	53988	-0.17472000000000001
	53578	-0.17279999999999998
	57016	-0.17243999999999998
	54218	-0.17172
	58748	-0.17076
	53759	-0.16992
	56045	-0.16848
	58705	-0.16727999999999998
	57887	-0.16632
	57279	-0.1656
	56106	-0.16404
	59664	-0.15852
	51559	-0.1572
	53419	-0.1572
	59417	-0.15467999999999998
	52657	-0.15407999999999997
	51571	-0.15
	54305	-0.14964
	57053	-0.14904
	53861	-0.14759999999999998
	54186	-0.14759999999999998
	57083	-0.14628
	53795	-0.14616
	58132	-0.14616
	53669	-0.14604
	50878	-0.14148
	58418	-0.14076
	58542	-0.13943999999999998
	54428	-0.13932
	53584	-0.13896
	53513	-0.1362
	56582	-0.13584
	51931	-0.13512
	53866	-0.13416
	53980	-0.13404
	57510	-0.1326
	56399	-0.13092
	58530	-0.12996
	57989	-0.12552
	58701	-0.12516
	53862	-0.12503999999999998
	53679	-0.12359999999999999
	54703	-0.12276
	54326	-0.12156
	56593	-0.12143999999999999
	58944	-0.11615999999999999
	57041	-0.11603999999999999
	54135	-0.1158
	57886	-0.11483999999999998
	51378	-0.1134
	50514	-0.11327999999999999
	57153	-0.11064
	53996	-0.1104
	52978	-0.10751999999999999
	50958	-0.10716
	57518	-0.10643999999999999
	56394	-0.10596
	57992	-0.10584
	53588	-0.10511999999999999
	51156	-0.10451999999999999
	59838	-0.10356
	52602	-0.10308
	54702	-0.09695999999999999
	58245	-0.09695999999999999
	53519	-0.09672
	57710	-0.09635999999999999
	57835	-0.09635999999999999
	56598	-0.09576
	54098	-0.09563999999999999
	52447	-0.09455999999999999
	54938	-0.09156
	54925	-0.08964
	57408	-0.08796
	59022	-0.08628000000000001
	57416	-0.08568
	57091	-0.08532
	53646	-0.08292
	58735	-0.08220000000000001
	58323	-0.0798
	58931	-0.07644000000000001
	57883	-0.07584
	59106	-0.07547999999999999
	57902	-0.07464
	57329	-0.07356
	55248	-0.07343999999999999
	56489	-0.07079999999999999
	52661	-0.07008
	54606	-0.06996
	58923	-0.06996
	53691	-0.069
	53615	-0.06576
	51642	-0.06359999999999999
	53068	-0.06348
	50936	-0.063
	59448	-0.063
	56196	-0.06276
	54774	-0.06228
	58907	-0.059039999999999995
	50963	-0.055920000000000004
	53897	-0.055080000000000004
	53754	-0.05316
	59059	-0.048960000000000004
	56116	-0.048119999999999996
	50888	-0.048
	57054	-0.04788
	55589	-0.04704
	54584	-0.045599999999999995
	54624	-0.04463999999999999
	55680	-0.03732
	57037	-0.036
	51358	-0.03444
	54041	-0.03372
	53773	-0.03204
	58563	-0.03156
	56946	-0.030959999999999998
	55593	-0.026520000000000002
	52985	-0.021599999999999998
	54195	-0.01992
	54627	-0.01968
	56665	-0.0192
	58336	-0.01908
	59493	-0.01884
	57044	-0.018
	56643	-0.017159999999999998
	57957	-0.013439999999999999
	58608	-0.011399999999999999
	53924	-0.011159999999999998
	50431	-0.010799999999999999
	57029	-0.00912
	56854	-0.00216
	53872	-0.0012
	59205	-4.8E-4
	57390	0.0
	58243	9.6E-4
	51087	0.0020399999999999997
	54715	0.00396
	57409	0.006599999999999999
	57265	0.00804
	59213	0.010079999999999999
	58145	0.01032
	53478	0.01236
	52998	0.012960000000000001
	51076	0.01368
	53665	0.0144
	56652	0.015479999999999999
	54156	0.0162
	54347	0.016679999999999997
	55696	0.01764
	58108	0.020759999999999997
	52842	0.02172
	53874	0.02208
	58203	0.022319999999999996
	51356	0.02244
	57315	0.02328
	58207	0.02376
	56095	0.023880000000000002
	51436	0.024480000000000002
	53784	0.025079999999999998
	54915	0.02664
	56772	0.027839999999999997
	53985	0.0288
	58420	0.030359999999999998
	58107	0.031079999999999997
	58458	0.03276
	51656	0.03516
	58327	0.03528
	58619	0.036
	53757	0.036359999999999996
	56669	0.03804
	56307	0.0396
	57110	0.04259999999999999
	50968	0.04392
	58139	0.048
	52681	0.048960000000000004
	56286	0.04908
	53956	0.05244
	56949	0.05244
	54093	0.053399999999999996
	54301	0.05363999999999999
	58828	0.053759999999999995
	57180	0.055799999999999995
	57042	0.0564
	57027	0.05687999999999999
	54618	0.057719999999999994
	57084	0.05915999999999999
	53908	0.0594
	58570	0.06084
	50246	0.06095999999999999
	57308	0.06132
	54917	0.06144
	53545	0.06348
	53764	0.06384
	58320	0.06648
	56478	0.06671999999999999
	51542	0.06684
	50862	0.06731999999999999
	51330	0.06731999999999999
	58568	0.06744
	53748	0.069
	52323	0.07032
	52576	0.07067999999999999
	51567	0.07116
	59462	0.07224
	57936	0.07308
	57292	0.07332
	59854	0.07404
	57248	0.075
	51633	0.07595999999999999
	57211	0.0768
	51636	0.08028
	57439	0.08244
	53582	0.08292
	59297	0.08292
	51839	0.08316
	58747	0.08376
	53420	0.08471999999999999
	57217	0.08508
	53738	0.08544
	56491	0.087
	57077	0.08736000000000001
	53790	0.08796
	57186	0.09024
	57140	0.09108
	59235	0.09168
	58205	0.09264
	56004	0.09335999999999998
	56688	0.09419999999999999
	53947	0.09492
	57293	0.09516
	53796	0.09527999999999999
	53929	0.09527999999999999
	58417	0.09576
	58423	0.09924
	58244	0.09984
	59090	0.09984
	53984	0.10235999999999999
	53981	0.10248
	57080	0.10271999999999999
	57537	0.10812
	56497	0.10824
	53786	0.11016000000000001
	54701	0.1128
	57822	0.11304
	59650	0.11412
	56755	0.11675999999999999
	50940	0.11735999999999999
	57994	0.12108
	50955	0.12323999999999999
	54906	0.12816
	59626	0.13152
	57127	0.132
	54371	0.13272
	58242	0.13704
	58449	0.14088
	57020	0.14135999999999999
	51829	0.14171999999999998
	57605	0.14268
	54267	0.14412
	53892	0.14436
	54286	0.14592
	50778	0.14651999999999998
	53760	0.14759999999999998
	56751	0.14844
	52267	0.14952
	56761	0.15059999999999998
	59249	0.15131999999999998
	54706	0.15216
	53841	0.15348
	54709	0.15504
	53882	0.1554
	54362	0.15611999999999998
	59848	0.15768
	58607	0.15852
	50527	0.15864
	56646	0.159
	57313	0.15972
	56273	0.15984
	56128	0.16007999999999997
	54916	0.16188
	57803	0.16236
	58814	0.16476
	59659	0.16584
	55437	0.16643999999999998
	52889	0.17123999999999998
	50954	0.17376
	57921	0.17388
	56594	0.17736
	57536	0.17868
	57465	0.17915999999999999
	51573	0.17988
	58467	0.18012
	57905	0.18084
	54260	0.18155999999999997
	56584	0.18228
	57111	0.18239999999999998
	57271	0.18264
	58454	0.18324
	57056	0.18588000000000002
	58660	0.18624
	51068	0.18648
	51357	0.18839999999999998
	53735	0.19271999999999997
	53832	0.19476
	56976	0.19607999999999998
	53324	0.19668
	54608	0.19691999999999998
	53574	0.19776
	58130	0.19824
	58331	0.19896
	58036	0.20016
	58147	0.20196
	57990	0.2028
	58806	0.20352
	59304	0.20543999999999998
	53799	0.20603999999999997
	53986	0.20628
	58559	0.20687999999999998
	57182	0.20759999999999998
	57247	0.20796
	54633	0.20832
	58230	0.20939999999999998
	59027	0.21
	57082	0.21168
	58158	0.21228
	58745	0.21455999999999997
	53879	0.21684
	56691	0.21696
	53959	0.22044
	51232	0.22596
	59954	0.22655999999999998
	54722	0.22691999999999998
	57387	0.22715999999999997
	58730	0.22956
	54943	0.23244
	54236	0.23364000000000001
	51722	0.23412
	53949	0.23807999999999999
	50879	0.23843999999999999
	58847	0.24251999999999999
	59117	0.24336
	54909	0.24347999999999997
	59012	0.24456
	53806	0.24539999999999998
	57126	0.24624
	51765	0.24647999999999998
	53899	0.24756
	50136	0.24792
	58744	0.24936
	54493	0.255
	51379	0.25655999999999995
	51526	0.25668
	57039	0.2568
	55591	0.25836
	53797	0.26052
	59431	0.26111999999999996
	58818	0.26208
	57024	0.26268
	58626	0.2628
	53896	0.26316
	53673	0.26328
	59025	0.26328
	57181	0.26388
	56578	0.26448
	51828	0.26484
	50749	0.27108
	53945	0.27108
	53970	0.2718
	53789	0.27743999999999996
	59849	0.27768
	53965	0.2796
	59038	0.27996
	53756	0.2802
	57402	0.28092
	51359	0.282
	51855	0.28236
	58314	0.28452
	54945	0.28608
	56781	0.28619999999999995
	57505	0.28632
	57184	0.28703999999999996
	50779	0.288
	54728	0.28812
	58208	0.28859999999999997
	56951	0.29075999999999996
	51802	0.29532
	58616	0.29712
	54805	0.29724
	56441	0.29891999999999996
	53821	0.2994
	57766	0.29975999999999997
	54714	0.30108
	57281	0.30108
	52818	0.30168
	53888	0.30312
	57026	0.30804
	52980	0.3084
	52436	0.30863999999999997
	57318	0.30912
	57102	0.31235999999999997
	54914	0.31404
	54632	0.31583999999999995
	53829	0.31692
	57049	0.31883999999999996
	50939	0.31908000000000003
	52101	0.31932
	53869	0.31968
	51827	0.3216
	53850	0.32232
	53794	0.32280000000000003
	57317	0.32292
	57411	0.32424
	53995	0.32604
	52557	0.32615999999999995
	58906	0.32747999999999994
	59855	0.32892
	54154	0.33072
	57908	0.33287999999999995
	57081	0.3342
	57413	0.33432
	57231	0.33540000000000003
	57326	0.33768
	56096	0.33792
	58534	0.34236
	53467	0.34344
	53590	0.34512000000000004
	58432	0.34547999999999995
	54631	0.34572
	53368	0.34764
	56168	0.34968
	59269	0.35004
	53962	0.35196
	57132	0.35279999999999995
	56257	0.35447999999999996
	57047	0.35447999999999996
	57377	0.35856
	53895	0.35904
	56395	0.35916
	55294	0.35951999999999995
	52986	0.36156
	57031	0.3636
	57355	0.369
	53798	0.36923999999999996
	53792	0.37091999999999997
	50247	0.37128
	57045	0.37128
	58306	0.37379999999999997
	57022	0.37608
	57991	0.3786
	53994	0.37896
	54660	0.37908000000000003
	58450	0.37956
	56146	0.37968
	54208	0.38148
	51826	0.38388
	58905	0.38448
	59492	0.3846
	53547	0.38615999999999995
	53937	0.39036
	57821	0.39048
	54616	0.3912
	57030	0.39204
	53941	0.3924
	54615	0.39264
	58428	0.39492
	53871	0.39588
	54285	0.40043999999999996
	58622	0.4032
	58531	0.40343999999999997
	53522	0.40356
	53880	0.40392
	56021	0.40872
	53785	0.4092
	58618	0.40943999999999997
	53944	0.41328
	56376	0.41387999999999997
	57401	0.41639999999999994
	58321	0.41904
	53852	0.41952
	54766	0.42012
	53890	0.42096
	53697	0.42179999999999995
	54940	0.42179999999999995
	58712	0.42324
	59500	0.42564
	54520	0.42744
	54808	0.42996
	59321	0.42996
	53894	0.43044
	56969	0.43104000000000003
	58045	0.43176
	57078	0.4326
	58826	0.43536
	56498	0.43679999999999997
	52533	0.43992
	56290	0.44244
	51568	0.44256
	53272	0.44592
	59227	0.447
	53865	0.45276
	59088	0.45755999999999997
	56494	0.46128
	53854	0.46331999999999995
	52995	0.46343999999999996
	58455	0.46452
	59289	0.46571999999999997
	56785	0.46668
	59097	0.46968
	58436	0.46992
	53958	0.47063999999999995
	54165	0.47795999999999994
	57707	0.47856
	53886	0.48767999999999995
	57032	0.48792
	58330	0.48827999999999994
	50745	0.48924
	51060	0.49199999999999994
	53884	0.49379999999999996
	56483	0.49404
	56071	0.49799999999999994
	54848	0.50004
	59951	0.50328
	50867	0.5041199999999999
	57065	0.50604
	56342	0.50772
	54804	0.50952
	58911	0.5117999999999999
	58214	0.51204
	54921	0.5134799999999999
	53580	0.51516
	57216	0.5172
	57328	0.51756
	56485	0.51768
	54717	0.52188
	58456	0.52308
	54072	0.5234399999999999
	55493	0.52632
	51716	0.52896
	54725	0.5292
	54157	0.5357999999999999
	59298	0.53628
	50525	0.537
	50964	0.53748
	57051	0.54084
	54494	0.54204
	53973	0.54264
	54923	0.54396
	58940	0.54432
	54261	0.54564
	56649	0.5457599999999999
	51053	0.546
	54809	0.5487599999999999
	58934	0.5532
	59429	0.5538
	54806	0.55404
	57306	0.55416
	58736	0.55452
	54708	0.55548
	56291	0.5560799999999999
	54905	0.55632
	51438	0.55704
	57768	0.5590799999999999
	53753	0.56016
	56844	0.56184
	58921	0.56196
	50833	0.56364
	57274	0.56364
	57294	0.56436
	57173	0.5654399999999999
	53938	0.56784
	50861	0.57192
	53983	0.57552
	54353	0.57828
	57906	0.57828
	59631	0.5787599999999999
	53732	0.58224
	55279	0.5831999999999999
	59441	0.58368
	56475	0.5845199999999999
	57060	0.58728
	50853	0.5875199999999999
	56889	0.5887199999999999
	53878	0.59124
	51707	0.5920799999999999
	57185	0.59628
	54849	0.59856
	58484	0.59964
	57061	0.6029999999999999
	54901	0.6039599999999999
	53987	0.6043200000000001
	57714	0.60624
	54327	0.6072
	59457	0.60756
	59324	0.61068
	55598	0.612
	58141	0.612
	54724	0.6123599999999999
	57841	0.6132
	59228	0.61332
	50727	0.6157199999999999
	58140	0.62076
	54049	0.62136
	54920	0.62136
	54363	0.6217199999999999
	53992	0.62736
	58446	0.62748
	53942	0.63084
	54311	0.63624
	54723	0.6376799999999999
	54918	0.63864
	59037	0.63996
	53883	0.64116
	54936	0.6423599999999999
	53967	0.64704
	51810	0.6477599999999999
	54094	0.65004
	57348	0.65004
	50787	0.6513599999999999
	50965	0.6529200000000001
	53659	0.65316
	59034	0.65316
	53860	0.6536399999999999
	54172	0.6552
	57254	0.6571199999999999
	58472	0.65988
	50557	0.66048
	56898	0.6624
	57825	0.66408
	54776	0.6646799999999999
	57927	0.66528
	56793	0.66624
	57809	0.66624
	56788	0.6666
	58048	0.67152
	54751	0.6722400000000001
	54861	0.67272
	54707	0.67284
	57162	0.68016
	56192	0.68124
	54726	0.68544
	53989	0.68568
	57260	0.68616
	50349	0.69504
	57137	0.6970799999999999
	56996	0.6995999999999999
	57896	0.70212
	54800	0.70404
	54752	0.708
	50655	0.7102799999999999
	57063	0.71388
	56296	0.71436
	57189	0.71472
	58438	0.7182000000000001
	58126	0.7190399999999999
	56869	0.71952
	53966	0.7238399999999999
	53845	0.7240800000000001
	56881	0.72564
	58035	0.72924
	56081	0.7310399999999999
	57028	0.7310399999999999
	50950	0.73188
	50844	0.73272
	58819	0.7335599999999999
	58912	0.73644
	54904	0.73872
	56777	0.73992
	56202	0.74376
	57840	0.744
	58459	0.74412
	57194	0.7468799999999999
	56748	0.747
	57307	0.74748
	56742	0.74964
	53751	0.74976
	59940	0.7516799999999999
	58435	0.75216
	53856	0.75576
	54192	0.7584
	56091	0.7626
	53781	0.7700400000000001
	54099	0.7708799999999999
	54349	0.7728
	54919	0.77412
	59754	0.7752
	58537	0.7764
	57483	0.77724
	57971	0.77736
	54803	0.7815599999999999
	54171	0.78204
	54777	0.7824
	57076	0.7831199999999999
	50962	0.7834800000000001
	53993	0.78384
	57129	0.7843199999999999
	58210	0.78528
	56674	0.7888799999999999
	54628	0.78972
	50854	0.79248
	57926	0.79428
	59280	0.7944
	53864	0.7963199999999999
	56666	0.7968000000000001
	53926	0.79908
	56875	0.7998
	57253	0.8014800000000001
	58104	0.8052
	56387	0.80988
	57128	0.81048
	58135	0.81324
	57105	0.8157599999999999
	56838	0.81792
	56849	0.81864
	58746	0.82272
	57482	0.82452
	54820	0.8291999999999999
	56462	0.83172
	58038	0.83304
	56067	0.83436
	52993	0.8387999999999999
	53644	0.84048
	54855	0.8414400000000001
	58457	0.8447999999999999
	54374	0.84936
	50656	0.85032
	57811	0.85104
	50838	0.85536
	54764	0.8557199999999999
	58426	0.85644
	50639	0.8581199999999999
	58453	0.85908
	56151	0.86124
	57907	0.8630399999999999
	56841	0.86736
	50956	0.86916
	56183	0.8694000000000001
	54911	0.87048
	58215	0.8737199999999999
	58824	0.8766
	57070	0.87912
	54908	0.88068
	56109	0.8822399999999999
	58946	0.8855999999999999
	58311	0.89052
	54832	0.89124
	57290	0.8922
	57197	0.89868
	51629	0.9002399999999999
	51644	0.9027599999999999
	53533	0.9075599999999999
	56664	0.90936
	56684	0.91032
	58234	0.91176
	56571	0.9121199999999999
	53968	0.91452
	54640	0.9156
	50674	0.91644
	54827	0.91776
	59941	0.9211199999999999
	54164	0.9216
	56284	0.9299999999999999
	56973	0.9465599999999998
	57314	0.95052
	56867	0.95148
	56745	0.95184
	50673	0.9566399999999999
	51720	0.9566399999999999
	59209	0.9573599999999999
	54731	0.96024
	58837	0.96132
	51704	0.9639599999999999
	52737	0.96432
	56863	0.96756
	57845	0.9699599999999999
	54704	0.97176
	57612	0.972
	52825	0.9727199999999999
	59276	0.9765599999999999
	56276	0.97764
	56180	0.9789599999999999
	56792	0.9789599999999999
	52754	0.97956
	50632	0.9800399999999999
	52968	0.9803999999999999
	57407	0.98112
	56962	0.9819599999999999
	54818	0.98436
	57767	0.98568
	50756	0.9874799999999999
	58125	0.9882
	58235	0.98844
	57006	0.99036
	58240	0.99156
	54276	0.9952799999999999
	57708	0.99648
	50526	0.9965999999999999
	53935	0.99768
	56671	0.99912
	57475	0.99912
	53976	1.00248
	50892	1.00608
	52943	1.00704
	54852	1.00728
	54705	1.00884
	56840	1.01712
	56543	1.0182
	57233	1.02168
	57232	1.0225199999999999
	56046	1.0238399999999999
	57188	1.03056
	59224	1.03248
	56038	1.03608
	57208	1.03644
	53923	1.03704
	57196	1.03812
	59501	1.0382399999999998
	53979	1.0386
	53903	1.0392
	57460	1.0392
	53975	1.04136
	56152	1.04148
	57177	1.044
	50852	1.04436
	54902	1.04484
	57245	1.04616
	56846	1.04676
	53931	1.0588799999999998
	50741	1.0632
	59082	1.06608
	56080	1.0671599999999999
	52112	1.0697999999999999
	56016	1.07064
	56251	1.07208
	50859	1.07304
	56739	1.07604
	57079	1.07616
	56094	1.08
	56768	1.08
	51711	1.08072
	53817	1.08072
	50767	1.08108
	54815	1.08372
	53723	1.08828
	56034	1.089
	57025	1.09032
	54801	1.09092
	59488	1.09536
	59133	1.10256
	56567	1.11192
	54778	1.11204
	54765	1.1144399999999999
	50646	1.12104
	53893	1.1228399999999998
	57758	1.12392
	54069	1.1256
	53767	1.12812
	52203	1.12944
	57072	1.1314799999999998
	57900	1.1363999999999999
	54851	1.1421599999999998
	56878	1.14432
	56371	1.14516
	53928	1.1455199999999999
	59285	1.1472
	53998	1.15128
	58143	1.1521199999999998
	54819	1.15224
	57303	1.155
	54857	1.15692
	54932	1.15728
	56982	1.15836
	57993	1.1586
	57922	1.16004
	57176	1.1714399999999998
	51628	1.17396
	56295	1.17444
	56873	1.17468
	59421	1.17732
	57910	1.182
	58452	1.18224
	54929	1.18488
	54807	1.18716
	53982	1.1898
	56944	1.1898
	56839	1.19052
	57074	1.19232
	54755	1.19772
	56954	1.19796
	57837	1.19892
	50774	1.20216
	58138	1.20312
	57106	1.20528
	56975	1.20672
	54753	1.2084
	59435	1.20888
	56870	1.21824
	56373	1.21896
	50742	1.22148
	51709	1.2272399999999999
	56490	1.22856
	54273	1.2299999999999998
	56872	1.2318
	57309	1.2326399999999997
	50566	1.23276
	59750	1.2340799999999998
	51814	1.2352800000000002
	52996	1.23624
	56984	1.2384
	50788	1.2423600000000001
	57124	1.24476
	50755	1.25328
	59284	1.2542399999999998
	57932	1.25496
	56985	1.2560399999999998
	56473	1.2570000000000001
	57007	1.26468
	57155	1.2733199999999998
	56281	1.27488
	53972	1.2792000000000001
	56763	1.28076
	54831	1.28244
	56147	1.2849599999999999
	53914	1.2875999999999999
	56790	1.29864
	58154	1.3014
	59007	1.30344
	54826	1.3074
	53978	1.30836
	50750	1.3125600000000002
	53891	1.31304
	57895	1.31376
	54828	1.31556
	59847	1.31856
	54718	1.3225200000000001
	59294	1.32264
	57273	1.32348
	56164	1.3254
	54853	1.3272000000000002
	51815	1.3284
	52418	1.32876
	53925	1.32996
	54910	1.33464
	56871	1.3364399999999999
	52836	1.3392000000000002
	59473	1.33968
	56862	1.34196
	53997	1.34208
	59278	1.3437599999999998
	51717	1.347
	59757	1.3489200000000001
	51468	1.35336
	56374	1.35444
	54935	1.3572
	58118	1.3572
	56185	1.3579199999999998
	57816	1.3657199999999998
	56480	1.3684800000000001
	53934	1.38096
	59658	1.38612
	57800	1.38828
	58903	1.3896
	51705	1.39272
	54266	1.39332
	56786	1.3938
	56043	1.3956
	53930	1.39848
	56764	1.40016
	50445	1.4016
	51730	1.4044800000000002
	53906	1.40892
	59001	1.41336
	57179	1.41504
	59470	1.4161199999999998
	59087	1.4166
	56386	1.42032
	56381	1.4217600000000001
	59469	1.42296
	58236	1.4351999999999998
	54900	1.4404799999999998
	59004	1.44432
	56835	1.4457600000000002
	56675	1.45848
	57349	1.4591999999999998
	58049	1.46616
	56952	1.4664
	59632	1.46784
	56479	1.4685599999999999
	54842	1.47084
	59287	1.48392
	50442	1.4860799999999998
	50468	1.48824
	57071	1.4889599999999998
	54292	1.49148
	58212	1.49568
	56836	1.50144
	53974	1.50468
	56778	1.50708
	51627	1.5077999999999998
	53529	1.51428
	57134	1.5168
	54863	1.51884
	56964	1.5203999999999998
	54922	1.52256
	56298	1.5229199999999998
	55690	1.52424
	56297	1.5325199999999999
	56092	1.55004
	56184	1.56252
	57807	1.5657599999999998
	59843	1.5706799999999999
	56074	1.57764
	59478	1.57764
	56172	1.5816000000000001
	54837	1.5888
	58464	1.5894
	58150	1.5931199999999999
	56994	1.59744
	56651	1.5984
	58114	1.60044
	53910	1.60272
	59015	1.60284
	57915	1.6032
	59475	1.60416
	56331	1.6117199999999998
	54913	1.6121999999999999
	59487	1.61448
	56389	1.61856
	53725	1.6237199999999998
	54734	1.6239599999999998
	57154	1.6283999999999998
	56775	1.6289999999999998
	56782	1.63116
	57169	1.6330799999999999
	53927	1.63548
	59663	1.6374
	59502	1.64316
	56783	1.64736
	54730	1.6476
	56856	1.64868
	50953	1.6550399999999998
	54749	1.6599599999999999
	54817	1.6635600000000001
	50739	1.67364
	57213	1.67592
	54386	1.6769999999999998
	56288	1.6774799999999999
	59758	1.68576
	56382	1.68852
	56171	1.68876
	59237	1.6995599999999997
	57261	1.7067599999999998
	54834	1.71204
	52645	1.7164799999999998
	56774	1.7229599999999998
	57008	1.7234399999999999
	57187	1.72428
	56565	1.73184
	51811	1.73676
	57911	1.73976
	56879	1.74972
	59288	1.7500799999999999
	56880	1.7522399999999998
	54802	1.7532
	56843	1.75356
	51708	1.7568
	56654	1.75704
	50842	1.7576399999999999
	50659	1.75788
	56992	1.76268
	53917	1.76304
	57178	1.7691599999999998
	53848	1.7706
	56474	1.77768
	52633	1.77972
	56287	1.78104
	57824	1.78248
	57894	1.78452
	54274	1.78488
	57808	1.7886
	57903	1.7960399999999999
	50851	1.79832
	50772	1.80132
	58047	1.80948
	56958	1.81164
	56575	1.81368
	51818	1.8153599999999999
	56033	1.81944
	56079	1.82304
	56029	1.8268799999999998
	56384	1.8306
	56082	1.83228
	57002	1.86096
	57242	1.8613199999999999
	57251	1.86204
	56891	1.86468
	50548	1.8658799999999998
	57320	1.86684
	54912	1.8705599999999998
	57175	1.8752399999999998
	59021	1.8821999999999999
	54727	1.88412
	59654	1.88592
	53915	1.88616
	57614	1.8974399999999998
	56378	1.9032
	57769	1.90668
	54824	1.91136
	57238	1.9182
	56991	1.92036
	50945	1.92768
	56767	1.9340399999999998
	56883	1.9385999999999999
	54284	1.9511999999999998
	56181	1.95228
	52957	1.95264
	59477	1.9782
	54263	1.9825199999999998
	54738	1.98348
	54169	1.98516
	56970	1.98684
	54744	1.9942799999999998
	57001	1.99596
	57923	1.9969199999999998
	54822	2.00676
	57813	2.00868
	56278	2.02188
	54823	2.02344
	56194	2.03124
	56961	2.037
	54825	2.0442
	56272	2.05752
	56285	2.06364
	57014	2.07288
	56569	2.07924
	56766	2.09544
	57806	2.1029999999999998
	56882	2.1104399999999996
	56580	2.1186
	54843	2.11956
	54759	2.1317999999999997
	57156	2.13288
	58146	2.13396
	54816	2.1364799999999997
	56876	2.13756
	50658	2.13876
	59471	2.14296
	58224	2.1462
	59480	2.14752
	56188	2.15808
	58127	2.1582
	56144	2.1588
	54835	2.16432
	57818	2.16768
	58225	2.1902399999999997
	58220	2.20428
	51572	2.21832
	54814	2.23464
	56065	2.2408799999999998
	56197	2.24112
	58938	2.2481999999999998
	59279	2.24892
	58129	2.25216
	54903	2.268
	54712	2.27328
	52955	2.30076
	50858	2.32152
	50647	2.3254799999999998
	57004	2.33952
	54871	2.358
	59230	2.36256
	54821	2.36304
	54181	2.3668799999999997
	50564	2.36772
	57842	2.37852
	57829	2.37948
	56885	2.3808
	50758	2.39244
	54829	2.3928
	54833	2.403
	54736	2.41032
	56391	2.41104
	58437	2.4140399999999995
	54830	2.42496
	57912	2.4307199999999995
	59673	2.4468
	57011	2.4558
	57913	2.4753600000000002
	56670	2.47836
	59845	2.4915599999999998
	59017	2.5071600000000003
	52707	2.51136
	54841	2.51544
	56182	2.5181999999999998
	57814	2.52228
	58223	2.5278
	57827	2.5314
	57012	2.5338
	59481	2.5494
	54811	2.5905599999999995
	56187	2.5912800000000002
	57204	2.6415599999999997
	53916	2.64804
	56193	2.6670000000000003
	54846	2.7241199999999997
	59215	2.7336
	56173	2.7364800000000002
	56279	2.73732
	56697	2.79264
	59842	2.8002
	57805	2.81748
	59485	2.8468799999999996
	56995	2.8638
	56383	2.901
	58221	2.91264
	56093	2.9168399999999997
	54836	2.9281200000000003
	59476	2.93124
	54812	2.9673599999999998
	56190	2.9779199999999997
	56198	2.98812
	58222	3.00072
	56987	3.00516
	54729	3.0238799999999997
	56186	3.0421199999999997
	54810	3.10164
	57368	3.1466399999999997
	56189	3.16356
	58128	3.2067599999999996
	56886	3.2254799999999997
	54844	3.24708
	54737	3.31284
	57914	3.31812
	56390	3.34332
	56978	3.3812399999999996
	56195	3.43716
	56385	3.4418399999999996
	56289	3.6693599999999997
	57828	3.9176399999999996
	56380	4.11288
	56280	4.233479999999999
	59218	4.39632
