	56497	-2.3227142799999996
	56491	-2.10647912
	56395	-2.0892626
	56295	-2.0475748
	54511	-2.04637725
	54515	-2.00003325
	54433	-1.946448
	54420	-1.9425860000000001
	54429	-1.9386274499999998
	56595	-1.9360464
	54432	-1.91970365
	54416	-1.9118831
	54398	-1.8842698
	54713	-1.8649598
	54719	-1.8587806
	54499	-1.84999455
	56386	-1.83729504
	54431	-1.8273053000000001
	53698	-1.82643635
	54419	-1.8180365
	54717	-1.8113745500000002
	54627	-1.79225765
	54502	-1.7918714500000001
	56575	-1.7893270000000001
	56493	-1.78402128
	54424	-1.7671546500000002
	56389	-1.76593852
	54401	-1.75189975
	56976	-1.7469895199999999
	54644	-1.74050685
	56394	-1.73778572
	56390	-1.7338876399999998
	54430	-1.73123805
	53767	-1.7203279
	56297	-1.71591316
	54534	-1.7156935
	54510	-1.7149211
	54520	-1.71424525
	54425	-1.7129901
	54628	-1.7064247000000001
	54711	-1.7008248000000001
	57507	-1.6966393199999998
	54716	-1.67041155
	56279	-1.66079864
	54421	-1.6580531500000002
	57508	-1.65592604
	54624	-1.65206705
	54521	-1.6494602
	54434	-1.6478188500000002
	54594	-1.64125345
	53787	-1.6405776
	54618	-1.64009485
	53681	-1.63932245
	54522	-1.63082605
	54596	-1.6280261
	54616	-1.6204952
	54412	-1.6203021
	54514	-1.6179849
	53783	-1.6154746
	54532	-1.59993005
	53693	-1.59954385
	53795	-1.59066125
	54428	-1.58911645
	53772	-1.58544755
	56396	-1.58489436
	56298	-1.5841364
	56387	-1.5768816399999999
	53852	-1.57366845
	56485	-1.57135936
	54710	-1.5673927
	54528	-1.5643031
	56788	-1.5586906
	56285	-1.5578243600000001
	56593	-1.55663328
	54533	-1.5559998
	54714	-1.5545515500000002
	54512	-1.5476965
	54410	-1.54200005
	53666	-1.5413242
	53582	-1.5288692499999998
	53580	-1.5252969
	54423	-1.5224004
	57741	-1.5191684
	54506	-1.5121661000000002
	56586	-1.5114805199999999
	54615	-1.5092695999999999
	53776	-1.5088834
	53676	-1.50666275
	56489	-1.50628308
	54722	-1.50415245
	54707	-1.5021249
	53679	-1.50183525
	53799	-1.49526985
	54614	-1.49507675
	54399	-1.49179405
	53696	-1.4902492500000002
	54406	-1.4873527500000001
	53486	-1.48542175
	54617	-1.4835873
	54703	-1.48271835
	53790	-1.4779874
	53499	-1.4721944
	53791	-1.4687186
	57902	-1.46567808
	56849	-1.46351248
	54505	-1.4615739
	57708	-1.45972268
	56792	-1.45831504
	54308	-1.4567463999999999
	53798	-1.4503741
	56492	-1.44976092
	56585	-1.44272272
	54523	-1.4417811500000002
	53694	-1.43676055
	56190	-1.43070364
	53794	-1.42575385
	54608	-1.4239194000000002
	57707	-1.4227992
	56752	-1.4223660800000002
	53864	-1.42227805
	54519	-1.4165816
	54525	-1.4164850500000001
	56839	-1.41218776
	56844	-1.40958904
	53664	-1.40509215
	53750	-1.4049956000000001
	54439	-1.39524405
	53768	-1.3863614499999999
	53748	-1.38288565
	54530	-1.38249945
	54633	-1.3815339500000001
	53883	-1.37940985
	56790	-1.37829612
	54702	-1.3777685000000002
	53680	-1.37458235
	53584	-1.3744858
	54517	-1.3742927
	56487	-1.37396492
	56393	-1.37364008
	53673	-1.37245825
	53856	-1.3712996499999999
	53487	-1.3684997
	54730	-1.36550665
	53760	-1.3622239500000002
	56783	-1.3621623999999999
	56594	-1.3618375600000001
	54606	-1.3607757
	54723	-1.3576861
	56651	-1.35555732
	53692	-1.3549827
	53677	-1.35488615
	54527	-1.3534379
	54700	-1.3503483
	53871	-1.34716215
	53682	-1.3448449500000001
	53691	-1.34368635
	53594	-1.3433967
	56498	-1.3415892
	54610	-1.3403071000000002
	54704	-1.34001745
	54513	-1.3399208999999999
	56842	-1.33520068
	53782	-1.3343209999999999
	57505	-1.33151916
	56490	-1.3306529200000001
	54725	-1.3305555500000001
	53688	-1.33016935
	54507	-1.3300728
	57525	-1.32935356
	56751	-1.329137
	56684	-1.32567204
	53797	-1.3249556500000002
	53786	-1.3237005
	56688	-1.3193917999999998
	53872	-1.31781095
	54705	-1.3163627
	56757	-1.31527716
	56793	-1.3134364
	53763	-1.31279035
	53478	-1.31259725
	57736	-1.3096466
	52895	-1.30448705
	57734	-1.30412432
	56382	-1.3000096799999998
	53687	-1.29965955
	54708	-1.2988871499999999
	53789	-1.2978251
	53774	-1.2970527
	53784	-1.2958941000000002
	56781	-1.29492052
	56649	-1.29275492
	53777	-1.2908735
	54622	-1.2868184
	53891	-1.28672185
	56280	-1.28560844
	57408	-1.28322628
	56287	-1.2809524
	53695	-1.2761979
	56841	-1.2739142
	53674	-1.27030835
	53585	-1.26934285
	53678	-1.26876355
	54626	-1.2669291
	54518	-1.2663498000000002
	59023	-1.2629962799999999
	53759	-1.2622947
	57900	-1.25680596
	53785	-1.2557293
	57835	-1.2537741199999999
	54603	-1.2522535
	53697	-1.2507087000000001
	53771	-1.2492604500000002
	57821	-1.24857668
	53488	-1.2458812000000001
	53792	-1.2448191499999999
	54597	-1.2441433
	56786	-1.2435958
	54408	-1.24172955
	53579	-1.2395089000000001
	54607	-1.2390261500000002
	54701	-1.23863995
	57623	-1.2376404
	56582	-1.23482512
	53764	-1.23226765
	53573	-1.23110905
	56697	-1.2303856400000002
	53862	-1.23014355
	57809	-1.22908628
	54609	-1.22357815
	53770	-1.2209713
	56846	-1.2184748399999998
	54602	-1.2154679499999999
	54438	-1.21411625
	53669	-1.21392315
	57806	-1.21143664
	56675	-1.2088379200000001
	56838	-1.20710544
	56286	-1.1986596
	56383	-1.1970353999999999
	57731	-1.19606088
	57647	-1.19411184
	53788	-1.1902684
	56835	-1.18609912
	53492	-1.1802272
	53689	-1.1781031
	53775	-1.1761721
	53490	-1.17414455
	59644	-1.17336492
	53869	-1.1713446
	54604	-1.1705722
	56281	-1.17018196
	59647	-1.1680578
	54620	-1.1659378
	56652	-1.16552592
	56673	-1.16498452
	53699	-1.1645861
	57506	-1.1575132
	57923	-1.15610556
	56571	-1.15491448
	53685	-1.154738
	54621	-1.1538690500000002
	54619	-1.14962085
	54304	-1.1491381
	56782	-1.14733488
	57837	-1.14657692
	56384	-1.1425705599999998
	53660	-1.1360073000000002
	54613	-1.13320735
	53662	-1.13089015
	54623	-1.1280902000000002
	59441	-1.1272716
	53865	-1.12664195
	53596	-1.1244213
	57729	-1.12351328
	54404	-1.1226834
	53663	-1.11795245
	56499	-1.1163668
	53658	-1.1069457500000002
	57502	-1.1047808399999999
	54726	-1.10424235
	57604	-1.10294008
	53841	-1.1013458500000002
	53690	-1.09980105
	54612	-1.09729075
	59449	-1.09179252
	56836	-1.090921
	56883	-1.08626496
	53753	-1.08609095
	54645	-1.0720912
	53796	-1.0709326
	56881	-1.0702395199999999
	53754	-1.06871195
	56381	-1.06558348
	56975	-1.0643924
	53735	-1.06079485
	57818	-1.0577873199999999
	56391	-1.0547554799999999
	59012	-1.0538564400000001
	56691	-1.04880008
	56578	-1.04825868
	59838	-1.0454
	56748	-1.04392748
	53780	-1.0438986
	57903	-1.04338608
	53769	-1.0419676
	54531	-1.0410021
	57800	-1.04024596
	57606	-1.03981284
	56964	-1.03883832
	53757	-1.03820215
	57907	-1.03775552
	59653	-1.03557636
	57637	-1.0351568
	56373	-1.02941796
	53723	-1.0282575
	59041	-1.0226034
	54436	-1.0171542500000001
	56777	-1.0165326399999999
	54728	-1.01638185
	59654	-1.01395476
	56891	-1.00938616
	54601	-1.00421655
	53832	-1.0031545
	59754	-1.00284912
	54732	-1.0012235
	56880	-1.0010486
	56289	-0.99974924
	59025	-0.9978368400000001
	53781	-0.9953339499999999
	59659	-0.99518328
	56480	-0.9945518
	56966	-0.9891378
	56745	-0.9848066
	56944	-0.98188304
	53593	-0.9799825
	53853	-0.9793066500000001
	53567	-0.97911355
	54724	-0.97563775
	53564	-0.97312745
	59664	-0.96835284
	57739	-0.9650996399999999
	56742	-0.9642333999999999
	53599	-0.9626035000000001
	56950	-0.9610932799999999
	56399	-0.96033532
	56569	-0.95806144
	56473	-0.952864
	56494	-0.9523225999999999
	59750	-0.95095728
	54501	-0.9506313000000001
	53756	-0.9505347500000001
	56496	-0.9501569999999999
	53575	-0.950052
	56483	-0.95004872
	54405	-0.9494727000000001
	54800	-0.94879685
	57912	-0.9485328
	57511	-0.94755828
	54709	-0.9463831
	53850	-0.942328
	56646	-0.94171116
	56872	-0.9377048
	54631	-0.9369212
	56666	-0.93683856
	53751	-0.9355694999999999
	57720	-0.93467296
	56843	-0.9333736
	53886	-0.9286179
	56886	-0.92655196
	59635	-0.92422512
	56674	-0.91897236
	56952	-0.91897236
	54636	-0.91461815
	56584	-0.91399148
	56961	-0.91236728
	56946	-0.9090106
	56290	-0.9070615599999999
	54820	-0.90419075
	53565	-0.90380455
	56785	-0.90273036
	53725	-0.9001356500000001
	53498	-0.8985908499999999
	54503	-0.89743225
	54605	-0.8971426
	54640	-0.8946323
	54715	-0.89105995
	53659	-0.8884531
	56851	-0.88638008
	53651	-0.88372215
	59655	-0.88088364
	53893	-0.8727154500000001
	53895	-0.87213615
	59854	-0.8721
	57732	-0.8682973199999999
	56284	-0.86808076
	53491	-0.86016395
	57909	-0.85801072
	56654	-0.8520553200000001
	57807	-0.8475075599999999
	56739	-0.84664132
	56978	-0.84480056
	56746	-0.8435012000000001
	57839	-0.8375457999999999
	56856	-0.8334311600000001
	54437	-0.83139205
	56854	-0.82953308
	53875	-0.8293645000000001
	56962	-0.8288833999999999
	54611	-0.82637145
	59031	-0.82447092
	56756	-0.81524012
	56774	-0.81524012
	56873	-0.81513184
	53665	-0.8143027
	59453	-0.81346356
	56889	-0.81199172
	53892	-0.8073511000000001
	59673	-0.8063874
	59658	-0.80628912
	57204	-0.8061446
	53576	-0.8056132
	59021	-0.80530632
	54731	-0.8034891000000001
	59631	-0.8030458800000001
	57834	-0.80300448
	56643	-0.8026796399999999
	56775	-0.8014885599999999
	56296	-0.79888984
	57603	-0.7949917599999999
	57932	-0.78687076
	57655	-0.7867
	59278	-0.7857486
	57840	-0.78362236
	57814	-0.78048224
	53738	-0.7803171000000001
	56664	-0.7730109199999999
	56761	-0.77246952
	56982	-0.77117016
	53397	-0.77114485
	52980	-0.7706621
	53962	-0.77056555
	59448	-0.76501152
	53646	-0.764676
	57808	-0.7617498
	56970	-0.7617498
	56380	-0.7612083999999999
	57407	-0.76099184
	57635	-0.75915108
	53854	-0.7590761
	56764	-0.75676892
	59656	-0.75547836
	57208	-0.7518963200000001
	56186	-0.74474984
	57713	-0.7411766
	56378	-0.74074348
	57735	-0.7330556
	53964	-0.7272146
	57927	-0.72589608
	56478	-0.72244416
	57905	-0.72125308
	54632	-0.71939405
	53879	-0.7179458000000001
	56278	-0.7178964
	53866	-0.71746305
	56199	-0.71562252
	54712	-0.70954595
	53884	-0.7094494
	57605	-0.7065269999999999
	56882	-0.7057690400000001
	54706	-0.7049115499999999
	54541	-0.7016288500000001
	54803	-0.6978634
	59469	-0.6960189600000001
	56645	-0.69429136
	59626	-0.69366024
	59017	-0.69307056
	53773	-0.69274625
	59238	-0.69248088
	56768	-0.6892022
	53727	-0.6869532500000001
	57612	-0.6848709999999999
	53806	-0.6829947000000001
	59429	-0.680589
	59426	-0.68039244
	59940	-0.6794
	57825	-0.6746926799999999
	53897	-0.6737259
	53996	-0.67285695
	54311	-0.6722776500000001
	52889	-0.6720845500000001
	56565	-0.67198568
	53857	-0.6690915
	59663	-0.6670263599999999
	56665	-0.6640812399999999
	56867	-0.6620239200000001
	59044	-0.66181752
	57762	-0.6614
	53859	-0.6609813
	57513	-0.66061628
	56984	-0.6578010000000001
	59849	-0.6554
	59249	-0.65385684
	57608	-0.6529284
	56951	-0.65249528
	57636	-0.64935516
	56462	-0.646973
	53878	-0.64620915
	56772	-0.64404944
	56766	-0.64188384
	58754	-0.6389182800000001
	59456	-0.6383286
	56598	-0.6352787599999999
	53863	-0.6350093499999999
	56197	-0.6344125199999999
	53574	-0.6293129000000001
	54535	-0.62670605
	56885	-0.62661636
	56878	-0.62629152
	56188	-0.625317
	59856	-0.6234
	57723	-0.6213106399999999
	56879	-0.61957816
	59640	-0.6181812
	56870	-0.61687116
	56840	-0.61459728
	56669	-0.61189028
	57921	-0.6106991999999999
	56767	-0.60994124
	57728	-0.60885844
	57906	-0.60615144
	52884	-0.59851345
	56778	-0.59759732
	57520	-0.5974890399999999
	52988	-0.59581005
	56863	-0.59521516
	53778	-0.59503765
	59941	-0.5936
	59855	-0.5924
	58934	-0.58958172
	59471	-0.58899204
	57803	-0.58828524
	56276	-0.5879604
	59848	-0.5862
	59842	-0.5826
	57722	-0.58081392
	54801	-0.5802655
	53894	-0.5793
	53868	-0.57823795
	53890	-0.5765000499999999
	59650	-0.57631392
	56973	-0.57410056
	53980	-0.57109325
	56763	-0.5703107599999999
	56898	-0.5683617200000001
	53988	-0.56452785
	53590	-0.5644313
	59451	-0.56157192
	57914	-0.56099868
	56441	-0.55959104
	57738	-0.55580124
	52986	-0.55564525
	54318	-0.5551625
	59851	-0.552
	59632	-0.5499748799999999
	57537	-0.54941272
	58941	-0.5449626
	56948	-0.5441069999999999
	53961	-0.5431903
	59847	-0.5422
	53994	-0.5414524
	54821	-0.54000415
	57517	-0.5372853599999999
	57824	-0.5370688
	56357	-0.5339286799999999
	53861	-0.5321836000000001
	59951	-0.5226
	54540	-0.5200182999999999
	59242	-0.51882012
	54718	-0.51760455
	59001	-0.51734592
	56371	-0.51476312
	56869	-0.5110815999999999
	59480	-0.5109577200000001
	53821	-0.5074668
	57740	-0.5029
	56181	-0.50111984
	56876	-0.50014532
	53860	-0.4995497
	57625	-0.49743832
	59209	-0.49582259999999995
	57895	-0.488943
	54811	-0.48477755
	53997	-0.4823638
	53885	-0.480819
	57805	-0.47989696
	54301	-0.47357775
	53392	-0.47155020000000003
	56959	-0.47123455999999997
	59452	-0.46741968
	53930	-0.4622814
	57696	-0.46083492
	59427	-0.45631404
	56671	-0.45618364
	53963	-0.4528195
	56985	-0.44513908
	53881	-0.4410404
	59478	-0.44019612
	53517	-0.43804735
	56196	-0.43669324
	52896	-0.4340888
	54744	-0.43399225
	57896	-0.43321824000000003
	53889	-0.4327371
	54539	-0.4313854
	56875	-0.42900536
	57600	-0.42781428
	57737	-0.42510728
	59457	-0.42368508
	56195	-0.42055952
	59421	-0.4196556
	59462	-0.41690376
	57438	-0.41384615999999996
	56247	-0.41178884000000004
	57828	-0.41005635999999995
	56871	-0.40789075999999996
	53810	-0.40290315
	59843	-0.4025
	56969	-0.40236848
	58938	-0.39626496
	59004	-0.39390624
	53954	-0.39228265
	57717	-0.38915832
	56479	-0.38840036
	58844	-0.38722320000000005
	57086	-0.3846552
	58929	-0.38397996
	53880	-0.38088975
	53829	-0.37895875
	59022	-0.37749348
	56272	-0.37172524
	57745	-0.3695
	56288	-0.3676106
	56273	-0.36641952
	53995	-0.36437970000000003
	56187	-0.36403736
	53986	-0.36389695
	57829	-0.36349596
	54812	-0.35993840000000005
	53937	-0.35858670000000004
	56670	-0.35710744
	59477	-0.35705124
	59228	-0.35636328
	59435	-0.356265
	56862	-0.3556998
	58845	-0.35262864
	59057	-0.35253036000000004
	59127	-0.3523338
	57926	-0.35104376
	59481	-0.34771464
	57512	-0.34498007999999997
	54449	-0.33946980000000004
	56376	-0.33577628
	57760	-0.334
	59476	-0.33198984
	57409	-0.33047056
	57744	-0.3279
	53966	-0.3230563
	53617	-0.3217046
	59213	-0.32167044
	56567	-0.32126676000000004
	59055	-0.31921343999999996
	53740	-0.31745639999999997
	59493	-0.31390632
	57947	-0.31272696
	59317	-0.31144932000000003
	57872	-0.3114
	54809	-0.3083807
	56189	-0.30784004
	59310	-0.30633876
	56949	-0.30469991999999996
	54802	-0.30336009999999997
	57522	-0.29874451999999996
	56991	-0.29647064
	59446	-0.29562624000000004
	56755	-0.29116491999999994
	59473	-0.29012256000000003
	56958	-0.2880248
	59312	-0.28717416
	59758	-0.2865
	58940	-0.28648619999999997
	59313	-0.28628964
	57640	-0.285
	59116	-0.28471716
	57883	-0.28442232
	57405	-0.28293564
	58847	-0.27970488000000004
	59027	-0.27911519999999995
	52984	-0.27854675
	53619	-0.27787090000000003
	53898	-0.27709849999999997
	59134	-0.27557712
	58748	-0.27518400000000004
	53848	-0.27198135
	56987	-0.27113312
	58926	-0.27036828
	59314	-0.27027
	59315	-0.26977860000000004
	57827	-0.26940063999999997
	53967	-0.26927795
	57090	-0.2689883
	59757	-0.2674
	53896	-0.26580215
	59065	-0.26132652
	57763	-0.2541
	53577	-0.2492921
	58843	-0.24314472
	59303	-0.24167052
	57320	-0.24135611999999998
	59419	-0.23793588000000002
	56193	-0.23680836
	57509	-0.23680836
	54734	-0.23625785000000002
	56168	-0.23301855999999999
	53974	-0.23297515
	59218	-0.23272704000000002
	59321	-0.23253048
	53845	-0.22959590000000002
	53899	-0.2247684
	59293	-0.22378356000000002
	57845	-0.2237
	59047	-0.22142484
	56291	-0.22132432
	53989	-0.21463065
	53615	-0.214341
	57936	-0.20833072
	57913	-0.2073562
	56474	-0.2051906
	56996	-0.20475748
	57813	-0.20454092000000001
	56992	-0.2041078
	52323	-0.20169295
	59304	-0.19842732
	59318	-0.19528236
	57119	-0.19242415000000002
	59117	-0.18771480000000001
	54904	-0.1857622
	59306	-0.18299736
	58750	-0.18240768
	59502	-0.18240768
	59324	-0.18191627999999999
	56475	-0.17812060000000002
	57742	-0.17790403999999999
	57714	-0.17671296
	59211	-0.17503668
	57811	-0.17292316000000002
	57844	-0.17259831999999997
	57822	-0.17075756
	59133	-0.16628975999999998
	59280	-0.16619148
	59241	-0.16491384
	59037	-0.16353792
	53958	-0.1633626
	59237	-0.15901704
	57743	-0.1547
	59487	-0.15105636
	57614	-0.14931812
	56257	-0.14747735999999997
	58928	-0.14702688
	59431	-0.14653548000000002
	59045	-0.14624063999999998
	59015	-0.1459458
	54810	-0.1413492
	57767	-0.1397
	57954	-0.13877135999999998
	57091	-0.1361355
	56263	-0.13491688
	57110	-0.13488034999999998
	53618	-0.1345907
	52652	-0.13179075
	56198	-0.13069396
	58846	-0.12982788
	57649	-0.1295
	53956	-0.1289908
	59061	-0.12796056
	57761	-0.1271
	59265	-0.12619151999999997
	59316	-0.1248156
	57846	-0.1242
	59285	-0.12226031999999999
	57126	-0.11808065000000001
	58936	-0.11714976
	57111	-0.11190145
	53874	-0.1108394
	52982	-0.1065912
	58921	-0.10574928
	59034	-0.1036854
	53399	-0.098481
	59488	-0.09837828
	58942	-0.0977886
	53611	-0.09490865
	58935	-0.09454536
	59287	-0.09257976000000001
	59279	-0.08766576
	59270	-0.08648639999999999
	59288	-0.08383284
	57510	-0.07644567999999999
	57663	-0.0747
	53578	-0.07444005000000001
	59501	-0.071253
	59064	-0.07046676
	53992	-0.0631437
	57657	-0.0615
	59131	-0.05877144
	57094	-0.0587024
	59500	-0.053464319999999996
	57417	-0.05284064
	53957	-0.0525232
	59046	-0.051793559999999995
	59492	-0.051498720000000005
	57922	-0.04580244
	59294	-0.044913959999999996
	58905	-0.04432428
	57425	-0.03724832
	54814	-0.0353373
	57910	-0.03443304
	58932	-0.03253068
	53518	-0.02886845
	58917	-0.02692872
	54816	-0.02616505
	59290	-0.0260442
	53614	-0.02114445
	58944	-0.0142506
	59099	-0.012874680000000001
	59320	-0.012874680000000001
	57642	-0.0117
	58746	-0.01002456
	58804	-0.00845208
	57514	-0.0062802399999999994
	57128	-0.00415165
	58752	-0.00275184
	53612	-0.0021241000000000003
	58806	-2.9484E-4
	50136	0.0
	50246	0.0
	50247	0.0
	50349	0.0
	50425	0.0
	50431	0.0
	50434	0.0
	50442	0.0
	50445	0.0
	50468	0.0
	50524	0.0
	50525	0.0
	50526	0.0
	50527	0.0
	50548	0.0
	50557	0.0
	50564	0.0
	50566	0.0
	50603	0.0
	50632	0.0
	50639	0.0
	50646	0.0
	50647	0.0
	50655	0.0
	50656	0.0
	50658	0.0
	50659	0.0
	50673	0.0
	50674	0.0
	50727	0.0
	50739	0.0
	50741	0.0
	50742	0.0
	50749	0.0
	50750	0.0
	50755	0.0
	50756	0.0
	50758	0.0
	50767	0.0
	50772	0.0
	50774	0.0
	50775	0.0
	50776	0.0
	50778	0.0
	50779	0.0
	50787	0.0
	50788	0.0
	50833	0.0
	50834	0.0
	50838	0.0
	50842	0.0
	50844	0.0
	50851	0.0
	50852	0.0
	50853	0.0
	50854	0.0
	50858	0.0
	50859	0.0
	50861	0.0
	50862	0.0
	50867	0.0
	50871	0.0
	50873	0.0
	50878	0.0
	50879	0.0
	50880	0.0
	50884	0.0
	50888	0.0
	50892	0.0
	50928	0.0
	50934	0.0
	50936	0.0
	50937	0.0
	50939	0.0
	50940	0.0
	50945	0.0
	50946	0.0
	50948	0.0
	50950	0.0
	50953	0.0
	50954	0.0
	50955	0.0
	50956	0.0
	50958	0.0
	50960	0.0
	50962	0.0
	50963	0.0
	50964	0.0
	50965	0.0
	50968	0.0
	50973	0.0
	50978	0.0
	50979	0.0
	50983	0.0
	50985	0.0
	50987	0.0
	51053	0.0
	51058	0.0
	51059	0.0
	51060	0.0
	51068	0.0
	51076	0.0
	51087	0.0
	51133	0.0
	51137	0.0
	51145	0.0
	51156	0.0
	51232	0.0
	51238	0.0
	51241	0.0
	51243	0.0
	51328	0.0
	51329	0.0
	51330	0.0
	51334	0.0
	51346	0.0
	51352	0.0
	51353	0.0
	51356	0.0
	51357	0.0
	51358	0.0
	51359	0.0
	51365	0.0
	51367	0.0
	51369	0.0
	51377	0.0
	51378	0.0
	51379	0.0
	51430	0.0
	51431	0.0
	51433	0.0
	51434	0.0
	51435	0.0
	51436	0.0
	51438	0.0
	51463	0.0
	51465	0.0
	51467	0.0
	51468	0.0
	51469	0.0
	51470	0.0
	51477	0.0
	51482	0.0
	51495	0.0
	51526	0.0
	51542	0.0
	51559	0.0
	51567	0.0
	51568	0.0
	51571	0.0
	51572	0.0
	51573	0.0
	51627	0.0
	51628	0.0
	51629	0.0
	51633	0.0
	51636	0.0
	51639	0.0
	51642	0.0
	51644	0.0
	51655	0.0
	51656	0.0
	51704	0.0
	51705	0.0
	51707	0.0
	51708	0.0
	51709	0.0
	51711	0.0
	51716	0.0
	51717	0.0
	51720	0.0
	51722	0.0
	51730	0.0
	51765	0.0
	51802	0.0
	51804	0.0
	51810	0.0
	51811	0.0
	51814	0.0
	51815	0.0
	51818	0.0
	51826	0.0
	51827	0.0
	51828	0.0
	51829	0.0
	51839	0.0
	51855	0.0
	51886	0.0
	51931	0.0
	52101	0.0
	52112	0.0
	52203	0.0
	52267	0.0
	52378	0.0
	52576	0.0
	52602	0.0
	52607	0.0
	52633	0.0
	52645	0.0
	52657	0.0
	52707	0.0
	52737	0.0
	52745	0.0
	52754	0.0
	52765	0.0
	54563	0.0
	54568	0.0
	54569	0.0
	54575	0.0
	54579	0.0
	54584	0.0
	54590	0.0
	54660	0.0
	54662	0.0
	55228	0.0
	55248	0.0
	55279	0.0
	55294	0.0
	55437	0.0
	55493	0.0
	55572	0.0
	55589	0.0
	55591	0.0
	55593	0.0
	55598	0.0
	52818	0.0
	52825	0.0
	52833	0.0
	52836	0.0
	52842	0.0
	52853	0.0
	52855	0.0
	52862	0.0
	52863	0.0
	52866	0.0
	52868	0.0
	52869	0.0
	52874	0.0
	52875	0.0
	52876	0.0
	52943	0.0
	52955	0.0
	52957	0.0
	52963	0.0
	52968	0.0
	52972	0.0
	52974	0.0
	53068	0.0
	53083	0.0
	53149	0.0
	53195	0.0
	53231	0.0
	53272	0.0
	53276	0.0
	53289	0.0
	53324	0.0
	53336	0.0
	53343	0.0
	53348	0.0
	53352	0.0
	53357	0.0
	53362	0.0
	53367	0.0
	53368	0.0
	53378	0.0
	53384	0.0
	53385	0.0
	53391	0.0
	53419	0.0
	53420	0.0
	53433	0.0
	53446	0.0
	53455	0.0
	53457	0.0
	53463	0.0
	53464	0.0
	53466	0.0
	53467	0.0
	53469	0.0
	53472	0.0
	53475	0.0
	53480	0.0
	53481	0.0
	53483	0.0
	53484	0.0
	53502	0.0
	53505	0.0
	53512	0.0
	53513	0.0
	53522	0.0
	53529	0.0
	53533	0.0
	53543	0.0
	53545	0.0
	53547	0.0
	53553	0.0
	53562	0.0
	53602	0.0
	53644	0.0
	53730	0.0
	53732	0.0
	55655	0.0
	55664	0.0
	55680	0.0
	55681	0.0
	55690	0.0
	55696	0.0
	55773	0.0
	56004	0.0
	56016	0.0
	56021	0.0
	56029	0.0
	56033	0.0
	56034	0.0
	56043	0.0
	56045	0.0
	56046	0.0
	56065	0.0
	56067	0.0
	56106	0.0
	56109	0.0
	56116	0.0
	56128	0.0
	56151	0.0
	56202	0.0
	56223	0.0
	56227	0.0
	56228	0.0
	56307	0.0
	56312	0.0
	56317	0.0
	56331	0.0
	56342	0.0
	56434	0.0
	54012	0.0
	54026	0.0
	54027	0.0
	54031	0.0
	54039	0.0
	54041	0.0
	54047	0.0
	54049	0.0
	54063	0.0
	54064	0.0
	54065	0.0
	54069	0.0
	54072	0.0
	54076	0.0
	54080	0.0
	54092	0.0
	54093	0.0
	54094	0.0
	54096	0.0
	54098	0.0
	54099	0.0
	54102	0.0
	54113	0.0
	54115	0.0
	54117	0.0
	54122	0.0
	54132	0.0
	54134	0.0
	54135	0.0
	54142	0.0
	54154	0.0
	54156	0.0
	54157	0.0
	54161	0.0
	54164	0.0
	54165	0.0
	54169	0.0
	54171	0.0
	54172	0.0
	54181	0.0
	54186	0.0
	54187	0.0
	54192	0.0
	54195	0.0
	54205	0.0
	54208	0.0
	54213	0.0
	54214	0.0
	54218	0.0
	54225	0.0
	54226	0.0
	54231	0.0
	54234	0.0
	54236	0.0
	54237	0.0
	54243	0.0
	54244	0.0
	54248	0.0
	54249	0.0
	54252	0.0
	54254	0.0
	54259	0.0
	54260	0.0
	54261	0.0
	54263	0.0
	54266	0.0
	54267	0.0
	54273	0.0
	54274	0.0
	54276	0.0
	54284	0.0
	54285	0.0
	54286	0.0
	54287	0.0
	54290	0.0
	54291	0.0
	54292	0.0
	54293	0.0
	54305	0.0
	54313	0.0
	54316	0.0
	54320	0.0
	54321	0.0
	54323	0.0
	54324	0.0
	54325	0.0
	54326	0.0
	54327	0.0
	54328	0.0
	54331	0.0
	54332	0.0
	54333	0.0
	54334	0.0
	54335	0.0
	54336	0.0
	54337	0.0
	54338	0.0
	54339	0.0
	54342	0.0
	54346	0.0
	54347	0.0
	54349	0.0
	54351	0.0
	54353	0.0
	54362	0.0
	54363	0.0
	54371	0.0
	54374	0.0
	54377	0.0
	54386	0.0
	54452	0.0
	54453	0.0
	54454	0.0
	54455	0.0
	54470	0.0
	54471	0.0
	54472	0.0
	54474	0.0
	54475	0.0
	54476	0.0
	54483	0.0
	54486	0.0
	54493	0.0
	54494	0.0
	54497	0.0
	56194	2.1656E-4
	57889	3.0E-4
	59289	0.00108108
	54902	0.0098481
	59107	0.010319400000000001
	58656	0.01208844
	53991	0.01380665
	53705	0.021530650000000002
	57518	0.02371332
	59945	0.0254
	57536	0.02577064
	58744	0.02594592
	53888	0.026551250000000002
	53984	0.0278064
	59322	0.030565079999999998
	59038	0.03223584
	56095	0.032344250000000005
	59102	0.033611760000000004
	57816	0.03638208
	59106	0.038230919999999995
	59109	0.03872232
	52797	0.04595780000000001
	59268	0.04638816
	57087	0.04759915
	57634	0.04775148
	56147	0.049483959999999994
	53873	0.0561921
	59298	0.056511000000000006
	59475	0.05660928
	59125	0.05719896
	57124	0.05841275
	58933	0.05867316
	58667	0.05926284
	53987	0.0614058
	53944	0.0615989
	58749	0.06496308
	58848	0.06624072
	53953	0.06806775
	53931	0.06864705
	52446	0.07173665000000001
	59088	0.07203924
	53519	0.0743435
	59948	0.0748
	59229	0.07547904
	57127	0.07675725
	53983	0.08100545
	54319	0.08332265
	59007	0.0844584
	59319	0.08530704
	57911	0.08684056
	53707	0.0874743
	59297	0.088452
	59126	0.09159696
	59205	0.09279596
	59137	0.09425052
	57516	0.09669404000000001
	54823	0.09838445000000001
	57798	0.09995076
	52557	0.10186025
	59485	0.10211292000000001
	57052	0.10263265
	57416	0.10643923999999999
	57766	0.1095
	57942	0.10987704
	57106	0.11537725
	59276	0.11577384
	59224	0.11872224
	57969	0.119
	58760	0.11901708
	54909	0.1195289
	58659	0.12049128
	53985	0.1204944
	52546	0.12194265
	57832	0.12224812
	56954	0.12311435999999999
	59235	0.12658464
	54736	0.12754255
	57134	0.13217695
	53981	0.13526655
	58665	0.13631436
	53882	0.1374872
	57043	0.139032
	57661	0.1401
	57519	0.14217164
	53978	0.14530774999999999
	59215	0.14663376
	58927	0.1488942
	57865	0.1505
	57113	0.15515585
	57908	0.15657288
	53942	0.1585351
	53817	0.1589213
	57718	0.16241999999999998
	58918	0.16275168
	56989	0.16491044
	59063	0.1651
	59470	0.16845192
	59074	0.17228484000000002
	58839	0.17356248000000002
	53588	0.17736235
	58931	0.17808336
	58828	0.18339048
	57317	0.18385944
	59090	0.1847664
	54751	0.1861484
	59266	0.18683028
	54807	0.18836905
	59130	0.19184256000000002
	59264	0.19341504
	58657	0.19400472
	53965	0.19599650000000002
	57774	0.1965
	58836	0.19852560000000002
	57842	0.2
	57414	0.20096767999999998
	53959	0.20207915
	59417	0.20304648
	54903	0.20883764999999999
	56082	0.2110583
	56580	0.21212051999999998
	53968	0.2178168
	57915	0.21926700000000002
	57211	0.22274085
	59256	0.23105628
	57710	0.23637524
	59082	0.23813244
	57719	0.24081471999999998
	54729	0.24475425
	57978	0.2476
	59954	0.2486
	59081	0.25228476
	54819	0.252961
	59122	0.25611768
	59114	0.25837812000000004
	57402	0.26355352
	57769	0.2643
	57083	0.26512630000000004
	58747	0.26820612
	52998	0.27024345
	53610	0.27285030000000005
	57304	0.27373184
	59094	0.27655991999999996
	57012	0.2767123
	59227	0.27754271999999997
	57093	0.27758125
	57875	0.2789
	57413	0.2874834
	57081	0.287719
	54901	0.2881052
	57949	0.28835352
	57758	0.2887
	57102	0.29109825
	57941	0.29218644
	57609	0.29257256
	57662	0.2995
	53704	0.30249115000000004
	57042	0.30442215000000006
	58751	0.30496284
	57871	0.3078
	54808	0.30896
	54914	0.31417370000000006
	56172	0.3156362
	59271	0.31901688
	52679	0.31948395
	59113	0.3228498
	56183	0.32559796
	57011	0.32798035000000003
	59059	0.33287436
	57071	0.33628365
	57056	0.3386974
	52885	0.3388905
	58658	0.339066
	53982	0.34014565
	56994	0.341082
	59454	0.34584732
	57976	0.3468
	52661	0.35482125
	57191	0.3587798
	57027	0.3614832
	53914	0.36544175
	53925	0.36602105
	53955	0.36872445000000004
	57060	0.368821
	52983	0.3699796
	59124	0.3705156
	57752	0.371
	57870	0.3737
	57206	0.37389084
	59284	0.37464336
	53972	0.3767381
	57564	0.3777
	54804	0.37770360000000003
	56995	0.38482711999999997
	54921	0.38706894999999997
	56092	0.38822755000000003
	57033	0.3892896
	57678	0.3903
	57957	0.39066300000000004
	56543	0.39099907999999994
	57874	0.3923
	58837	0.39312
	54920	0.39498605000000003
	53923	0.39614465
	56184	0.39933664
	57974	0.4009
	56091	0.4010687
	56096	0.4031928
	57242	0.40406175
	59087	0.40432392
	53975	0.4064755
	57037	0.40666860000000005
	57781	0.4072
	52978	0.41091679999999997
	59097	0.4171986
	57137	0.41728909999999997
	53998	0.41767529999999997
	57868	0.4188
	53973	0.4234683
	57075	0.4273303
	53948	0.42945439999999996
	53950	0.43032335
	57841	0.4311
	57007	0.43254400000000004
	58646	0.43351308
	57089	0.43495775000000003
	59052	0.43508556
	53993	0.4375646
	57016	0.4425852
	57673	0.4438
	53947	0.44664030000000005
	59246	0.4550364
	59051	0.45651060000000004
	59845	0.4604
	58705	0.46171944
	57038	0.46199175
	57180	0.4669158
	52643	0.469233
	58737	0.47135088
	57985	0.4741
	54806	0.47531565000000003
	52784	0.4829431
	56192	0.4829431
	57006	0.48468100000000003
	58946	0.48491352
	57213	0.48815680000000006
	59075	0.49149828
	57540	0.49191604
	57773	0.4925
	57411	0.49624724
	56144	0.49722176
	53979	0.49771525
	54805	0.49800490000000003
	57040	0.5000324500000001
	57851	0.5022
	53934	0.50331515
	53917	0.50988055
	57768	0.5106
	57014	0.51065295
	59269	0.51528204
	57318	0.51682044
	57789	0.5196063599999999
	57860	0.5231
	54749	0.52339755
	52985	0.5261975000000001
	57028	0.5289974500000001
	57025	0.53382495
	59053	0.53690364
	59255	0.53896752
	57989	0.54280044
	54836	0.5453144
	57995	0.54712476
	57996	0.54909036
	59092	0.55203876
	58736	0.5531198399999999
	59033	0.5536112400000001
	57415	0.5622980399999999
	57044	0.5640451000000001
	56251	0.5647884799999999
	52681	0.5672312500000001
	57034	0.571576
	57882	0.574
	52993	0.5742794
	58923	0.57827952
	52418	0.5814241
	57646	0.5836
	57307	0.5841706
	57671	0.5892
	57105	0.5924308
	54900	0.59368595
	57643	0.5941
	54852	0.59735485
	53949	0.59774105
	57076	0.6030513000000001
	58718	0.6052082400000001
	57041	0.60527195
	57975	0.6053
	57401	0.6074508000000001
	53935	0.60758915
	53877	0.6173407
	57754	0.6209
	57082	0.6219751
	57002	0.6250647
	57328	0.62997304
	53976	0.6306646
	58819	0.6315472799999999
	57853	0.6323
	57008	0.63230595
	57658	0.6332
	57523	0.6350622
	52533	0.63751965
	54818	0.6377127499999999
	57048	0.64215405
	56074	0.6432161000000001
	57020	0.6437954
	59093	0.65592072
	53926	0.65856755
	57024	0.6587606500000001
	57314	0.65899208
	53903	0.66648465
	57306	0.6675462000000001
	57426	0.6683041599999999
	57035	0.6706363
	58734	0.67538016
	57216	0.6771831199999999
	52674	0.6801947500000001
	56081	0.68231885
	56180	0.68454616
	57994	0.68461848
	57669	0.689
	57096	0.6915876500000001
	58834	0.6917929199999999
	59425	0.70142436
	57326	0.70717668
	53941	0.70993215
	58004	0.7116700499999999
	57095	0.7146631
	54815	0.71475965
	54905	0.71649755
	57948	0.7190164800000001
	58024	0.7191044000000001
	58022	0.72229055
	58701	0.7227511200000001
	57566	0.7238
	57072	0.7239319000000001
	54727	0.7283731999999999
	57309	0.72883268
	57079	0.7311731499999999
	57688	0.7314
	57032	0.7341662
	58710	0.73936044
	57085	0.74160055
	56267	0.7535205199999999
	59091	0.75783708
	53970	0.7597519500000001
	56374	0.7625077600000001
	58742	0.7719893999999999
	57988	0.77700168
	59230	0.77877072
	54842	0.787848
	58707	0.793611
	57956	0.79783704
	58745	0.80019576
	58907	0.80068716
	53928	0.80107535
	54911	0.8086062500000001
	57029	0.81188895
	57026	0.8132406500000001
	57420	0.8137241999999999
	57031	0.8218335999999999
	52447	0.8268542000000001
	54906	0.8268542000000001
	57674	0.827
	57140	0.832261
	57070	0.83583335
	57055	0.83718505
	57881	0.8404
	57077	0.8415298000000001
	59071	0.84746844
	57053	0.85050895
	57049	0.8525365
	57238	0.85263305
	54912	0.85417785
	54833	0.85958465
	53906	0.8610329000000001
	58906	0.86309496
	57779	0.8674
	56385	0.8694884
	57891	0.86958144
	57991	0.8712521999999999
	57061	0.8776395
	57129	0.8857497
	59096	0.88805808
	56164	0.88984504
	59254	0.89071164
	54827	0.8918323499999999
	58731	0.89366004
	57962	0.9008
	53938	0.90708725
	57698	0.9086968799999999
	52995	0.90998375
	56152	0.9106348
	54737	0.9147147
	57144	0.9148112500000001
	57544	0.9198
	57315	0.925794
	57574	0.9309
	57143	0.93952805
	57965	0.9443
	58912	0.9443725199999999
	57231	0.9446452000000001
	57021	0.9456107
	52436	0.9463831
	57154	0.9488934
	57324	0.952864
	58030	0.9541071
	57799	0.96245604
	57233	0.963569
	57966	0.9636
	54915	0.9660793
	58911	0.97267716
	57960	0.97749288
	57080	0.97756875
	57245	0.9843272500000001
	57772	0.9849
	57054	0.9919547000000001
	54910	0.99340295
	58735	1.004913
	58011	1.00518205
	54916	1.00653375
	57181	1.0093337000000002
	57777	1.0112
	54908	1.0207266
	54835	1.02343
	58654	1.0256500800000001
	56093	1.02642305
	53929	1.0303816
	58652	1.03056408
	58032	1.03395395
	57004	1.03878145
	58647	1.0390161599999999
	57329	1.03916316
	57778	1.0401
	57308	1.04078736
	57437	1.0416535999999998
	57182	1.0440916999999998
	57051	1.04418825
	57887	1.0488
	57990	1.05415128
	58664	1.0560186
	57047	1.0587673
	54918	1.06156725
	57247	1.06929125
	57562	1.0743
	57776	1.076
	52996	1.0761463
	57156	1.0771118
	57153	1.0798152
	58713	1.0963133999999999
	57679	1.1013
	57001	1.1086836500000001
	58104	1.1087802000000002
	54913	1.1184352000000002
	58017	1.1229730500000001
	57682	1.1234
	58724	1.1257974
	57899	1.12658364
	57876	1.1291
	58704	1.1317924799999999
	57598	1.13631336
	58666	1.14162048
	57894	1.1427015600000001
	58715	1.1439792
	58813	1.1463379200000001
	53945	1.1489449999999999
	59058	1.149876
	54919	1.15444835
	58823	1.15547796
	57793	1.15813152
	57343	1.16564815
	54841	1.16584125
	59072	1.1660922
	57866	1.1675
	57155	1.1680619
	57173	1.1707653
	57132	1.1711515000000001
	54828	1.17279285
	58725	1.17415116
	57303	1.1770036
	58619	1.1784754800000001
	54844	1.17955135
	57348	1.18068512
	58821	1.18122732
	54851	1.1889167
	53924	1.19519245
	54939	1.19615795
	58818	1.1980332
	58714	1.20137472
	54843	1.2026268
	58003	1.2034957499999999
	56444	1.210029
	57964	1.2180823200000002
	54922	1.22705395
	57067	1.2332331500000002
	58719	1.23665724
	56548	1.24121364
	57248	1.24230885
	54822	1.24366055
	57558	1.2453
	57078	1.24675015
	57867	1.2468
	57217	1.2544238
	58826	1.2560184
	57176	1.25852925
	52656	1.26007405
	58706	1.2613255200000002
	57992	1.26250488
	57045	1.2760048000000002
	58730	1.28727144
	54753	1.2873976999999999
	57175	1.29116315
	57666	1.2955
	57030	1.2979216500000001
	57573	1.31105424
	57065	1.31626615
	54759	1.3181006
	57003	1.320804
	58015	1.32599688
	57575	1.3292
	57023	1.3305555500000001
	57098	1.33171415
	58020	1.3322934499999999
	57973	1.3396
	54917	1.3457139
	54738	1.3466794
	57687	1.3492
	53915	1.3545965
	57680	1.358
	57771	1.3651
	54923	1.36898245
	57577	1.3725
	57792	1.38319272
	57232	1.38732695
	58608	1.39154652
	57633	1.3920476800000001
	57431	1.39486296
	58041	1.4027674
	57780	1.4104
	58507	1.4284998
	56178	1.4287545999999998
	57063	1.43058135
	56080	1.4393673999999999
	57584	1.4419
	57565	1.4467
	58824	1.44805752
	56641	1.4525762
	58005	1.4650497
	58026	1.4723914399999998
	57958	1.4737086000000001
	57439	1.48062072
	56038	1.48581816
	54837	1.4862907
	57057	1.496525
	54853	1.4998076999999999
	58509	1.50358572
	53908	1.50955925
	57554	1.5132
	58712	1.52019504
	57022	1.5253934500000002
	57261	1.53601395
	57179	1.5373656500000001
	57796	1.56009672
	58820	1.56628836
	57955	1.56972816
	54817	1.57057885
	54907	1.5870889
	58035	1.59095804
	57066	1.5938474
	57786	1.59783624
	58616	1.6004898
	57971	1.608
	58555	1.6088436
	57074	1.6133505000000001
	57981	1.618
	58903	1.6255511999999999
	54846	1.62561235
	58627	1.62908928
	56094	1.62947435
	54752	1.6436671999999999
	57545	1.64607256
	58036	1.6538687200000002
	57099	1.6558325
	58609	1.65660768
	57993	1.65778704
	58623	1.65788532
	58618	1.65906468
	58600	1.66771332
	54824	1.6681909000000001
	56146	1.67227632
	58822	1.67459292
	54755	1.6751425000000002
	57694	1.675674
	58527	1.6820622
	57292	1.68431475
	57886	1.6849
	54943	1.68798365
	52787	1.68972155
	58568	1.6929712799999999
	58814	1.69837668
	57432	1.70172848
	57699	1.70191476
	54832	1.70941775
	58562	1.7145928799999999
	54855	1.7151142
	58154	1.72998956
	57169	1.732107
	58601	1.7375904
	57857	1.7397
	58693	1.7424061199999998
	58625	1.749384
	58607	1.7552808
	58148	1.76864552
	58002	1.7716925000000001
	57178	1.7734304
	58006	1.7750717500000002
	58637	1.7882045999999998
	58510	1.79252892
	57972	1.7952
	58001	1.79708515
	58519	1.7995068
	58567	1.7998016399999999
	53927	1.8025885000000001
	54863	1.8173606500000001
	58108	1.8222441200000001
	58517	1.82535444
	58605	1.82564928
	58508	1.8275166
	57197	1.83551205
	57188	1.8367672000000002
	54935	1.84748425
	58040	1.84823132
	54830	1.8554979
	58007	1.85578755
	58602	1.8560178
	57162	1.8642839500000001
	56071	1.8716217499999999
	57187	1.8720079500000002
	58624	1.88068608
	58546	1.8858949200000001
	58629	1.88825364
	58615	1.8887450399999999
	58626	1.8904158
	57571	1.89284268
	58107	1.89468344
	58557	1.9007352
	58100	1.905897
	58514	1.91036664
	58529	1.9184256
	58158	1.9198043999999999
	57313	1.9234859199999998
	57859	1.92392928
	58435	1.92705916
	54766	1.9317724
	57254	1.9345723499999998
	58635	1.93591944
	58642	1.93729536
	58147	1.94275976
	54848	1.9462549
	57084	1.96006155
	58643	1.9621602
	58556	1.96717248
	58559	1.9795557600000002
	53916	1.9796611999999998
	54849	1.9875783000000002
	58660	1.9918407599999999
	57589	2.00318
	58565	2.00432232
	57543	2.01714812
	54825	2.0286120500000004
	57585	2.0343
	57271	2.0400049499999997
	57183	2.0435773
	58111	2.05139785
	58512	2.05247952
	58113	2.0540716
	58044	2.06424992
	57184	2.0659769000000003
	57493	2.06749832
	58426	2.0693390799999998
	58448	2.07252864
	58644	2.07400284
	54831	2.07495605
	54940	2.07553535
	54927	2.0777560000000004
	58208	2.0928178
	57185	2.09349365
	54826	2.09503845
	58457	2.09562444
	58449	2.09798316
	58455	2.1005384400000002
	58240	2.10301416
	58563	2.11282344
	58241	2.11730712
	58542	2.1198996
	56171	2.12456188
	58438	2.12467016
	58550	2.1312018
	58632	2.1316932
	58126	2.13268288
	58558	2.13287256
	54861	2.135686
	58547	2.13719688
	58622	2.13886764
	58459	2.13994872
	52515	2.1443755
	58243	2.14654272
	57293	2.1498788500000003
	54834	2.154996
	58543	2.15744256
	54945	2.160789
	58620	2.1644204400000002
	58502	2.16933444
	57586	2.16949808
	58102	2.1699312
	54932	2.17884385
	58428	2.1807592
	56592	2.18368276
	58544	2.1990149999999997
	58477	2.2007840400000003
	58530	2.20577188
	58458	2.2093344000000004
	58569	2.2141501199999998
	58034	2.2154363
	54938	2.22615335
	58549	2.2267299599999997
	58454	2.22771276
	58464	2.2304646
	58451	2.23282332
	57595	2.23316672
	58633	2.23803216
	58114	2.23944696
	57195	2.25743555
	58456	2.26171764
	58467	2.26741788
	58251	2.26803288
	58537	2.27410092
	58246	2.27452968
	58606	2.2778355599999998
	58453	2.28078396
	58468	2.28953088
	58523	2.29087996
	58631	2.29110336
	57477	2.29142136
	58021	2.29566935
	58109	2.29672708
	58045	2.29921752
	58503	2.3002434
	57193	2.3034899
	58234	2.30863788
	58140	2.3123194
	58570	2.3123318399999997
	58460	2.3144
	58614	2.3262876
	58520	2.32866968
	58484	2.33090676
	54929	2.33564105
	58250	2.33971424
	57039	2.34201335
	58634	2.34663156
	58472	2.3485971599999997
	56079	2.34880976
	58205	2.35582
	57582	2.3564976399999997
	57362	2.36288616
	58446	2.36520648
	58418	2.37089888
	58207	2.37136455
	58419	2.3718734
	58534	2.37880332
	58127	2.3806440799999997
	58360	2.38508356
	57469	2.38551668
	54829	2.38777805
	58612	2.38840056
	58338	2.40089244
	58452	2.40628752
	54936	2.4081501000000003
	58025	2.40824665
	58220	2.40987968
	58146	2.4151854
	57299	2.4189637
	57274	2.4193499
	54857	2.419543
	58461	2.4198
	58548	2.42515728
	57046	2.4254325500000005
	54776	2.43103245
	58408	2.43933184
	57447	2.44203884
	58437	2.44290508
	58506	2.44353564
	58132	2.4455038
	57295	2.4461908
	57186	2.44705975
	58212	2.45113436
	58531	2.4541662
	57298	2.45941815
	58129	2.46022988
	58008	2.46250775
	58027	2.46358656
	58301	2.46424565
	58463	2.4753
	57581	2.4756056400000004
	57485	2.48036996
	58125	2.48480944
	57177	2.4913762
	57294	2.49359685
	58138	2.4953126
	58214	2.4997520800000004
	57390	2.5010312
	58038	2.50191768
	58223	2.5180514
	54764	2.52140325
	58254	2.5214080799999996
	54765	2.52565145
	58421	2.5261724
	58407	2.5532424000000002
	58244	2.5567073600000003
	58135	2.55714048
	58230	2.5611468399999997
	57296	2.57971945
	57499	2.58280284
	57496	2.58399392
	58462	2.5876
	58210	2.6003442
	57198	2.6005742499999998
	58202	2.60164356
	58247	2.60164356
	58330	2.60261808
	58423	2.6034843199999997
	58450	2.609334
	58141	2.6111722000000004
	57541	2.6133378
	57196	2.61718085
	57189	2.62084975
	58139	2.6236244
	58367	2.628
	58143	2.63044604
	57498	2.6335861599999997
	57385	2.6439810400000003
	58259	2.647446
	58409	2.6476625599999997
	57257	2.65026128
	57192	2.6527112500000003
	57492	2.65372624
	53910	2.6539664000000003
	54871	2.6547388
	58122	2.65578356
	58245	2.65903196
	58101	2.66043525
	58264	2.6613058400000003
	58366	2.662
	57445	2.66433768
	56185	2.6653122
	58361	2.6655
	54778	2.66893165
	54925	2.66970405
	58242	2.67105104
	57290	2.6716350500000003
	57399	2.67570708
	57251	2.68014656
	58265	2.68198732
	58249	2.68220388
	58145	2.6831784
	58316	2.6853439999999997
	57491	2.68837584
	57256	2.6945478
	58501	2.7037516
	57333	2.70786624
	58369	2.708
	58236	2.71392992
	58049	2.7145796
	58432	2.71663692
	57489	2.71696176
	58255	2.71901908
	58443	2.72176632
	58238	2.72194264
	57297	2.72280655
	57273	2.72879265
	58016	2.7312547200000004
	58203	2.7333120400000004
	58436	2.73471968
	58130	2.7353693599999995
	58237	2.73796808
	58323	2.74024196
	58013	2.747605
	58235	2.74825468
	58353	2.7522610399999996
	58128	2.75962408
	54774	2.7599783
	58150	2.7652546399999998
	57583	2.77499984
	58221	2.77716544
	58341	2.77889792
	57590	2.7840953600000002
	57395	2.78420364
	58116	2.78961764
	58442	2.7914584
	58222	2.7968724000000003
	58012	2.8005539199999996
	58362	2.8013
	57396	2.80429475
	58345	2.82480864
	58339	2.83942644
	57285	2.8434940500000003
	58268	2.84549012
	57451	2.8488467999999996
	57398	2.8510124
	57494	2.85393596
	57476	2.8611907199999997
	58377	2.86378944
	57249	2.8638977199999998
	57281	2.8732314500000005
	57388	2.88068112
	57355	2.8813308
	58224	2.8841460800000003
	57389	2.8905346
	57194	2.8957276000000003
	56182	2.9006046399999996
	58365	2.9151
	57253	2.9160886799999997
	58047	2.9195536399999997
	58433	2.9231268800000003
	58417	2.9361204799999996
	58331	2.93915232
	58500	2.94077652
	58269	2.9522542
	57387	2.95322872
	57466	2.95636884
	56173	2.9577764799999997
	57486	2.9582096
	58415	2.95950896
	58404	2.9668720000000004
	57461	2.9674134
	57465	2.96773824
	57481	2.9679548000000002
	58321	2.9706618
	57475	2.972286
	58420	2.97401848
	58414	2.9814898
	58257	2.9837636799999996
	58118	2.98820316
	58424	2.99026048
	54777	2.99305
	57349	2.99751524
	58351	3.0063942
	58427	3.0068273199999997
	58334	3.0107254
	58320	3.0112668
	58048	3.0120247599999996
	58429	3.0170056400000003
	57483	3.03151516
	58441	3.0565278399999998
	58359	3.0566361200000003
	58117	3.05706924
	57339	3.0576106399999996
	57482	3.06389088
	58329	3.06670616
	58311	3.0686552000000002
	58337	3.07038768
	58431	3.07850868
	58343	3.0827316
	57368	3.09713284
	57462	3.0989736
	58344	3.1114257999999997
	57464	3.11716464
	57361	3.1183557200000003
	58340	3.1368715999999996
	58346	3.13871236
	58416	3.14683336
	58314	3.1480244400000004
	58215	3.14954036
	58131	3.17076324
	57279	3.18960396
	58342	3.2034637999999998
	58352	3.20573768
	58306	3.20811984
	58402	3.23226628
	58358	3.2532726000000003
	58335	3.25554648
	58225	3.25576304
	58354	3.2638840399999998
	58319	3.28218336
	58327	3.3019986
	57378	3.35278192
	57265	3.39057164
	58326	3.41049516
	57381	3.42478812
	57460	3.4303104
	58356	3.44525304
	57363	3.44741864
	57358	3.500151
	57345	3.5071892
	57278	3.50729748
	57359	3.5293866
	58317	3.54530376
	57377	3.56901708
	58401	3.61254564
	58336	3.6187176
	57370	3.68390216
	57260	3.7421568
	57259	3.87685712
	57268	3.87848132
