	56494	-1.9152
	56181	-1.4851
	56183	-1.4568
	56371	-1.4126
	56842	-1.4065
	56478	-1.3536
	57438	-1.3389
	54871	-1.3339
	57522	-1.2868
	52652	-1.2738
	56190	-1.2583
	57523	-1.2475
	54181	-1.2448
	52546	-1.2426
	56144	-1.1888
	52661	-1.148
	57425	-1.1301
	56273	-1.1162
	54499	-1.1133
	56290	-1.0998
	53533	-1.0983
	56948	-1.0962
	56291	-1.0866
	57520	-1.0759
	56844	-1.0614
	51468	-1.0591
	56184	-1.0507
	52515	-1.0363
	52557	-1.0252
	54861	-1.0215
	54778	-1.0076
	54423	-1.0039
	53491	-1.0006
	54428	-0.997
	56444	-0.9899
	53384	-0.9868
	53336	-0.9748
	54439	-0.974
	57634	-0.9624
	56841	-0.9613
	54522	-0.958
	54752	-0.9569
	54777	-0.9533
	56571	-0.9392
	56748	-0.9363
	56180	-0.9301
	54525	-0.9155
	56840	-0.9086
	56189	-0.9045
	56276	-0.9035
	56443	-0.9028
	54319	-0.8944
	57537	-0.8944
	56272	-0.8634
	56835	-0.8624
	56257	-0.8563
	52862	-0.8536
	57439	-0.8507
	52424	-0.844
	56851	-0.8382
	53419	-0.8356
	54759	-0.8322
	54323	-0.8292
	53433	-0.824
	54429	-0.821
	56643	-0.82
	54520	-0.8197
	57437	-0.8194
	56296	-0.8154
	54753	-0.8011
	54434	-0.7912
	52533	-0.7907
	52436	-0.7822
	54590	-0.7736
	56474	-0.7729
	56836	-0.7718
	54049	-0.7686
	54852	-0.7671
	56976	-0.7587
	51288	-0.7566
	56764	-0.7494
	56838	-0.7466
	54749	-0.7422
	51642	-0.7359
	56843	-0.7324
	52446	-0.7272
	52447	-0.7267
	53512	-0.7251
	56757	-0.7189
	54134	-0.7176
	54751	-0.7136
	53337	-0.6916
	54521	-0.6916
	56185	-0.6881
	57445	-0.6869
	54863	-0.685
	54316	-0.6749
	56247	-0.6742
	56473	-0.6725
	54486	-0.6721
	59849	-0.6717
	57513	-0.6693
	57426	-0.669
	56187	-0.6682
	54398	-0.6667
	54436	-0.6616
	54325	-0.6613
	56197	-0.6604
	56441	-0.6543
	52313	-0.6525
	54424	-0.6491
	54291	-0.6475
	56168	-0.6412
	52418	-0.6398
	52203	-0.636
	57447	-0.6352
	54327	-0.6341
	56267	-0.6341
	56761	-0.622
	50956	-0.6121
	56949	-0.6085
	57328	-0.6084
	56480	-0.6025
	50985	-0.5998
	57536	-0.5978
	55681	-0.594
	52645	-0.5863
	54432	-0.5859
	56289	-0.5787
	50136	-0.573
	54169	-0.5721
	56651	-0.5687
	55572	-0.5656
	54505	-0.5642
	56381	-0.5601
	56487	-0.5599
	56198	-0.5575
	54406	-0.5571
	51804	-0.5551
	50978	-0.5531
	51644	-0.5435
	56756	-0.5377
	56281	-0.5372
	57413	-0.533
	57326	-0.5311
	57432	-0.5249
	50431	-0.5208
	54766	-0.5191
	53455	-0.5137
	56854	-0.5129
	54431	-0.5088
	54597	-0.5084
	56839	-0.5084
	54511	-0.5058
	56849	-0.5051
	57731	-0.5047
	56462	-0.5012
	52980	-0.495
	56958	-0.4938
	53695	-0.4927
	57317	-0.4918
	51655	-0.4902
	57623	-0.4893
	54320	-0.4868
	54575	-0.4842
	57420	-0.4826
	54324	-0.4822
	56285	-0.4818
	57329	-0.4778
	56766	-0.4759
	53791	-0.473
	56199	-0.4722
	56961	-0.4714
	57304	-0.4692
	56284	-0.4682
	51542	-0.4637
	53588	-0.4633
	54096	-0.4603
	55680	-0.4556
	52575	-0.4533
	53522	-0.4505
	57525	-0.4457
	53688	-0.4455
	54311	-0.4437
	56768	-0.4415
	54027	-0.4414
	57738	-0.4387
	56739	-0.436
	56862	-0.433
	57416	-0.4321
	54419	-0.4312
	50778	-0.4304
	51815	-0.4296
	56755	-0.4239
	54911	-0.4198
	59057	-0.4194
	56288	-0.4178
	54613	-0.415
	51931	-0.409
	51826	-0.4068
	51829	-0.4054
	53698	-0.4052
	56951	-0.4026
	57318	-0.4017
	57348	-0.4004
	51811	-0.3939
	56964	-0.3939
	54531	-0.3892
	51656	-0.3881
	57431	-0.3866
	56147	-0.3824
	56944	-0.3745
	56777	-0.3736
	52657	-0.3698
	56950	-0.3663
	56742	-0.3657
	56196	-0.3649
	57723	-0.3638
	50888	-0.3635
	56251	-0.3629
	54764	-0.3544
	53475	-0.3539
	53472	-0.3464
	51567	-0.346
	58012	-0.3401
	53420	-0.3387
	51818	-0.3383
	54853	-0.3378
	56846	-0.336
	59431	-0.3358
	56387	-0.334
	54527	-0.3212
	55589	-0.321
	54154	-0.3203
	56867	-0.3197
	56978	-0.3172
	56391	-0.3167
	56767	-0.316
	56489	-0.3129
	56374	-0.3127
	56946	-0.3077
	54069	-0.3072
	51828	-0.3066
	51717	-0.3062
	54606	-0.3016
	54328	-0.3015
	57606	-0.301
	54195	-0.3007
	54292	-0.3004
	51701	-0.3
	57637	-0.2995
	53682	-0.2994
	56146	-0.2984
	56856	-0.2981
	53680	-0.2955
	54534	-0.2953
	53789	-0.2945
	53691	-0.2935
	54765	-0.2909
	56295	-0.2905
	56021	-0.2882
	56298	-0.2841
	57625	-0.2839
	54708	-0.2833
	56373	-0.2832
	56954	-0.2825
	55578	-0.2805
	51730	-0.2801
	51827	-0.2795
	52633	-0.279
	50353	-0.2754
	56128	-0.2736
	53697	-0.2698
	54099	-0.2689
	54494	-0.2656
	56152	-0.2635
	56962	-0.2621
	54305	-0.2613
	51581	-0.2595
	52681	-0.2586
	52957	-0.2569
	53690	-0.2542
	50945	-0.2537
	54608	-0.2509
	54425	-0.2485
	56987	-0.248
	56491	-0.2442
	54135	-0.2405
	54321	-0.2403
	51636	-0.2394
	54731	-0.2348
	51639	-0.2346
	54622	-0.2284
	54041	-0.2273
	50940	-0.2259
	54610	-0.2245
	56746	-0.2236
	54026	-0.2204
	56297	-0.2192
	54098	-0.219
	56772	-0.2148
	56164	-0.2142
	56984	-0.2128
	57734	-0.2117
	54922	-0.2103
	51810	-0.2097
	56975	-0.2087
	53499	-0.2085
	50939	-0.2058
	54540	-0.2051
	53378	-0.2045
	54122	-0.2042
	59426	-0.2039
	54214	-0.2038
	50949	-0.2028
	54092	-0.202
	54855	-0.1996
	53505	-0.1985
	56279	-0.1981
	54039	-0.1976
	59954	-0.196
	50946	-0.1947
	53610	-0.1938
	51467	-0.1929
	57732	-0.1928
	54438	-0.1913
	53692	-0.1898
	59304	-0.1892
	51839	-0.1876
	54421	-0.187
	54187	-0.1869
	53694	-0.1864
	56029	-0.1857
	50973	-0.1838
	51722	-0.1834
	57647	-0.1812
	54223	-0.181
	56977	-0.1789
	59673	-0.174
	54318	-0.1707
	53617	-0.1698
	54290	-0.1687
	57242	-0.1686
	51814	-0.1656
	54408	-0.1651
	54744	-0.1649
	51526	-0.1645
	56280	-0.1642
	50788	-0.1579
	54514	-0.1554
	59501	-0.1547
	51495	-0.1457
	54707	-0.1444
	51573	-0.1442
	56125	-0.1423
	54626	-0.1392
	51334	-0.1377
	57126	-0.1371
	53517	-0.1363
	54031	-0.1355
	57729	-0.1338
	57636	-0.1336
	54416	-0.1279
	50844	-0.125
	57401	-0.1249
	56959	-0.1243
	56969	-0.1223
	51765	-0.1218
	54102	-0.1215
	54822	-0.1205
	56389	-0.119
	54617	-0.1189
	54602	-0.117
	54706	-0.1151
	56654	-0.1138
	57308	-0.1129
	56982	-0.1111
	56952	-0.1085
	54825	-0.1053
	54841	-0.1053
	52968	-0.1031
	54308	-0.1029
	54433	-0.1009
	57111	-0.099
	57113	-0.0947
	53192	-0.0931
	59500	-0.0931
	59854	-0.0931
	57309	-0.0904
	56195	-0.09
	55696	-0.0887
	50873	-0.0881
	51572	-0.0863
	56567	-0.0857
	57339	-0.0856
	58022	-0.0852
	59264	-0.0817
	54226	-0.0816
	54633	-0.0812
	54186	-0.0762
	54700	-0.076
	56781	-0.0749
	51568	-0.0732
	54814	-0.0677
	54605	-0.0667
	56652	-0.0647
	52818	-0.0645
	56592	-0.0634
	59324	-0.0627
	59287	-0.0586
	59435	-0.0553
	54064	-0.0546
	53676	-0.0534
	56785	-0.0529
	54614	-0.0512
	54810	-0.0511
	57633	-0.048
	53794	-0.0467
	56492	-0.0451
	57176	-0.0447
	50727	-0.0432
	54834	-0.0397
	53795	-0.0389
	50879	-0.038
	56763	-0.0378
	57516	-0.0365
	59266	-0.0358
	50936	-0.0352
	57509	-0.035
	59303	-0.0324
	56966	-0.0306
	54803	-0.0299
	54205	-0.0275
	50246	-0.0258
	54717	-0.0252
	57512	-0.0239
	53590	-0.0236
	56782	-0.0236
	54218	-0.0224
	55773	-0.0208
	57415	-0.0185
	53644	-0.0167
	59647	-0.016
	57245	-0.0154
	50838	-0.0142
	59427	-0.0129
	54454	-0.0127
	57744	-0.0083
	50878	-0.0059
	52874	-0.0059
	51465	-0.0057
	59487	-0.0048
	51777	-0.0031
	59664	-6.0E-4
	51633	0.0
	56664	9.0E-4
	50955	0.0030
	54142	0.0051
	54541	0.0091
	54430	0.0094
	54273	0.0099
	56569	0.0116
	57053	0.0121
	59268	0.0123
	54607	0.0136
	54611	0.0143
	53397	0.0167
	56973	0.0167
	54515	0.019
	50349	0.0194
	52765	0.0197
	54704	0.0205
	59109	0.0223
	50833	0.0227
	56863	0.0238
	50247	0.0239
	53596	0.0247
	52607	0.0248
	59417	0.0256
	53893	0.0261
	54619	0.0265
	56645	0.029
	56376	0.0296
	53784	0.0331
	59502	0.0345
	54737	0.0349
	52889	0.0377
	57544	0.0377
	51705	0.0393
	57345	0.0449
	51571	0.0453
	59117	0.0466
	59317	0.0487
	54286	0.0502
	54820	0.0505
	54063	0.0527
	56669	0.0534
	56646	0.0544
	59419	0.0552
	52963	0.0578
	59941	0.0578
	54849	0.0587
	50954	0.0589
	56033	0.0589
	55690	0.0591
	54714	0.0617
	54528	0.0626
	52866	0.0637
	50787	0.0667
	54900	0.0677
	54512	0.0688
	50983	0.0692
	57349	0.0698
	52707	0.0716
	59478	0.0738
	54596	0.0739
	59425	0.0739
	53343	0.075
	56649	0.0756
	57055	0.0757
	51076	0.076
	57417	0.0765
	53618	0.0766
	59316	0.0779
	54620	0.0781
	59656	0.079
	50842	0.0807
	54830	0.0812
	54832	0.082
	53687	0.0822
	54503	0.0841
	56497	0.0855
	59658	0.0865
	57942	0.0869
	51716	0.0883
	54523	0.0891
	57926	0.0893
	50854	0.0894
	57903	0.09
	59951	0.0904
	53614	0.091
	59945	0.0931
	51707	0.0932
	50948	0.096
	54507	0.0972
	54709	0.0992
	53689	0.0996
	54729	0.1013
	51133	0.1018
	57307	0.1019
	56378	0.1024
	59650	0.1042
	53666	0.1044
	51559	0.1061
	56970	0.1065
	51238	0.1074
	51720	0.1094
	51855	0.1097
	54623	0.1129
	55472	0.1131
	54932	0.1138
	51438	0.1142
	54502	0.1162
	56991	0.1179
	57407	0.1185
	54117	0.1186
	59017	0.1187
	54604	0.1189
	57408	0.119
	59306	0.1191
	56870	0.1193
	59843	0.1197
	54837	0.1263
	54204	0.1267
	52908	0.1282
	56786	0.1291
	56178	0.1292
	54723	0.1339
	51629	0.1352
	54833	0.1363
	52876	0.138
	54047	0.1385
	56263	0.1395
	54569	0.1412
	54702	0.1416
	56745	0.142
	53660	0.1423
	50858	0.1426
	59429	0.143
	54925	0.1461
	54724	0.1465
	52745	0.1475
	54636	0.1477
	59318	0.1496
	57511	0.1498
	53615	0.1507
	50968	0.1516
	54943	0.1519
	54711	0.1527
	57742	0.1536
	58021	0.1543
	57054	0.1581
	59845	0.16
	59256	0.1613
	56004	0.1624
	52856	0.1627
	54386	0.164
	54594	0.1648
	57545	0.1661
	50434	0.1671
	57082	0.1694
	57359	0.1697
	54065	0.1707
	59493	0.1739
	54819	0.1756
	57807	0.1761
	54802	0.1766
	54530	0.1767
	56193	0.1775
	59265	0.1782
	53959	0.1817
	59454	0.1818
	59209	0.1837
	59107	0.1838
	59319	0.1862
	54712	0.1863
	58125	0.1865
	53699	0.1873
	52853	0.1875
	56688	0.1891
	57540	0.1901
	54506	0.1943
	53611	0.1978
	53674	0.1989
	59462	0.1991
	54331	0.1994
	56792	0.1994
	56483	0.2
	56585	0.2007
	57405	0.2021
	56548	0.2025
	58032	0.2026
	59456	0.2037
	57042	0.2044
	59644	0.2048
	57153	0.2056
	56016	0.2066
	54568	0.207
	59851	0.207
	54616	0.2073
	53693	0.2097
	51186	0.2113
	54621	0.2114
	54115	0.2116
	51628	0.2138
	56158	0.2158
	57402	0.217
	56045	0.2173
	50934	0.2181
	54662	0.2217
	54728	0.2221
	59097	0.2224
	56889	0.2228
	53368	0.2233
	59242	0.224
	54806	0.2245
	59294	0.2247
	51365	0.2279
	59758	0.2301
	52323	0.2331
	50425	0.2356
	54640	0.236
	54935	0.2366
	57324	0.2368
	53599	0.2373
	59241	0.24
	56575	0.241
	59310	0.2425
	54603	0.2439
	54701	0.2444
	56598	0.2446
	59314	0.2473
	54517	0.2483
	57248	0.2483
	54618	0.251
	53348	0.2512
	57809	0.2514
	57614	0.2523
	51477	0.2535
	59312	0.2581
	54829	0.2583
	54703	0.2601
	50871	0.2604
	57355	0.2608
	51469	0.2627
	56386	0.266
	59015	0.266
	59315	0.2662
	59007	0.267
	56384	0.2684
	57414	0.2694
	54831	0.2699
	54811	0.2704
	56774	0.2707
	59632	0.2711
	56580	0.2722
	56775	0.273
	57411	0.2789
	56584	0.2795
	50880	0.2799
	57043	0.2818
	54923	0.2822
	57208	0.2825
	54710	0.2829
	56396	0.283
	57090	0.283
	54816	0.2847
	59626	0.286
	50928	0.2892
	56869	0.2892
	56671	0.2899
	52836	0.2902
	54913	0.2913
	54818	0.2923
	59279	0.2925
	54225	0.2931
	56287	0.2948
	57060	0.2967
	53573	0.2986
	59663	0.2991
	59021	0.3001
	51704	0.3007
	51087	0.3009
	54519	0.301
	54827	0.301
	50892	0.3015
	51367	0.3016
	59848	0.3017
	59211	0.3039
	54828	0.3067
	56995	0.307
	53492	0.3083
	54809	0.3093
	59237	0.3104
	50884	0.311
	59847	0.311
	53993	0.3121
	52825	0.3124
	54601	0.3137
	51356	0.3143
	59284	0.3146
	52101	0.315
	54645	0.3152
	59488	0.3152
	56278	0.3176
	57409	0.3179
	56752	0.3193
	54713	0.3197
	57739	0.3201
	57206	0.3204
	54940	0.3223
	57178	0.3243
	53797	0.3254
	59842	0.3275
	54918	0.3279
	59313	0.3296
	54624	0.3297
	59320	0.3307
	56996	0.3309
	57722	0.3311
	59640	0.3314
	59246	0.3345
	50749	0.3349
	53518	0.3355
	52833	0.3386
	51357	0.339
	53392	0.339
	59948	0.339
	57014	0.3391
	59297	0.3395
	50963	0.3399
	59446	0.3409
	54615	0.3415
	56382	0.3416
	50867	0.342
	56985	0.3448
	59655	0.3466
	59280	0.3479
	57835	0.3509
	56186	0.351
	54722	0.3516
	54938	0.3523
	53772	0.3556
	59481	0.3561
	51243	0.3571
	56167	0.3577
	59448	0.3581
	59476	0.3583
	54912	0.3613
	56783	0.3628
	54804	0.3629
	59654	0.3639
	57314	0.3643
	57908	0.3653
	57458	0.3665
	51145	0.3669
	57803	0.3669
	51711	0.367
	56871	0.3687
	57900	0.3698
	50965	0.3701
	54921	0.3708
	57518	0.3708
	54716	0.3737
	55248	0.3747
	59940	0.3752
	59485	0.376
	50913	0.3765
	57315	0.3775
	59856	0.3781
	54132	0.3817
	59290	0.3822
	51358	0.3823
	57137	0.384
	51437	0.3849
	51470	0.386
	53776	0.3869
	54113	0.3877
	52974	0.3881
	59298	0.389
	56188	0.3899
	56493	0.3905
	50775	0.3908
	50852	0.392
	57837	0.3981
	54518	0.402
	59469	0.4034
	57988	0.4051
	54161	0.4053
	50937	0.4083
	59754	0.41
	57175	0.4115
	59288	0.416
	54844	0.4166
	56992	0.4173
	57006	0.4177
	50960	0.4213
	56751	0.4214
	51232	0.4217
	54835	0.4218
	57128	0.4234
	50758	0.4242
	54420	0.426
	56880	0.4265
	54914	0.4267
	52656	0.4277
	54535	0.4281
	57033	0.4307
	53972	0.432
	57247	0.4332
	53798	0.4341
	53829	0.437
	54719	0.4383
	54821	0.4409
	51353	0.441
	56989	0.4411
	54824	0.4418
	53696	0.4438
	57769	0.4483
	56986	0.4486
	56595	0.4488
	51053	0.4503
	52955	0.4505
	53519	0.4509
	59269	0.4527
	57514	0.4528
	59293	0.4546
	56875	0.455
	54080	0.4552
	54404	0.4556
	56697	0.457
	53585	0.4579
	56395	0.4581
	59249	0.4591
	57707	0.4601
	59213	0.4612
	56399	0.4617
	59480	0.4624
	56886	0.4634
	59289	0.4659
	57713	0.4663
	53272	0.4709
	57800	0.474
	59044	0.4754
	58917	0.4758
	57087	0.4763
	56790	0.477
	57994	0.479
	52643	0.4792
	57179	0.4799
	50745	0.4804
	59475	0.4809
	51156	0.4835
	56675	0.4844
	53704	0.4852
	53924	0.4883
	57902	0.4889
	54903	0.4909
	51435	0.4919
	54812	0.492
	53937	0.4921
	56394	0.4926
	54848	0.493
	51059	0.494
	53562	0.4947
	54919	0.4964
	56684	0.4974
	54024	0.4988
	54076	0.5005
	59045	0.5006
	59451	0.5012
	59004	0.5026
	59116	0.504
	59046	0.5042
	59255	0.5067
	57237	0.5093
	53949	0.5104
	56665	0.5115
	58016	0.5136
	59321	0.5147
	57909	0.515
	51359	0.5152
	58020	0.5173
	59271	0.5197
	59750	0.5213
	50742	0.5227
	51378	0.5235
	56673	0.5238
	59205	0.524
	54539	0.5254
	51802	0.5256
	50877	0.5263
	53856	0.5263
	59090	0.5264
	57808	0.5313
	59452	0.5328
	57085	0.533
	53810	0.5354
	58025	0.5361
	53995	0.5384
	57910	0.5389
	54455	0.54
	57805	0.5407
	51137	0.5438
	57612	0.5476
	59038	0.5557
	57040	0.5574
	56778	0.5583
	57543	0.5594
	54905	0.5599
	54907	0.5613
	59218	0.5617
	54726	0.5632
	54920	0.5635
	58013	0.5644
	59473	0.5656
	57720	0.5663
	59215	0.5664
	53984	0.5667
	56873	0.5668
	59470	0.5681
	57076	0.5689
	59102	0.5691
	54910	0.5694
	53467	0.5739
	53685	0.5763
	54644	0.581
	55299	0.5827
	56881	0.583
	58006	0.5833
	59058	0.5842
	56876	0.5845
	54244	0.5846
	59053	0.5853
	59453	0.5866
	53869	0.5883
	59224	0.5931
	50958	0.5955
	56593	0.597
	53886	0.5971
	54915	0.5979
	57906	0.6001
	53895	0.6013
	56357	0.6021
	56872	0.6021
	59653	0.6021
	51377	0.6031
	57169	0.6034
	50851	0.6038
	53705	0.6059
	51369	0.606
	51433	0.6063
	59055	0.607
	53357	0.6077
	50656	0.6095
	53783	0.6111
	54263	0.6127
	59229	0.614
	59477	0.6147
	51060	0.6161
	59421	0.6168
	54157	0.6193
	54313	0.6204
	57554	0.6236
	53681	0.6251
	59012	0.6271
	52112	0.6282
	57834	0.6289
	57605	0.6326
	50750	0.6332
	56788	0.6353
	50673	0.6359
	55664	0.6378
	54234	0.6389
	57271	0.6436
	53498	0.6444
	53988	0.645
	59322	0.6458
	52784	0.6492
	59093	0.6501
	53669	0.6503
	50755	0.6519
	54276	0.6536
	57081	0.6575
	50950	0.658
	57038	0.6587
	56898	0.6602
	59471	0.6602
	57936	0.6605
	56641	0.6627
	53490	0.6659
	57274	0.6704
	57231	0.6734
	50445	0.6735
	53992	0.6739
	57303	0.6741
	56994	0.6766
	51482	0.6782
	56097	0.6794
	53777	0.6814
	51709	0.6816
	57007	0.682
	57204	0.683
	50674	0.6844
	51330	0.6864
	57020	0.6896
	52679	0.6901
	57995	0.6905
	52996	0.691
	59457	0.6915
	51463	0.6937
	57045	0.6937
	56490	0.6939
	50964	0.6957
	59449	0.6975
	57758	0.6996
	53612	0.7019
	57297	0.7023
	53774	0.7025
	57643	0.7067
	59033	0.7067
	56596	0.7091
	57155	0.71
	57541	0.7114
	51346	0.7118
	53950	0.7118
	59285	0.7152
	57960	0.7161
	57966	0.7165
	57813	0.7166
	51241	0.719
	53619	0.7194
	54627	0.7194
	56882	0.722
	57955	0.722
	58015	0.7226
	57083	0.7233
	57913	0.7244
	59130	0.7268
	57075	0.7296
	57072	0.7311
	54738	0.7321
	57502	0.733
	56194	0.7358
	53457	0.7371
	57962	0.7406
	57840	0.7412
	57257	0.7414
	57047	0.7416
	56034	0.7437
	57022	0.7458
	53878	0.7478
	50853	0.7484
	57273	0.7489
	50834	0.7491
	57368	0.7501
	53997	0.7508
	51708	0.7545
	57510	0.7565
	57129	0.7568
	53899	0.7596
	57814	0.761
	57971	0.7614
	53966	0.7701
	59228	0.7703
	50756	0.7749
	57905	0.7761
	57865	0.7772
	54249	0.7812
	57476	0.7833
	53994	0.7844
	50647	0.786
	56496	0.7877
	50514	0.7878
	51352	0.7878
	57921	0.7879
	50772	0.7894
	56390	0.7899
	57907	0.7904
	53906	0.7929
	57306	0.7931
	59278	0.794
	51434	0.7949
	56594	0.7976
	59025	0.7977
	58035	0.8005
	57957	0.8007
	57460	0.8012
	51379	0.8016
	59027	0.8027
	51430	0.8034
	50527	0.804
	53481	0.8076
	59096	0.8114
	56878	0.812
	55279	0.8141
	59125	0.8146
	57044	0.815
	50832	0.8164
	50739	0.8172
	53678	0.8186
	57866	0.8189
	54449	0.8196
	58048	0.8217
	56383	0.8222
	57254	0.8229
	50774	0.8236
	58004	0.8242
	57844	0.8258
	57079	0.8267
	54904	0.8269
	56578	0.8277
	58113	0.8283
	57954	0.8284
	57894	0.829
	57974	0.8313
	57640	0.8314
	56582	0.8315
	56084	0.8334
	50741	0.8382
	57002	0.8396
	56670	0.841
	57741	0.842
	57996	0.8423
	59087	0.8429
	53577	0.8443
	57846	0.8458
	58001	0.8465
	50639	0.8481
	59092	0.8525
	50442	0.8574
	52787	0.8576
	57029	0.8578
	51431	0.8579
	58008	0.8584
	53910	0.8598
	59099	0.8613
	57646	0.8638
	53892	0.8641
	59041	0.8641
	54164	0.8665
	58907	0.8679
	57093	0.8684
	57768	0.8699
	59047	0.8725
	57564	0.8731
	50632	0.8744
	57298	0.8752
	57091	0.8753
	57825	0.876
	53980	0.8773
	59091	0.8793
	56879	0.8818
	53821	0.8819
	57143	0.8829
	53565	0.8839
	57740	0.8849
	57956	0.8866
	57737	0.8871
	57251	0.8889
	57517	0.8891
	54301	0.8892
	57922	0.8896
	50655	0.8897
	57708	0.8914
	57887	0.8934
	57187	0.8936
	59855	0.8957
	57916	0.8966
	54628	0.8977
	51058	0.8984
	57505	0.9036
	59838	0.9048
	59082	0.9054
	59106	0.9083
	57964	0.91
	59094	0.9114
	58030	0.9132
	57464	0.9165
	58026	0.9165
	53646	0.9174
	57969	0.9182
	57320	0.9188
	53896	0.92
	58027	0.9206
	58002	0.9232
	50564	0.9247
	50776	0.9256
	54285	0.9269
	57313	0.9274
	58130	0.929
	57842	0.9305
	57127	0.931
	57927	0.9312
	58911	0.9353
	57972	0.9379
	57096	0.9389
	50962	0.9412
	57872	0.9417
	57021	0.9439
	57694	0.9442
	55228	0.946
	58923	0.9463
	59441	0.9468
	57767	0.9471
	57649	0.9526
	59276	0.954
	59238	0.9546
	57233	0.9551
	53763	0.9565
	56380	0.9574
	57094	0.9575
	53723	0.9587
	53996	0.9595
	58044	0.9605
	56533	0.9615
	53889	0.9616
	58111	0.9624
	54231	0.964
	57989	0.9653
	50862	0.9659
	57016	0.9676
	56067	0.9689
	52737	0.9695
	57853	0.9703
	53954	0.9707
	53773	0.9725
	53967	0.9739
	57874	0.9754
	57687	0.9756
	59114	0.9761
	53930	0.9777
	56498	0.9788
	57859	0.9788
	50646	0.9791
	52674	0.9839
	58038	0.9872
	57461	0.9891
	57762	0.9907
	57777	0.9909
	58131	0.9928
	57985	0.9939
	59034	0.994
	53983	0.9946
	57868	0.996
	54254	0.9982
	57818	0.9982
	54165	0.9984
	53553	1.0012
	57886	1.0017
	57806	1.0044
	57973	1.0052
	57881	1.0068
	53957	1.0074
	59088	1.0078
	57253	1.0083
	57658	1.0085
	57469	1.0088
	57976	1.0126
	52842	1.0133
	57991	1.0138
	57752	1.0159
	57799	1.016
	57993	1.0218
	57080	1.0243
	57774	1.0271
	56393	1.0275
	58931	1.0277
	56883	1.0287
	57259	1.0287
	59227	1.0312
	57992	1.0326
	57882	1.0333
	57256	1.0337
	58918	1.0356
	57965	1.0359
	58017	1.0385
	51068	1.0409
	57941	1.0423
	54939	1.0434
	54475	1.0437
	50566	1.0441
	59059	1.0452
	57832	1.0455
	56693	1.0468
	57883	1.0474
	53917	1.0483
	51329	1.0486
	57896	1.0487
	57481	1.0506
	57086	1.0507
	57745	1.0517
	57990	1.0549
	57824	1.0575
	53944	1.0576
	53848	1.0629
	59052	1.0633
	59081	1.0633
	57475	1.0643
	57857	1.0661
	54908	1.0674
	57295	1.0701
	53469	1.0708
	57377	1.0722
	57789	1.0753
	56499	1.0759
	50548	1.0803
	57186	1.0808
	57396	1.0812
	58202	1.0812
	56885	1.0838
	57889	1.0849
	58041	1.0889
	58221	1.0896
	57760	1.09
	58011	1.09
	57891	1.0924
	56182	1.0934
	57679	1.0944
	50603	1.0981
	53864	1.0985
	57870	1.1022
	53897	1.1041
	54705	1.1047
	57119	1.1059
	58905	1.106
	57562	1.1089
	54906	1.1135
	59124	1.114
	57483	1.1142
	52986	1.1167
	57465	1.1171
	58140	1.1174
	59074	1.1174
	52895	1.1186
	57285	1.1196
	57198	1.1202
	57078	1.1228
	57669	1.1234
	57035	1.1258
	58135	1.1259
	57177	1.1271
	53881	1.129
	53998	1.1309
	53464	1.1325
	57603	1.1348
	57763	1.1349
	53894	1.1358
	58401	1.1367
	57292	1.1381
	59051	1.1384
	57914	1.1392
	59075	1.1397
	57265	1.1413
	57851	1.1419
	57389	1.1426
	57743	1.1428
	58005	1.144
	57736	1.1446
	54332	1.1447
	58145	1.1447
	50468	1.1461
	57565	1.1462
	57778	1.1488
	53483	1.1526
	57191	1.1563
	57192	1.1581
	59022	1.1602
	56043	1.1609
	57642	1.1621
	58122	1.1654
	58040	1.1656
	57678	1.1678
	53760	1.1686
	54156	1.1689
	53399	1.1701
	58143	1.1738
	52993	1.1743
	50618	1.1758
	53778	1.1778
	52982	1.178
	58912	1.1795
	58047	1.1798
	58107	1.1827
	54917	1.184
	54336	1.1854
	57507	1.1866
	57867	1.1876
	57011	1.1901
	57975	1.1927
	57779	1.1937
	59001	1.1956
	58141	1.198
	57466	1.1985
	58903	1.2017
	57299	1.2028
	57057	1.2054
	57895	1.2055
	57981	1.2067
	57482	1.2085
	57566	1.209
	57978	1.2096
	58003	1.2096
	57761	1.2114
	58600	1.214
	58906	1.2141
	58921	1.2145
	57098	1.2147
	57710	1.2155
	53770	1.2157
	58402	1.2157
	57261	1.2175
	57026	1.219
	58207	1.2192
	57923	1.2223
	57333	1.2264
	57390	1.2271
	57949	1.2315
	53788	1.232
	59071	1.2327
	57571	1.2331
	59122	1.2342
	58132	1.2369
	57385	1.2377
	57839	1.239
	57195	1.244
	57193	1.2443
	57860	1.2447
	58824	1.2451
	57268	1.2459
	55655	1.247
	57477	1.247
	57558	1.2474
	57485	1.2494
	57381	1.2515
	57875	1.2517
	57912	1.2524
	58601	1.2524
	58927	1.2526
	58404	1.2546
	57655	1.2562
	54237	1.2563
	54261	1.26
	58804	1.2606
	53871	1.2624
	53780	1.264
	57798	1.2653
	56092	1.2667
	57771	1.2673
	58701	1.2681
	56046	1.2682
	59126	1.2693
	57781	1.2699
	57024	1.2702
	57947	1.2702
	53926	1.2708
	57871	1.2713
	53962	1.2726
	57583	1.2735
	59065	1.2737
	57296	1.2751
	57398	1.279
	56096	1.2791
	52885	1.2815
	57489	1.2848
	56071	1.2849
	59063	1.2857
	57766	1.2859
	58409	1.287
	57682	1.2881
	57216	1.2882
	59064	1.2897
	57876	1.291
	57699	1.2912
	58818	1.2933
	52985	1.2936
	57249	1.2955
	57399	1.2966
	58837	1.2972
	57754	1.2988
	57496	1.2992
	54826	1.3023
	58693	1.3035
	57598	1.3037
	53574	1.3057
	58007	1.3057
	58819	1.3068
	53890	1.3076
	58616	1.3088
	58715	1.3117
	57696	1.3118
	57635	1.3122
	57279	1.3139
	58150	1.314
	58108	1.3152
	56116	1.3153
	53941	1.3174
	53956	1.3177
	58139	1.3177
	57194	1.3186
	57662	1.3241
	58806	1.3251
	58049	1.3282
	58102	1.3291
	53487	1.331
	57173	1.3312
	58417	1.3322
	50526	1.3334
	58205	1.3345
	57899	1.3353
	57493	1.337
	58203	1.337
	56891	1.3394
	57486	1.3395
	57001	1.3398
	58408	1.3437
	59072	1.3442
	58928	1.3445
	58146	1.3469
	57260	1.3471
	57841	1.3523
	59230	1.3523
	58826	1.3556
	57498	1.3567
	53575	1.3569
	57031	1.357
	53865	1.3576
	53982	1.3576
	58602	1.3579
	53769	1.3596
	57657	1.3614
	53868	1.3627
	57573	1.3639
	59133	1.3657
	57506	1.3673
	56080	1.3676
	59137	1.3722
	53659	1.3743
	57074	1.3746
	58704	1.3766
	58426	1.3774
	58129	1.3784
	57948	1.3805
	57735	1.3812
	57196	1.3841
	57217	1.3851
	57388	1.3852
	57183	1.3858
	57387	1.3903
	57494	1.3913
	57586	1.3926
	53771	1.3929
	58935	1.3968
	57180	1.3972
	53979	1.3974
	58419	1.3989
	57099	1.4018
	58821	1.4027
	57786	1.403
	59254	1.4047
	57508	1.4048
	58118	1.4076
	58317	1.4109
	58339	1.4115
	53584	1.4163
	58128	1.4163
	57370	1.4167
	53978	1.4182
	57604	1.4195
	58926	1.42
	57491	1.4205
	59061	1.4206
	59023	1.4213
	58415	1.4218
	58537	1.4218
	53753	1.4242
	53879	1.4263
	52984	1.4267
	57821	1.4271
	59031	1.4308
	57361	1.4313
	58932	1.4346
	57772	1.4347
	58432	1.4352
	57095	1.4354
	57585	1.4357
	58418	1.4416
	58101	1.4428
	58820	1.4428
	57395	1.4456
	53484	1.4473
	59131	1.4485
	57492	1.4502
	58225	1.4506
	53861	1.4539
	58814	1.4551
	57728	1.4559
	54243	1.4568
	58834	1.4571
	57590	1.4584
	54266	1.4589
	52869	1.4599
	57574	1.4607
	53973	1.4627
	57719	1.4631
	58114	1.4646
	57582	1.4656
	58109	1.4674
	57793	1.4691
	51436	1.4705
	58127	1.472
	58710	1.473
	58633	1.4754
	57666	1.4764
	57845	1.4785
	57363	1.4787
	58934	1.4795
	58301	1.4831
	58100	1.4848
	58500	1.4861
	53767	1.4876
	57032	1.488
	58126	1.4889
	53658	1.4895
	58813	1.4914
	58942	1.4922
	53928	1.4933
	57698	1.4969
	58416	1.4985
	57278	1.5018
	57663	1.5028
	59235	1.5038
	58104	1.5047
	59113	1.5058
	53938	1.5071
	57822	1.5074
	57915	1.5081
	59270	1.51
	50524	1.5138
	53582	1.5161
	58731	1.5167
	54245	1.5192
	57661	1.5213
	58327	1.5214
	58606	1.5231
	54252	1.5266
	54213	1.5268
	53857	1.5286
	54342	1.5313
	58138	1.5316
	58936	1.5325
	53862	1.5331
	57065	1.5331
	56065	1.5343
	58612	1.5361
	57362	1.5374
	58941	1.5446
	58622	1.5448
	58828	1.5479
	57213	1.548
	58427	1.5515
	58501	1.5536
	57714	1.5547
	58520	1.5553
	58154	1.5558
	57796	1.556
	58823	1.5561
	57063	1.5582
	58718	1.5587
	57674	1.5588
	58836	1.5591
	58626	1.568
	58706	1.5685
	53768	1.5697
	57581	1.5702
	58929	1.5716
	52995	1.5762
	58424	1.577
	54374	1.5774
	58615	1.5778
	58420	1.5787
	58544	1.5809
	53935	1.581
	57181	1.5824
	58629	1.5829
	58222	1.5833
	58407	1.5847
	58509	1.5855
	58517	1.5859
	54259	1.5863
	57792	1.5872
	53852	1.5874
	59134	1.5878
	58210	1.5898
	53923	1.5902
	58414	1.5905
	57027	1.5925
	58543	1.5925
	58642	1.5931
	58946	1.5932
	57673	1.5947
	58531	1.5949
	54260	1.5971
	58839	1.5976
	59127	1.5978
	57070	1.5994
	58632	1.602
	58334	1.6025
	58822	1.6049
	53947	1.6056
	57595	1.6064
	57071	1.6074
	58705	1.6074
	57780	1.609
	58519	1.6095
	58846	1.6107
	58529	1.614
	58306	1.6168
	58605	1.621
	58548	1.6213
	58845	1.6222
	52978	1.6224
	58435	1.6233
	57499	1.6248
	58707	1.6252
	53976	1.6269
	53707	1.6276
	58429	1.6308
	53873	1.6311
	57008	1.6311
	58148	1.6325
	57162	1.6328
	53289	1.6329
	50525	1.6368
	58618	1.6378
	53751	1.6382
	57577	1.6393
	58634	1.6447
	58117	1.6467
	58212	1.6504
	53931	1.6526
	53927	1.6535
	53850	1.6538
	58437	1.6544
	57932	1.6576
	57589	1.658
	58843	1.6588
	58530	1.661
	57012	1.6611
	58223	1.662
	58534	1.6642
	57584	1.6647
	53750	1.6649
	58844	1.665
	57608	1.6696
	58724	1.6699
	58714	1.6703
	57811	1.6711
	57575	1.6718
	53276	1.6754
	57773	1.6776
	53970	1.6789
	56091	1.6821
	52983	1.686
	58512	1.686
	50557	1.6897
	54339	1.6905
	56018	1.692
	58637	1.6946
	54483	1.6954
	57827	1.6969
	54474	1.6973
	58730	1.7001
	57680	1.7027
	58713	1.7031
	58220	1.7037
	53914	1.7039
	53908	1.7046
	58719	1.7047
	57110	1.7051
	58527	1.7073
	57828	1.7075
	58619	1.7094
	58319	1.7149
	53903	1.7151
	58224	1.7157
	58635	1.7201
	57829	1.7218
	58944	1.7229
	58438	1.7241
	58502	1.7255
	58848	1.7276
	53732	1.7281
	58147	1.7317
	59037	1.7325
	58523	1.7343
	54333	1.7385
	58208	1.7426
	58421	1.7475
	53832	1.7488
	58625	1.7491
	53925	1.7504
	58507	1.7625
	58647	1.7638
	53488	1.7655
	58557	1.7667
	58747	1.7675
	58329	1.7734
	53963	1.7766
	53580	1.7782
	58712	1.7844
	54346	1.7847
	54453	1.7856
	53860	1.7867
	53756	1.7872
	58847	1.7893
	58933	1.7899
	53486	1.7913
	58215	1.7929
	58508	1.7989
	54363	1.801
	58241	1.8017
	58549	1.8053
	57671	1.8068
	57688	1.8083
	58644	1.8115
	58345	1.8178
	54353	1.8191
	54365	1.8298
	58748	1.8309
	58608	1.837
	52988	1.8405
	53945	1.8408
	52998	1.8463
	53841	1.854
	58336	1.8567
	58624	1.8575
	58510	1.858
	58558	1.8587
	58321	1.8637
	54267	1.8647
	53593	1.8676
	58436	1.8702
	52884	1.8768
	58238	1.877
	58666	1.8777
	51328	1.8799
	58431	1.8811
	53888	1.8829
	58737	1.889
	58735	1.8896
	53757	1.8926
	58314	1.8959
	56106	1.8966
	58472	1.8975
	53748	1.9018
	57816	1.9092
	56095	1.9136
	58214	1.9156
	58725	1.916
	53817	1.9165
	58646	1.9202
	58736	1.9207
	58243	1.9228
	54335	1.9237
	51627	1.924
	56038	1.9271
	58503	1.9271
	53764	1.9294
	58442	1.9299
	53915	1.9311
	58335	1.9337
	58342	1.9447
	57717	1.9467
	58337	1.9474
	58234	1.9476
	53806	1.9527
	58614	1.9536
	57185	1.9539
	58448	1.9558
	58433	1.9576
	58323	1.9658
	54349	1.9669
	58609	1.9696
	58441	1.9907
	58643	1.9916
	57609	1.9972
	53916	1.9978
	58749	1.9993
	58744	2.0016
	58667	2.0143
	58240	2.0145
	57105	2.016
	58746	2.0247
	58542	2.0254
	58742	2.0282
	58734	2.0343
	58514	2.0396
	58230	2.0412
	57718	2.0425
	58259	2.0431
	58246	2.0439
	58326	2.0504
	58251	2.0535
	58331	2.0582
	58158	2.0624
	58330	2.0656
	56171	2.0743
	58340	2.0789
	54347	2.1049
	58449	2.1108
	53727	2.1141
	53845	2.1436
	58754	2.1438
	58235	2.1504
	58556	2.1529
	56074	2.1716
	58659	2.1863
	58316	2.1891
	58247	2.1909
	57004	2.1976
	58344	2.1995
	58569	2.2021
	58446	2.2078
	58343	2.2096
	58664	2.2257
	58751	2.2298
	58463	2.2445
	58665	2.2536
	58237	2.2614
	58656	2.2669
	58242	2.2717
	57600	2.2769
	58660	2.2797
	58341	2.2799
	58255	2.3016
	58250	2.3026
	58257	2.3041
	58652	2.3078
	58570	2.3164
	56192	2.3216
	58459	2.3265
	58268	2.3443
	58477	2.3454
	58457	2.3457
	58453	2.347
	58249	2.356
	52797	2.3626
	58265	2.3669
	58244	2.3842
	58366	2.3851
	58367	2.3877
	58484	2.4248
	58346	2.4253
	58752	2.4254
	58264	2.4273
	58254	2.4311
	58567	2.4384
	58450	2.4847
	58461	2.4945
	58377	2.4954
	58369	2.51
	58365	2.5339
	58245	2.535
	58360	2.56
	58620	2.5614
	58361	2.5765
	58562	2.5853
	56093	2.5966
	58462	2.597
	58460	2.6241
	58467	2.6273
	58468	2.6515
	58358	2.6549
	58351	2.667
	58269	2.6861
	58362	2.695
	58354	2.7068
	58359	2.721
	58452	2.7267
	58464	2.7538
	58352	2.7903
	58356	2.8162
	56079	3.0599
	57102	3.1464
	52896	3.2022
