	56251	-1.5812
	54594	-1.4716
	54511	-1.4484
	56184	-1.361
	54530	-1.3564
	54513	-1.3279
	54505	-1.2713
	54596	-1.2561
	56144	-1.2557
	56158	-1.2171
	54611	-1.215
	54623	-1.2128
	53599	-1.2093
	58129	-1.1883
	54645	-1.1796
	56178	-1.1489
	57731	-1.1288
	54527	-1.1245
	54421	-1.1001
	54507	-1.0944
	54597	-1.0781
	56247	-1.0696
	56147	-1.0647
	56146	-1.0553
	54399	-1.0406
	54499	-1.0391
	54622	-1.0197
	54517	-0.996
	54528	-0.9949
	54502	-0.9796
	54514	-0.9728
	54416	-0.97
	54398	-0.9691
	54181	-0.9658
	54328	-0.9626
	59945	-0.9551
	53695	-0.9529
	53696	-0.9204
	54619	-0.9145
	53698	-0.9137
	54431	-0.9034
	58127	-0.9033
	54433	-0.9023
	56168	-0.8969
	57304	-0.8959
	56285	-0.8904
	54535	-0.8759
	53690	-0.8536
	54412	-0.8505
	53691	-0.8496
	53889	-0.8353
	54523	-0.8348
	54386	-0.8231
	54602	-0.8056
	56374	-0.8003
	59941	-0.7983
	56181	-0.7952
	57657	-0.7905
	57655	-0.7899
	54603	-0.7853
	56434	-0.7765
	53694	-0.7741
	56571	-0.7685
	54419	-0.7677
	54286	-0.7671
	54506	-0.7614
	57777	-0.7578
	57606	-0.7321
	56167	-0.7307
	56183	-0.7155
	57752	-0.7076
	51804	-0.7029
	53576	-0.7026
	53995	-0.7002
	57564	-0.6982
	53688	-0.6924
	57678	-0.6885
	53693	-0.6824
	53992	-0.6762
	56172	-0.6747
	57732	-0.672
	56180	-0.6668
	58514	-0.6586
	57768	-0.6523
	55593	-0.6502
	58128	-0.6489
	54308	-0.6486
	53689	-0.6466
	58126	-0.6441
	56263	-0.6421
	53594	-0.6305
	54614	-0.6289
	54483	-0.6271
	51542	-0.6155
	53991	-0.614
	58635	-0.6053
	57734	-0.6043
	59848	-0.5987
	57658	-0.5965
	58223	-0.5929
	58725	-0.5906
	56189	-0.5888
	50727	-0.5855
	54521	-0.5821
	57769	-0.5762
	54903	-0.5699
	59940	-0.5649
	59849	-0.5635
	56378	-0.5569
	56187	-0.5566
	53789	-0.5556
	56284	-0.5554
	56279	-0.5538
	54455	-0.5534
	56443	-0.5528
	58212	-0.5503
	56595	-0.5478
	56116	-0.5459
	57643	-0.5417
	57798	-0.5404
	58713	-0.539
	56273	-0.5353
	54434	-0.5341
	58138	-0.5336
	54311	-0.5334
	54494	-0.5301
	59954	-0.5287
	54901	-0.5275
	57772	-0.5253
	53993	-0.5152
	52876	-0.5147
	56202	-0.5129
	57771	-0.5111
	54486	-0.5102
	56381	-0.509
	54424	-0.5082
	57679	-0.504
	58946	-0.4982
	53795	-0.4971
	54218	-0.4961
	56387	-0.4906
	54900	-0.4897
	54430	-0.4896
	57760	-0.477
	54606	-0.4749
	57761	-0.4721
	51353	-0.4713
	54436	-0.4699
	54214	-0.4684
	53676	-0.4678
	54404	-0.4653
	50434	-0.4634
	56280	-0.4625
	50246	-0.4625
	54420	-0.4623
	58821	-0.4613
	50353	-0.4591
	56390	-0.455
	57871	-0.4545
	50425	-0.4534
	57636	-0.4533
	53580	-0.451
	58131	-0.4486
	58602	-0.448
	55572	-0.4448
	54333	-0.4443
	57208	-0.4432
	54902	-0.4413
	54115	-0.4409
	54377	-0.4393
	57661	-0.4384
	54351	-0.4363
	54292	-0.4354
	58240	-0.4341
	58938	-0.4336
	50658	-0.4325
	58600	-0.4314
	54515	-0.4301
	56331	-0.4299
	58125	-0.4265
	58944	-0.4231
	57793	-0.4216
	50851	-0.421
	55598	-0.4173
	55696	-0.416
	50349	-0.414
	56389	-0.4129
	55681	-0.4085
	54525	-0.4057
	57763	-0.4024
	57666	-0.4021
	57773	-0.3993
	57458	-0.3905
	50548	-0.3901
	59847	-0.3858
	54428	-0.3802
	57680	-0.3753
	50247	-0.3742
	58243	-0.3723
	57720	-0.3715
	57699	-0.3691
	58706	-0.3691
	57781	-0.3668
	56188	-0.3655
	50527	-0.3645
	57766	-0.3635
	53673	-0.3623
	58117	-0.358
	56462	-0.357
	54259	-0.351
	54410	-0.3497
	57722	-0.3489
	53687	-0.3463
	57786	-0.3436
	51352	-0.3401
	53578	-0.3387
	58114	-0.3383
	54320	-0.3377
	55589	-0.3305
	54276	-0.3296
	59137	-0.3293
	57687	-0.3274
	50618	-0.3243
	56289	-0.3234
	56272	-0.3231
	54857	-0.3223
	57774	-0.3221
	58623	-0.3212
	57674	-0.3188
	59948	-0.3159
	57778	-0.3154
	52112	-0.3126
	54534	-0.3089
	58220	-0.3006
	57486	-0.2987
	53997	-0.298
	59838	-0.2963
	58730	-0.2954
	50774	-0.2915
	50859	-0.2915
	50431	-0.2896
	56152	-0.2883
	58646	-0.2856
	57625	-0.2803
	55680	-0.28
	51186	-0.2796
	57723	-0.278
	58942	-0.278
	57860	-0.2776
	58734	-0.2771
	58625	-0.2766
	50526	-0.2732
	58147	-0.2704
	54539	-0.2675
	54945	-0.2665
	54363	-0.2654
	53784	-0.2631
	54318	-0.2618
	56190	-0.2559
	57743	-0.253
	58823	-0.2525
	58202	-0.2513
	57789	-0.2505
	53890	-0.2501
	58745	-0.2484
	58704	-0.2457
	53994	-0.2431
	54365	-0.2428
	50833	-0.2427
	50745	-0.24
	58224	-0.2382
	50776	-0.237
	54353	-0.2364
	57558	-0.2255
	54518	-0.2226
	57307	-0.222
	56291	-0.2199
	51243	-0.2198
	58606	-0.2196
	58714	-0.2154
	50442	-0.2146
	57014	-0.2139
	52378	-0.2109
	56298	-0.2107
	53512	-0.2083
	58041	-0.2052
	54423	-0.2044
	57646	-0.2044
	54205	-0.2024
	54248	-0.2018
	54346	-0.2014
	50557	-0.2013
	54349	-0.2
	58616	-0.1983
	54186	-0.1972
	52436	-0.1947
	51839	-0.1946
	54236	-0.1932
	59673	-0.1929
	50445	-0.1924
	54285	-0.1918
	53894	-0.1916
	53787	-0.1904
	51495	-0.19
	57741	-0.1874
	51477	-0.1857
	58609	-0.1839
	56199	-0.18
	53791	-0.1789
	51826	-0.178
	56197	-0.1738
	55585	-0.1703
	58607	-0.1699
	58731	-0.1683
	53617	-0.168
	58647	-0.1663
	57401	-0.1613
	57206	-0.1573
	50514	-0.1561
	53519	-0.1545
	56186	-0.1539
	50838	-0.1535
	53420	-0.15
	57776	-0.1499
	58035	-0.1487
	59133	-0.1472
	54541	-0.1452
	57669	-0.1428
	57647	-0.141
	51931	-0.1409
	59843	-0.1372
	58508	-0.1352
	51156	-0.134
	53898	-0.134
	56384	-0.1337
	56276	-0.1318
	50742	-0.1318
	52446	-0.1298
	54848	-0.1297
	56137	-0.1296
	50844	-0.1281
	57635	-0.128
	54069	-0.1279
	53794	-0.1267
	53984	-0.1264
	54195	-0.1264
	53884	-0.1239
	54429	-0.1225
	54064	-0.1216
	54319	-0.1196
	53518	-0.1169
	54608	-0.1158
	58601	-0.1144
	54493	-0.1143
	54263	-0.1081
	53392	-0.1075
	56485	-0.1055
	50955	-0.1052
	53988	-0.104
	56227	-0.1015
	56296	-0.0999
	50832	-0.0979
	56267	-0.0976
	54208	-0.0953
	56286	-0.0952
	53498	-0.0924
	57309	-0.0915
	57605	-0.091
	53978	-0.0887
	54213	-0.0865
	54225	-0.0857
	52984	-0.0822
	58834	-0.0771
	59758	-0.0765
	57694	-0.0763
	51708	-0.076
	57872	-0.068
	56290	-0.0664
	57962	-0.0654
	50862	-0.0632
	57475	-0.063
	56376	-0.0619
	50775	-0.0584
	54932	-0.0572
	57573	-0.0567
	57483	-0.0555
	58109	-0.0546
	53611	-0.053
	52447	-0.0526
	58710	-0.0515
	54249	-0.0506
	56297	-0.0506
	50564	-0.0502
	58847	-0.0489
	50853	-0.0478
	58210	-0.0476
	51815	-0.0475
	51828	-0.0464
	54324	-0.0461
	54273	-0.0449
	57662	-0.0424
	56391	-0.0419
	53972	-0.0418
	52657	-0.0415
	58012	-0.0393
	50834	-0.0377
	55578	-0.0362
	53986	-0.0354
	57303	-0.0353
	55773	-0.035
	54335	-0.0347
	57072	-0.0342
	50468	-0.0341
	51571	-0.0335
	55228	-0.0325
	54266	-0.0318
	54171	-0.0313
	58113	-0.0304
	58016	-0.0269
	58936	-0.0235
	57079	-0.0224
	52908	-0.0224
	58207	-0.0221
	57745	-0.0197
	50739	-0.0182
	58111	-0.0172
	56479	-0.0144
	58049	-0.0134
	58637	-0.0129
	51829	-0.0119
	57682	-0.0096
	52203	-0.0045
	53577	-0.0022
	58146	-0.0014
	58644	-4.0E-4
	54374	0.0011
	57688	0.0014
	53979	0.0016
	53797	0.0020
	56151	0.0023
	54702	0.0053
	53987	0.0065
	53982	0.0086
	56651	0.0088
	51827	0.0102
	51814	0.0133
	51356	0.0175
	58737	0.0184
	57298	0.0193
	50524	0.0199
	57308	0.022
	54113	0.0224
	50772	0.0232
	50647	0.0235
	54449	0.0237
	54855	0.0238
	58724	0.025
	55664	0.0269
	57204	0.0284
	57106	0.0293
	53618	0.0302
	59131	0.0322
	57891	0.0347
	50656	0.0353
	57767	0.0357
	53998	0.0366
	53983	0.0368
	54342	0.0385
	53798	0.0394
	59842	0.0399
	57740	0.0407
	52825	0.041
	56295	0.0416
	58221	0.0417
	51359	0.042
	53892	0.0438
	58705	0.0439
	50632	0.044
	57581	0.0451
	57762	0.047
	57846	0.0497
	51367	0.051
	51365	0.0519
	58707	0.0519
	50639	0.0541
	57956	0.0558
	58150	0.0561
	58934	0.0566
	58715	0.057
	53276	0.0574
	56195	0.0575
	57758	0.0618
	56046	0.0621
	58013	0.0645
	51802	0.0648
	58048	0.0656
	51573	0.0675
	54063	0.0676
	56021	0.0685
	55493	0.0692
	54936	0.0705
	56585	0.0724
	58693	0.0729
	59854	0.0735
	57663	0.0745
	58605	0.0759
	58116	0.076
	56278	0.0762
	54406	0.0771
	56312	0.0777
	54254	0.0784
	51334	0.0789
	56444	0.0812
	57870	0.0821
	59845	0.0826
	51076	0.0832
	52836	0.0841
	57506	0.0868
	57519	0.0884
	51811	0.0925
	54939	0.0939
	50603	0.0946
	59856	0.0952
	58667	0.0973
	57407	0.099
	57411	0.1006
	54715	0.1017
	58045	0.1025
	50756	0.1072
	52681	0.1091
	51378	0.1099
	57614	0.1114
	57780	0.1116
	58818	0.1139
	54237	0.1143
	58826	0.1159
	52737	0.1182
	51717	0.119
	57314	0.1204
	57071	0.1208
	57045	0.1222
	57736	0.1246
	56386	0.1263
	55294	0.1268
	56371	0.1269
	54935	0.1293
	57315	0.1298
	50787	0.1298
	50136	0.1303
	54332	0.1328
	57874	0.1328
	58108	0.1332
	53490	0.1348
	58828	0.1349
	54832	0.1364
	51346	0.1365
	58718	0.1365
	57049	0.1368
	53863	0.1372
	58047	0.1383
	58222	0.1387
	56281	0.1396
	54157	0.1399
	56196	0.1407
	52533	0.1419
	52943	0.1419
	51572	0.1422
	51818	0.1427
	54725	0.1439
	57361	0.1444
	51357	0.1457
	57960	0.1467
	53959	0.1479
	56373	0.1479
	58712	0.1479
	50778	0.1482
	57673	0.1494
	57883	0.1495
	57713	0.1508
	58145	0.1514
	54705	0.1515
	58509	0.1526
	50673	0.1532
	56383	0.1536
	54940	0.154
	54024	0.1556
	55248	0.1578
	50788	0.1584
	51058	0.1588
	58006	0.161
	57076	0.162
	57033	0.1623
	54304	0.1629
	58940	0.1632
	52323	0.164
	57296	0.1648
	57744	0.1652
	54244	0.1684
	58038	0.1687
	53463	0.1692
	54252	0.1701
	57162	0.1715
	58135	0.1716
	58719	0.1718
	54704	0.1726
	51526	0.1741
	56106	0.1746
	57511	0.1748
	51709	0.1756
	53579	0.1765
	57306	0.1769
	58015	0.1772
	54929	0.1777
	54432	0.1782
	51087	0.1794
	54094	0.1799
	54226	0.1808
	50873	0.182
	56288	0.1851
	58011	0.1879
	57623	0.188
	54117	0.1888
	58234	0.1895
	52866	0.1906
	59757	0.1921
	52267	0.1931
	58122	0.196
	57536	0.1983
	58107	0.1983
	58102	0.2017
	54824	0.2062
	51627	0.2062
	56684	0.2065
	57509	0.2072
	56223	0.2083
	53513	0.2089
	58652	0.2146
	51704	0.2168
	58409	0.2171
	56494	0.2183
	54818	0.2184
	51330	0.2186
	58820	0.2188
	58929	0.2204
	50948	0.221
	50963	0.2236
	57566	0.2255
	52856	0.226
	57792	0.2261
	56033	0.2276
	58005	0.228
	56317	0.2323
	59130	0.2331
	59754	0.2341
	51707	0.2373
	54027	0.2386
	57134	0.2398
	57671	0.2418
	51358	0.2419
	57649	0.2465
	56287	0.2475
	55690	0.249
	54080	0.2502
	53593	0.2506
	58627	0.2506
	58247	0.2509
	57637	0.2525
	54714	0.2534
	50962	0.2542
	54618	0.257
	58241	0.2575
	57099	0.2585
	50950	0.2591
	57510	0.2618
	59321	0.262
	59134	0.2627
	57502	0.2629
	57368	0.2643
	57465	0.2649
	50939	0.2649
	57051	0.2661
	58701	0.2662
	54049	0.2675
	58143	0.2676
	58214	0.2703
	57866	0.2738
	57717	0.2754
	52868	0.2757
	57016	0.2761
	58118	0.2766
	58205	0.2783
	57882	0.2793
	53588	0.2796
	57481	0.28
	54724	0.2817
	56096	0.2821
	58517	0.2821
	56673	0.2837
	52797	0.2839
	57093	0.2858
	50949	0.2858
	54844	0.286
	51701	0.2879
	56441	0.2883
	50877	0.2886
	54822	0.2887
	58417	0.2893
	51145	0.2895
	57090	0.2904
	57070	0.292
	57358	0.2948
	54823	0.2951
	59487	0.2977
	57056	0.2981
	59124	0.3001
	54918	0.3007
	54425	0.3012
	53502	0.3027
	57598	0.304
	58301	0.304
	57451	0.3077
	59488	0.309
	53615	0.3095
	53399	0.3099
	54919	0.3101
	50878	0.312
	57063	0.3134
	54135	0.3164
	58154	0.3166
	51855	0.3181
	57461	0.3184
	57640	0.3195
	51470	0.3215
	54843	0.3225
	56641	0.3226
	57867	0.3237
	57387	0.3238
	53612	0.3238
	50968	0.324
	56646	0.3244
	54836	0.3258
	53068	0.3273
	58502	0.3287
	56567	0.3291
	52418	0.3299
	54362	0.3302
	50973	0.3302
	53619	0.3302
	58643	0.3303
	58017	0.3312
	59320	0.3327
	54828	0.3333
	51377	0.334
	58032	0.3362
	53944	0.3366
	58040	0.3377
	56382	0.3378
	58736	0.3379
	57048	0.3381
	50945	0.339
	57514	0.3401
	57124	0.3422
	58626	0.346
	58101	0.3465
	58941	0.3537
	54846	0.3559
	56018	0.3564
	58507	0.3571
	59500	0.3578
	57586	0.3591
	56989	0.3602
	58519	0.3605
	57445	0.3608
	57460	0.3612
	54808	0.3615
	59303	0.3642
	58141	0.3651
	57348	0.366
	53955	0.3662
	51465	0.3665
	54041	0.3669
	54904	0.3673
	54719	0.3693
	57169	0.3731
	58619	0.3734
	57405	0.3741
	56569	0.3742
	54923	0.3747
	52679	0.3751
	59322	0.3764
	58044	0.3766
	56193	0.3777
	57799	0.3778
	57476	0.3788
	54260	0.383
	54716	0.3832
	58027	0.3832
	58559	0.3833
	57517	0.384
	52424	0.3867
	51633	0.3869
	58007	0.387
	58608	0.3876
	54709	0.3888
	57698	0.3895
	58819	0.3895
	51059	0.391
	52546	0.3911
	57779	0.3914
	57324	0.3927
	51810	0.3948
	50978	0.3952
	51467	0.3957
	56128	0.3958
	58036	0.397
	57034	0.3999
	58104	0.4001
	57389	0.4012
	58130	0.4022
	53614	0.4037
	58642	0.404
	57175	0.4042
	58140	0.4044
	53948	0.4059
	53149	0.4092
	50854	0.4093
	57887	0.4094
	50964	0.4098
	50934	0.4129
	53651	0.4129
	57512	0.4133
	57742	0.4136
	57402	0.4138
	54914	0.4161
	56043	0.4176
	57973	0.4213
	57144	0.4218
	57577	0.4225
	58100	0.4225
	54812	0.4235
	56654	0.4236
	54161	0.4258
	56194	0.4266
	55299	0.4281
	52576	0.4283
	54616	0.4287
	50936	0.4296
	50958	0.4315
	54501	0.432
	54347	0.4332
	56480	0.4341
	59951	0.4352
	51716	0.4355
	58911	0.4365
	51655	0.4375
	58624	0.4376
	53817	0.4377
	56492	0.4382
	58323	0.4391
	57317	0.4404
	52674	0.4414
	57271	0.4439
	54142	0.4451
	54243	0.4453
	51232	0.446
	53083	0.4472
	51068	0.4474
	58139	0.448
	56742	0.4489
	51060	0.4491
	53771	0.4518
	58249	0.4523
	57886	0.4526
	50525	0.4537
	57974	0.4552
	59626	0.4556
	57525	0.4569
	56016	0.4579
	50928	0.4581
	55279	0.4626
	53529	0.4674
	57195	0.4683
	57408	0.4683
	58401	0.4691
	58822	0.4691
	54727	0.471
	53478	0.4722
	57052	0.4734
	57738	0.4743
	56257	0.4746
	57964	0.4753
	54916	0.4772
	58742	0.478
	51777	0.4781
	57127	0.4793
	58020	0.4793
	58735	0.481
	58008	0.4849
	58246	0.4856
	52889	0.4876
	52652	0.4882
	58132	0.4883
	54723	0.489
	53772	0.49
	59855	0.4908
	54284	0.4916
	54921	0.4916
	51053	0.4917
	50965	0.4919
	57192	0.4929
	57612	0.4932
	57865	0.4932
	57176	0.4937
	59502	0.4939
	57922	0.4941
	50960	0.495
	54925	0.4972
	54231	0.4984
	58414	0.5005
	54915	0.5019
	54726	0.5031
	54830	0.5035
	53882	0.5035
	53975	0.5045
	57859	0.5046
	53610	0.5053
	54922	0.5062
	59127	0.507
	58215	0.5076
	56395	0.5079
	59237	0.5093
	59635	0.5098
	53775	0.5101
	53774	0.5105
	53231	0.5109
	57853	0.5126
	59435	0.5156
	54811	0.5163
	58814	0.5178
	58245	0.5197
	54718	0.522
	54624	0.523
	56185	0.5235
	54405	0.5252
	58760	0.5253
	56489	0.5264
	58034	0.5266
	56198	0.5275
	57378	0.5275
	50937	0.5275
	57038	0.5286
	59656	0.5304
	52765	0.5313
	57496	0.5327
	53923	0.5328
	54835	0.5329
	58510	0.5329
	54912	0.5333
	53915	0.5336
	53968	0.5339
	58654	0.5339
	50867	0.5342
	57972	0.5344
	53663	0.5348
	57926	0.5365
	54917	0.5378
	51238	0.5392
	53446	0.5393
	58004	0.542
	57910	0.5434
	57565	0.5474
	57197	0.5477
	59075	0.5509
	57868	0.5519
	54913	0.5529
	53873	0.5533
	51379	0.5542
	57540	0.5591
	51642	0.5596
	57707	0.5598
	58614	0.5632
	58230	0.5649
	58748	0.5668
	57081	0.5708
	54810	0.5723
	57585	0.573
	57942	0.5741
	57923	0.5753
	59116	0.5768
	57295	0.577
	54821	0.5794
	56097	0.5799
	58225	0.5799
	54234	0.5806
	54842	0.5806
	58415	0.5821
	55472	0.5831
	58844	0.5837
	59493	0.5848
	59658	0.5848
	57417	0.5855
	56598	0.5865
	53942	0.5909
	57633	0.591
	56493	0.5922
	56045	0.5924
	57955	0.5926
	58001	0.5928
	53602	0.5931
	54803	0.5944
	59501	0.5965
	54223	0.5973
	56394	0.5978
	59122	0.5996
	57464	0.6003
	57194	0.6006
	54827	0.6008
	57414	0.601
	51369	0.6016
	58806	0.602
	52787	0.6031
	59316	0.6032
	59065	0.6034
	51581	0.6038
	54920	0.6056
	57971	0.6067
	57739	0.6068
	57140	0.6071
	54165	0.6074
	54132	0.6094
	59242	0.6096
	57589	0.6111
	57196	0.6112
	54122	0.6119
	53352	0.6126
	53780	0.6132
	57388	0.6157
	50879	0.616
	54852	0.6163
	59476	0.6163
	58932	0.6164
	59315	0.6166
	58501	0.6167
	58021	0.6169
	59452	0.6172
	54829	0.6188
	57544	0.6193
	59255	0.62
	57796	0.6212
	57085	0.6214
	54732	0.6217
	50888	0.6217
	57842	0.6222
	57293	0.6238
	56976	0.6239
	57583	0.6243
	54031	0.6257
	53664	0.628
	57522	0.6285
	53678	0.6291
	57313	0.6294
	54026	0.631
	57191	0.6312
	57292	0.6339
	57257	0.634
	57545	0.6375
	59480	0.6393
	57485	0.6395
	58923	0.6395
	56586	0.6399
	56074	0.6412
	59427	0.6423
	54156	0.6427
	54712	0.6428
	58418	0.6443
	59631	0.6444
	57876	0.6467
	57800	0.6468
	58928	0.6489
	57249	0.649
	58257	0.6511
	54728	0.6599
	58565	0.6599
	58026	0.6608
	58030	0.661
	57094	0.6629
	58921	0.6641
	58903	0.6642
	58660	0.6649
	52955	0.6654
	56592	0.6658
	57177	0.6664
	54909	0.6697
	54816	0.6723
	57582	0.6759
	58341	0.6788
	57899	0.679
	57173	0.6796
	59256	0.6797
	59851	0.6798
	59117	0.6801
	58632	0.6826
	51482	0.6832
	57178	0.6839
	57927	0.6855
	58629	0.6856
	56565	0.6874
	57921	0.6881
	58906	0.6883
	57562	0.6918
	56490	0.6922
	58512	0.6934
	58804	0.6939
	54841	0.6948
	56491	0.6952
	57696	0.6953
	52101	0.7014
	52645	0.7014
	54805	0.7015
	54819	0.7015
	57318	0.7017
	57642	0.7032
	57737	0.7073
	57261	0.7077
	59312	0.7077
	57513	0.7083
	57217	0.7087
	57320	0.7096
	58558	0.7096
	58927	0.7099
	59475	0.71
	58250	0.7102
	57025	0.7145
	58025	0.7151
	57245	0.7153
	56643	0.7156
	54905	0.716
	57037	0.7162
	59750	0.7177
	57343	0.718
	57981	0.7184
	57184	0.7185
	54749	0.7198
	56029	0.7213
	58003	0.7231
	57273	0.7257
	52983	0.7266
	51720	0.7276
	52853	0.7289
	57976	0.7318
	59481	0.7322
	59632	0.7329
	57003	0.733
	57180	0.7361
	59310	0.7367
	57080	0.7372
	59241	0.7459
	58244	0.7481
	57505	0.7484
	57966	0.7498
	57875	0.7499
	52313	0.7509
	54802	0.7521
	54938	0.753
	58926	0.7531
	51705	0.7567
	58555	0.7572
	54807	0.7578
	51288	0.7598
	57439	0.7602
	53738	0.7606
	54722	0.7607
	59313	0.7607
	54911	0.7611
	54047	0.7618
	58404	0.7634
	53740	0.7646
	57466	0.7654
	57469	0.7659
	57735	0.7668
	57954	0.7683
	56393	0.7708
	51433	0.7721
	51711	0.7735
	57965	0.7744
	57814	0.7745
	57477	0.775
	58236	0.7761
	57091	0.7776
	56645	0.7783
	54012	0.779
	59664	0.7793
	58503	0.7807
	59425	0.7825
	52884	0.7827
	58935	0.783
	58631	0.7839
	58615	0.7882
	56497	0.7894
	59453	0.7901
	59314	0.7909
	51469	0.7922
	57377	0.7926
	59235	0.793
	57881	0.7942
	58657	0.7942
	58317	0.7944
	53547	0.796
	58002	0.7983
	57086	0.7987
	57398	0.7993
	57232	0.8006
	58567	0.8027
	59229	0.8028
	59238	0.8073
	59109	0.8096
	55591	0.8101
	57895	0.811
	54815	0.8133
	57574	0.816
	52833	0.82
	59297	0.8201
	57260	0.8207
	59306	0.8217
	56164	0.8232
	56548	0.8248
	58556	0.8254
	57840	0.8255
	57603	0.8261
	59270	0.8271
	57499	0.828
	58547	0.8298
	59055	0.8307
	56697	0.8313
	57957	0.8317
	57932	0.8365
	56380	0.8382
	59454	0.8388
	52495	0.8389
	59113	0.839
	54039	0.8392
	57903	0.8403
	58500	0.8409
	59451	0.8412
	57754	0.8422
	58408	0.8424
	58024	0.8431
	58562	0.8432
	52995	0.8432
	54736	0.845
	59264	0.8454
	54927	0.8455
	57259	0.8471
	59304	0.8475
	58548	0.8491
	58366	0.8495
	54730	0.8497
	53195	0.85
	53868	0.8512
	57339	0.8523
	57326	0.8527
	57299	0.8529
	56533	0.8551
	58416	0.8576
	58836	0.8579
	56665	0.8601
	59485	0.8605
	59446	0.8622
	58365	0.8631
	53862	0.8662
	57520	0.8671
	57409	0.8687
	59246	0.8698
	58931	0.871
	58656	0.8724
	55437	0.874
	58839	0.8754
	54908	0.876
	58848	0.8766
	57911	0.8781
	57238	0.8788
	57832	0.8802
	57395	0.8827
	59125	0.8853
	57575	0.8855
	58242	0.8859
	57156	0.8874
	58362	0.8888
	56688	0.8897
	57807	0.8902
	57181	0.8912
	59034	0.8935
	57729	0.8937
	57183	0.8945
	57516	0.8949
	59287	0.8954
	57294	0.8961
	57355	0.8961
	59033	0.8995
	51656	0.9001
	59254	0.9009
	51438	0.9018
	57216	0.9062
	59426	0.9074
	58022	0.9082
	59417	0.9093
	54744	0.9119
	57889	0.9121
	57083	0.9123
	57333	0.9134
	59126	0.9139
	57571	0.9145
	58367	0.9168
	59478	0.9179
	57936	0.924
	56004	0.9274
	54863	0.9281
	59318	0.9297
	59266	0.9301
	52633	0.9314
	58813	0.9317
	57916	0.9348
	52895	0.9349
	54910	0.9363
	57906	0.937
	58463	0.9383
	53486	0.9383
	59469	0.9394
	58527	0.9397
	56977	0.94
	58634	0.9405
	56038	0.943
	50915	0.9432
	58461	0.9432
	59456	0.946
	58529	0.9498
	57584	0.95
	51559	0.9515
	58460	0.9516
	58846	0.9531
	59012	0.9536
	56691	0.9557
	57030	0.9597
	57818	0.9598
	57894	0.9623
	57809	0.9644
	57198	0.9646
	57281	0.9651
	59431	0.9666
	53367	0.9679
	54776	0.9686
	58402	0.9689
	59317	0.9692
	58456	0.9705
	53976	0.9722
	51437	0.9728
	58462	0.9734
	59271	0.9738
	57096	0.9754
	53646	0.9776
	56745	0.9782
	56067	0.9806
	53487	0.9806
	53963	0.9814
	57710	0.9822
	56385	0.9844
	58824	0.9864
	57900	0.9882
	52818	0.9889
	59650	0.9902
	59268	0.9911
	59280	0.9917
	57182	0.9919
	53705	0.9926
	51137	0.9929
	57098	0.9936
	57816	0.9947
	57543	0.9965
	57087	0.997
	56065	1.0022
	57806	1.0034
	57537	1.0039
	58208	1.005
	57590	1.0056
	57608	1.0066
	53910	1.0083
	54731	1.011
	54734	1.0129
	58544	1.0132
	57994	1.017
	53517	1.0187
	57432	1.0208
	51463	1.0209
	52968	1.0211
	57185	1.0212
	56182	1.0237
	59224	1.0266
	59025	1.0279
	54806	1.0289
	56991	1.0303
	57237	1.0325
	57844	1.0327
	56578	1.0342
	54851	1.0354
	56969	1.0382
	58254	1.0404
	58458	1.0408
	57251	1.0444
	57065	1.0449
	57914	1.0474
	57915	1.048
	59663	1.0491
	54831	1.0496
	57491	1.0499
	59284	1.0513
	59230	1.0515
	59421	1.0524
	59324	1.054
	51241	1.0549
	59419	1.0551
	53764	1.0556
	58321	1.0557
	54729	1.056
	54871	1.064
	53754	1.0648
	57554	1.065
	57808	1.065
	57595	1.0657
	57297	1.0674
	58557	1.0675
	59022	1.0676
	53192	1.0716
	59457	1.0717
	57609	1.073
	57193	1.0745
	58148	1.0813
	57492	1.0824
	57186	1.0833
	57728	1.0835
	57948	1.084
	58912	1.085
	59492	1.0883
	51133	1.0887
	58361	1.0888
	56171	1.0892
	56670	1.0892
	58420	1.0897
	54134	1.0899
	51730	1.0913
	58905	1.0913
	57188	1.0918
	59037	1.0939
	57857	1.0944
	59269	1.0948
	58746	1.095
	59096	1.0971
	57211	1.0995
	57825	1.1005
	57077	1.1031
	58423	1.1048
	59265	1.1055
	58369	1.1062
	58754	1.1074
	57896	1.1075
	59319	1.1089
	59473	1.1107
	57851	1.1141
	57328	1.1186
	58620	1.1202
	57078	1.1213
	56666	1.1218
	59099	1.1253
	57969	1.1308
	58845	1.1308
	57482	1.1319
	59640	1.1332
	58457	1.1333
	56652	1.134
	57995	1.1345
	57992	1.1364
	58451	1.1375
	58568	1.1375
	56173	1.1397
	59448	1.1398
	54906	1.1403
	57447	1.1405
	58933	1.1407
	57835	1.1412
	57902	1.1439
	57991	1.1449
	57265	1.1455
	57811	1.1456
	57253	1.1502
	57438	1.1502
	57805	1.1514
	57370	1.1537
	59429	1.1539
	51722	1.1565
	53704	1.1569
	58549	1.1614
	57993	1.1632
	57841	1.1638
	58203	1.1655
	54837	1.1656
	52661	1.1656
	59064	1.1657
	59647	1.167
	58546	1.1717
	57187	1.172
	59063	1.1734
	57837	1.1748
	56080	1.1753
	51468	1.1772
	53859	1.1777
	59045	1.1779
	59015	1.1791
	56838	1.1798
	59289	1.1816
	58342	1.1822
	54861	1.1827
	58633	1.1842
	58542	1.1843
	59007	1.1908
	57824	1.1913
	58744	1.1914
	54454	1.1917
	57415	1.1928
	58459	1.1949
	57518	1.1977
	56995	1.1993
	56396	1.1996
	58622	1.2005
	58449	1.2037
	57719	1.2048
	57988	1.206
	58237	1.2069
	57813	1.2113
	58747	1.2132
	58330	1.2149
	51765	1.2166
	58269	1.2174
	56593	1.2186
	58550	1.2189
	54814	1.2192
	57082	1.2214
	51636	1.2216
	57359	1.2229
	57822	1.2279
	58443	1.2324
	59653	1.2333
	56079	1.2338
	57285	1.2341
	54834	1.2345
	57493	1.2367
	58749	1.2382
	56674	1.242
	51567	1.2432
	57828	1.2442
	58377	1.2513
	57990	1.2561
	59655	1.2586
	58306	1.2588
	54751	1.2602
	57067	1.2633
	58442	1.2641
	56782	1.2654
	57941	1.266
	59088	1.2689
	59092	1.2689
	59027	1.2694
	56671	1.27
	59205	1.2716
	58238	1.2778
	59071	1.2783
	58612	1.2785
	58353	1.2804
	59090	1.2806
	59279	1.2852
	58531	1.2886
	57416	1.29
	56992	1.2915
	58464	1.2918
	59074	1.2926
	59213	1.2926
	58453	1.2949
	57425	1.2984
	57985	1.2985
	57714	1.3007
	57498	1.3048
	52957	1.3051
	58907	1.3059
	59294	1.3073
	59017	1.3094
	58251	1.3112
	57390	1.312
	56987	1.3145
	59228	1.3149
	59298	1.3156
	57978	1.3168
	57821	1.3198
	59052	1.3243
	59053	1.3299
	59061	1.3301
	53929	1.3324
	58346	1.3352
	58543	1.3361
	57912	1.3369
	58432	1.3378
	57074	1.3383
	59278	1.3384
	56093	1.3387
	57179	1.3387
	58158	1.339
	58750	1.3392
	58569	1.3395
	54102	1.3418
	57095	1.3454
	57803	1.3466
	58360	1.3467
	58455	1.3496
	51644	1.3497
	57189	1.35
	58618	1.3507
	58436	1.351
	59087	1.3513
	54474	1.3521
	56748	1.3523
	57909	1.3526
	57075	1.3548
	57834	1.3555
	58235	1.3584
	59094	1.3587
	56498	1.3591
	58534	1.3606
	56649	1.3617
	54755	1.3621
	59449	1.3623
	59041	1.3636
	57431	1.3647
	58666	1.3664
	56496	1.3666
	58359	1.3684
	56746	1.3685
	57256	1.37
	58468	1.3704
	59227	1.3709
	58843	1.3718
	58658	1.3721
	58351	1.3726
	58454	1.3729
	59290	1.3736
	59659	1.3761
	57268	1.38
	54753	1.3812
	59114	1.3846
	57399	1.3849
	57396	1.3858
	57523	1.3887
	58343	1.3914
	56844	1.3919
	58448	1.3951
	54737	1.3977
	56985	1.3988
	59218	1.3996
	59249	1.4002
	57489	1.4008
	57958	1.4028
	57290	1.4043
	58335	1.4054
	58537	1.4068
	58259	1.4087
	59023	1.4132
	56399	1.4162
	58426	1.4184
	58665	1.4197
	56761	1.4203
	58358	1.4234
	56996	1.4244
	58467	1.4248
	59057	1.4254
	57413	1.4263
	58419	1.4263
	59038	1.4273
	58428	1.4291
	59021	1.4315
	57437	1.4321
	58452	1.4351
	59081	1.4363
	58424	1.4379
	53903	1.4385
	54339	1.4409
	57947	1.4431
	58265	1.4451
	56836	1.4473
	53821	1.4484
	59644	1.4502
	59072	1.4517
	56594	1.4523
	53735	1.4531
	58352	1.4557
	59462	1.4559
	58477	1.4571
	57508	1.4583
	59059	1.4628
	58354	1.4635
	59276	1.4642
	59097	1.4658
	58437	1.4671
	58438	1.4688
	53914	1.473
	56984	1.4754
	58356	1.4754
	59470	1.4763
	59004	1.48
	58520	1.4805
	58917	1.4812
	57634	1.4823
	57329	1.4826
	58752	1.485
	52996	1.4886
	59211	1.4912
	53810	1.4924
	53854	1.4931
	53806	1.4938
	55655	1.4946
	58523	1.4953
	56763	1.4972
	51435	1.5001
	56792	1.5068
	57708	1.5102
	58441	1.5129
	59285	1.5142
	56885	1.5144
	59093	1.5153
	58450	1.5158
	58472	1.516
	58264	1.5164
	59091	1.5184
	54738	1.5194
	57975	1.521
	56739	1.5229
	57426	1.5294
	58659	1.5303
	57996	1.5304
	58563	1.5344
	58918	1.5344
	58664	1.5355
	58407	1.5384
	59441	1.5418
	57089	1.5436
	58530	1.5466
	54777	1.5482
	54778	1.5518
	57345	1.5594
	59215	1.56
	57839	1.5601
	52974	1.5617
	56889	1.5666
	59051	1.5702
	57046	1.5703
	56840	1.5714
	56986	1.5756
	56669	1.584
	59288	1.5859
	56786	1.5871
	58331	1.5873
	56994	1.5886
	58421	1.5907
	56886	1.5977
	58327	1.6028
	56973	1.6044
	59058	1.6055
	53564	1.6063
	54766	1.6111
	51568	1.6127
	54764	1.6188
	56483	1.6202
	58268	1.6227
	58334	1.6252
	57913	1.6301
	58837	1.6327
	56883	1.6349
	56543	1.6425
	59654	1.6565
	51430	1.6584
	59046	1.6591
	56582	1.6608
	59107	1.6615
	51434	1.6635
	58751	1.6657
	59102	1.6672
	57845	1.6688
	54765	1.6754
	56693	1.6798
	57949	1.6804
	52986	1.6819
	58345	1.6839
	58446	1.6842
	53853	1.6851
	58570	1.6898
	56499	1.6899
	54826	1.6909
	57718	1.6924
	57507	1.6964
	59031	1.7029
	59477	1.7082
	58427	1.7176
	51436	1.7222
	53725	1.7246
	56879	1.7289
	57381	1.734
	54759	1.7365
	58339	1.7402
	57420	1.7408
	58336	1.7412
	57363	1.7413
	59106	1.7424
	57905	1.7438
	58433	1.7447
	59293	1.758
	53877	1.7631
	56978	1.7665
	53881	1.768
	58337	1.7682
	56664	1.7698
	58484	1.7724
	51431	1.7728
	58338	1.7734
	58255	1.7742
	56751	1.7917
	59209	1.7932
	59047	1.7946
	57827	1.8157
	51329	1.8161
	58435	1.8161
	56756	1.8176
	57143	1.8187
	59044	1.8252
	56783	1.8276
	59082	1.8341
	59471	1.85
	54662	1.8585
	56764	1.8671
	57541	1.8719
	56357	1.8783
	58431	1.8791
	56966	1.8813
	57829	1.8831
	56835	1.8841
	58344	1.888
	56982	1.8908
	57084	1.898
	57494	1.9115
	56881	1.9118
	54752	1.9126
	56781	1.9233
	56876	1.9302
	56975	1.9309
	58329	1.9313
	54774	1.9383
	59001	1.9502
	57604	1.9508
	56841	1.977
	56842	1.9799
	51639	1.9886
	57349	1.9903
	53543	1.9955
	57907	2.008
	56959	2.0137
	58429	2.0164
	57278	2.0189
	56839	2.0217
	56958	2.0219
	56970	2.0224
	57154	2.0224
	53723	2.0227
	56873	2.0325
	58314	2.037
	57274	2.058
	58340	2.071
	56869	2.0733
	57600	2.0814
	56752	2.0871
	58311	2.0997
	53860	2.1046
	56125	2.1154
	58320	2.1208
	53845	2.1266
	51628	2.1589
	58326	2.1611
	58316	2.1664
	53916	2.1842
	56788	2.186
	53727	2.1882
	56793	2.198
	56962	2.2222
	56766	2.2224
	51328	2.2352
	51629	2.2376
	58319	2.238
	57908	2.2424
	56871	2.2547
	56882	2.265
	56596	2.2656
	56891	2.2702
	56898	2.2755
	56757	2.2849
	56785	2.2912
	56875	2.3088
	56878	2.3104
	56790	2.3191
	57279	2.3262
	56867	2.3271
	56961	2.3447
	56880	2.3497
	56849	2.3776
	56872	2.3896
	56964	2.4349
	56775	2.4447
	56854	2.4498
	56755	2.4751
	50983	2.5347
	56843	2.5441
	56946	2.5765
	56774	2.585
	56949	2.5916
	56952	2.5917
	56846	2.5989
	56772	2.6218
	56870	2.6511
	56856	2.6651
	56948	2.6665
	56863	2.7028
	56778	2.7148
	56944	2.7629
	56851	2.7668
	56862	2.7762
	56777	2.799
	56950	2.8347
	56767	2.9463
	56768	3.0522
	56951	3.0706
	56954	3.1847
	53707	3.5089
	57028	3.5106
