	58903	-2.53476
	56950	-2.5185
	59088	-2.51658
	58918	-2.4267600000000003
	58905	-2.4003900000000002
	56569	-2.2578
	56977	-2.2364
	59092	-2.22327
	56948	-2.2223
	56969	-2.2181
	57993	-2.2086
	59114	-2.19636
	59094	-2.17125
	58906	-2.17116
	56964	-2.1704
	58911	-2.1703500000000004
	59093	-2.1521700000000004
	59280	-2.1482099999999997
	58907	-2.14101
	58837	-2.13291
	58814	-2.13111
	58921	-2.1125700000000003
	57996	-2.0732399999999997
	57994	-2.06685
	59096	-2.05803
	58818	-2.0477700000000003
	58917	-2.04651
	58819	-2.03994
	59107	-2.0282400000000003
	58824	-2.02806
	56879	-2.0226
	59659	-2.01636
	57992	-2.01267
	57995	-2.0124000000000004
	59097	-2.00376
	59106	-1.9827
	56951	-1.9772
	56976	-1.9747
	59456	-1.9725300000000001
	58923	-1.9589400000000001
	59285	-1.95435
	59462	-1.9479600000000001
	57971	-1.938
	56975	-1.9233
	59266	-1.91799
	57991	-1.9125
	59091	-1.9085400000000001
	56978	-1.9057
	57990	-1.90476
	57988	-1.9040400000000002
	56878	-1.8691
	59269	-1.8648
	56854	-1.8608
	59082	-1.84959
	59090	-1.8481500000000002
	57989	-1.84239
	56876	-1.8405
	59278	-1.83105
	56761	-1.8305
	56849	-1.8136
	58927	-1.81242
	56764	-1.8084
	59481	-1.80603
	56875	-1.8057
	59297	-1.79946
	59229	-1.78938
	59276	-1.78803
	56966	-1.787
	56898	-1.7836
	57899	-1.78155
	57882	-1.7755
	59087	-1.7712
	59653	-1.76868
	59470	-1.76733
	59471	-1.7672400000000001
	59452	-1.7651700000000001
	56973	-1.7562
	59284	-1.75284
	56984	-1.7458
	59270	-1.74204
	59664	-1.73655
	59288	-1.7352
	59256	-1.73079
	59271	-1.7283600000000001
	59454	-1.72737
	56994	-1.7266
	57460	-1.7258
	56970	-1.7234
	58828	-1.72188
	59449	-1.71342
	59264	-1.7100899999999999
	59081	-1.70937
	56958	-1.7073
	56989	-1.7022
	58826	-1.70127
	59293	-1.70109
	58834	-1.6956
	56586	-1.6937
	56839	-1.6934
	59268	-1.69056
	59451	-1.68984
	59304	-1.68876
	58836	-1.68219
	57377	-1.6772
	59654	-1.6668
	56985	-1.6645
	56675	-1.6644
	59488	-1.65843
	59842	-1.6568
	56757	-1.6551
	59851	-1.655
	56959	-1.6541
	56949	-1.6535
	59485	-1.65267
	59265	-1.6449300000000002
	56996	-1.6358
	59469	-1.63125
	59279	-1.63116
	59843	-1.6296
	57469	-1.628
	59249	-1.62639
	56669	-1.6251
	59493	-1.62459
	59102	-1.62342
	59640	-1.62216
	59242	-1.61577
	59057	-1.61406
	59650	-1.6110900000000001
	59075	-1.6066799999999999
	59457	-1.6065
	58912	-1.60515
	59478	-1.60515
	59255	-1.6047
	59117	-1.59894
	59663	-1.5912
	58933	-1.58688
	56867	-1.5819
	59109	-1.5800400000000001
	59238	-1.57851
	59426	-1.56735
	56869	-1.565
	59492	-1.55934
	57886	-1.5509
	56870	-1.5502
	56986	-1.5484
	57865	-1.5478
	59453	-1.54629
	59656	-1.5454800000000002
	59044	-1.5414299999999999
	59254	-1.54071
	59061	-1.53648
	59655	-1.53405
	59435	-1.53036
	59475	-1.52613
	59856	-1.5202
	57985	-1.5202
	59099	-1.51362
	59855	-1.5133
	59072	-1.51308
	59209	-1.5087599999999999
	56768	-1.5086
	59940	-1.5046
	56571	-1.5022
	59476	-1.49904
	56889	-1.4947
	57926	-1.4891
	59113	-1.48896
	58666	-1.48311
	56646	-1.4687
	59441	-1.46763
	59429	-1.45431
	56840	-1.4538
	59473	-1.4527800000000002
	59480	-1.4507100000000002
	57363	-1.4452
	58710	-1.4427
	59945	-1.4426
	58748	-1.43613
	59446	-1.43415
	56567	-1.4263
	57278	-1.4254
	57268	-1.4236
	57876	-1.4233
	59951	-1.423
	56954	-1.4224
	59228	-1.4094900000000001
	58607	-1.3959
	58609	-1.3941
	58931	-1.39311
	57265	-1.3928
	59059	-1.3907699999999998
	56479	-1.39
	59487	-1.38672
	59294	-1.38393
	59298	-1.3807800000000001
	59047	-1.3755600000000001
	59213	-1.37268
	56752	-1.3648
	56872	-1.3639
	58926	-1.3606200000000002
	59854	-1.3568
	56673	-1.3543
	59632	-1.35342
	56739	-1.3507
	57461	-1.35
	58618	-1.33974
	59235	-1.3368600000000002
	56995	-1.3367
	57957	-1.3347900000000001
	56478	-1.3347
	59425	-1.32786
	59448	-1.32606
	57955	-1.3240800000000001
	56962	-1.3209
	56836	-1.3204
	57798	-1.31994
	59205	-1.3197
	59477	-1.31823
	56946	-1.3159
	59954	-1.3153
	56961	-1.3152
	57949	-1.31247
	59063	-1.3119
	56751	-1.3112
	59053	-1.30428
	57956	-1.30383
	56992	-1.3
	59647	-1.29825
	57699	-1.2946499999999999
	59037	-1.29375
	59041	-1.29258
	58608	-1.29204
	56649	-1.292
	56944	-1.2901
	59038	-1.28952
	59673	-1.28529
	57883	-1.2823200000000001
	56991	-1.2821
	58706	-1.28124
	57965	-1.2801
	59058	-1.2762
	57799	-1.27611
	59033	-1.27575
	56756	-1.2693
	59055	-1.26873
	59845	-1.2666
	56584	-1.2662
	59754	-1.26594
	56846	-1.2647
	58707	-1.25793
	59431	-1.25559
	59847	-1.2545
	58701	-1.25136
	59644	-1.25136
	59071	-1.2499200000000001
	56580	-1.2485
	57722	-1.2462
	56835	-1.2412
	58936	-1.23948
	59289	-1.2364199999999999
	58942	-1.23561
	59241	-1.23309
	58737	-1.23021
	58619	-1.2282300000000002
	59211	-1.22742
	59750	-1.22571
	56592	-1.2189
	56594	-1.2151
	57954	-1.2081600000000001
	59303	-1.20708
	56575	-1.207
	56843	-1.2022
	58508	-1.18863
	57577	-1.188
	58623	-1.18656
	57789	-1.18629
	59941	-1.1827
	59027	-1.1785500000000002
	59758	-1.1773
	56844	-1.1772
	58935	-1.17585
	59246	-1.1718000000000002
	57969	-1.1623
	59023	-1.15983
	56585	-1.1595
	56670	-1.1593
	56763	-1.1581
	58715	-1.1514600000000002
	59015	-1.1477700000000002
	56645	-1.145
	57348	-1.1369
	59017	-1.13589
	58514	-1.12734
	56487	-1.1258
	56746	-1.1243
	59224	-1.12113
	58704	-1.12104
	56755	-1.1196
	58821	-1.1131199999999999
	59310	-1.1110499999999999
	57543	-1.1106
	58605	-1.10889
	57378	-1.1014
	59052	-1.09764
	59658	-1.09413
	56578	-1.0934
	58627	-1.0875599999999999
	57737	-1.0868
	58713	-1.08594
	57279	-1.0856
	56952	-1.0854
	59635	-1.08423
	58839	-1.08387
	56691	-1.0832
	59004	-1.08261
	56838	-1.0819
	56742	-1.0818
	57462	-1.0816
	56982	-1.0724
	57927	-1.06983
	57464	-1.0644
	59137	-1.0603799999999999
	56533	-1.0538
	59290	-1.0521
	57881	-1.05
	57962	-1.0462
	58714	-1.04148
	59074	-1.04049
	59034	-1.03932
	57720	-1.0383
	58705	-1.03797
	59322	-1.0366199999999999
	56777	-1.0349
	58646	-1.03347
	56885	-1.032
	59127	-1.0311299999999999
	56790	-1.0272
	59130	-1.02528
	56856	-1.0241
	57776	-1.0208
	57915	-1.0206
	57941	-1.0198800000000001
	59131	-1.01835
	58938	-1.01691
	59237	-1.01484
	56778	-1.0141
	57891	-1.01376
	56886	-1.012
	58606	-1.00458
	56783	-1.0035
	59065	-1.0016100000000001
	59419	-1.0008000000000001
	59025	-1.0006199999999998
	58631	-1.00026
	56793	-0.997
	57894	-0.99684
	57947	-0.9920700000000001
	59124	-0.9919800000000001
	59757	-0.9915
	59116	-0.9882000000000001
	58634	-0.9855
	59012	-0.9845100000000001
	58934	-0.98397
	57466	-0.9811
	59421	-0.9794700000000001
	56792	-0.9764
	57370	-0.9753
	59046	-0.9747
	56863	-0.9699
	59321	-0.96894
	57958	-0.9678599999999999
	56171	-0.9665
	58509	-0.96489
	57408	-0.9608
	58614	-0.9592200000000001
	57824	-0.9586
	59045	-0.9553500000000001
	59051	-0.9501300000000001
	57902	-0.9498
	57800	-0.9442
	59215	-0.94023
	56871	-0.9391
	59631	-0.9317700000000001
	56459	-0.9312
	58632	-0.9305100000000001
	58602	-0.9242999999999999
	59031	-0.9233100000000001
	59313	-0.9233100000000001
	58633	-0.91872
	57657	-0.9179
	57743	-0.9178
	57964	-0.91773
	57385	-0.9106
	57796	-0.90918
	56688	-0.9083
	58804	-0.90603
	57738	-0.9028
	59133	-0.9009900000000001
	56565	-0.8977
	57744	-0.8974
	59227	-0.89496
	57916	-0.8941
	58929	-0.88956
	56272	-0.888
	56296	-0.8877
	56841	-0.8842
	57942	-0.88308
	56851	-0.8825
	58823	-0.88047
	56654	-0.8796
	57368	-0.875
	56441	-0.8737
	58742	-0.87291
	58615	-0.8714700000000001
	58537	-0.86985
	57458	-0.864
	57361	-0.8611
	57259	-0.8606
	56198	-0.86
	58517	-0.85914
	58747	-0.85833
	57975	-0.8581
	59316	-0.85761
	56489	-0.857
	57605	-0.8569
	58693	-0.85653
	57781	-0.8563
	57359	-0.8547
	59417	-0.85284
	59134	-0.85041
	57821	-0.8501
	56748	-0.8485
	59320	-0.84618
	57741	-0.8455
	56766	-0.8438
	57729	-0.8438
	58946	-0.84312
	56772	-0.8419
	56394	-0.8407
	56881	-0.8407
	59022	-0.8397000000000001
	59306	-0.83835
	59848	-0.8371
	56371	-0.8343
	56643	-0.8336
	59007	-0.8335
	58940	-0.83196
	59318	-0.82692
	59021	-0.8236800000000001
	57887	-0.821
	59501	-0.82089
	57966	-0.82
	58822	-0.81999
	56593	-0.8175
	59317	-0.81288
	57974	-0.8119
	58612	-0.80775
	56781	-0.8077
	59122	-0.80406
	59324	-0.80262
	59502	-0.8019000000000001
	56671	-0.8014
	58529	-0.80091
	59126	-0.79677
	57777	-0.7945
	57739	-0.794
	57948	-0.79335
	58928	-0.79227
	59230	-0.79209
	58635	-0.79173
	57932	-0.7909
	58846	-0.79038
	59838	-0.7897
	58530	-0.7886
	56595	-0.7864
	57911	-0.7864
	56862	-0.7818
	59319	-0.7815599999999999
	57260	-0.7793
	59427	-0.77319
	59001	-0.7727400000000001
	56462	-0.772
	56485	-0.7695
	56785	-0.7686
	58844	-0.7674300000000001
	56873	-0.7659
	56357	-0.7635
	56782	-0.7605
	56651	-0.7586
	58624	-0.75312
	56697	-0.7523
	56693	-0.7496
	58647	-0.7483500000000001
	57253	-0.7405
	59500	-0.73989
	57914	-0.7391
	57728	-0.7353
	57811	-0.7342
	56786	-0.7306
	58712	-0.7300800000000001
	58616	-0.72819
	57973	-0.7263
	57256	-0.7256
	58626	-0.7248600000000001
	57960	-0.7209000000000001
	59125	-0.71595
	57658	-0.7076
	57339	-0.7074
	56883	-0.7039
	57752	-0.7036
	58600	-0.69714
	57822	-0.6928
	57438	-0.6916
	56543	-0.6889
	56987	-0.6879
	58843	-0.6876
	57816	-0.6848
	59218	-0.6800400000000001
	58736	-0.67428
	57614	-0.673
	57913	-0.6714
	56390	-0.6687
	58749	-0.66726
	57807	-0.6618
	59287	-0.66141
	57465	-0.6584
	58543	-0.65781
	58847	-0.6543
	57745	-0.6517
	57349	-0.6482
	56548	-0.6471
	57076	-0.6462569600000001
	57358	-0.64
	56652	-0.6393
	56788	-0.6355
	57870	-0.6354
	57851	-0.6349
	56684	-0.6338
	57814	-0.6304
	57875	-0.6237
	58506	-0.62163
	57859	-0.6203700000000001
	56596	-0.6146
	57541	-0.6146
	56378	-0.6118
	57274	-0.61042016
	57735	-0.6077
	57731	-0.6067
	58507	-0.6021000000000001
	58601	-0.60093
	57608	-0.5997
	57874	-0.5985
	57871	-0.5982
	57936	-0.5965
	56373	-0.5944
	57598	-0.59364
	57439	-0.5933
	58125	-0.5928
	58744	-0.59157
	58820	-0.5904
	59314	-0.58716
	57077	-0.5861556600000001
	56190	-0.5825
	57387	-0.5795
	58510	-0.57924
	56767	-0.5774
	57476	-0.5739
	57673	-0.5737
	59312	-0.5731200000000001
	58629	-0.5692499999999999
	56291	-0.5675
	57740	-0.5657
	58754	-0.56538
	56882	-0.5578
	58735	-0.5575500000000001
	56880	-0.5554
	56842	-0.5533
	57307	-0.5517
	58559	-0.55152
	58845	-0.54189
	56199	-0.5415
	57907	-0.5406
	58519	-0.5395500000000001
	57719	-0.5385
	56393	-0.5336
	58438	-0.5306
	57056	-0.5251957700000001
	57175	-0.52403854
	56144	-0.5167
	56745	-0.5138
	58534	-0.5128
	59849	-0.5123
	58806	-0.5094900000000001
	57067	-0.50940518
	56443	-0.5076
	58667	-0.50526
	58531	-0.503
	58652	-0.50211
	57156	-0.49372658
	58848	-0.48726
	56396	-0.4838
	57786	-0.48330000000000006
	57813	-0.4817
	57866	-0.4801
	58622	-0.47988000000000003
	57066	-0.47849594000000006
	57054	-0.47502425000000004
	57845	-0.4741
	58932	-0.46791000000000005
	57204	-0.4614
	58458	-0.45792000000000005
	58527	-0.45774000000000004
	57162	-0.45740449000000005
	57793	-0.45531000000000005
	56666	-0.4553
	57176	-0.45370882
	57906	-0.4535
	58941	-0.45180000000000003
	58548	-0.44235
	58128	-0.4389
	57680	-0.4354
	57895	-0.42984000000000006
	58625	-0.42588000000000004
	57792	-0.42588000000000004
	57304	-0.4212
	57808	-0.4187
	57042	-0.41096597
	59064	-0.41058
	57308	-0.4101
	57178	-0.40853952000000004
	57040	-0.40805423
	58656	-0.40644
	58117	-0.4057
	57381	-0.4055
	58637	-0.40536000000000005
	57037	-0.40286536
	53949	-0.40070022
	56497	-0.3979
	57024	-0.39106908000000007
	53948	-0.39054646000000004
	56196	-0.3901
	57078	-0.38946389
	57707	-0.3887
	57051	-0.38834399000000003
	57154	-0.38830666
	57717	-0.3858
	57362	-0.3827
	58448	-0.3825
	54608	-0.37733163999999997
	57734	-0.3734
	58813	-0.3726
	57507	-0.3715
	57285	-0.36923103
	57806	-0.3666
	57041	-0.36452745000000003
	57921	-0.364
	56474	-0.3639
	57696	-0.36288000000000004
	56395	-0.3615
	57039	-0.36105576
	53782	-0.36012251
	57143	-0.35930125
	57057	-0.35519495
	57273	-0.35429903
	53697	-0.35411238
	57923	-0.3505
	57033	-0.34974477
	56641	-0.3474
	53944	-0.34560114000000003
	57271	-0.34250275
	57544	-0.3424
	57718	-0.3388
	57445	-0.3378
	53693	-0.33455146
	53796	-0.33014652
	57026	-0.33010919
	57909	-0.3291
	54700	-0.32902662
	56168	-0.327
	57153	-0.32637619
	57169	-0.32615221000000005
	53947	-0.32611488000000005
	53955	-0.32559226
	54701	-0.32484566
	53941	-0.32458435
	57405	-0.324
	58130	-0.3201
	57044	-0.31704369000000004
	57388	-0.3167
	53957	-0.31342268
	57053	-0.31304938000000004
	57075	-0.3124521
	58126	-0.3124
	53699	-0.3120788
	53866	-0.31024963
	56582	-0.3083
	54606	-0.3079725
	53872	-0.30614333000000005
	57027	-0.30491144000000003
	57155	-0.30427683000000005
	57803	-0.304
	57908	-0.3037
	57698	-0.29988
	53797	-0.29987189000000003
	53868	-0.29953592
	58760	-0.29825999999999997
	58457	-0.29817
	53798	-0.29218191
	57074	-0.29199526000000003
	58455	-0.29142
	56598	-0.2898
	53958	-0.28624644000000005
	53788	-0.28605979000000004
	53789	-0.28587314
	53791	-0.28561183
	57063	-0.28479057
	57173	-0.28016165
	57032	-0.27754855000000006
	57395	-0.2766
	56197	-0.2753
	57065	-0.26970925
	57140	-0.26926129000000004
	58547	-0.26865
	53795	-0.26855202
	53954	-0.26676018
	56263	-0.2662
	54943	-0.26534164
	57345	-0.2638
	57061	-0.26336315000000005
	57179	-0.26213126000000003
	57144	-0.26041408
	57043	-0.26026476000000004
	58944	-0.25992
	53785	-0.25899554
	57048	-0.2568304
	57194	-0.25447861
	53756	-0.25227614
	53950	-0.25055896
	54617	-0.24973770000000003
	58549	-0.24867
	58734	-0.24867
	53886	-0.24865513000000003
	57187	-0.24828183000000004
	57055	-0.24634067000000004
	56665	-0.246
	53861	-0.24492213000000002
	57355	-0.2449
	53883	-0.24473548
	57035	-0.24447417000000002
	58520	-0.2415
	53687	-0.24107714000000002
	57181	-0.24103981000000002
	54703	-0.2404052
	53694	-0.23973326
	57029	-0.23921064000000003
	53768	-0.23865069
	57021	-0.23820273
	54710	-0.23812807000000002
	57251	-0.2367
	53790	-0.23644822
	53799	-0.23596293000000002
	57844	-0.2359
	53698	-0.23577628000000003
	53891	-0.23473104000000003
	54633	-0.23398444000000002
	56267	-0.2323
	57189	-0.23043808999999998
	53689	-0.22946751
	56257	-0.2292
	57193	-0.22756368000000002
	54621	-0.22722771000000003
	53792	-0.2269664
	56376	-0.2267
	56182	-0.2264
	56288	-0.2231
	53705	-0.22106826
	54708	-0.22088161
	54614	-0.21953773
	53966	-0.21946307
	57072	-0.21774589000000003
	57294	-0.21722327
	53871	-0.21707395000000002
	57106	-0.21647667
	58007	-0.21632735000000003
	53863	-0.21449818
	57841	-0.2133
	53759	-0.21319163000000002
	53810	-0.21233304
	57071	-0.21110115000000002
	57195	-0.21098916000000004
	57099	-0.21080251
	58620	-0.21069000000000002
	56383	-0.2091
	57049	-0.20725616000000002
	57196	-0.20718150000000002
	56295	-0.2071
	58456	-0.20709
	58454	-0.2061
	57254	-0.20453107000000004
	53740	-0.20412044
	57052	-0.20404578
	53775	-0.20370981
	53956	-0.20352316
	57045	-0.20341117000000003
	57084	-0.20300053999999998
	54604	-0.20292588
	57034	-0.20240326000000003
	53975	-0.20202996
	53878	-0.201582
	54705	-0.20132069000000002
	57192	-0.19870759000000002
	53806	-0.19807298
	57080	-0.19769968
	53614	-0.19654245
	57674	-0.1965
	58752	-0.19341
	53959	-0.1929961
	58654	-0.19278
	57281	-0.1926228
	57857	-0.192
	52446	-0.19142824000000003
	53754	-0.18903912
	53777	-0.18616471
	53985	-0.18582874000000002
	57070	-0.18579141
	54626	-0.18538078
	53794	-0.18489549000000002
	57025	-0.18355161000000003
	58544	-0.18288
	53691	-0.18269302
	58127	-0.1814
	53979	-0.18127448
	57290	-0.18123715
	57872	-0.1809
	54623	-0.17892269000000002
	53841	-0.1758243
	57085	-0.17500304
	53784	-0.17429377000000001
	54620	-0.17425644
	53725	-0.17373382
	57976	-0.1733
	54624	-0.17238994
	54702	-0.17186732
	58512	-0.17001000000000002
	53781	-0.16970218
	58202	-0.1697
	57736	-0.1693
	53723	-0.16716374
	53769	-0.16623049
	56287	-0.1648
	57079	-0.16246016
	53854	-0.16238550000000002
	57922	-0.1615
	53778	-0.16059366000000003
	53772	-0.15932444
	53982	-0.15910046000000003
	53984	-0.1590258
	53884	-0.15861517
	53673	-0.15824187
	53618	-0.15812988
	53590	-0.15723396
	57972	-0.1539
	57809	-0.1535
	56891	-0.1523
	59626	-0.15192
	54530	-0.15017859
	58122	-0.1494
	53786	-0.14909602
	57778	-0.1485
	57293	-0.14842408
	57508	-0.1482
	53787	-0.14734151
	53617	-0.14693088
	57208	-0.1469
	56188	-0.1462
	54618	-0.14543768
	58730	-0.14508000000000001
	57030	-0.14502705000000002
	53685	-0.14420579
	54616	-0.14338453
	57573	-0.1427
	52889	-0.14192866
	57714	-0.1416
	53727	-0.14065944000000002
	53783	-0.1396142
	54603	-0.13778503
	53748	-0.13692644
	57137	-0.13681445
	53869	-0.13677712
	57779	-0.1352
	57846	-0.1348
	57188	-0.13360407000000002
	53669	-0.13311878
	54704	-0.13196155
	53771	-0.13114029000000002
	53750	-0.13046835
	52983	-0.1302817
	53963	-0.1291618
	57119	-0.12826588000000003
	53850	-0.12763127
	53856	-0.12695933
	57825	-0.1267
	56173	-0.126
	53857	-0.12557812
	56278	-0.1246
	57180	-0.12356230000000001
	53945	-0.12348764
	53967	-0.12315167000000002
	53696	-0.12292769
	53862	-0.12270371000000001
	57082	-0.12259172000000002
	56290	-0.1216
	58642	-0.12150000000000001
	54636	-0.12132250000000001
	57774	-0.1206
	53610	-0.11926935000000001
	57401	-0.117
	53962	-0.11691756
	57031	-0.11583499000000001
	54725	-0.115723
	56374	-0.1155
	58745	-0.11547
	53961	-0.11344587
	53679	-0.11213932
	53852	-0.11180335
	53757	-0.11131806000000001
	53735	-0.1108701
	58724	-0.11043
	58459	-0.11016
	56095	-0.10967554
	53680	-0.10885428000000001
	53776	-0.10751039999999999
	53895	-0.10736108000000001
	54613	-0.10616652
	57198	-0.10515861000000001
	53973	-0.10400138
	53894	-0.10392672
	57022	-0.10374007
	57134	-0.10295614
	58557	-0.10287
	58129	-0.1024
	53877	-0.10202289
	53770	-0.10191090000000001
	58426	-0.101
	56774	-0.1009
	53970	-0.09970843
	57020	-0.09847654
	56775	-0.0971
	53845	-0.09422092000000001
	52884	-0.09414626
	53890	-0.09336233000000001
	53987	-0.0929517
	57028	-0.09242908
	56193	-0.0913
	54615	-0.08989064
	57437	-0.0889
	53874	-0.08869608000000001
	53577	-0.08858409
	53780	-0.08738953
	53976	-0.08716555000000001
	57299	-0.08705356
	53972	-0.08694157000000001
	57297	-0.08626963
	53888	-0.0851124
	53859	-0.08470177
	54628	-0.08462711
	53646	-0.08354454
	58542	-0.08253
	57186	-0.08242464000000001
	58135	-0.0813
	57016	-0.08108076
	58643	-0.081
	53774	-0.08048348000000001
	58132	-0.0802
	57111	-0.0798862
	53619	-0.0791396
	53695	-0.07910227
	57390	-0.07760907
	56146	-0.077
	57038	-0.07619053
	53978	-0.07596655
	58453	-0.07569
	57634	-0.0727
	57128	-0.06991909
	57242	-0.06947113
	54610	-0.067194
	54622	-0.06685803000000001
	54612	-0.06641007
	53682	-0.06603677000000001
	57298	-0.06446891
	57197	-0.063461
	57910	-0.0634
	56279	-0.0629
	53690	-0.06263974
	57184	-0.06211712
	53707	-0.0615945
	58207	-0.06095989
	53763	-0.05950402
	53879	-0.05920538
	58750	-0.058769999999999996
	54719	-0.058496110000000004
	57081	-0.05704024
	54713	-0.054912430000000005
	57113	-0.05394185
	53908	-0.05382986
	56247	-0.0535
	54913	-0.053045930000000005
	57682	-0.0527
	57233	-0.051814040000000006
	58657	-0.051300000000000005
	58718	-0.05121
	57126	-0.04991021000000001
	54640	-0.04811837
	57213	-0.04744643
	56096	-0.046849150000000006
	53853	-0.046849150000000006
	57828	-0.0454
	54605	-0.045206630000000005
	53885	-0.045206630000000005
	57231	-0.04151096
	53688	-0.041063
	57900	-0.0398
	53968	-0.038860530000000004
	57060	-0.0384499
	53964	-0.03815126
	58205	-0.03740466
	54776	-0.0369567
	53889	-0.03591146
	53751	-0.035874130000000004
	54712	-0.03497821
	57023	-0.033522340000000005
	53519	-0.03217846
	57407	-0.032
	57839	-0.0318
	53897	-0.03158118
	57006	-0.03090924
	53612	-0.02978934
	53880	-0.0291174
	58011	-0.02691493
	58107	-0.0269
	57014	-0.026690949999999998
	53767	-0.026578960000000002
	52895	-0.026504299999999998
	57086	-0.026131000000000005
	53988	-0.02433916
	54871	-0.024301830000000003
	57525	-0.0236
	53615	-0.02288329
	56289	-0.022
	54632	-0.0194116
	53832	-0.019299610000000002
	54533	-0.01851568
	58006	-0.01780641
	57303	-0.0174
	53882	-0.016686509999999998
	56298	-0.016
	52993	-0.015043990000000002
	54716	-0.01474535
	56473	-0.0133
	53892	-0.01250555
	54940	-0.012206910000000001
	54857	-0.01198293
	53986	-0.0119456
	52885	-0.01190827
	57389	-0.0080
	58024	-0.007503330000000001
	53848	-0.004890230000000001
	56386	-0.0043
	54519	-0.00391965
	57008	-0.00388232
	53938	-0.0027250900000000003
	54724	-0.00242645
	54012	0.0
	54024	0.0
	54026	0.0
	54027	0.0
	54031	0.0
	54039	0.0
	54041	0.0
	54047	0.0
	54049	0.0
	54063	0.0
	54064	0.0
	54065	0.0
	54069	0.0
	54072	0.0
	54076	0.0
	54080	0.0
	54092	0.0
	54093	0.0
	54094	0.0
	54096	0.0
	54098	0.0
	54099	0.0
	54102	0.0
	54113	0.0
	54115	0.0
	54117	0.0
	54122	0.0
	54132	0.0
	54134	0.0
	54135	0.0
	54142	0.0
	54154	0.0
	54156	0.0
	54157	0.0
	54161	0.0
	54164	0.0
	54165	0.0
	54169	0.0
	54171	0.0
	54172	0.0
	54181	0.0
	54186	0.0
	54187	0.0
	54192	0.0
	54195	0.0
	54204	0.0
	54205	0.0
	54208	0.0
	54213	0.0
	54214	0.0
	54218	0.0
	54223	0.0
	54225	0.0
	54226	0.0
	54231	0.0
	54234	0.0
	54236	0.0
	54237	0.0
	54243	0.0
	54244	0.0
	54245	0.0
	54248	0.0
	54249	0.0
	54252	0.0
	54254	0.0
	54259	0.0
	54260	0.0
	54261	0.0
	54263	0.0
	54266	0.0
	54267	0.0
	54273	0.0
	54274	0.0
	54276	0.0
	54284	0.0
	54285	0.0
	54286	0.0
	54290	0.0
	54291	0.0
	54292	0.0
	54293	0.0
	54305	0.0
	54313	0.0
	54316	0.0
	54320	0.0
	54321	0.0
	54323	0.0
	54324	0.0
	54325	0.0
	54326	0.0
	54327	0.0
	54328	0.0
	54331	0.0
	54332	0.0
	54333	0.0
	54334	0.0
	54335	0.0
	54336	0.0
	54337	0.0
	54338	0.0
	54339	0.0
	54342	0.0
	54346	0.0
	54347	0.0
	54349	0.0
	54351	0.0
	54353	0.0
	54362	0.0
	54363	0.0
	54365	0.0
	54371	0.0
	54374	0.0
	54377	0.0
	54386	0.0
	54452	0.0
	54453	0.0
	54454	0.0
	54455	0.0
	54470	0.0
	54471	0.0
	54472	0.0
	54474	0.0
	54475	0.0
	54476	0.0
	54483	0.0
	54486	0.0
	54493	0.0
	54494	0.0
	54497	0.0
	54563	0.0
	54568	0.0
	54569	0.0
	54575	0.0
	54579	0.0
	54584	0.0
	54590	0.0
	54660	0.0
	54662	0.0
	55228	0.0
	55248	0.0
	55279	0.0
	55294	0.0
	55299	0.0
	55437	0.0
	55472	0.0
	55493	0.0
	55572	0.0
	55578	0.0
	55585	0.0
	55589	0.0
	55591	0.0
	55593	0.0
	55598	0.0
	55655	0.0
	55664	0.0
	55680	0.0
	55681	0.0
	55690	0.0
	55696	0.0
	55773	0.0
	56004	0.0
	56016	0.0
	56018	0.0
	56021	0.0
	56029	0.0
	56033	0.0
	56034	0.0
	56043	0.0
	56045	0.0
	56046	0.0
	56065	0.0
	56067	0.0
	56106	0.0
	56109	0.0
	56116	0.0
	56125	0.0
	56128	0.0
	56137	0.0
	50136	0.0
	50246	0.0
	50247	0.0
	50349	0.0
	50353	0.0
	50425	0.0
	50431	0.0
	50434	0.0
	50442	0.0
	50445	0.0
	50468	0.0
	50514	0.0
	50524	0.0
	50525	0.0
	50526	0.0
	50527	0.0
	50548	0.0
	50557	0.0
	50564	0.0
	50566	0.0
	50603	0.0
	50618	0.0
	50632	0.0
	50639	0.0
	50646	0.0
	50647	0.0
	50655	0.0
	50656	0.0
	50658	0.0
	50659	0.0
	50673	0.0
	50674	0.0
	50727	0.0
	50739	0.0
	50741	0.0
	50742	0.0
	50745	0.0
	50749	0.0
	50750	0.0
	50755	0.0
	50756	0.0
	50758	0.0
	50767	0.0
	50772	0.0
	50774	0.0
	50775	0.0
	56151	0.0
	56202	0.0
	56223	0.0
	56227	0.0
	56307	0.0
	56312	0.0
	56317	0.0
	56331	0.0
	56342	0.0
	56434	0.0
	50776	0.0
	50778	0.0
	50779	0.0
	50787	0.0
	50788	0.0
	50832	0.0
	50833	0.0
	50834	0.0
	50838	0.0
	50842	0.0
	50844	0.0
	50851	0.0
	50852	0.0
	50853	0.0
	50854	0.0
	50858	0.0
	50859	0.0
	50861	0.0
	50862	0.0
	50867	0.0
	50871	0.0
	50873	0.0
	50877	0.0
	50878	0.0
	50879	0.0
	50880	0.0
	50884	0.0
	50888	0.0
	50892	0.0
	50913	0.0
	50915	0.0
	50928	0.0
	50934	0.0
	50936	0.0
	50937	0.0
	50939	0.0
	50940	0.0
	50945	0.0
	50946	0.0
	50948	0.0
	50950	0.0
	50953	0.0
	50954	0.0
	50955	0.0
	50956	0.0
	50958	0.0
	50960	0.0
	50962	0.0
	50963	0.0
	50964	0.0
	50965	0.0
	50968	0.0
	50973	0.0
	50978	0.0
	50979	0.0
	50983	0.0
	50985	0.0
	50987	0.0
	51053	0.0
	51058	0.0
	51059	0.0
	51060	0.0
	51068	0.0
	51076	0.0
	51087	0.0
	51133	0.0
	51137	0.0
	51145	0.0
	51156	0.0
	51186	0.0
	51232	0.0
	51238	0.0
	51241	0.0
	51243	0.0
	51288	0.0
	51328	0.0
	51329	0.0
	51330	0.0
	51334	0.0
	51346	0.0
	51352	0.0
	51353	0.0
	51356	0.0
	51357	0.0
	51358	0.0
	51359	0.0
	51365	0.0
	51367	0.0
	51369	0.0
	51377	0.0
	51378	0.0
	51379	0.0
	51430	0.0
	51431	0.0
	51433	0.0
	51434	0.0
	51435	0.0
	51436	0.0
	51437	0.0
	51438	0.0
	51463	0.0
	51465	0.0
	51467	0.0
	51469	0.0
	51470	0.0
	51477	0.0
	51482	0.0
	51495	0.0
	51526	0.0
	51542	0.0
	51559	0.0
	51567	0.0
	51568	0.0
	51571	0.0
	51572	0.0
	51573	0.0
	51581	0.0
	51627	0.0
	51628	0.0
	51629	0.0
	51633	0.0
	51636	0.0
	51639	0.0
	51642	0.0
	51644	0.0
	51655	0.0
	51656	0.0
	51701	0.0
	51704	0.0
	51705	0.0
	51707	0.0
	51708	0.0
	51709	0.0
	51711	0.0
	51716	0.0
	51717	0.0
	51720	0.0
	51722	0.0
	51730	0.0
	51765	0.0
	51777	0.0
	51802	0.0
	51804	0.0
	51810	0.0
	51811	0.0
	51814	0.0
	51815	0.0
	51818	0.0
	51826	0.0
	51827	0.0
	51828	0.0
	51829	0.0
	51839	0.0
	51855	0.0
	51886	0.0
	51931	0.0
	52101	0.0
	52112	0.0
	52203	0.0
	52267	0.0
	52313	0.0
	52378	0.0
	52495	0.0
	52575	0.0
	52576	0.0
	52602	0.0
	52607	0.0
	52633	0.0
	52645	0.0
	52657	0.0
	52707	0.0
	52713	0.0
	52737	0.0
	52745	0.0
	52754	0.0
	52765	0.0
	52818	0.0
	52825	0.0
	52833	0.0
	52836	0.0
	52842	0.0
	52853	0.0
	52855	0.0
	52856	0.0
	52862	0.0
	52863	0.0
	52866	0.0
	52868	0.0
	52869	0.0
	52874	0.0
	52875	0.0
	52876	0.0
	52908	0.0
	52943	0.0
	52955	0.0
	52957	0.0
	52963	0.0
	52968	0.0
	52972	0.0
	52974	0.0
	53068	0.0
	53083	0.0
	53149	0.0
	53192	0.0
	53195	0.0
	53231	0.0
	53272	0.0
	53276	0.0
	53289	0.0
	53324	0.0
	53336	0.0
	53337	0.0
	53343	0.0
	53348	0.0
	53352	0.0
	53357	0.0
	53362	0.0
	53367	0.0
	53368	0.0
	53378	0.0
	53384	0.0
	53385	0.0
	53391	0.0
	53419	0.0
	53420	0.0
	53433	0.0
	53446	0.0
	53455	0.0
	53457	0.0
	53463	0.0
	53464	0.0
	53466	0.0
	53467	0.0
	53469	0.0
	53472	0.0
	53475	0.0
	53480	0.0
	53481	0.0
	53483	0.0
	53484	0.0
	53502	0.0
	53505	0.0
	53512	0.0
	53513	0.0
	53522	0.0
	53529	0.0
	53533	0.0
	53543	0.0
	53545	0.0
	53547	0.0
	53553	0.0
	53562	0.0
	53602	0.0
	53644	0.0
	53730	0.0
	53732	0.0
	54631	3.733E-4
	58131	5.0E-4
	57083	0.0029864
	54602	0.00391965
	56389	0.0040
	57247	0.0042182899999999995
	58437	0.0045
	58451	0.00468
	57343	0.004703580000000001
	53764	0.0057114900000000005
	53965	0.00601013
	53864	0.00601013
	58008	0.00649542
	56483	0.0069
	54848	0.00690605
	54945	0.008473910000000001
	57001	0.00925784
	57328	0.0107
	54938	0.01112434
	53487	0.01138565
	53873	0.011497640000000002
	58449	0.01188
	54437	0.01202026
	52995	0.01321482
	53994	0.01399875
	53981	0.0145587
	53753	0.0156786
	57003	0.017209130000000003
	57540	0.019
	53611	0.019299610000000002
	54619	0.019374270000000002
	54849	0.021166110000000002
	53392	0.02131543
	57047	0.021352760000000002
	53974	0.02221135
	57177	0.023181930000000003
	52980	0.02381654
	56387	0.0239
	54723	0.02400319
	53821	0.025533720000000003
	53692	0.025720370000000003
	53881	0.02579503
	54503	0.02624299
	57295	0.026840270000000003
	58558	0.027270000000000003
	58004	0.0276242
	58100	0.02926672
	54518	0.02982667
	54907	0.029901330000000004
	53942	0.0309839
	57217	0.031
	54805	0.03120788
	54711	0.03217846
	57545	0.0343
	57306	0.0344
	54645	0.035127530000000004
	58523	0.0363
	53596	0.03650874
	57216	0.0372
	54919	0.037889950000000006
	54800	0.03863655
	53991	0.03904718
	57132	0.03953247
	58104	0.039980430000000004
	57098	0.039980430000000004
	58001	0.040353730000000004
	57127	0.04042839
	57903	0.0417
	54722	0.04192159
	57232	0.04371343
	57694	0.04419
	58145	0.0447
	54820	0.04505731
	53576	0.045467940000000005
	53992	0.047222450000000006
	53875	0.047969050000000006
	53865	0.0489023
	54627	0.049200940000000006
	54609	0.04998487
	58203	0.0508
	53518	0.05088079
	57981	0.0509
	53478	0.051067440000000006
	54535	0.052672630000000005
	53995	0.053904520000000004
	57609	0.0541
	58719	0.05535
	53993	0.05547238000000001
	53829	0.05584568000000001
	53773	0.05965334
	54714	0.06219178
	57046	0.06514085
	53924	0.06667138
	53893	0.06864987
	57129	0.06935914
	54855	0.06988176
	58464	0.07200000000000001
	57835	0.0721
	52787	0.07301748
	58210	0.0739
	54528	0.07462267
	58021	0.07525728000000001
	58731	0.0756
	58002	0.07589189
	57206	0.0764
	57182	0.07682514000000001
	52515	0.07723577000000001
	53588	0.07723577000000001
	56493	0.0773
	54916	0.07809436
	54644	0.07891562
	57625	0.0818
	57834	0.0823
	54717	0.08410449
	54915	0.08559769
	54900	0.08578434
	58251	0.0859
	56281	0.0864
	58139	0.0872
	53677	0.08858409
	54539	0.09164515000000001
	57238	0.09175714
	54929	0.09179447
	54726	0.09213044000000001
	57094	0.09250374
	56276	0.0931
	53579	0.09403427
	57096	0.09437024000000001
	58254	0.096
	53980	0.09881251
	58546	0.09963000000000001
	53704	0.10041770000000001
	58005	0.10135095000000001
	58658	0.10242
	53983	0.10247085000000002
	57237	0.1033
	54853	0.10370274
	54935	0.10478531
	54918	0.10515861000000001
	57002	0.10534526000000001
	57211	0.10568123000000001
	54808	0.10590521000000001
	58138	0.1061
	52679	0.10657715
	58665	0.10791
	57566	0.1085
	54804	0.10851831
	54534	0.10948889
	53898	0.11001151
	56391	0.1106
	57185	0.11105675
	56079	0.1122
	57090	0.11221398
	58463	0.1137
	54502	0.11404315000000001
	54936	0.11445378
	54922	0.1153497
	52896	0.11598431
	54844	0.11602164000000001
	54707	0.11635761
	58141	0.1173
	54807	0.11736552000000001
	57105	0.11848542000000001
	53658	0.11874673000000001
	53399	0.11882139000000001
	58208	0.11908270000000001
	53996	0.11915736
	53896	0.11990396
	52784	0.12233041
	54925	0.12292769
	58118	0.123
	58111	0.12337565000000002
	57666	0.1235
	54429	0.12367429
	54810	0.12442089
	54515	0.12494351000000001
	54527	0.12602608
	54611	0.12673535000000002
	57912	0.1269
	53931	0.12826588000000003
	54512	0.12860185
	54311	0.1295351
	58113	0.13
	56491	0.1307
	58751	0.13158
	52546	0.13162558000000002
	54728	0.13278281
	54828	0.13360407000000002
	54801	0.13397737
	57011	0.13397737
	54607	0.13457465
	54809	0.13595586
	53674	0.13651581000000002
	54835	0.1373744
	54532	0.13856896
	54404	0.13939022
	53997	0.1396142
	57502	0.1403
	57124	0.14099541
	57780	0.1417
	54917	0.14211531
	57396	0.14218997000000003
	57637	0.1424
	52984	0.14293657
	58659	0.14589
	54914	0.14607229
	53517	0.14644559000000001
	57183	0.14752816000000002
	54927	0.14808811
	57832	0.1499
	57867	0.1517
	57732	0.1518
	57296	0.15238106
	58020	0.15241839000000001
	57896	0.15345
	57245	0.15346363000000002
	53678	0.15357562
	57087	0.15574076
	54802	0.15581542
	56192	0.15872716
	53584	0.1620122
	57102	0.16436399000000002
	54811	0.16903024
	54521	0.16977684
	54523	0.17029946
	57091	0.17115805
	54706	0.17197931
	54601	0.17242727
	56444	0.1727
	57402	0.1727
	54912	0.17485372
	58003	0.17489105000000002
	58022	0.17500304
	52557	0.17500304
	57669	0.1752
	57837	0.1767
	57571	0.1775
	58417	0.1792
	53953	0.17989327000000002
	58101	0.18060254
	56186	0.1807
	52661	0.18119982
	52436	0.18168511
	53664	0.18235705
	58246	0.1834
	57604	0.1839
	58012	0.1856
	57004	0.18612738
	54920	0.18818053
	53578	0.18847917000000003
	54507	0.18918844
	53899	0.18952441000000003
	53397	0.19183887000000002
	57768	0.1934
	54903	0.19370537000000002
	57095	0.19583318
	54902	0.19777434000000002
	58556	0.19827
	57248	0.19934220000000002
	54921	0.19975283000000002
	52797	0.20057409
	53998	0.20176865
	56273	0.2039
	54939	0.20423243000000002
	58147	0.2063
	58452	0.20772000000000002
	54803	0.20882402000000003
	54901	0.20998125
	54836	0.21143712
	54709	0.21173576000000002
	56194	0.2144
	56385	0.2145
	57600	0.2145
	54715	0.21707395000000002
	54774	0.21871647
	53915	0.22188952000000003
	53989	0.2236067
	54817	0.22618247
	57742	0.2269
	58212	0.2283
	56674	0.229
	58109	0.2292
	57505	0.2316
	54932	0.23237925000000004
	58460	0.2333
	54304	0.23469371000000003
	53665	0.23529099
	56381	0.2373
	58013	0.2375
	53662	0.23906132
	54531	0.2407785
	54597	0.2418984
	56082	0.24230903
	54525	0.24279432
	54718	0.2433916
	54308	0.24451150000000002
	57769	0.2446
	54730	0.24462349
	57708	0.2451
	54923	0.24514611
	57292	0.24600470000000002
	54506	0.24626601
	53937	0.24630334000000004
	54514	0.24876712
	58644	0.24984
	56382	0.2503
	57191	0.25302274
	53666	0.25417997
	58555	0.25434
	56498	0.2549
	57818	0.2559
	54908	0.26004078
	53925	0.2620566
	54301	0.26358713
	54843	0.26414708000000003
	58472	0.26514
	53903	0.2672828
	54821	0.26746945
	54815	0.26773076
	54812	0.26817872000000004
	52681	0.26847736
	53676	0.26929862000000004
	58116	0.2715
	58301	0.27381555
	58255	0.2745
	57868	0.2749
	53660	0.27579404
	57905	0.2781
	57523	0.2789
	54399	0.28019898000000004
	54505	0.28426795
	57688	0.2846
	54736	0.28628377000000005
	56092	0.28762765
	57603	0.2881
	53585	0.28915818
	53817	0.28979279
	54596	0.29150997
	57536	0.2922
	56195	0.2942
	56380	0.2948
	54778	0.29632554
	53923	0.29640020000000006
	57093	0.29692282000000003
	54909	0.29718413000000005
	54431	0.29938660000000006
	54818	0.29972257
	57723	0.3001
	52986	0.30046917
	54513	0.30065582
	57506	0.3008
	54814	0.30203703000000004
	53651	0.30472479
	52447	0.3049861
	52424	0.30547139
	54846	0.30786051000000003
	57575	0.3079
	56164	0.3086
	58041	0.3092
	52652	0.3105856
	58418	0.3123
	58435	0.3133
	54511	0.31398263
	57012	0.31573714
	58265	0.3165
	53492	0.31786495000000003
	57655	0.3213
	54522	0.3236511
	54806	0.32432304
	57431	0.3253
	57767	0.3272
	58565	0.3276
	54755	0.3311171
	57324	0.3358
	58017	0.33835912
	58102	0.3385
	54731	0.33869509000000003
	57647	0.3396
	54540	0.34198013000000005
	58158	0.342
	58032	0.34339867
	57510	0.3475
	54910	0.34847555
	56499	0.349
	57089	0.3501554
	54737	0.35377641000000004
	54837	0.35418704
	54510	0.35795737
	54732	0.3632209
	58428	0.3634
	54841	0.36710322000000006
	58040	0.3673
	54729	0.37232942
	57447	0.3744
	58553	0.37521
	57581	0.3757
	57671	0.378
	54777	0.37807824
	54911	0.37833955
	58250	0.3784
	53906	0.38069134000000004
	53928	0.38173658
	57636	0.3833
	54832	0.38397638
	56280	0.3843
	54499	0.38498429000000006
	53860	0.38580555000000005
	54520	0.38591754000000006
	54438	0.38606686
	57249	0.387
	58114	0.3871
	57853	0.3896
	54439	0.39633261000000003
	57425	0.3975
	58214	0.403
	58359	0.403
	54734	0.40697166000000007
	54501	0.40779292000000006
	57554	0.4078
	57827	0.414
	58148	0.416
	54594	0.41641615
	53914	0.41757338000000005
	58725	0.41787
	53659	0.41910391
	54753	0.42194099000000007
	56167	0.4261
	58567	0.42678
	58030	0.42873505000000006
	57537	0.4308
	56284	0.4351
	54906	0.43642503000000005
	58369	0.4383
	56172	0.4394
	56094	0.44112861000000003
	53567	0.44135259
	54744	0.44153924000000006
	53593	0.44243516000000005
	58222	0.4441
	53929	0.44489894
	58358	0.4455
	54408	0.4490052400000001
	54752	0.44915456000000004
	54822	0.45005048000000003
	54428	0.45034912
	53580	0.45150635000000006
	58223	0.4529
	53935	0.45292489
	54816	0.45296222
	54432	0.45423144000000004
	58664	0.4545
	54905	0.46166011
	54433	0.4617721000000001
	54424	0.46218273000000004
	58034	0.46382525
	58502	0.46431000000000006
	57586	0.4686
	56084	0.4696114
	58500	0.473
	52323	0.47565886
	57481	0.4759
	53681	0.48252758
	58146	0.4853
	54749	0.48991892000000004
	54904	0.49671298
	56081	0.49921409
	56664	0.5007
	54831	0.50212583
	58264	0.5038
	58419	0.505
	54398	0.50630679
	54842	0.50638145
	54823	0.50668009
	57398	0.5086
	58503	0.50958
	52533	0.5115329900000001
	58660	0.51156
	54738	0.51336216
	54434	0.51504201
	54436	0.5166472
	57257	0.5198
	57758	0.5229
	54833	0.5250837800000001
	58221	0.5251
	58257	0.5305
	58462	0.5307
	54751	0.53213915
	58015	0.5326
	58484	0.53334
	53582	0.53467759
	57623	0.5362
	56097	0.5386
	53491	0.5402397600000001
	53934	0.5416209700000001
	52996	0.54367412
	58154	0.5441
	58259	0.5478
	58409	0.5521
	54825	0.5649895500000001
	54541	0.56562416
	53663	0.5663707600000001
	57309	0.5677
	53760	0.57253021
	56492	0.5743
	53917	0.57969757
	58367	0.5839
	53565	0.59026196
	53926	0.5927257400000001
	54830	0.5929870500000001
	54449	0.59324836
	54827	0.59545083
	52978	0.60071436
	56091	0.60519396
	52985	0.6063885200000001
	58436	0.6095
	53573	0.61195069
	58150	0.6182
	56074	0.62202979
	57773	0.6243
	57520	0.625
	57679	0.6285
	58038	0.6302
	54851	0.63229554
	58461	0.6335
	56181	0.6345
	54416	0.63505796
	58025	0.6351699500000001
	53486	0.63558058
	57409	0.6374
	56494	0.6386
	57754	0.6404
	52982	0.6439425000000001
	53488	0.6446517700000001
	53927	0.64715288
	53575	0.64719021
	57595	0.6511
	52998	0.65174447
	58241	0.652
	53594	0.6637274000000001
	57772	0.6651
	57432	0.6663
	53574	0.6665271500000001
	58450	0.66699
	56286	0.6673
	58341	0.6784
	54861	0.6804885700000001
	58468	0.68409
	53490	0.68676001
	57649	0.687
	53498	0.68791724
	58446	0.69003
	53599	0.69347941
	57326	0.6945
	58443	0.6954300000000001
	58215	0.6956
	54829	0.6976230400000001
	52988	0.69766037
	58243	0.6983
	53564	0.6984443
	57329	0.7002
	58244	0.7007
	58365	0.7045
	53930	0.7063955900000001
	57558	0.7093
	58550	0.71073
	54819	0.7117337800000001
	54834	0.71292834
	58249	0.7135
	58346	0.7176
	54852	0.7215142400000001
	58044	0.7217
	57842	0.7217
	56071	0.72397802
	54423	0.72812165
	58026	0.7299
	57493	0.73
	58224	0.7308
	58235	0.7347
	57314	0.7347
	54319	0.73932065
	57426	0.7417
	58415	0.7424
	57678	0.7424
	54727	0.74335229
	53916	0.7442482100000001
	57766	0.7453
	54412	0.74645068
	54425	0.74738393
	56080	0.7519008600000001
	58361	0.7523
	54420	0.7527594500000001
	58140	0.7536
	58441	0.7557
	57840	0.7574
	58568	0.75762
	58351	0.7602
	54406	0.76347316
	56147	0.7676
	54419	0.77213372
	54430	0.7726563399999999
	56285	0.7738
	54405	0.7741868700000001
	58442	0.7803
	52643	0.78407932
	58245	0.7849
	57589	0.7876
	58360	0.7896
	58108	0.794
	57687	0.7959
	58570	0.80325
	53499	0.8077092100000001
	54318	0.8084558100000001
	54401	0.8087544500000001
	54863	0.8233131499999999
	58234	0.8256
	57662	0.8309
	57760	0.8319
	52418	0.8326083200000001
	56189	0.8458
	54824	0.8478762900000001
	57606	0.8504
	56187	0.8523
	54759	0.8542597200000002
	58035	0.855
	57483	0.8552
	58240	0.8575
	57496	0.8658
	54764	0.8685944400000001
	57475	0.8686
	58501	0.8717
	58569	0.87489
	52656	0.8757618
	57574	0.8762
	53910	0.87736699
	53738	0.8797934399999999
	56490	0.8822
	58477	0.88227
	57640	0.8837
	58143	0.885
	58414	0.8862
	57612	0.8881
	58427	0.8958
	58047	0.9022
	58433	0.9037
	57829	0.9052
	57315	0.9084
	56093	0.92481342
	58268	0.9306
	58343	0.9309
	58467	0.9319500000000001
	57313	0.9356
	58404	0.9385
	58220	0.9439
	56178	0.9528
	54421	0.95482674
	58236	0.9717
	54410	0.9748729500000001
	58247	0.9818
	57411	0.9825
	58362	0.9856
	57477	0.9884
	57761	0.9887
	56180	0.9942
	57333	0.9964
	54765	0.99865216
	57643	1.0107
	56475	1.0285
	57585	1.0298
	58356	1.0345
	57414	1.0359
	57320	1.0394
	57860	1.051
	56158	1.0532
	58377	1.0534
	58016	1.0602
	54766	1.06050797
	57584	1.0624
	58353	1.0634
	57710	1.069
	58338	1.0722
	57633	1.073
	54826	1.0740587600000002
	57642	1.0858
	57416	1.089
	58420	1.0905
	57482	1.0935
	57565	1.0936
	58423	1.1089
	58407	1.1103
	57582	1.1113
	57663	1.1165
	52674	1.12617144
	57522	1.1519
	57417	1.1523
	58354	1.1528
	57646	1.1671
	58562	1.18305
	58416	1.1885
	57498	1.2111
	57564	1.2286
	58345	1.2312
	58269	1.2336
	57517	1.2539
	58225	1.2567
	58342	1.2633
	58230	1.2677
	57317	1.2714
	57415	1.274
	58352	1.2743
	58048	1.2947
	58366	1.2956
	58424	1.2984
	57762	1.3057
	58337	1.3079
	58049	1.3131
	58036	1.3271
	57420	1.3278
	58421	1.3336
	57763	1.3361
	56185	1.3441
	58238	1.3577
	57978	1.3626
	57583	1.3633
	58344	1.3688
	58431	1.3892
	57512	1.4139
	58402	1.4205
	58317	1.4269
	58432	1.4335
	58339	1.4399
	56480	1.4614
	58237	1.4723
	57562	1.4723
	56184	1.4956
	57399	1.5124
	57889	1.5201
	58027	1.5321
	58045	1.5344
	58746	1.5361200000000002
	57318	1.5397
	58311	1.5923
	58401	1.5989
	58321	1.6018
	56183	1.6046
	57489	1.6496
	58429	1.6651
	58306	1.6872
	57516	1.721
	58340	1.7266
	58330	1.7298
	57661	1.7333
	58242	1.7657
	56038	1.7724
	56251	1.7726
	58314	1.7855
	57771	1.8139
	57485	1.8166
	57590	1.8328
	57519	1.8393
	57413	1.8629
	58335	1.8641
	58408	1.8807
	58563	1.88559
	57635	1.9104
	58316	1.9112
	56152	1.9162
	58336	1.9615
	58334	1.9669
	57509	1.9716
	57499	2.0082
	57486	2.0113
	57511	2.0157
	58331	2.0205
	58323	2.0277
	58329	2.0551
	58320	2.0919
	58327	2.167
	57491	2.173
	58326	2.1833
	57494	2.189
	57492	2.1907
	57514	2.2376
	58319	2.264
	57513	2.3284
	57518	2.3631
	57805	2.3921
	56399	2.5175
	59315	2.8574100000000002
