	54455	-2.0286
	52998	-2.0258
	52868	-1.9099
	52995	-1.9048
	54804	-1.8426
	54766	-1.8283
	54835	-1.8127
	54142	-1.7639
	54805	-1.7332
	54454	-1.7209
	56091	-1.7149
	57011	-1.7039
	54806	-1.7018
	54327	-1.6939
	54453	-1.6936
	56092	-1.6908
	57001	-1.6715
	54777	-1.6551
	54844	-1.6504
	52863	-1.6303
	52993	-1.6244
	54778	-1.6242
	54186	-1.6232
	54846	-1.608
	54810	-1.6048
	54540	-1.6045
	55279	-1.5919
	54814	-1.5886
	57006	-1.5787
	57634	-1.5758
	54338	-1.5594
	52982	-1.551
	57198	-1.5394
	54776	-1.5266
	54815	-1.5216
	54237	-1.5092
	54816	-1.5052
	57004	-1.4949
	54334	-1.4918
	54705	-1.4905
	54803	-1.4804
	54807	-1.4784
	57195	-1.478
	54836	-1.4734
	59626	-1.4694
	54919	-1.4586
	54800	-1.4559
	54821	-1.4486
	56193	-1.4453
	54812	-1.4428
	54324	-1.4365
	52856	-1.4309
	58100	-1.4302
	54248	-1.4236
	54842	-1.42
	54820	-1.4192
	54837	-1.4173
	59501	-1.4075
	54811	-1.4067
	56171	-1.4061
	57194	-1.4053
	54828	-1.3936
	57002	-1.3923
	54331	-1.3859
	59425	-1.3798
	56844	-1.3753
	59427	-1.3731
	52869	-1.372
	53899	-1.369
	54736	-1.367
	54236	-1.3567
	59429	-1.3509
	59945	-1.3495
	53908	-1.3482
	54729	-1.3432
	54825	-1.3418
	54156	-1.3394
	57184	-1.3386
	53878	-1.3361
	54449	-1.3265
	58101	-1.3249
	57196	-1.3193
	57439	-1.3179
	54737	-1.3156
	54715	-1.3152
	59941	-1.3139
	54764	-1.3135
	54818	-1.3134
	54935	-1.3089
	57279	-1.3081
	54852	-1.2987
	54260	-1.2986
	55578	-1.2914
	58036	-1.2883
	54541	-1.2835
	54801	-1.2814
	57723	-1.2805
	54918	-1.2652
	54903	-1.2644
	54853	-1.2643
	54633	-1.2602
	59940	-1.2539
	54261	-1.2532
	56223	-1.2524
	54708	-1.2507
	54332	-1.2492
	54472	-1.2481
	57268	-1.2454
	54335	-1.2449
	54932	-1.2448
	54438	-1.2415
	54774	-1.2412
	56194	-1.2329
	54244	-1.2315
	54336	-1.2311
	54273	-1.2288
	57192	-1.2261
	54832	-1.2215
	54259	-1.2178
	54706	-1.2141
	54471	-1.2111
	56849	-1.2092
	54923	-1.206
	57297	-1.201
	54841	-1.2008
	57640	-1.1953
	53893	-1.1952
	54861	-1.195
	54452	-1.1926
	54532	-1.1922
	52885	-1.1913
	55589	-1.1897
	53896	-1.1891
	54749	-1.1873
	54921	-1.1841
	54910	-1.1834
	56835	-1.1769
	54069	-1.1748
	59107	-1.1747
	54631	-1.1746
	56190	-1.1726
	53991	-1.1715
	54855	-1.1712
	58203	-1.1706
	54223	-1.1692
	54765	-1.1674
	54319	-1.1672
	55585	-1.1672
	54226	-1.164
	50963	-1.1622
	56273	-1.1599
	57189	-1.1584
	59750	-1.1558
	54436	-1.1551
	57014	-1.1531
	57637	-1.1499
	54808	-1.1458
	54432	-1.1453
	58113	-1.1452
	56840	-1.1407
	57646	-1.1399
	53995	-1.1393
	57188	-1.139
	54822	-1.1327
	54911	-1.1319
	54843	-1.1318
	57292	-1.1308
	52943	-1.1297
	54363	-1.1276
	57438	-1.127
	56948	-1.1265
	53898	-1.1257
	54660	-1.1245
	57093	-1.1245
	53906	-1.1223
	59315	-1.1222
	58041	-1.1217
	54830	-1.1164
	56389	-1.1154
	56839	-1.1152
	58002	-1.1109
	53998	-1.1085
	54826	-1.107
	54325	-1.1067
	58038	-1.1044
	54900	-1.0986
	53707	-1.0953
	54833	-1.093
	57636	-1.0904
	52986	-1.0896
	58047	-1.0896
	54703	-1.0869
	57012	-1.0853
	54922	-1.0851
	54434	-1.0811
	58104	-1.08
	54475	-1.0794
	54901	-1.0791
	54871	-1.0788
	53997	-1.0754
	50954	-1.074
	53996	-1.0729
	54252	-1.0718
	54905	-1.0671
	57633	-1.065
	57253	-1.064
	54732	-1.0607
	54730	-1.0589
	58030	-1.0587
	53773	-1.0585
	54164	-1.0556
	54943	-1.0548
	54902	-1.0465
	57156	-1.0444
	57251	-1.0444
	54522	-1.0434
	54920	-1.0398
	57294	-1.0349
	54181	-1.0329
	57186	-1.0325
	55299	-1.0321
	58107	-1.032
	54914	-1.0317
	57642	-1.0317
	54632	-1.0301
	59838	-1.0253
	54274	-1.025
	53967	-1.0244
	58021	-1.0231
	57197	-1.0228
	57293	-1.0196
	54470	-1.0182
	54285	-1.0138
	56838	-1.0134
	54049	-1.0121
	54606	-1.0115
	56016	-1.0108
	58109	-1.0091
	54945	-1.0012
	57274	-0.9971
	54857	-0.9952
	56173	-0.995
	57175	-0.9902
	53992	-0.9901
	56021	-0.9898
	53799	-0.9893
	58035	-0.989
	56278	-0.9841
	56284	-0.9838
	54702	-0.9829
	54609	-0.9786
	54916	-0.9762
	58202	-0.9754
	55773	-0.9749
	59297	-0.9726
	54187	-0.9721
	58323	-0.9719
	54824	-0.9718
	57278	-0.9707
	54362	-0.9684
	57265	-0.9662
	58013	-0.966
	56093	-0.9656
	59109	-0.9655
	54731	-0.9649
	56378	-0.9624
	57541	-0.9612
	57281	-0.9604
	54267	-0.9559
	54712	-0.9555
	54249	-0.9541
	59849	-0.9533
	52988	-0.9516
	56018	-0.9484
	58108	-0.948
	55591	-0.9473
	53989	-0.9471
	58102	-0.9447
	54722	-0.9446
	56281	-0.9415
	54704	-0.9404
	54834	-0.9391
	57298	-0.9386
	54320	-0.9377
	54929	-0.9367
	59500	-0.9354
	57295	-0.9342
	56071	-0.9316
	54165	-0.9232
	54927	-0.9232
	57016	-0.9232
	57102	-0.9231
	53890	-0.9229
	56082	-0.9228
	56543	-0.9215
	54351	-0.9204
	55664	-0.9197
	54342	-0.9195
	50880	-0.919
	54734	-0.9174
	56946	-0.917
	58130	-0.916
	54906	-0.9132
	53897	-0.9116
	56285	-0.9115
	56287	-0.9083
	59426	-0.9082
	54569	-0.9062
	56065	-0.9039
	54912	-0.9032
	56386	-0.9029
	57543	-0.9025
	54225	-0.9007
	56079	-0.899
	58012	-0.8937
	53884	-0.8889
	59635	-0.8889
	54439	-0.8877
	53392	-0.8872
	54917	-0.8839
	56944	-0.8831
	57260	-0.8827
	53817	-0.8825
	57106	-0.8782
	53806	-0.8768
	57077	-0.8759
	54584	-0.8728
	52957	-0.8712
	52972	-0.8711
	54333	-0.8707
	50953	-0.8703
	54851	-0.8666
	59848	-0.8647
	52996	-0.8622
	57655	-0.862
	56381	-0.8607
	54525	-0.859
	57734	-0.8565
	56043	-0.8558
	57008	-0.855
	58114	-0.8536
	57661	-0.8535
	54132	-0.8493
	57271	-0.8487
	57091	-0.8485
	52984	-0.8483
	57623	-0.8483
	54094	-0.8472
	56571	-0.8458
	57204	-0.8456
	53894	-0.8451
	56279	-0.8439
	54365	-0.8438
	54718	-0.8377
	56164	-0.8363
	58122	-0.836
	57273	-0.8352
	57177	-0.8348
	54628	-0.8329
	54568	-0.8326
	57090	-0.8261
	54707	-0.8233
	59631	-0.8217
	56384	-0.8209
	54276	-0.8196
	53993	-0.8194
	56966	-0.8173
	59851	-0.8172
	58131	-0.815
	57007	-0.8143
	54751	-0.8126
	58111	-0.8118
	57179	-0.809
	54286	-0.8089
	57370	-0.8084
	57464	-0.8081
	57663	-0.8058
	54494	-0.8038
	50603	-0.8005
	55437	-0.8001
	54486	-0.7993
	57363	-0.7967
	57643	-0.7965
	59318	-0.7965
	54493	-0.7964
	54714	-0.7952
	56331	-0.7941
	56192	-0.7939
	57361	-0.7939
	54823	-0.7929
	57296	-0.7913
	56029	-0.7905
	54437	-0.7889
	58015	-0.7876
	54154	-0.786
	59097	-0.7831
	53882	-0.7825
	57285	-0.7803
	57540	-0.7798
	56186	-0.7779
	54849	-0.7746
	57447	-0.7745
	54817	-0.7741
	53891	-0.7739
	54539	-0.7732
	54717	-0.7718
	54915	-0.771
	53994	-0.7696
	58207	-0.7682
	50884	-0.767
	58006	-0.7647
	54738	-0.7644
	53983	-0.7643
	56151	-0.7638
	54172	-0.7628
	54339	-0.7623
	56094	-0.7605
	54349	-0.7574
	53917	-0.7548
	50788	-0.7546
	58032	-0.7495
	58118	-0.7478
	50968	-0.747
	57458	-0.7444
	57348	-0.7437
	57176	-0.7423
	57558	-0.741
	54829	-0.7409
	54925	-0.7393
	54907	-0.7391
	58221	-0.7365
	56533	-0.7359
	54909	-0.7351
	57162	-0.7351
	54318	-0.7345
	58007	-0.7338
	57099	-0.7322
	57169	-0.7315
	54231	-0.7308
	54065	-0.7304
	54590	-0.7304
	54064	-0.7294
	56969	-0.7287
	54134	-0.7268
	58034	-0.7254
	50879	-0.7237
	54377	-0.7222
	57187	-0.7219
	54161	-0.7195
	50888	-0.7187
	55593	-0.7187
	58116	-0.7184
	54347	-0.7166
	56084	-0.7165
	57625	-0.711
	53883	-0.7084
	58212	-0.7077
	54640	-0.7069
	55493	-0.7035
	57460	-0.7029
	57537	-0.7029
	56106	-0.7027
	57021	-0.7019
	50962	-0.7012
	54575	-0.7012
	50960	-0.7002
	57647	-0.6999
	52895	-0.6996
	53697	-0.6979
	53785	-0.6972
	58223	-0.6955
	58011	-0.6926
	52985	-0.6909
	54386	-0.689
	57129	-0.6876
	57564	-0.6858
	53914	-0.6853
	56195	-0.6808
	57657	-0.6798
	58026	-0.6798
	54304	-0.6795
	56950	-0.6739
	54531	-0.6732
	52875	-0.6708
	57256	-0.6705
	58214	-0.6659
	56247	-0.6633
	58045	-0.6616
	52955	-0.6565
	53881	-0.6527
	54662	-0.6523
	52908	-0.6504
	54113	-0.6494
	54290	-0.6475
	53738	-0.6469
	58210	-0.6468
	58246	-0.6457
	57395	-0.6444
	58044	-0.6401
	53798	-0.6376
	53727	-0.6368
	54521	-0.6362
	59096	-0.631
	59298	-0.629
	52754	-0.6273
	58117	-0.6266
	56989	-0.624
	53926	-0.6231
	50949	-0.6208
	54716	-0.6201
	54483	-0.6187
	59304	-0.6175
	59227	-0.6157
	56842	-0.6153
	53961	-0.6125
	58126	-0.6125
	56097	-0.611
	56228	-0.61
	58017	-0.6088
	57185	-0.6067
	59316	-0.6064
	54337	-0.606
	57254	-0.6029
	56067	-0.5989
	54416	-0.5987
	57290	-0.5987
	51058	-0.5985
	53781	-0.5973
	53895	-0.5966
	57261	-0.5965
	58040	-0.5959
	53937	-0.5942
	57445	-0.5911
	56251	-0.5905
	57183	-0.59
	53941	-0.5884
	54169	-0.5883
	58127	-0.5855
	50618	-0.584
	53796	-0.581
	52896	-0.5798
	59502	-0.5794
	58141	-0.5773
	59421	-0.5766
	56125	-0.574
	55655	-0.5731
	53578	-0.573
	58205	-0.5728
	58301	-0.5721
	51542	-0.5709
	56841	-0.5706
	56081	-0.5705
	57574	-0.5693
	57566	-0.5689
	53959	-0.5674
	56074	-0.5647
	56836	-0.5646
	54709	-0.5635
	58222	-0.5621
	58008	-0.5618
	58125	-0.5605
	53810	-0.5595
	53892	-0.5592
	56128	-0.558
	59314	-0.5569
	52980	-0.5566
	53651	-0.5555
	59417	-0.5553
	57003	-0.5529
	59435	-0.5525
	56181	-0.5503
	54711	-0.5461
	58220	-0.5458
	53966	-0.5439
	58025	-0.5411
	58330	-0.5397
	53083	-0.5394
	57720	-0.5387
	53391	-0.5386
	57359	-0.5386
	54039	-0.5385
	58016	-0.537
	56843	-0.5366
	56748	-0.5344
	57182	-0.5335
	54511	-0.533
	57127	-0.5316
	58048	-0.5305
	56189	-0.5285
	57461	-0.528
	54601	-0.5272
	57193	-0.5271
	57662	-0.5271
	57669	-0.5269
	53797	-0.5265
	53790	-0.5255
	54080	-0.5254
	56395	-0.5254
	57722	-0.5218
	53861	-0.5208
	58311	-0.515
	59324	-0.5138
	54157	-0.509
	58666	-0.5087
	56371	-0.5077
	57245	-0.5065
	57154	-0.506
	54308	-0.5055
	54243	-0.5043
	56462	-0.4991
	54520	-0.4982
	57191	-0.497
	59306	-0.497
	54431	-0.4969
	57606	-0.4969
	53778	-0.4966
	54627	-0.492
	57242	-0.4908
	54213	-0.4892
	53362	-0.4882
	53775	-0.4877
	56046	-0.4864
	57299	-0.4864
	54323	-0.4855
	54063	-0.4825
	57396	-0.4823
	56080	-0.4817
	54940	-0.4802
	56487	-0.4785
	54608	-0.4783
	58215	-0.4778
	53866	-0.4761
	52963	-0.4742
	54076	-0.473
	54218	-0.4729
	56137	-0.472
	54644	-0.4715
	59317	-0.4708
	53786	-0.4702
	54535	-0.4693
	58665	-0.4692
	50776	-0.4681
	50978	-0.4654
	57180	-0.465
	50965	-0.4641
	54398	-0.4635
	53577	-0.4631
	58316	-0.4626
	53974	-0.4618
	59632	-0.4618
	57740	-0.4615
	53399	-0.4602
	56376	-0.4588
	59312	-0.4556
	56641	-0.4554
	58003	-0.4549
	50936	-0.4528
	53368	-0.452
	50979	-0.4517
	50862	-0.4513
	57098	-0.4511
	56197	-0.4493
	54701	-0.4484
	52853	-0.4464
	54026	-0.4445
	58129	-0.4439
	57462	-0.4436
	57469	-0.4433
	50524	-0.4428
	57544	-0.4421
	54752	-0.442
	50948	-0.4399
	53963	-0.4391
	57078	-0.4386
	57522	-0.4373
	50787	-0.4372
	59310	-0.4372
	54135	-0.436
	53865	-0.4352
	53564	-0.4345
	57465	-0.4343
	57926	-0.4342
	54027	-0.4328
	56474	-0.4308
	54374	-0.4294
	56307	-0.4291
	54626	-0.4289
	59419	-0.4286
	52884	-0.4284
	57173	-0.4275
	56144	-0.4273
	56298	-0.4219
	53864	-0.4215
	56548	-0.421
	53787	-0.4201
	50955	-0.4196
	54617	-0.4195
	54710	-0.4185
	53954	-0.4183
	53664	-0.417
	57577	-0.4161
	57390	-0.4157
	59954	-0.4152
	57713	-0.4136
	53886	-0.4133
	58128	-0.4129
	56095	-0.4118
	50527	-0.4116
	54534	-0.4098
	57045	-0.4084
	58342	-0.4065
	57022	-0.4056
	53903	-0.4051
	54563	-0.4033
	57694	-0.4032
	58244	-0.3994
	53947	-0.399
	56958	-0.3984
	53764	-0.3975
	57385	-0.3972
	56280	-0.3941
	58340	-0.3937
	53928	-0.393
	50940	-0.3924
	54171	-0.3913
	54195	-0.3911
	54234	-0.3909
	58314	-0.3901
	57477	-0.3889
	53927	-0.3886
	54115	-0.3884
	58208	-0.3883
	50928	-0.387
	56962	-0.3864
	56483	-0.3848
	56854	-0.3843
	54476	-0.3839
	58004	-0.3839
	57575	-0.3832
	57545	-0.383
	53466	-0.3827
	58320	-0.3814
	54047	-0.3797
	58024	-0.3779
	58236	-0.3778
	53562	-0.3774
	50985	-0.377
	57378	-0.377
	54346	-0.3767
	58331	-0.3757
	53352	-0.3756
	59640	-0.3751
	57111	-0.3738
	58321	-0.3735
	56034	-0.3725
	57752	-0.3703
	54093	-0.3696
	51701	-0.369
	54284	-0.3675
	58760	-0.3675
	53705	-0.3667
	51356	-0.3648
	53821	-0.3647
	54624	-0.3645
	56096	-0.3635
	52657	-0.3633
	56480	-0.3632
	53567	-0.3628
	53944	-0.3624
	59303	-0.3622
	53791	-0.3621
	55690	-0.3604
	57178	-0.3577
	57039	-0.3557
	53446	-0.3538
	54501	-0.3537
	58329	-0.353
	56152	-0.3506
	57635	-0.3485
	56959	-0.3471
	53673	-0.347
	53923	-0.346
	53964	-0.3441
	56196	-0.3439
	54371	-0.3438
	57153	-0.3436
	57649	-0.3428
	57217	-0.3417
	54506	-0.3411
	58005	-0.3406
	50871	-0.3398
	58341	-0.3395
	54596	-0.3392
	57688	-0.339
	53463	-0.3387
	58664	-0.3371
	58020	-0.3368
	57105	-0.3363
	56188	-0.3337
	54938	-0.3331
	53958	-0.333
	50772	-0.3329
	58255	-0.3323
	53754	-0.332
	54713	-0.3309
	56961	-0.3281
	57554	-0.3247
	53464	-0.3218
	58327	-0.3205
	57803	-0.3197
	59092	-0.3191
	57658	-0.3185
	57211	-0.3179
	50673	-0.3176
	50964	-0.3161
	51495	-0.3141
	56396	-0.3128
	56385	-0.3119
	57055	-0.3111
	58132	-0.3111
	57408	-0.3108
	57717	-0.3066
	56202	-0.3032
	56752	-0.303
	54623	-0.3023
	57345	-0.3022
	58336	-0.302
	56263	-0.3016
	54611	-0.3007
	59431	-0.3004
	57047	-0.2992
	53543	-0.2987
	57536	-0.2977
	53986	-0.2961
	56390	-0.2952
	53480	-0.2949
	56693	-0.2929
	57257	-0.2919
	54072	-0.2913
	59313	-0.2911
	53487	-0.2903
	53868	-0.2888
	59321	-0.2857
	58135	-0.2856
	57584	-0.2848
	57113	-0.284
	59087	-0.2834
	53195	-0.2833
	54700	-0.2831
	55248	-0.2809
	50756	-0.2798
	59093	-0.2751
	56257	-0.2746
	59130	-0.2723
	54502	-0.2718
	58352	-0.2712
	57743	-0.2699
	56434	-0.2689
	57110	-0.2675
	50425	-0.2673
	53949	-0.2641
	59237	-0.2641
	53348	-0.2632
	56382	-0.2625
	57096	-0.259
	53576	-0.2582
	53934	-0.2569
	51633	-0.2558
	57671	-0.2555
	57181	-0.2548
	59843	-0.2538
	57585	-0.2537
	54433	-0.2524
	53593	-0.2501
	50647	-0.2466
	53698	-0.2453
	56267	-0.2423
	57736	-0.241
	54619	-0.2406
	56198	-0.2405
	53957	-0.2401
	58667	-0.2389
	56045	-0.2388
	57082	-0.2373
	56742	-0.2372
	53784	-0.2368
	54102	-0.2354
	59854	-0.2353
	52765	-0.2297
	53770	-0.2269
	57731	-0.2265
	59492	-0.2264
	58225	-0.2249
	57075	-0.2244
	54636	-0.2237
	53829	-0.2196
	53467	-0.2194
	57213	-0.2187
	52446	-0.2183
	53774	-0.218
	57824	-0.2174
	56168	-0.217
	51636	-0.2164
	50958	-0.2132
	59290	-0.2131
	53988	-0.2128
	52787	-0.2118
	56643	-0.2114
	53948	-0.2084
	53646	-0.2077
	53735	-0.2073
	50867	-0.2069
	57425	-0.2048
	58656	-0.2034
	54530	-0.2032
	54292	-0.2025
	57132	-0.2005
	54620	-0.1996
	50745	-0.1966
	54510	-0.1958
	58001	-0.1953
	58339	-0.1924
	50854	-0.191
	51437	-0.191
	57259	-0.1867
	53689	-0.1865
	53579	-0.1846
	58907	-0.1837
	50934	-0.1836
	57081	-0.1821
	58247	-0.182
	52674	-0.1806
	56004	-0.1798
	57144	-0.1793
	53962	-0.1785
	57119	-0.1772
	58242	-0.1771
	57076	-0.1761
	53772	-0.1754
	52323	-0.1744
	51438	-0.1741
	56380	-0.1735
	58224	-0.1726
	57486	-0.1723
	58237	-0.1723
	58245	-0.1718
	53862	-0.1707
	54507	-0.1682
	57415	-0.1679
	54603	-0.1672
	58138	-0.1655
	53859	-0.1654
	57708	-0.1651
	58240	-0.1647
	50767	-0.1632
	53676	-0.163
	52737	-0.1594
	52447	-0.159
	59099	-0.1582
	58326	-0.1577
	51358	-0.1572
	50778	-0.1559
	58250	-0.1548
	57060	-0.1546
	57038	-0.1544
	57155	-0.1541
	54474	-0.1531
	58344	-0.1506
	53945	-0.1502
	57041	-0.15
	53420	-0.1496
	53852	-0.1496
	59855	-0.1491
	53704	-0.1484
	50431	-0.1476
	57067	-0.1476
	58509	-0.1475
	56976	-0.1463
	58022	-0.1463
	59319	-0.145
	50526	-0.1448
	59218	-0.1434
	53984	-0.142
	57995	-0.1418
	54602	-0.141
	56582	-0.141
	54533	-0.1407
	59106	-0.1405
	57562	-0.14
	50946	-0.1397
	51711	-0.1361
	56297	-0.135
	54579	-0.1342
	51639	-0.1334
	50973	-0.1329
	59320	-0.1324
	53680	-0.1323
	50858	-0.1318
	58306	-0.1299
	52784	-0.1288
	54254	-0.1226
	57432	-0.1224
	51704	-0.122
	56646	-0.1209
	52418	-0.1192
	57710	-0.1192
	54497	-0.1178
	52707	-0.115
	57025	-0.1141
	56383	-0.114
	58265	-0.1125
	59847	-0.1123
	56167	-0.1122
	57362	-0.111
	54613	-0.1105
	57040	-0.1104
	56746	-0.1097
	53690	-0.1082
	52876	-0.107
	53599	-0.1066
	51068	-0.1059
	57086	-0.1056
	59293	-0.105
	56444	-0.1025
	55228	-0.1015
	56185	-0.1013
	50945	-0.1011
	58143	-0.1001
	57475	-0.0992
	56182	-0.095
	56147	-0.0947
	53740	-0.0935
	56492	-0.0933
	56475	-0.093
	59757	-0.0906
	52836	-0.0889
	57080	-0.088
	58453	-0.0875
	52978	-0.0871
	57523	-0.0869
	58147	-0.0832
	53783	-0.0778
	54404	-0.0777
	58269	-0.077
	57492	-0.0755
	53910	-0.075
	57027	-0.0747
	54515	-0.0733
	56757	-0.0732
	51357	-0.0717
	59294	-0.0695
	53956	-0.0677
	57066	-0.0669
	53782	-0.0666
	50844	-0.0639
	57046	-0.0612
	57381	-0.0603
	53916	-0.059
	57037	-0.0586
	50742	-0.0585
	53588	-0.0584
	50514	-0.0559
	57231	-0.0555
	56295	-0.0546
	58354	-0.0544
	58249	-0.0532
	54594	-0.0521
	53663	-0.0502
	59127	-0.0492
	56187	-0.049
	59090	-0.0482
	58334	-0.048
	57571	-0.0475
	56272	-0.0467
	59322	-0.0467
	50758	-0.0456
	50525	-0.0423
	57020	-0.0417
	54939	-0.0409
	59215	-0.0409
	51708	-0.0391
	59842	-0.0389
	52633	-0.0369
	56116	-0.035
	52866	-0.0338
	53687	-0.0334
	54293	-0.0333
	57355	-0.0326
	53856	-0.0316
	58345	-0.0296
	57049	-0.024
	53789	-0.0239
	57674	-0.0238
	57087	-0.023
	50834	-0.0229
	57483	-0.0216
	53975	-0.0205
	57126	-0.0194
	58027	-0.0174
	53853	-0.0168
	54616	-0.0154
	59754	-0.0139
	57409	-0.0128
	50861	-0.0118
	56964	-0.0085
	58429	-0.0083
	53596	-0.0081
	53433	-0.0076
	58230	-0.0072
	53950	-0.0061
	57206	-0.0061
	57094	-0.0047
	58234	-0.0032
	56592	-0.0029
	51705	-0.0027
	57437	-0.0022
	57042	0.0030
	50838	0.0046
	54605	0.0057
	50878	0.0079
	57233	0.0082
	52267	0.0102
	58436	0.0114
	52645	0.0135
	59493	0.0138
	51802	0.0139
	57800	0.0143
	54512	0.0151
	57079	0.0153
	59122	0.0163
	59228	0.0175
	53776	0.0181
	53367	0.0239
	53685	0.0243
	58928	0.0248
	58442	0.0274
	57793	0.028
	54041	0.0291
	56774	0.0294
	58335	0.0309
	50950	0.0315
	53594	0.0332
	54604	0.0337
	53502	0.0356
	57786	0.0361
	53985	0.0373
	51709	0.0394
	53696	0.0399
	50853	0.0414
	57303	0.0418
	56498	0.0434
	58449	0.0444
	54517	0.0463
	53513	0.0471
	53915	0.0472
	57048	0.0473
	58049	0.0474
	53693	0.0511
	57678	0.0512
	57043	0.0515
	52797	0.0516
	54614	0.0531
	50434	0.0548
	56399	0.0561
	57525	0.0571
	57614	0.0593
	53942	0.0594
	54205	0.0611
	51642	0.0625
	53877	0.0639
	58243	0.0645
	54612	0.0648
	50833	0.0662
	53953	0.0663
	54519	0.0665
	59229	0.0672
	58441	0.0675
	53384	0.0681
	54208	0.0681
	51716	0.0724
	57065	0.0726
	57216	0.073
	58421	0.073
	54117	0.0737
	58257	0.0742
	54518	0.0743
	57583	0.0747
	58534	0.075
	58150	0.0754
	52889	0.0767
	57304	0.0778
	50873	0.0781
	57581	0.0786
	50739	0.0789
	58402	0.0801
	57248	0.0813
	51087	0.0816
	51060	0.0818
	54523	0.0831
	58139	0.084
	57052	0.0842
	57033	0.0844
	56595	0.0849
	56478	0.0858
	58319	0.0858
	58351	0.0877
	56394	0.0885
	53938	0.0889
	50832	0.0917
	50632	0.0918
	57368	0.0936
	57805	0.0939
	58472	0.0948
	56391	0.0958
	57083	0.0976
	51436	0.0979
	57232	0.0984
	57089	0.099
	59647	0.1
	57339	0.1001
	54618	0.1005
	56276	0.1017
	52495	0.1023
	56745	0.1027
	53478	0.1031
	50557	0.1034
	57143	0.105
	58353	0.105
	53149	0.107
	57407	0.1079
	59131	0.108
	57029	0.109
	58264	0.1103
	56970	0.1115
	58459	0.1122
	56688	0.1126
	57773	0.1127
	54514	0.1129
	58254	0.1129
	58238	0.1135
	56158	0.1155
	57582	0.1157
	54499	0.1183
	53231	0.1191
	58605	0.1191
	59124	0.1206
	56443	0.121
	53955	0.1224
	57034	0.1238
	53490	0.1253
	52576	0.126
	54399	0.1271
	58416	0.1274
	53699	0.1299
	57590	0.13
	58251	0.13
	57387	0.1316
	59644	0.1331
	57499	0.1359
	56898	0.1364
	53337	0.1424
	57573	0.1428
	55696	0.1478
	58140	0.148
	58235	0.1492
	57732	0.1501
	51644	0.1513
	57377	0.1519
	52557	0.1521
	50727	0.1525
	51765	0.1537
	56951	0.1558
	51330	0.156
	54527	0.1581
	51777	0.1594
	54597	0.1594
	56756	0.1596
	53976	0.1622
	50915	0.1632
	57520	0.168
	57586	0.168
	56180	0.1685
	57907	0.1685
	54214	0.1696
	57781	0.1722
	53695	0.1728
	57084	0.1733
	54621	0.1747
	56312	0.1755
	57388	0.1757
	53780	0.1806
	50468	0.1814
	57414	0.182
	50774	0.1832
	54505	0.1847
	57680	0.1852
	53874	0.1854
	58569	0.1869
	50937	0.1871
	57714	0.1891
	57821	0.1914
	57913	0.1926
	56485	0.1933
	58659	0.1934
	50353	0.1949
	58448	0.1958
	57249	0.196
	58431	0.1966
	59094	0.1972
	57604	0.1982
	58343	0.2021
	52424	0.2044
	57822	0.2048
	54615	0.2049
	57476	0.2061
	57989	0.2063
	57780	0.2077
	57095	0.2079
	53682	0.2084
	54528	0.2108
	53580	0.2118
	52974	0.2119
	57035	0.2127
	57124	0.2134
	52313	0.2138
	56977	0.2159
	56459	0.2173
	56665	0.2178
	53486	0.2183
	59017	0.2183
	51707	0.2187
	53970	0.2187
	57513	0.2203
	57247	0.2206
	57728	0.2208
	53324	0.223
	56594	0.2241
	59117	0.2243
	51352	0.2244
	52681	0.2244
	57481	0.2258
	51814	0.2297
	50775	0.2314
	52833	0.2325
	57921	0.2345
	53771	0.2349
	53691	0.2384
	57057	0.2413
	57741	0.2421
	56374	0.2423
	51053	0.2425
	59470	0.2434
	58360	0.2443
	54610	0.245
	59285	0.2456
	58520	0.2488
	56973	0.2489
	57072	0.2504
	56575	0.2512
	57903	0.2512
	54410	0.2529
	57813	0.2536
	59269	0.2547
	57922	0.2558
	56851	0.2573
	51855	0.2595
	57023	0.2596
	59289	0.2602
	52652	0.2603
	53860	0.2605
	57056	0.261
	57028	0.2612
	59125	0.2618
	57140	0.2628
	56199	0.2646
	56227	0.2655
	54192	0.2659
	52679	0.2676
	58432	0.2687
	57698	0.2701
	57846	0.2708
	54719	0.2713
	56178	0.2724
	58542	0.2726
	58567	0.2733
	56387	0.2754
	57509	0.2764
	50639	0.2766
	51186	0.2774
	58602	0.2785
	54406	0.2791
	57326	0.2793
	58751	0.2806
	51629	0.2815
	59951	0.2824
	57137	0.2845
	53336	0.2854
	54503	0.2876
	59082	0.2891
	58241	0.2895
	57026	0.29
	51359	0.2907
	56856	0.2909
	57814	0.2921
	56846	0.2931
	59091	0.2941
	50892	0.2943
	57871	0.2948
	56578	0.2968
	53725	0.2984
	59845	0.2992
	57605	0.2995
	57416	0.3
	51346	0.3014
	53982	0.3042
	56996	0.3055
	54622	0.3084
	52546	0.3092
	58510	0.3095
	57071	0.3096
	50564	0.31
	56183	0.3121
	57985	0.3131
	57990	0.3143
	57699	0.3153
	51829	0.3158
	58501	0.317
	51243	0.318
	57682	0.3201
	53505	0.3214
	57358	0.3217
	57719	0.3217
	57910	0.3228
	57466	0.3234
	57070	0.3236
	58929	0.3238
	58531	0.3248
	51828	0.3249
	57489	0.3252
	58500	0.3256
	57988	0.3278
	51810	0.329
	56569	0.3291
	53850	0.3295
	58658	0.3303
	59113	0.3304
	53617	0.3306
	58268	0.3307
	59270	0.3319
	56586	0.3324
	51827	0.333
	57512	0.3332
	56567	0.3344
	57738	0.3362
	57237	0.3404
	57208	0.3426
	58146	0.3426
	54321	0.3432
	57842	0.3434
	57666	0.3444
	58612	0.346
	57900	0.3463
	57996	0.3478
	56489	0.3483
	53854	0.3486
	58145	0.3491
	57517	0.3495
	57600	0.3509
	58401	0.3547
	57612	0.3558
	50939	0.3581
	57914	0.3585
	59209	0.3589
	51076	0.36
	56952	0.3614
	56670	0.3641
	59102	0.3648
	52533	0.3659
	56584	0.3663
	54607	0.3668
	51804	0.3674
	58607	0.3678
	50851	0.368
	57502	0.3682
	57589	0.3693
	54401	0.3698
	51477	0.3715
	53529	0.3743
	58337	0.3745
	57309	0.3748
	54031	0.3753
	56675	0.3754
	57417	0.3765
	51377	0.3776
	58938	0.379
	54012	0.3808
	57426	0.3826
	51526	0.3846
	53692	0.3897
	57482	0.3905
	57313	0.3981
	57030	0.3982
	59137	0.3989
	50859	0.4022
	57916	0.4068
	51818	0.4071
	58377	0.408
	57906	0.4087
	56673	0.4107
	59126	0.4111
	57915	0.4118
	57911	0.4154
	56775	0.4161
	59856	0.4183
	53517	0.4202
	56792	0.4216
	57032	0.4247
	50548	0.428
	57993	0.4307
	58843	0.4309
	58433	0.4313
	51717	0.433
	51811	0.4331
	58457	0.4339
	57085	0.4348
	52607	0.4363
	57816	0.4393
	57923	0.4398
	57991	0.4406
	57737	0.4423
	51572	0.4425
	52661	0.4444
	56499	0.4449
	53968	0.4475
	56986	0.4475
	57811	0.4481
	59487	0.4489
	57493	0.4508
	53602	0.4512
	58259	0.4522
	56671	0.4535
	57829	0.454
	57031	0.4552
	58158	0.4557
	57306	0.4592
	54645	0.4598
	54291	0.4603
	51826	0.4624
	53533	0.4628
	50656	0.464
	56949	0.4667
	56761	0.4678
	58905	0.4773
	58657	0.4835
	57796	0.4845
	51559	0.4857
	58917	0.488
	50658	0.4881
	55472	0.4882
	51435	0.4884
	51815	0.4889
	58752	0.4893
	53612	0.4927
	51241	0.4931
	56172	0.4952
	57315	0.4955
	57792	0.4961
	58503	0.4961
	56286	0.4972
	59004	0.4983
	51581	0.4999
	58936	0.5014
	57511	0.502
	56954	0.5044
	52643	0.505
	58931	0.506
	57735	0.5064
	59205	0.5067
	57908	0.5085
	57349	0.5112
	51156	0.5113
	57912	0.5135
	50983	0.5156
	54513	0.5162
	58356	0.5178
	56580	0.5192
	51353	0.5203
	57128	0.5207
	58419	0.5216
	58338	0.5221
	52656	0.5226
	57518	0.524
	53930	0.5244
	57318	0.5259
	56596	0.5271
	57494	0.5277
	52825	0.5285
	57941	0.5333
	59656	0.5345
	58358	0.5354
	59264	0.5378
	57992	0.5388
	53619	0.5412
	59033	0.5423
	57679	0.5438
	57947	0.5447
	56889	0.5453
	50442	0.5457
	51567	0.5457
	58404	0.5459
	59116	0.5477
	59278	0.5493
	58926	0.5497
	57054	0.5525
	53929	0.5545
	59001	0.558
	57324	0.5581
	57451	0.5581
	56739	0.5594
	58148	0.5594
	58502	0.5597
	57771	0.5613
	56691	0.5622
	57507	0.5645
	58438	0.5658
	57598	0.5662
	57431	0.5664
	50136	0.5679
	58477	0.5687
	57609	0.5697
	53723	0.5698
	59268	0.5705
	56357	0.5713
	58600	0.5715
	57485	0.5751
	57595	0.5763
	59287	0.5795
	56652	0.5796
	51571	0.5833
	50247	0.5847
	51059	0.5855
	57329	0.5894
	59088	0.592
	57927	0.5946
	59948	0.5946
	50779	0.595
	58362	0.5954
	59266	0.5957
	57496	0.5968
	57565	0.5983
	59224	0.5989
	59256	0.6023
	59114	0.6043
	57774	0.6069
	58550	0.6079
	56763	0.61
	57687	0.6117
	56645	0.614
	58646	0.6162
	51573	0.6179
	57343	0.6219
	58420	0.6241
	57328	0.6244
	57777	0.6245
	55680	0.626
	56982	0.6278
	57886	0.6287
	57889	0.6315
	56674	0.6334
	51378	0.6389
	56585	0.6394
	57761	0.6424
	58414	0.6463
	51369	0.6468
	58317	0.6502
	57739	0.6508
	57754	0.6526
	57308	0.6531
	57320	0.6548
	53618	0.6566
	51628	0.6567
	58427	0.6596
	59284	0.6613
	56863	0.6627
	51720	0.6636
	57718	0.6647
	59488	0.6655
	59650	0.6662
	56184	0.6672
	57673	0.6674
	51627	0.6687
	58606	0.6695
	57825	0.6724
	58543	0.6724
	58627	0.6758
	51365	0.6759
	58626	0.6804
	56777	0.6824
	51656	0.6877
	57399	0.6884
	57510	0.689
	58446	0.6915
	57696	0.6935
	58923	0.6949
	51238	0.6958
	58701	0.6971
	56593	0.6974
	59462	0.6985
	57832	0.6986
	52203	0.6988
	58527	0.7024
	58570	0.7038
	57976	0.7075
	51232	0.7077
	57742	0.7089
	57389	0.7102
	50445	0.7121
	56669	0.7128
	57307	0.7129
	58415	0.7129
	59758	0.713
	58608	0.7142
	56881	0.7149
	58428	0.7159
	56869	0.7176
	57899	0.7183
	58409	0.7188
	57994	0.719
	57398	0.7226
	58154	0.7249
	51931	0.7267
	57909	0.7277
	57827	0.7286
	56751	0.7306
	59446	0.7345
	57936	0.7349
	51433	0.7358
	57729	0.7364
	58934	0.737
	58366	0.7373
	51367	0.7404
	53419	0.7408
	57498	0.7454
	58609	0.7457
	58918	0.7459
	58508	0.748
	58544	0.7516
	59015	0.7527
	53512	0.7532
	57948	0.7549
	57902	0.7604
	58944	0.7605
	51334	0.7611
	58365	0.7666
	58346	0.7693
	57895	0.77
	57768	0.7714
	52968	0.7741
	57860	0.7758
	59081	0.7759
	58556	0.7764
	52112	0.777
	58359	0.7788
	59021	0.7799
	57779	0.7824
	58407	0.7831
	58932	0.7869
	59664	0.7884
	50246	0.7899
	57769	0.7903
	58454	0.791
	57707	0.7925
	58568	0.7937
	57074	0.7952
	56651	0.797
	58601	0.8003
	56992	0.8009
	52515	0.8037
	56296	0.8055
	56793	0.8066
	58523	0.8085
	56991	0.8095
	58426	0.8106
	57872	0.8206
	58629	0.8218
	57744	0.8224
	56885	0.8263
	57853	0.8275
	59134	0.8281
	57971	0.8283
	58517	0.8285
	53978	0.8289
	57876	0.8297
	57839	0.8309
	57887	0.8318
	59022	0.8328
	56882	0.8361
	58468	0.8372
	57063	0.8374
	57973	0.8432
	57828	0.8452
	58927	0.8504
	57505	0.854
	58736	0.857
	59034	0.8571
	51137	0.8576
	59478	0.8583
	52575	0.8615
	55294	0.8624
	56654	0.864
	58903	0.8661
	57405	0.8706
	57841	0.8706
	58615	0.8707
	59044	0.8713
	56873	0.8718
	56493	0.8735
	57894	0.8749
	57053	0.8765
	58450	0.8803
	58848	0.8828
	51288	0.883
	58462	0.8831
	56146	0.8868
	56891	0.8873
	58804	0.8897
	51839	0.8906
	57603	0.8917
	58710	0.8932
	51329	0.8954
	56666	0.8986
	56879	0.8986
	58719	0.8988
	58507	0.9009
	57845	0.901
	59133	0.9034
	57044	0.9093
	53979	0.9098
	58548	0.9105
	56785	0.9242
	58750	0.9262
	57333	0.9281
	58424	0.9284
	51379	0.9292
	56496	0.9315
	58828	0.9317
	51469	0.9327
	53498	0.933
	58754	0.9334
	57766	0.9335
	58417	0.9353
	58837	0.936
	56764	0.9416
	58707	0.9434
	59441	0.9435
	57932	0.9485
	57776	0.95
	59673	0.9549
	57896	0.9551
	57844	0.9566
	53518	0.9576
	51431	0.9582
	59481	0.9583
	57807	0.9592
	57772	0.961
	58906	0.9639
	57834	0.9641
	58484	0.9643
	58844	0.9647
	59241	0.9678
	58625	0.9719
	58824	0.9737
	57851	0.9744
	59041	0.9757
	56684	0.9767
	52818	0.9777
	57401	0.9782
	57317	0.9827
	51465	0.9828
	57905	0.9836
	57868	0.9852
	58463	0.987
	58519	0.988
	58367	0.9882
	57778	0.9897
	59027	0.9906
	57061	0.9912
	59480	0.9941
	58456	0.9963
	57519	1.0029
	58443	1.0036
	57238	1.004
	58836	1.0054
	58652	1.01
	56782	1.0127
	58714	1.015
	57875	1.0163
	51145	1.0191
	50349	1.0192
	58616	1.0222
	58559	1.0253
	56985	1.0256
	59485	1.026
	57867	1.0263
	59037	1.0281
	57514	1.0312
	59265	1.0314
	51434	1.0316
	57857	1.0323
	57506	1.0335
	57972	1.0391
	56867	1.0439
	56984	1.0444
	56995	1.045
	58618	1.047
	56781	1.0473
	57314	1.0518
	58451	1.0666
	57960	1.068
	51133	1.0693
	57760	1.0737
	58435	1.0756
	57491	1.0784
	59249	1.0795
	56755	1.0822
	51482	1.0863
	57818	1.0891
	57840	1.0919
	56790	1.0929
	56783	1.0972
	57420	1.0998
	58408	1.1036
	58418	1.1043
	58467	1.1057
	58455	1.1089
	59230	1.1102
	57874	1.1113
	58620	1.1159
	57402	1.123
	58530	1.1232
	57508	1.1235
	51463	1.1285
	58941	1.1285
	58529	1.1292
	59271	1.1317
	58749	1.1329
	56987	1.1345
	58712	1.1348
	57134	1.1352
	56880	1.1355
	56598	1.1373
	58565	1.138
	59025	1.1403
	58361	1.1411
	58735	1.1467
	58647	1.1468
	56767	1.1496
	57835	1.1539
	59653	1.1543
	58921	1.1557
	59012	1.1566
	59038	1.1623
	58458	1.166
	59477	1.1667
	56871	1.1676
	58423	1.1733
	59475	1.1769
	57051	1.1777
	57763	1.1793
	56766	1.1811
	58619	1.1827
	56875	1.1864
	58452	1.1906
	56975	1.1907
	58911	1.1942
	57870	1.1982
	53615	1.2006
	58558	1.2023
	58460	1.2038
	51568	1.2067
	57608	1.2132
	51470	1.2165
	58940	1.2165
	53614	1.2166
	51328	1.2186
	58557	1.2207
	58819	1.2256
	56886	1.2275
	57516	1.2288
	58464	1.2288
	58461	1.2486
	53519	1.2503
	57837	1.252
	57745	1.2543
	58622	1.2556
	59454	1.2563
	58935	1.2641
	56878	1.2654
	57809	1.267
	56883	1.2728
	56994	1.2844
	58725	1.2866
	57798	1.2921
	58813	1.2949
	58563	1.2959
	56876	1.2973
	58562	1.3132
	58912	1.3153
	58555	1.3183
	56862	1.3202
	54311	1.3211
	58818	1.3225
	58730	1.3241
	58933	1.3278
	56772	1.3343
	53610	1.338
	59007	1.3386
	59023	1.3424
	59448	1.3444
	59471	1.3527
	57789	1.3542
	58731	1.3597
	58623	1.3671
	59211	1.373
	56664	1.3736
	58847	1.3823
	57956	1.3842
	58715	1.3842
	53611	1.386
	57942	1.3927
	57891	1.3944
	57799	1.3976
	57767	1.402
	59045	1.4159
	57881	1.422
	59280	1.4242
	57024	1.4281
	59075	1.4287
	57883	1.4309
	58737	1.4355
	59658	1.437
	57974	1.438
	57866	1.4393
	57758	1.4487
	58745	1.4518
	57859	1.4569
	59213	1.4573
	58942	1.4583
	57882	1.4676
	59246	1.4688
	59046	1.4734
	58437	1.476
	58946	1.4767
	56778	1.4836
	57413	1.4918
	57865	1.4924
	57762	1.4927
	58748	1.5004
	52101	1.503
	58706	1.52
	59654	1.5201
	57808	1.5252
	58546	1.5282
	57955	1.5288
	59242	1.5298
	59254	1.5366
	59063	1.5412
	58624	1.5422
	58549	1.546
	59052	1.5487
	59235	1.5573
	57806	1.558
	58742	1.56
	59663	1.5628
	59456	1.5661
	57411	1.5663
	59655	1.5695
	58537	1.5711
	57958	1.5748
	58635	1.5936
	58826	1.5979
	57954	1.6044
	58634	1.608
	51655	1.6202
	56870	1.6206
	58846	1.625
	59047	1.6361
	57966	1.6474
	59238	1.6535
	56649	1.6769
	58369	1.6848
	58746	1.6888
	58822	1.7004
	57978	1.7142
	57962	1.7169
	58744	1.7303
	58823	1.7464
	59659	1.7603
	58806	1.7798
	58654	1.7846
	57975	1.7938
	58834	1.8486
	57965	1.8612
	59031	1.8641
	59051	1.8673
	58747	1.8818
	57957	1.8921
	58845	1.9113
	58547	1.9361
	56872	1.954
	57969	1.9789
	58814	1.9834
	58633	1.9916
	58614	1.9927
	57949	2.0046
	56978	2.0298
	59452	2.0809
	58821	2.0889
	59072	2.1097
	58820	2.1265
	59065	2.1346
	56768	2.1987
	59476	2.2026
	59064	2.2138
	59255	2.275
	58704	2.2768
	57964	2.2865
	59469	2.3038
	59453	2.3116
	59053	2.3662
	58644	2.3942
	59279	2.4408
	59449	2.4605
	59276	2.4861
	59451	2.5394
	59074	2.5748
	59473	2.6115
	54096	2.6204
	59071	2.6398
	59288	2.6423
	59059	2.672
	56697	2.7351
	59457	2.7976
	58631	2.8373
	59058	2.8432
	59061	2.8644
	59057	2.9642
	59055	3.1971
