	57265	-2.2766
	57274	-2.2417
	53491	-2.2038
	54901	-2.1994
	57294	-2.1368
	57273	-2.1225
	56190	-2.0822
	57268	-2.0744
	57175	-2.0724
	57179	-2.0259
	57187	-2.0094
	57271	-2.0052
	57260	-2.0021
	57169	-1.978
	53384	-1.9779
	50956	-1.9704
	50939	-1.9304
	57377	-1.9255
	57178	-1.9173
	57460	-1.9116
	57368	-1.906
	57256	-1.9055
	54871	-1.9023
	57186	-1.8784
	57290	-1.8783
	54902	-1.8394
	57292	-1.8353
	53533	-1.8215
	57361	-1.8156
	57177	-1.8078
	57363	-1.8065
	57089	-1.8031
	57297	-1.803
	54425	-1.7984
	53993	-1.7939
	54027	-1.7836
	54408	-1.7659
	53475	-1.7597
	54900	-1.7547
	57279	-1.7378
	57461	-1.7276
	53499	-1.7274
	57194	-1.7259
	57285	-1.7243
	57087	-1.7211
	57298	-1.7068
	54424	-1.7057
	53995	-1.6867
	54752	-1.6824
	54432	-1.6796
	54434	-1.6768
	57195	-1.6739
	50940	-1.672
	54305	-1.6716
	57192	-1.6701
	53472	-1.6696
	54846	-1.6694
	53433	-1.6524
	56181	-1.6452
	57198	-1.643
	57390	-1.6334
	54759	-1.6175
	57278	-1.6133
	54903	-1.6118
	57396	-1.6061
	54778	-1.5995
	57358	-1.5925
	56128	-1.5904
	57378	-1.5878
	54911	-1.5829
	57388	-1.5732
	54597	-1.5724
	50431	-1.5664
	52784	-1.5658
	54454	-1.5652
	57183	-1.5642
	58032	-1.5558
	53992	-1.5547
	54398	-1.5538
	54751	-1.5526
	53573	-1.5513
	57296	-1.551
	54301	-1.547
	54777	-1.5419
	54749	-1.5405
	54753	-1.5297
	57254	-1.5254
	57385	-1.5057
	57389	-1.504
	54922	-1.5037
	57248	-1.5019
	50136	-1.4999
	56189	-1.4974
	50838	-1.4961
	58013	-1.4954
	54423	-1.495
	57299	-1.4896
	57370	-1.4837
	57362	-1.4823
	57193	-1.482
	53492	-1.4815
	56144	-1.4814
	54861	-1.481
	57189	-1.4788
	56197	-1.478
	58107	-1.4704
	58108	-1.4625
	54431	-1.4521
	54205	-1.4519
	53378	-1.4436
	57196	-1.4407
	53455	-1.4406
	56198	-1.4405
	58006	-1.4404
	57359	-1.4404
	53478	-1.4375
	57095	-1.4353
	58111	-1.4331
	57295	-1.4297
	53490	-1.4285
	58012	-1.4173
	53987	-1.4167
	57395	-1.4158
	50844	-1.4078
	57481	-1.4074
	53562	-1.4062
	54429	-1.4037
	54404	-1.3975
	50852	-1.3967
	56748	-1.3914
	54511	-1.389
	52546	-1.3872
	54852	-1.378
	58125	-1.3755
	54261	-1.3732
	52652	-1.3728
	52515	-1.3696
	53871	-1.367
	56842	-1.3651
	54486	-1.3625
	58102	-1.3613
	56838	-1.3612
	58100	-1.3601
	53791	-1.3578
	54825	-1.3572
	54830	-1.3547
	57081	-1.354
	54505	-1.3503
	57180	-1.3479
	58113	-1.3473
	53692	-1.3426
	58101	-1.3384
	54834	-1.334
	53984	-1.3315
	54026	-1.3277
	53695	-1.3274
	54613	-1.3266
	58022	-1.3246
	53680	-1.3244
	54925	-1.3234
	58104	-1.319
	53483	-1.3147
	53644	-1.3122
	56196	-1.3103
	57176	-1.3093
	57398	-1.3092
	54527	-1.3082
	54923	-1.308
	54827	-1.3063
	54610	-1.303
	57381	-1.3009
	58208	-1.3008
	58202	-1.3001
	54455	-1.2996
	54822	-1.2988
	57253	-1.2967
	58205	-1.2947
	54766	-1.2943
	56643	-1.2926
	57082	-1.2918
	54819	-1.2909
	54828	-1.2909
	57042	-1.29
	53336	-1.2881
	53682	-1.287
	53688	-1.2851
	54938	-1.2841
	54729	-1.2839
	58016	-1.2795
	53599	-1.2781
	54514	-1.2753
	54939	-1.2753
	59137	-1.2735
	57098	-1.2723
	54913	-1.2684
	53337	-1.2683
	57078	-1.2654
	53565	-1.2641
	57094	-1.2641
	51438	-1.2638
	54433	-1.2636
	50858	-1.2623
	58007	-1.2614
	58207	-1.2602
	58001	-1.2543
	54204	-1.2542
	53590	-1.2514
	57075	-1.2512
	53343	-1.2475
	53469	-1.2457
	54837	-1.2419
	53681	-1.24
	52557	-1.2393
	54831	-1.2372
	53697	-1.2354
	54608	-1.2354
	58015	-1.2344
	53983	-1.2319
	57014	-1.2305
	58021	-1.2303
	57065	-1.2254
	54342	-1.2249
	53690	-1.2246
	54596	-1.2241
	54523	-1.2233
	53481	-1.2231
	53698	-1.221
	58301	-1.2196
	54912	-1.2189
	57090	-1.2169
	54737	-1.2138
	54521	-1.2136
	53348	-1.2097
	54439	-1.2096
	53994	-1.2082
	50727	-1.2061
	54717	-1.2044
	54943	-1.2041
	54332	-1.2038
	57060	-1.203
	54835	-1.2011
	58017	-1.201
	54499	-1.1991
	53997	-1.1986
	53988	-1.1972
	58109	-1.1964
	53998	-1.1962
	53596	-1.1954
	53467	-1.1931
	56843	-1.1918
	57083	-1.1911
	58008	-1.1909
	54731	-1.1894
	53886	-1.1879
	54575	-1.1878
	54802	-1.1876
	54416	-1.1844
	53512	-1.1843
	54522	-1.1835
	57040	-1.1811
	54829	-1.1799
	57085	-1.1768
	54530	-1.1726
	54259	-1.1715
	53878	-1.1706
	54602	-1.1702
	57257	-1.1689
	57091	-1.1664
	53397	-1.1659
	50851	-1.1652
	54833	-1.1619
	57185	-1.1616
	54325	-1.1614
	56976	-1.1602
	57259	-1.1602
	54816	-1.1582
	54932	-1.158
	52436	-1.1537
	56276	-1.1535
	54804	-1.1511
	56836	-1.1495
	54855	-1.1476
	54918	-1.1455
	54528	-1.1376
	54515	-1.1353
	54744	-1.1341
	54534	-1.1316
	54622	-1.1309
	54826	-1.1277
	57242	-1.1257
	54921	-1.1246
	54502	-1.124
	54849	-1.1223
	56844	-1.122
	54706	-1.1199
	57079	-1.119
	56854	-1.1181
	53693	-1.1172
	54603	-1.1169
	54619	-1.1157
	54319	-1.1151
	53574	-1.1149
	54940	-1.1143
	54818	-1.1121
	58005	-1.1115
	50788	-1.1105
	54507	-1.104
	54841	-1.103
	56272	-1.1024
	50878	-1.1018
	53464	-1.1016
	54920	-1.1015
	58030	-1.1012
	52661	-1.1011
	53889	-1.0972
	54249	-1.0967
	57008	-1.0963
	56291	-1.0944
	54919	-1.0935
	50758	-1.0933
	54724	-1.0916
	54853	-1.0899
	58040	-1.0897
	54821	-1.0868
	54914	-1.0838
	58020	-1.0837
	54809	-1.082
	54519	-1.0815
	54863	-1.0794
	54594	-1.0753
	57043	-1.074
	54347	-1.0734
	54832	-1.0707
	54606	-1.0686
	50853	-1.0654
	53949	-1.0646
	54611	-1.0643
	53950	-1.0615
	54820	-1.06
	54601	-1.0553
	57247	-1.0553
	53553	-1.0547
	54531	-1.0521
	53419	-1.0517
	51804	-1.051
	54712	-1.0492
	54122	-1.0489
	53895	-1.0481
	54803	-1.0472
	54824	-1.0466
	57044	-1.0456
	54475	-1.043
	53694	-1.0428
	57054	-1.0422
	53691	-1.0421
	57006	-1.0382
	54421	-1.0355
	54041	-1.0341
	54333	-1.0336
	52533	-1.0323
	57093	-1.0323
	54910	-1.0276
	54605	-1.0273
	54503	-1.0259
	53498	-1.0244
	54915	-1.0243
	53967	-1.0238
	53980	-1.0229
	57007	-1.0226
	54428	-1.0216
	53784	-1.0181
	54569	-1.018
	53368	-1.015
	54636	-1.0124
	54810	-1.0121
	54512	-1.0118
	56856	-1.0118
	54709	-1.0112
	57096	-1.0104
	54039	-1.0092
	53666	-1.0087
	54662	-1.0086
	57155	-1.0086
	56835	-1.0047
	57080	-1.0005
	56095	-1.0003
	50434	-0.9959
	54453	-0.9953
	54607	-0.9944
	56652	-0.9906
	54517	-0.9903
	54714	-0.9898
	58114	-0.986
	53973	-0.9843
	54518	-0.9839
	54243	-0.9833
	53723	-0.9829
	58122	-0.9811
	57055	-0.981
	58929	-0.9809
	57249	-0.9805
	54848	-0.9791
	57181	-0.979
	56777	-0.9786
	58025	-0.9775
	54604	-0.9772
	53696	-0.9755
	52980	-0.974
	54812	-0.9727
	54764	-0.9693
	53488	-0.9683
	54336	-0.9659
	53773	-0.9645
	52656	-0.9644
	56948	-0.9635
	54506	-0.9634
	53788	-0.9631
	53484	-0.9621
	54339	-0.9618
	57033	-0.9614
	53399	-0.9597
	53457	-0.9586
	56184	-0.9576
	56946	-0.9532
	57173	-0.952
	50756	-0.9511
	53699	-0.9487
	50842	-0.9486
	53996	-0.9483
	58027	-0.9481
	52447	-0.9459
	57076	-0.9434
	54814	-0.9425
	53896	-0.9386
	54102	-0.9383
	50832	-0.938
	53588	-0.9376
	56267	-0.9366
	53584	-0.9347
	58934	-0.9343
	56158	-0.9329
	53982	-0.9325
	54331	-0.9322
	53392	-0.9308
	54738	-0.9283
	54904	-0.926
	54254	-0.9257
	54811	-0.9257
	56851	-0.9251
	57057	-0.9242
	54935	-0.9226
	54540	-0.9219
	53899	-0.9216
	58404	-0.9207
	57261	-0.9204
	50778	-0.9203
	57086	-0.9198
	53978	-0.9197
	53892	-0.9192
	53689	-0.9187
	56146	-0.9179
	52982	-0.9169
	51334	-0.9148
	54494	-0.9137
	54419	-0.9125
	54535	-0.9104
	56949	-0.9081
	53893	-0.9047
	54700	-0.9044
	50656	-0.9017
	56840	-0.9009
	51642	-0.9004
	53894	-0.8975
	57099	-0.8961
	56091	-0.8958
	57483	-0.8941
	54113	-0.8934
	52985	-0.8933
	53487	-0.8913
	54640	-0.891
	56195	-0.8905
	53582	-0.89
	56839	-0.8894
	59133	-0.8883
	53956	-0.8873
	54844	-0.8813
	54701	-0.8772
	53289	-0.8751
	54621	-0.8748
	54702	-0.8728
	59131	-0.8711
	54346	-0.8704
	54708	-0.8688
	54711	-0.8664
	56862	-0.8655
	55680	-0.8652
	57191	-0.8639
	54620	-0.8632
	58041	-0.8583
	51437	-0.8581
	56186	-0.8575
	56084	-0.8572
	53789	-0.8568
	53897	-0.8515
	58214	-0.8492
	53522	-0.8487
	54707	-0.846
	54905	-0.8445
	54806	-0.8407
	53576	-0.8406
	54713	-0.8399
	50873	-0.8353
	57304	-0.8351
	53941	-0.8334
	57143	-0.8326
	54908	-0.832
	58210	-0.8293
	54618	-0.8228
	54539	-0.8227
	56290	-0.8208
	57153	-0.8205
	54626	-0.8199
	56646	-0.8174
	58314	-0.8154
	54719	-0.8069
	54704	-0.8054
	53795	-0.8037
	54313	-0.8035
	59431	-0.8031
	57162	-0.8018
	52446	-0.7995
	53798	-0.7993
	56849	-0.7993
	53783	-0.7965
	51542	-0.7953
	54728	-0.7919
	54617	-0.7912
	57002	-0.7873
	51436	-0.7845
	56188	-0.7817
	57464	-0.7809
	54541	-0.7808
	50247	-0.7801
	54710	-0.7768
	54525	-0.7752
	54614	-0.7724
	54723	-0.7697
	53580	-0.7671
	53517	-0.7651
	54645	-0.765
	56841	-0.7649
	52993	-0.7633
	53486	-0.7629
	54716	-0.7621
	53420	-0.762
	52643	-0.7602
	51330	-0.7599
	52424	-0.7598
	54623	-0.7594
	54615	-0.7578
	52313	-0.7549
	53962	-0.753
	57004	-0.753
	53685	-0.7527
	53954	-0.752
	53617	-0.7513
	53972	-0.7513
	54327	-0.7502
	58132	-0.7494
	56654	-0.7492
	50353	-0.7464
	54430	-0.7464
	50834	-0.7457
	54024	-0.7438
	56183	-0.7428
	54320	-0.7426
	52418	-0.7412
	53959	-0.7354
	56742	-0.7345
	51356	-0.734
	59653	-0.7321
	50945	-0.7311
	54335	-0.7304
	53857	-0.73
	57038	-0.729
	57071	-0.729
	50862	-0.7261
	58936	-0.7236
	56867	-0.7196
	54726	-0.7191
	50647	-0.7159
	56251	-0.7146
	50955	-0.7141
	57401	-0.7136
	53610	-0.7119
	53272	-0.7084
	54031	-0.7083
	52203	-0.7045
	54266	-0.703
	56950	-0.7004
	54436	-0.6987
	58004	-0.6971
	50739	-0.6907
	55572	-0.6906
	53357	-0.6872
	57001	-0.6845
	56296	-0.6843
	57119	-0.684
	58467	-0.6836
	50787	-0.6794
	54765	-0.6783
	54722	-0.6775
	57208	-0.6763
	58448	-0.6743
	53957	-0.674
	57206	-0.6738
	56187	-0.6733
	57245	-0.6728
	54308	-0.6711
	54483	-0.6683
	56199	-0.6679
	52986	-0.6657
	54568	-0.6653
	50775	-0.6651
	56756	-0.6637
	56951	-0.6622
	58224	-0.6615
	58126	-0.6603
	53797	-0.6603
	53615	-0.6598
	56772	-0.6592
	51656	-0.6561
	54907	-0.6529
	58459	-0.6524
	53770	-0.6515
	54917	-0.6504
	52876	-0.6491
	58038	-0.6446
	57070	-0.644
	54237	-0.6398
	50867	-0.6393
	56474	-0.639
	54438	-0.6388
	53618	-0.6365
	59655	-0.6362
	53763	-0.6342
	57063	-0.6336
	57045	-0.6304
	54245	-0.6285
	54474	-0.6272
	57074	-0.6268
	51567	-0.6267
	53869	-0.6262
	58221	-0.623
	53585	-0.6209
	50445	-0.6201
	56664	-0.6147
	57231	-0.6126
	58011	-0.6107
	50936	-0.6101
	56567	-0.61
	56944	-0.6073
	57020	-0.6073
	57072	-0.6062
	52998	-0.6056
	56649	-0.605
	56289	-0.6048
	53906	-0.6047
	56846	-0.6038
	52323	-0.6035
	56746	-0.601
	56978	-0.5997
	58135	-0.5973
	56096	-0.5971
	53864	-0.5956
	51815	-0.5947
	53976	-0.593
	54134	-0.588
	58143	-0.5877
	54703	-0.5784
	53646	-0.5782
	51288	-0.5759
	58306	-0.5755
	56739	-0.5751
	57126	-0.5744
	56257	-0.5733
	58562	-0.567
	50246	-0.5661
	58140	-0.5655
	52984	-0.5655
	58453	-0.5626
	58449	-0.562
	57129	-0.5618
	50749	-0.5612
	57032	-0.5608
	54154	-0.5607
	54291	-0.5575
	50954	-0.5554
	53890	-0.5551
	58847	-0.555
	50937	-0.5545
	50880	-0.5517
	56669	-0.5514
	59664	-0.5475
	53660	-0.546
	51465	-0.5445
	53856	-0.5444
	53669	-0.5439
	51811	-0.5427
	57482	-0.542
	53614	-0.5418
	53861	-0.5401
	53865	-0.5387
	58002	-0.5386
	52836	-0.5354
	54213	-0.5341
	53879	-0.5327
	53732	-0.5317
	56766	-0.5314
	58457	-0.5312
	51705	-0.5302
	56281	-0.5285
	58141	-0.5282
	54406	-0.5243
	56185	-0.524
	50741	-0.5236
	57137	-0.5225
	54616	-0.5206
	54267	-0.5134
	51238	-0.5116
	57213	-0.5114
	53276	-0.5107
	53611	-0.508
	53760	-0.5076
	57127	-0.5056
	58130	-0.5029
	53970	-0.5027
	57233	-0.5027
	57348	-0.4993
	52988	-0.4991
	58215	-0.499
	50960	-0.4968
	50639	-0.4965
	53963	-0.4949
	56645	-0.4949
	53979	-0.4947
	56863	-0.4916
	50564	-0.4896
	58222	-0.4892
	57307	-0.4872
	58946	-0.4866
	58941	-0.4819
	56288	-0.4818
	54633	-0.4807
	52607	-0.4791
	51655	-0.4777
	58131	-0.4729
	58049	-0.4695
	50755	-0.4693
	53676	-0.4691
	52674	-0.4682
	50892	-0.4675
	51568	-0.4666
	57303	-0.4665
	53966	-0.4655
	53619	-0.4637
	59130	-0.4626
	52833	-0.4626
	51818	-0.4611
	52856	-0.4593
	52818	-0.4556
	54225	-0.4507
	50879	-0.4487
	57993	-0.4465
	58127	-0.4454
	58047	-0.4441
	50963	-0.4416
	51711	-0.4399
	56247	-0.4396
	51722	-0.4376
	59754	-0.4357
	57047	-0.4306
	56178	-0.429
	58044	-0.4288
	58311	-0.4285
	50958	-0.4267
	57128	-0.422
	54449	-0.4205
	54624	-0.4181
	50514	-0.4176
	50646	-0.4176
	56767	-0.4172
	53794	-0.4154
	51469	-0.4129
	51730	-0.4112
	54323	-0.4107
	57029	-0.4107
	56194	-0.4102
	56093	-0.4086
	53505	-0.4072
	56764	-0.4066
	58542	-0.4048
	53577	-0.4019
	57355	-0.4019
	53687	-0.3999
	53753	-0.3993
	51367	-0.3976
	57573	-0.3931
	54420	-0.3928
	54349	-0.3921
	50655	-0.39
	53873	-0.3871
	58118	-0.387
	50442	-0.3862
	51717	-0.3857
	54273	-0.384
	53931	-0.3808
	57021	-0.3798
	57308	-0.3778
	57349	-0.3776
	50871	-0.3761
	53674	-0.3741
	56984	-0.3738
	56768	-0.3729
	51931	-0.3716
	58484	-0.371
	58472	-0.3708
	57387	-0.3704
	58932	-0.3691
	50548	-0.3691
	50884	-0.3686
	56757	-0.3684
	51814	-0.367
	53821	-0.3661
	58463	-0.3655
	58926	-0.3617
	57465	-0.3617
	58944	-0.3612
	50750	-0.3612
	51827	-0.3606
	58203	-0.3603
	50946	-0.3596
	51358	-0.3569
	50928	-0.3568
	54374	-0.3556
	56125	-0.3549
	59849	-0.3526
	52889	-0.3512
	58035	-0.3511
	55578	-0.3492
	58003	-0.3491
	56752	-0.348
	56478	-0.3466
	54627	-0.3421
	56071	-0.3417
	57217	-0.3385
	51636	-0.3369
	56755	-0.3359
	53829	-0.3344
	53518	-0.3342
	55472	-0.332
	56671	-0.3304
	56688	-0.3283
	57111	-0.3272
	50888	-0.3258
	54353	-0.3251
	50962	-0.3225
	56444	-0.3217
	58935	-0.32
	53519	-0.3178
	54244	-0.3177
	51639	-0.3165
	56381	-0.3157
	54906	-0.3148
	56872	-0.3148
	56761	-0.3128
	57024	-0.3061
	53705	-0.3047
	54169	-0.2983
	54311	-0.2956
	50468	-0.2944
	53593	-0.2929
	53659	-0.2919
	54365	-0.2893
	53704	-0.2885
	50934	-0.2884
	56869	-0.2881
	50877	-0.2858
	57027	-0.2858
	59650	-0.2832
	57204	-0.2829
	51829	-0.2824
	51839	-0.2796
	58921	-0.2795
	53769	-0.2792
	56441	-0.2774
	54644	-0.2762
	51365	-0.2752
	53780	-0.273
	57035	-0.2718
	52575	-0.2709
	51810	-0.2659
	57026	-0.2636
	53777	-0.2562
	58150	-0.256
	56966	-0.2554
	52957	-0.2541
	57216	-0.2537
	56080	-0.2527
	51581	-0.2512
	56675	-0.2505
	56434	-0.2477
	58477	-0.2438
	58435	-0.2432
	52874	-0.2422
	53612	-0.236
	57581	-0.2353
	54263	-0.2352
	50566	-0.235
	50618	-0.2344
	56778	-0.2331
	57493	-0.2331
	52681	-0.2321
	57315	-0.2318
	57011	-0.2317
	51633	-0.2316
	53927	-0.2316
	59658	-0.2294
	53944	-0.228
	53850	-0.2277
	57031	-0.2275
	54628	-0.2271
	51828	-0.2269
	54226	-0.2264
	56665	-0.2234
	51357	-0.2216
	56391	-0.2207
	53767	-0.2189
	57752	-0.2189
	52101	-0.2187
	50349	-0.2185
	52955	-0.2175
	56961	-0.2174
	51559	-0.2172
	57345	-0.2161
	56285	-0.215
	58048	-0.2129
	58330	-0.2071
	59429	-0.2016
	58468	-0.1994
	51435	-0.1993
	58903	-0.199
	53937	-0.1986
	57475	-0.1927
	53575	-0.1924
	57492	-0.1913
	56952	-0.1907
	50745	-0.1869
	56751	-0.1834
	51477	-0.1829
	59750	-0.1806
	51526	-0.1798
	56167	-0.1777
	51704	-0.1771
	57583	-0.1767
	51707	-0.1761
	58556	-0.1753
	52707	-0.171
	51156	-0.1693
	57895	-0.169
	56487	-0.167
	53930	-0.1651
	57496	-0.1644
	51573	-0.1627
	57324	-0.1624
	51644	-0.1613
	54047	-0.16
	56674	-0.1583
	58911	-0.1573
	57469	-0.157
	54705	-0.1569
	56284	-0.1568
	56763	-0.1568
	51145	-0.1558
	51708	-0.1547
	56958	-0.1546
	57646	-0.1543
	59211	-0.154
	51359	-0.154
	51629	-0.1539
	54324	-0.1532
	51133	-0.1525
	57477	-0.1509
	59122	-0.1475
	54520	-0.1463
	51777	-0.1453
	53923	-0.1406
	52737	-0.1381
	51186	-0.1355
	59758	-0.1328
	58844	-0.1309
	56781	-0.129
	56870	-0.1286
	51434	-0.1285
	57016	-0.1285
	59954	-0.1275
	50603	-0.1255
	59126	-0.1232
	53917	-0.122
	51572	-0.1195
	52885	-0.1151
	56651	-0.1137
	56548	-0.1122
	51802	-0.1077
	58321	-0.105
	58316	-0.1037
	51720	-0.1018
	52974	-0.0973
	57723	-0.0929
	51495	-0.0877
	51765	-0.087
	57445	-0.0862
	56462	-0.0827
	56880	-0.0782
	54590	-0.0772
	53928	-0.0767
	50673	-0.0747
	58230	-0.0743
	51431	-0.0715
	51430	-0.0689
	57105	-0.0689
	56443	-0.0632
	55664	-0.0616
	50913	-0.0597
	53915	-0.0592
	50854	-0.0557
	57053	-0.0556
	52995	-0.0548
	57655	-0.0527
	51059	-0.0482
	57798	-0.047
	53750	-0.0459
	51826	-0.042
	56092	-0.0409
	53945	-0.0398
	57543	-0.0392
	55696	-0.0375
	53756	-0.0344
	51709	-0.033
	58212	-0.0327
	53778	-0.0321
	51353	-0.0294
	52842	-0.0288
	59647	-0.0279
	53768	-0.027
	51076	-0.0251
	57649	-0.0244
	50948	-0.0241
	53848	-0.0234
	57870	-0.0225
	58905	-0.0187
	53868	-0.0181
	58343	-0.0168
	51716	-0.0168
	56775	-0.0156
	58331	-0.0144
	51241	-0.0118
	52679	-0.0114
	59940	-0.0096
	53658	-0.0078
	58154	-0.0077
	59228	-0.0057
	57328	-0.0057
	53903	-0.0047
	56782	-0.0033
	57574	-0.0014
	54157	-0.0010
	58426	0.0022
	58452	0.0024
	58129	0.0048
	52633	0.0076
	56959	0.0089
	58369	0.0117
	50557	0.0142
	59654	0.0146
	54363	0.0151
	58464	0.0162
	56774	0.0166
	57251	0.0186
	59134	0.0198
	54252	0.0201
	57313	0.0252
	53774	0.026
	57306	0.0282
	52983	0.0307
	56995	0.0308
	50742	0.0309
	56116	0.0316
	59656	0.0355
	57564	0.0355
	58026	0.0366
	53924	0.0371
	57466	0.0372
	56147	0.039
	51087	0.0397
	57671	0.0401
	57996	0.0436
	57110	0.0449
	50527	0.0451
	57886	0.0464
	56745	0.0484
	57314	0.0485
	57990	0.0502
	58361	0.0516
	58241	0.0545
	57554	0.057
	58117	0.0575
	51433	0.0587
	59435	0.06
	56263	0.0658
	58460	0.0666
	56964	0.0704
	54234	0.0705
	50776	0.0706
	54318	0.0725
	53832	0.0731
	58462	0.0767
	54260	0.0768
	50425	0.077
	50774	0.0773
	59843	0.0775
	57743	0.0775
	53751	0.0777
	59446	0.0805
	53947	0.083
	57113	0.0836
	57476	0.0836
	58354	0.0858
	59456	0.0877
	59426	0.0893
	54132	0.0913
	59425	0.0924
	53888	0.093
	53914	0.0955
	52978	0.0992
	56987	0.1009
	57640	0.1014
	51352	0.1031
	57663	0.106
	58146	0.107
	57012	0.1079
	58418	0.108
	56171	0.1096
	51346	0.111
	51377	0.1137
	58839	0.1138
	52112	0.1175
	57636	0.1177
	58409	0.1186
	51855	0.12
	57326	0.1212
	54316	0.1236
	57491	0.1245
	56986	0.1248
	59842	0.1261
	57498	0.1295
	56985	0.1324
	58928	0.133
	58500	0.1341
	56004	0.1379
	57642	0.1414
	56975	0.1428
	59124	0.1465
	57991	0.15
	56670	0.1518
	58336	0.1531
	57318	0.1559
	52996	0.1576
	51369	0.1578
	53678	0.1579
	54117	0.1597
	51137	0.1607
	50833	0.1635
	53852	0.1647
	56954	0.1664
	58367	0.1679
	54049	0.17
	58436	0.1711
	58567	0.1723
	51243	0.1729
	57887	0.1754
	55773	0.1757
	58326	0.1774
	55493	0.1794
	59941	0.1801
	53707	0.1803
	56317	0.1835
	52866	0.1844
	58240	0.1862
	57896	0.1875
	54276	0.1879
	53916	0.1907
	56097	0.192
	56684	0.1962
	59856	0.1965
	58360	0.1994
	53908	0.2025
	55279	0.2034
	56571	0.2035
	56182	0.2109
	57643	0.213
	58912	0.2155
	56180	0.2159
	55248	0.2174
	57237	0.2189
	53881	0.2226
	51628	0.2236
	58848	0.2245
	56585	0.2256
	59854	0.2277
	51470	0.2312
	53926	0.2329
	56982	0.2357
	54231	0.237
	58365	0.2424
	59845	0.248
	56785	0.25
	51329	0.2511
	58461	0.2534
	58438	0.2612
	58351	0.2694
	53810	0.2724
	56788	0.2746
	50632	0.2747
	58362	0.2754
	55655	0.2762
	57992	0.2774
	51058	0.2793
	53841	0.28
	58223	0.2811
	56043	0.2821
	58907	0.2823
	57402	0.2837
	55294	0.2857
	59090	0.2918
	58220	0.2925
	58246	0.3007
	57320	0.3015
	58225	0.3024
	59851	0.3035
	57485	0.3035
	54223	0.3037
	59127	0.3072
	58238	0.3084
	52825	0.31
	56074	0.3135
	56973	0.3137
	59213	0.3186
	53772	0.3191
	56994	0.3192
	55681	0.3197
	58345	0.3233
	56357	0.3236
	53748	0.3237
	57317	0.3244
	58323	0.3273
	58819	0.3283
	56898	0.3324
	58138	0.3339
	59453	0.3341
	58923	0.338
	56586	0.3387
	56164	0.3399
	59945	0.3401
	51482	0.3402
	51571	0.3405
	52895	0.3422
	58264	0.3479
	57661	0.3502
	57486	0.3526
	57799	0.3528
	59116	0.3529
	51053	0.3531
	59838	0.3568
	50950	0.36
	53862	0.3639
	54181	0.3639
	57022	0.3654
	57458	0.3654
	56569	0.3656
	56889	0.3685
	52797	0.3705
	57562	0.3722
	57489	0.3837
	59451	0.3907
	56875	0.3908
	57399	0.3914
	50772	0.3942
	59125	0.3943
	52745	0.3964
	57760	0.3981
	57405	0.3982
	53776	0.3996
	53925	0.4022
	54115	0.4031
	58927	0.4069
	51060	0.4077
	58442	0.4097
	57662	0.4143
	57333	0.415
	50965	0.4152
	57761	0.4155
	54135	0.4174
	58334	0.4213
	57309	0.4215
	54290	0.4239
	51378	0.4243
	54218	0.4258
	57598	0.426
	57865	0.4378
	56533	0.4389
	57634	0.445
	54292	0.4474
	56673	0.4476
	56786	0.4489
	57635	0.4515
	57565	0.4522
	59448	0.4617
	53764	0.4632
	57558	0.4649
	58145	0.4655
	53727	0.4659
	57647	0.4698
	58931	0.4714
	58339	0.4783
	54080	0.4796
	51627	0.4813
	58570	0.4883
	51463	0.4896
	56371	0.4923
	57494	0.4956
	58236	0.4971
	58139	0.4983
	57447	0.5015
	56641	0.502
	53860	0.5039
	57906	0.5058
	59215	0.5073
	58421	0.5082
	58402	0.5083
	58826	0.5083
	50949	0.509
	59427	0.51
	59457	0.5107
	57575	0.5107
	50674	0.511
	56273	0.5114
	58508	0.5115
	50524	0.5122
	57835	0.5154
	57499	0.5176
	58906	0.5186
	50968	0.5288
	58557	0.5296
	58446	0.5312
	58804	0.5346
	58432	0.5406
	56018	0.5438
	56878	0.5449
	56891	0.5461
	56876	0.5483
	56297	0.5505
	57932	0.5514
	50983	0.553
	58259	0.5547
	56871	0.5576
	58514	0.5603
	57741	0.5605
	58329	0.5624
	58243	0.5682
	58337	0.5687
	57740	0.5693
	58158	0.5716
	53938	0.5719
	56280	0.5722
	50985	0.5735
	56580	0.5735
	58507	0.5753
	54164	0.5807
	59626	0.5941
	56783	0.5981
	56378	0.5988
	58414	0.6046
	53845	0.612
	58837	0.6125
	58255	0.6127
	56382	0.6156
	58429	0.6168
	56962	0.6172
	55589	0.6188
	59037	0.6225
	58342	0.6254
	58942	0.6275
	59224	0.6278
	58509	0.6348
	52862	0.6348
	57577	0.6393
	55228	0.6399
	58148	0.6422
	53817	0.6423
	57637	0.6439
	54063	0.646
	56882	0.6468
	58251	0.6482
	51379	0.6505
	56996	0.6522
	56886	0.6533
	59092	0.659
	50964	0.6592
	53192	0.6609
	56295	0.662
	57907	0.6643
	57411	0.6646
	58517	0.6656
	56575	0.6678
	53771	0.6679
	56029	0.6693
	57439	0.6719
	56970	0.6721
	59237	0.6766
	56578	0.6802
	56881	0.6822
	58543	0.6839
	58257	0.6865
	57985	0.6909
	56279	0.6911
	58427	0.6939
	59027	0.695
	58366	0.6985
	57329	0.7027
	52884	0.7048
	50525	0.7062
	57874	0.7091
	57633	0.7109
	57536	0.7148
	59205	0.7165
	57657	0.7188
	56879	0.7223
	59218	0.7233
	59855	0.729
	59663	0.7317
	54386	0.7334
	51232	0.7338
	58659	0.7381
	51068	0.7404
	57102	0.7429
	58359	0.7458
	58512	0.7487
	58417	0.7575
	57566	0.759
	57894	0.7599
	58234	0.7605
	59640	0.7615
	54156	0.7622
	51328	0.7747
	50973	0.7749
	57995	0.7776
	59449	0.7778
	58268	0.7796
	59847	0.7802
	56021	0.7868
	58407	0.7916
	57545	0.792
	57866	0.7996
	56989	0.8004
	57407	0.8017
	57541	0.8034
	58419	0.8039
	54142	0.8081
	50978	0.8176
	58377	0.8185
	54195	0.8188
	58569	0.8288
	59417	0.8321
	57974	0.8348
	53935	0.8348
	56977	0.8422
	58237	0.8426
	52787	0.8445
	58247	0.8462
	58249	0.8483
	56697	0.8492
	58450	0.8513
	57413	0.8537
	54186	0.854
	56298	0.8556
	58828	0.8559
	56489	0.8559
	52963	0.8595
	54286	0.8617
	56386	0.8656
	58147	0.866
	56873	0.8661
	57666	0.8665
	56885	0.8666
	59230	0.8728
	58502	0.8761
	59209	0.8765
	58693	0.8789
	58600	0.8792
	53806	0.8801
	57739	0.882
	51467	0.8823
	58250	0.8859
	56106	0.8882
	56168	0.8884
	57872	0.8914
	58356	0.8927
	52908	0.8936
	59081	0.8941
	59093	0.8941
	58503	0.8951
	57867	0.899
	59114	0.899
	57744	0.9119
	54328	0.924
	57584	0.9262
	57779	0.9289
	56374	0.9295
	58408	0.93
	57972	0.9312
	58602	0.9322
	57734	0.9323
	58424	0.933
	56045	0.9333
	57732	0.9382
	57738	0.9389
	54165	0.9401
	58558	0.9449
	58441	0.9508
	58401	0.951
	57585	0.9515
	59229	0.9551
	54214	0.9614
	58416	0.9615
	56584	0.9647
	59117	0.966
	56496	0.9748
	57658	0.975
	58358	0.9778
	57590	0.9824
	58530	0.9835
	57881	0.9868
	56493	0.988
	59419	0.9894
	57762	0.99
	58340	0.9936
	54321	0.9966
	58254	1.0151
	56033	1.0226
	57981	1.0278
	56278	1.0291
	56991	1.0302
	58660	1.0337
	52869	1.0364
	58352	1.0379
	58501	1.0408
	56473	1.0418
	58242	1.0456
	57909	1.0463
	57408	1.0481
	54065	1.0482
	59015	1.0499
	59113	1.0537
	57989	1.0538
	58707	1.0563
	59007	1.0568
	52657	1.0582
	51468	1.0585
	58244	1.0586
	57586	1.0594
	53910	1.0624
	57682	1.064
	58269	1.065
	59106	1.0667
	59441	1.0685
	59848	1.0716
	59082	1.0717
	58523	1.0729
	57978	1.0739
	52896	1.0817
	59246	1.0909
	56383	1.0946
	59421	1.0978
	58341	1.1041
	57582	1.1059
	57669	1.1103
	57905	1.1157
	58666	1.118
	58327	1.1202
	59238	1.1226
	59227	1.1283
	58265	1.1295
	58534	1.1304
	59235	1.1324
	54187	1.135
	57438	1.1353
	57431	1.1354
	57729	1.136
	58344	1.143
	57742	1.1437
	59017	1.145
	55690	1.1458
	57834	1.1464
	58531	1.1479
	58601	1.1486
	57774	1.1518
	57899	1.1533
	58642	1.1574
	56380	1.1623
	59102	1.1668
	58519	1.1695
	56389	1.1707
	57988	1.1713
	58549	1.1754
	56492	1.1761
	57731	1.1815
	58917	1.1849
	58664	1.1863
	58918	1.1875
	57994	1.188
	58433	1.1881
	58520	1.1884
	54092	1.2001
	58843	1.2012
	56394	1.2044
	57900	1.2047
	59632	1.207
	58752	1.2137
	59321	1.2145
	58806	1.2188
	56883	1.222
	57595	1.2247
	57882	1.2257
	54161	1.2274
	57883	1.229
	57971	1.2298
	57876	1.2377
	59004	1.2383
	58245	1.2413
	57868	1.2432
	56065	1.2498
	59322	1.2554
	57745	1.2578
	57975	1.2609
	52645	1.2623
	56396	1.2627
	56498	1.2659
	57544	1.2661
	56193	1.2684
	56384	1.2709
	57875	1.2734
	57811	1.2742
	54064	1.2769
	56152	1.2789
	56497	1.2803
	54285	1.287
	57976	1.2934
	54069	1.302
	56992	1.3031
	56595	1.3065
	57673	1.3068
	57821	1.3076
	58544	1.3094
	58665	1.3101
	57674	1.3217
	58646	1.3236
	57808	1.329
	56387	1.3318
	58704	1.3341
	58742	1.3379
	59063	1.3467
	58616	1.3537
	57339	1.355
	57936	1.3582
	54096	1.3597
	56376	1.3618
	58317	1.3619
	59071	1.3656
	57871	1.3666
	56067	1.3834
	57767	1.3849
	56790	1.388
	57771	1.3887
	56793	1.4063
	58845	1.4109
	58643	1.4123
	58235	1.4127
	56594	1.4149
	57777	1.4158
	58420	1.4218
	57772	1.4238
	59061	1.4312
	58437	1.4324
	57736	1.4407
	57540	1.4409
	57860	1.4414
	59072	1.4554
	58548	1.4578
	57625	1.459
	57851	1.471
	56016	1.4714
	57911	1.4719
	57763	1.475
	58431	1.4752
	57735	1.4805
	57414	1.484
	52968	1.4897
	58814	1.4936
	57417	1.4957
	57839	1.4986
	58635	1.5032
	56792	1.5092
	59099	1.5095
	57857	1.5158
	57966	1.5275
	58818	1.5306
	58608	1.5311
	57786	1.5317
	57758	1.5396
	57680	1.5447
	57903	1.5493
	50526	1.5617
	57908	1.5676
	58615	1.5685
	57891	1.5713
	59249	1.5717
	59091	1.5792
	57955	1.5894
	58510	1.5908
	57789	1.5919
	57778	1.6022
	57957	1.6036
	56373	1.6049
	57678	1.6053
	56969	1.6074
	56287	1.616
	58633	1.6169
	57780	1.6176
	59001	1.6213
	51701	1.6236
	59094	1.6275
	56693	1.6329
	57973	1.6372
	58605	1.6478
	57415	1.6503
	59469	1.6515
	57923	1.656
	54094	1.664
	57962	1.6675
	57773	1.6694
	57921	1.6792
	58667	1.6881
	59951	1.6895
	57409	1.695
	57768	1.6951
	57859	1.7059
	58319	1.7124
	54098	1.7184
	57956	1.7279
	58644	1.7303
	58606	1.7327
	57822	1.7344
	52765	1.7397
	55299	1.7401
	56395	1.7417
	59478	1.742
	58751	1.7474
	57825	1.7478
	57922	1.7575
	57902	1.7638
	59065	1.7673
	59320	1.7706
	57523	1.7717
	59012	1.775
	58415	1.7765
	57589	1.7862
	59021	1.7948
	56596	1.7957
	59242	1.8106
	56034	1.8137
	56582	1.8146
	52853	1.8181
	57969	1.8261
	56491	1.8279
	57722	1.8356
	57803	1.8386
	59314	1.8431
	57913	1.8618
	57914	1.8713
	57805	1.875
	58836	1.8764
	57853	1.8772
	57537	1.8785
	57845	1.8944
	57437	1.9027
	58335	1.903
	58609	1.9039
	58705	1.9067
	59096	1.9086
	57889	1.9167
	58637	1.919
	57432	1.9198
	57687	1.9233
	56399	1.9246
	57699	1.9298
	57964	1.9299
	59059	1.9365
	58846	1.9395
	58647	1.9409
	57837	1.9482
	58724	1.9489
	58715	1.9517
	58625	1.9553
	58710	1.9612
	57769	1.9683
	57720	1.9698
	58731	1.9725
	56691	1.9931
	58619	1.9997
	57828	1.9998
	56494	2.0147
	58718	2.0163
	58618	2.0165
	58719	2.0173
	57781	2.0188
	57728	2.0211
	59109	2.0249
	57713	2.0285
	58735	2.0306
	56390	2.0313
	57737	2.0333
	59023	2.0402
	57832	2.0438
	56046	2.0506
	57796	2.0538
	58736	2.0563
	58824	2.0673
	58346	2.0674
	58656	2.0676
	58706	2.0879
	58614	2.0959
	59107	2.1006
	56192	2.1028
	59057	2.1064
	57609	2.1191
	58713	2.1194
	57608	2.1226
	58537	2.1239
	58632	2.1257
	57965	2.1258
	57806	2.1311
	58714	2.1382
	58612	2.1438
	57605	2.1466
	57719	2.153
	58747	2.1607
	58652	2.1629
	57603	2.166
	56499	2.168
	59052	2.1685
	57915	2.1699
	57510	2.1747
	59318	2.1794
	57816	2.184
	58629	2.1849
	57926	2.1924
	57698	2.1931
	58746	2.1945
	57694	2.1969
	56598	2.198
	57420	2.2016
	56592	2.2089
	58701	2.2128
	57954	2.2143
	58712	2.2179
	58821	2.2187
	58730	2.2236
	58744	2.2311
	57942	2.2352
	58822	2.2368
	59074	2.2388
	57947	2.2402
	59324	2.2479
	59462	2.2554
	57512	2.2577
	59303	2.2614
	57793	2.264
	57679	2.2652
	57824	2.2687
	59644	2.2706
	58725	2.2764
	57707	2.2776
	58626	2.2778
	57960	2.2822
	59487	2.2834
	58823	2.2854
	58749	2.2928
	57844	2.2946
	59452	2.295
	58622	2.2981
	58834	2.2984
	58734	2.3071
	57809	2.3115
	58527	2.3129
	59316	2.3149
	57623	2.3286
	59025	2.3373
	56480	2.3442
	59075	2.3486
	59064	2.3509
	57792	2.3519
	59088	2.3523
	57426	2.3538
	59058	2.3548
	56593	2.37
	59317	2.3754
	58820	2.3833
	58529	2.3872
	58748	2.3882
	56483	2.3947
	59313	2.3958
	58634	2.4004
	58624	2.4012
	57754	2.4144
	58813	2.4364
	56393	2.4462
	57941	2.4707
	58754	2.4779
	57807	2.489
	57800	2.5204
	59097	2.5258
	57827	2.5368
	57525	2.5387
	57814	2.5405
	59312	2.5716
	57840	2.5739
	58737	2.5751
	57717	2.5764
	56038	2.5831
	57696	2.5846
	58933	2.5861
	59673	2.5872
	59047	2.5897
	59310	2.5921
	57614	2.6308
	57508	2.6376
	59475	2.642
	57507	2.6496
	59488	2.6685
	57829	2.6737
	59051	2.6871
	57708	2.6988
	59046	2.7
	59270	2.7111
	57846	2.7128
	59087	2.7148
	57949	2.756
	57818	2.7622
	59034	2.7645
	59241	2.7775
	59280	2.7857
	59319	2.7908
	57813	2.7995
	59306	2.8079
	59271	2.811
	59293	2.8159
	57718	2.8334
	59304	2.844
	57688	2.8704
	57766	2.8746
	57604	2.8765
	56079	2.8774
	59315	2.879
	57606	2.8871
	57910	2.8952
	59053	2.9119
	57600	2.9199
	59290	2.971
	59477	2.9798
	59038	2.989
	57416	2.9999
	59055	3.0068
	57571	3.0469
	57842	3.0675
	59501	3.0726
	59264	3.1071
	57511	3.1124
	56490	3.1235
	59500	3.1372
	59502	3.1374
	57927	3.1661
	57841	3.1996
	54076	3.2084
	57509	3.218
	59255	3.2287
	59265	3.2428
	57506	3.2697
	59254	3.2758
	59279	3.2802
	59256	3.2918
	59268	3.3411
	57948	3.3477
	57517	3.3772
	57916	3.3803
	59473	3.3966
	59285	3.4097
	59266	3.4147
	57502	3.4338
	58620	3.4451
	59288	3.4554
	59045	3.4654
	57714	3.4757
	59294	3.4845
	59470	3.4857
	59476	3.4857
	57513	3.5248
	59493	3.5422
	59287	3.5744
	57710	3.5827
	59298	3.598
	59471	3.6142
	59297	3.6346
	59485	3.6589
	59269	3.6603
	59284	3.7065
	57514	3.7669
	59481	3.7902
	59278	3.7937
	59276	3.7945
	57912	3.853
	59289	3.8704
	57425	3.8817
	59031	3.8883
	59022	3.915
	59480	3.9171
	57520	3.918
	57505	3.9286
	59044	3.9605
	59033	3.9669
	57612	4.0465
	57522	4.1028
	59454	4.1622
	57518	4.2546
	59041	4.3424
	57516	4.5588
