50136     1
50246     2
50349     3
50353     1
50425     2
50431     3
50434     2
50442     1
50445    19
50468     1
50514     2
50524     1
50525     1
50526     1
50527     1
50548     1
50557     1
50564     0
50566     0
50603     1
50618     1
50632     2
50639     1
50646     1
50647     2
50655     0
50656     0
50658     1
50673     0
50674     0
50727     0
50741     1
50742     1
50745     1
50749     2
50750     1
50755     1
50756     0
50758     1
50772     0
50774    -1
50775     1
50776     0
50778     1
50779     0
50788    -1
50832     1
50833     1
50834     1
50838     0
50842     2
50844     2
50851     2
50852     2
50853     1
50854     2
50858     2
50861    -1
50862     1
50867     2
50871     1
50873     1
50877     1
50878     0
50879     0
50880     0
50884    -4
50888     1
50892     1
50913     1
50915     1
50928     0
50934     0
50936     2
50937     0
50939    -3
50940     1
50946     1
50948     1
50949     1
50950     2
50953     2
50954     3
50958     2
50960     0
50962     1
50963     1
50964     0
50965     1
50968     1
50978     1
50979    -5
50983     1
50985     1
51053     0
51059  -999
51060  -999
51068     0
51076     1
51087     1
51133     1
51137    -2
51145     2
51156     0
51186     1
51232     0
51238  -999
51241    -3
51243     1
51288     1
51328   -21
51329   -19
51330     1
51334     0
51346     0
51352     0
51353     0
51356     0
51357     0
51358  -999
51359     0
51365     0
51367     0
51369    -4
51377    -3
51378     0
51379     0
51430    -5
51431   -13
51433  -999
51434   -11
51435   -11
51436    -9
51437   -11
51438   -11
51463    -4
51465     1
51467     0
51468    -1
51469  -999
51470  -999
51477     0
51482     0
51495     0
51526     0
51542    -6
51559     0
51567     0
51568     0
51571     0
51572     0
51573     0
51581     0
51627     1
51628     2
51629     2
51633     1
51636     0
51639  -999
51642     1
51644     1
51655  -999
51656     0
51701    -7
51704  -999
51705     1
51707     0
51708     1
51709     0
51711     1
51716     0
51717     0
51720     1
51722     2
51730     0
51765     0
51777     1
51802     1
51804     0
51810  -999
51811     1
51814     2
51815     1
51818     1
51826     0
51827     1
51828     0
51829     1
51839     1
51855     0
51886     0
51931     1
52101    -1
52112  -999
52203     0
52267     0
52313     0
52323     0
52378     0
52418     0
52424     0
52436     1
52446     0
52447     1
52495     0
52515     0
52533     1
52546     0
52557     1
52575     0
52576     1
52602     0
52607     0
52633     2
52643     1
52645     3
52652     1
52656     0
52657     1
52661     0
52674    -7
52679     0
52681     0
52707     0
52713     0
52737     0
52745     2
52754    -3
52765   -11
52784    -6
52787   -11
52797     0
52818     0
52825     0
52833     0
52836    -8
52842     2
52853    -2
52855    -2
52856     0
52862    -4
52863     0
52866    -1
52868     0
52869     0
52874    -4
52876     0
52884  -999
52885    -3
52889     1
52895     0
52896     0
52908     1
52943    -5
52955     0
52957     1
52963     1
52968     1
52972     0
52978     1
52980     1
52982     1
52983     1
52984     2
52985     1
52986     2
52988     2
52993     2
52995     1
52996     2
52998     2
53068     0
53083     1
53149     0
53192    -1
53195     0
53231     0
53272     0
53276     1
53289     1
53324     0
53336    -3
53337     0
53343     0
53348   -11
53352    -8
53357     1
53362     0
53367     0
53368     1
53378     0
53384     0
53385     0
53391     2
53392     0
53397     2
53399     1
53419     0
53420     0
53433    -3
53446     0
53455     0
53457     1
53463     2
53464     1
53467     3
53469     2
53472     2
53475     3
53478     3
53480     1
53481     2
53483     2
53484     3
53486     2
53487     2
53488     2
53491     3
53492     2
53498     2
53499     2
53502     0
53512     0
53513     0
53517     0
53518     0
53519     0
53522     1
53529     0
53533     1
53543     2
53545     2
53547     2
53553     2
53562     2
53564     1
53565     1
53567     3
53573     2
53574     3
53575     2
53576     2
53577     2
53579     2
53580     2
53582     2
53584     2
53585     2
53588     2
53590     2
53593     1
53596     1
53599     1
53602     1
53610     0
53611     1
53614     0
53615     0
53617     0
53618     0
53619     0
53644     0
53646     2
53651  -999
53658     2
53659     2
53660     3
53662     3
53663     2
53664     3
53665     2
53666    29
53669     2
53673     2
53674     2
53676     2
53677     1
53678     1
53679     2
53680     1
53681     1
53682     1
53685     2
53688     0
53689     1
53690     1
53691     1
53692     1
53693     1
53694     1
53695     1
53696     1
53697     1
53698     1
53699     1
53704     0
53705     1
53707     1
53723     1
53725     1
53727     2
53730     1
53732     1
53735  -999
53738     3
53740     1
53748     3
53750     2
53751     2
53753     3
53754     2
53756     2
53757     4
53759     3
53760     2
53763     2
53764     3
53767     3
53768     2
53769     1
53770     1
53771     1
53772     1
53773     0
53774     1
53776     1
53777     1
53778     1
53780     1
53781     2
53782     2
53783     2
53784     1
53785     2
53786     2
53787     3
53788     1
53789     0
53790     1
53791     1
53792     1
53794     2
53795     1
53796     1
53797     2
53798     2
53799     1
53806     3
53810     1
53817     3
53821     3
53829     4
53832     4
53841     4
53845     4
53848     2
53850     5
53852     3
53853     3
53854  -999
53856     2
53857     2
53860     3
53861     2
53862     3
53863     2
53864     2
53865     2
53866     2
53868     1
53869     2
53871     3
53872     3
53873     3
53874     2
53875     3
53878     3
53879     3
53880     3
53881     1
53882     2
53883     2
53885     3
53886     2
53888     4
53889     0
53890     2
53891     2
53892     1
53893     1
53894     1
53895     2
53896     1
53897     0
53898     0
53899     0
53903     4
53906     3
53908     2
53914     3
53915     3
53916     3
53917     3
53923     2
53924     0
53925     2
53926     2
53927     3
53928     2
53929     0
53930     4
53931     2
53934     2
53935     1
53937     2
53938    -2
53941    -8
53942     1
53945     0
53947     0
53948  -999
53949    -7
53950   -10
53953     2
53954     1
53955  -999
53956     0
53957     0
53958     0
53959     0
53961     1
53962     2
53963     1
53964     1
53965     1
53966     2
53967     1
53970     2
53972     0
53973     2
53974    -5
53975     3
53976     0
53978    -6
53979    -7
53980     1
53981     0
53982    -4
53983     1
53984     2
53985     1
53986     0
53987    -4
53988     1
53989     0
53991    -1
53992    -7
53993     0
53994     0
53995     0
53996     1
53997     0
53998     0
54012     1
54024     1
54026     2
54027     1
54031    -3
54039     0
54041    -6
54047     1
54049     0
54063     2
54065     3
54069     1
54072     2
54076     2
54080     2
54092     2
54093     0
54094     1
54096     1
54098     0
54099     1
54102     0
54113    -2
54115    -2
54117     1
54122     0
54132     1
54134     0
54135     0
54142     0
54154     1
54156     2
54157     0
54161     2
54164     1
54169     2
54171     1
54172     1
54181     2
54186     0
54187     1
54195     1
54204     1
54205     1
54208     2
54213    -7
54214     0
54218     1
54223    -1
54225     1
54226     1
54231     8
54234     1
54236    16
54237    21
54244     0
54245     1
54249     1
54252     1
54254     1
54259     1
54261     1
54263     1
54266     1
54267     1
54273     2
54274     1
54276     2
54284     2
54285     1
54290     0
54291     0
54292     0
54293     1
54301     2
54304     2
54305     1
54308     0
54311    -1
54313     1
54316     0
54318     0
54319    -1
54320     0
54321     1
54323     1
54324     0
54325     2
54326     0
54327     1
54328     1
54331    19
54332     1
54333     1
54334  -999
54335    17
54336     0
54337    12
54338     0
54339     0
54342     1
54346     0
54347     0
54349  -999
54351     1
54362     2
54363     2
54365    18
54371     2
54374     1
54377     2
54386     0
54398     1
54399     1
54401     1
54404     1
54405     2
54408     2
54410     1
54412     1
54416     1
54419     1
54420     1
54421     1
54423     1
54424     1
54425     2
54428     1
54429     1
54430     1
54431     0
54432     0
54433     1
54434     1
54436     2
54437     0
54438     1
54439     1
54449     2
54453     1
54454     1
54455     0
54471     1
54474     2
54475     0
54476     1
54483     0
54486     1
54493    15
54494    15
54497     3
54499     0
54501     1
54502     1
54503     0
54505     0
54506     1
54507     2
54510     1
54511     1
54512     2
54513     0
54514     1
54515     1
54517    -6
54518     0
54519     1
54520     3
54521     1
54522     0
54523  -999
54525  -999
54527    -2
54528  -999
54530    -6
54531     1
54532     1
54533     1
54534     1
54535    -8
54539    -3
54540     0
54541     2
54563     2
54568     1
54569    14
54579     3
54584     3
54590     3
54594     1
54596     0
54597     1
54601     0
54602     1
54603     0
54604     0
54605     0
54606     0
54607     1
54608     1
54609     1
54610     0
54611     1
54612     0
54613     1
54614     1
54615     1
54616     1
54617     1
54618     0
54619     1
54620     0
54621     1
54622     0
54623    -7
54624     0
54626     0
54627     1
54628     1
54631     1
54632     1
54633     3
54636     0
54640     1
54644     1
54660  -999
54662     2
54700     2
54701     1
54702     1
54703     0
54704     1
54705     2
54706     1
54707    14
54708     1
54709     2
54710     1
54711     0
54712     2
54713     0
54714    16
54715     2
54716     1
54717     1
54718     2
54719     1
54722     2
54723     1
54724     2
54725     2
54726     1
54727  -999
54728     1
54729     2
54730     1
54731     2
54734     2
54736     1
54737     2
54738     3
54744  -999
54749     3
54751     3
54752     2
54753     2
54755     4
54759     2
54764     2
54765     2
54766     2
54774     1
54776     1
54777     1
54778    -1
54800     2
54801     1
54802     2
54803     1
54804     2
54805     2
54806     1
54807     0
54808     1
54809     1
54810     2
54811     1
54814     1
54815     1
54816     1
54817     1
54818     1
54819     1
54820     2
54821     1
54822     2
54823     1
54824     1
54825     1
54826    18
54827    11
54828    -2
54829     2
54830     2
54831     0
54832     1
54833     2
54834     2
54835     1
54836     1
54837    -1
54841     0
54842  -999
54843    -1
54844    -9
54846     0
54848    -6
54849    -5
54851     1
54852     1
54853   -11
54855     1
54857   -12
54861    -1
54863     1
54871     0
54900    -1
54901     1
54902    -4
54903    -3
54904     1
54905     0
54906     0
54907     1
54908    -6
54909   -11
54910     1
54911     0
54912    -2
54913     1
54914     0
54915    -1
54916     0
54917    -7
54918    11
54919    -2
54920     1
54921     0
54922     0
54923     1
54925     1
54927     1
54929    -1
54932     1
54935     1
54936  -999
54938     0
54939    -1
54940     1
54943    -1
54945    -3
55228     1
55248     0
55279     0
55294     2
55299     2
55437     2
55472     1
55493     1
55572     1
55578     2
55585     0
55591     2
55598     0
55655     0
55664     0
55680     0
55681     1
55690   -17
55696     0
55773     0
56004     0
56016     2
56018     1
56021     1
56029     1
56033     0
56034     1
56038     2
56043     1
56045    -9
56046     1
56065     0
56067     2
56071     1
56074     1
56079     3
56080     2
56081     2
56082     1
56084     2
56091     2
56092     1
56093     2
56094    -1
56095     2
56096     2
56097     1
56106     2
56116     1
56125    -5
56137     2
56144     1
56146     1
56147     1
56151     2
56152     1
56158     0
56164     4
56167    -6
56168    -5
56171     2
56172     0
56173     3
56178   -25
56180     3
56181     4
56182    -4
56183     2
56184     0
56185    -5
56186     5
56187  -999
56188     3
56189     5
56190     4
56192     1
56193     4
56194     4
56195     4
56196     2
56197     5
56198     4
56199     3
56202     2
56223    -9
56227    -9
56247    -9
56251    -6
56257     0
56263   -19
56267   -14
56272     5
56273     3
56276     3
56278     3
56279     4
56280    30
56281     2
56284     3
56285     4
56287     3
56289     3
56290     4
56291     4
56295     2
56296     3
56297     0
56298     2
56307     0
56312   -10
56317    -6
56331     1
56357     0
56371     1
56373     3
56374     0
56376   -12
56378     0
56380     2
56381     2
56382     2
56383     1
56384     2
56385     2
56386     1
56387    -9
56389     0
56390     1
56393     1
56394     3
56395     1
56396     3
56399    -2
56434    -8
56441     1
56443     1
56444     0
56459     2
56462     1
56473    -4
56474     1
56475     0
56478     1
56479     1
56480     1
56483     3
56485    30
56487    17
56489    20
56490     1
56492     9
56493     1
56496    -2
56497     3
56499     1
56533  -999
56543    -5
56548   -12
56565     1
56567     1
56569    -5
56571    -3
56575     0
56578   -11
56582     2
56584     0
56585     0
56586    -4
56592    15
56593     0
56594     1
56595   -13
56596   -10
56598   -18
56641   -15
56645    -1
56646     0
56649    -5
56651     1
56652     1
56654     0
56664     1
56665    -6
56669    -1
56670    -8
56671    -6
56673    -9
56675    -8
56684   -19
56688   -18
56691    -7
56693  -999
56697    -9
56739     1
56742   -16
56745   -10
56746   -12
56748   -18
56751   -20
56752   -14
56755   -20
56756   -17
56757   -18
56761     1
56763    -5
56764    -1
56766    -9
56767    -7
56768    -4
56772    -2
56774    -4
56775     0
56777    -8
56778   -14
56781   -11
56782   -10
56783    -2
56785     0
56786   -17
56788    -3
56790    -1
56792  -999
56793    -2
56835     2
56836     3
56838     1
56839     2
56840    -3
56841     3
56842   -19
56843   -18
56844     2
56846    -3
56849    -3
56851   -18
56854    -6
56856   -28
56862   -14
56863    -6
56867   -11
56869   -14
56870    -6
56871   -10
56872   -10
56873   -12
56875   -11
56876   -14
56878    -8
56879     0
56880   -11
56881   -11
56882    -4
56883     0
56885    -9
56886    -2
56889   -10
56891     2
56898    -4
56944     2
56946     1
56948     1
56949     0
56950     0
56951    -1
56952    -2
56954     1
56958     0
56959    -3
56961     0
56962     1
56964     0
56966   -10
56969     1
56970   -10
56973    -4
56975    -1
56976    -8
56977     3
56978     3
56982    -8
56984    -4
56985     0
56986     1
56987    11
56989     0
56992     2
56994     0
56995     0
56996     0
57001     1
57002     3
57003  -999
57004     1
57006     2
57007     1
57008     2
57011     4
57012     3
57014  -999
57016     1
57020    -3
57021     1
57022     0
57023    -3
57024     0
57025  -999
57026    -6
57027    -2
57028  -999
57029    -7
57030  -999
57031    -8
57032    -5
57033    -7
57034    -5
57035    -6
57036    -3
57037     0
57038    -8
57039    -8
57040    -5
57042    -9
57043    -2
57044     0
57045    -4
57046     0
57047    -6
57048  -999
57049  -999
57051   -12
57053     0
57054     0
57055     1
57056    -4
57057     2
57060    -2
57061    -8
57063    -8
57065    -6
57066   -10
57067    -4
57070    -2
57071    -5
57072     0
57074    -3
57075   -12
57076    -9
57077   -11
57078   -11
57079    -6
57080    -3
57081    -7
57082     0
57083   -12
57085     0
57086   -12
57087   -12
57089   -10
57090    -8
57091    -8
57093    -4
57094   -17
57095   -18
57096   -19
57098   -14
57099   -22
57102     2
57105     3
57106     2
57110     2
57111     3
57113     2
57119     3
57124  -999
57126     0
57127     2
57128     0
57129    -4
57132     1
57134     1
57137     1
57140     0
57143     0
57144   -11
57153    -7
57154  -999
57155     1
57156    -1
57162     0
57169    -5
57173   -14
57175    -6
57176   -11
57177   -11
57178     1
57179   -13
57180   -17
57181   -11
57182   -11
57183    -7
57184   -11
57185   -11
57186   -15
57187    -6
57188    -7
57189     8
57191   -18
57192   -21
57193   -21
57194    -7
57195   -11
57196    -6
57198   -14
57206    23
57208     4
57211  -999
57213     2
57216    12
57217     1
57231     0
57232    -8
57233     0
57237    -1
57238  -999
57242    -1
57245    -3
57247     1
57248     0
57249    -2
57251    -9
57253    15
57254     1
57257    -2
57259    -7
57260    -6
57261    -9
57265     7
57268    -1
57271     0
57273    -7
57274    -7
57279     0
57281    -6
57290    -7
57292    -7
57293   -12
57294   -10
57295     0
57296    -9
57297    -8
57298    -9
57299   -15
57303    19
57304     2
57306    23
57307     3
57308    18
57309     1
57313     0
57314    -1
57315    -3
57317     0
57318     1
57320    10
57324    10
57326     6
57328     1
57329     1
57333     0
57339   -17
57343  -999
57345    -9
57348   -17
57349   -10
57355     0
57361    -2
57362   -11
57363     8
57368     0
57370    -6
57377    -6
57378     0
57385    -6
57387    -9
57388    -2
57389   -10
57390   -12
57396    -1
57398     1
57399     2
57401    15
57402    -5
57405    -1
57407    12
57408    -7
57409    -6
57411     0
57413    19
57414     1
57415     1
57416     1
57417     0
57420     0
57425    -3
57426    -1
57431    -2
57432    -6
57438   -11
57447    -7
57458     0
57460     0
57461     0
57464    -8
57465   -14
57466   -15
57469     0
57475     0
57476    -6
57477     0
57481     0
57483    -5
57485     1
57486     0
57489     2
57491     2
57492     1
57494     1
57496     1
57498     0
57499    -3
57505    -7
57506     0
57507     0
57509   -16
57510    -7
57511     1
57513   -14
57514    -1
57516    -3
57518    -6
57519   -12
57522   -17
57525   -17
57537   -17
57540     1
57541     1
57543     1
57544    -4
57545     0
57554     0
57558    -8
57562    -1
57564    -5
57565    -7
57566    -7
57571     0
57574    -1
57575    -1
57577     0
57582     0
57583     0
57584   -12
57585    -5
57586   -11
57589    -2
57590     0
57598    -4
57603    -3
57605   -10
57606   -30
57608    -7
57609    -8
57614  -999
57623   -15
57625  -999
57633     0
57634    -8
57635    -6
57636   -19
57637    -6
57640    -9
57643   -11
57646   -16
57647  -999
57649   -12
57655   -12
57657   -18
57658   -15
57661   -10
57662    -4
57663    -7
57666    -1
57669    -9
57671   -12
57674    -7
57678     2
57680    -3
57682    -1
57687    -4
57688     1
57694     1
57698     1
57699     1
57707   -17
57708   -10
57710  -999
57713   -15
57714   -28
57717   -17
57718  -999
57719   -12
57720   -21
57722  -999
57723    -7
57728   -15
57729  -999
57731   -21
57732   -16
57734   -19
57735   -10
57736   -19
57737   -23
57738   -24
57739   -10
57740    -7
57741  -999
57742   -12
57743   -11
57744   -12
57745   -13
57754    -3
57760   -10
57762    -9
57763    -4
57766   -15
57767   -11
57768    -4
57769   -15
57771     0
57772     1
57773     1
57774    -9
57776   -15
57777   -20
57778   -12
57780     1
57781   -12
57786   -14
57792     0
57793     0
57796    -3
57798    -3
57799   -12
57800   -10
57803   -26
57805  -999
57806   -10
57807    -8
57808   -12
57809   -18
57811   -14
57813    -3
57814   -15
57816   -11
57818   -25
57821   -15
57822   -25
57824   -19
57825   -13
57827  -999
57828    -8
57829     1
57832   -11
57834   -13
57835   -18
57837    -1
57839  -999
57840  -999
57842    -5
57844    -2
57845   -15
57846   -18
57851    -7
57853   -10
57859    -2
57860   -16
57865   -12
57866   -12
57867   -10
57868   -12
57870   -15
57871   -20
57872   -22
57874    -8
57875   -18
57876   -11
57881   -15
57882    -9
57883     0
57886    -5
57887   -24
57891    -6
57894     1
57895   -12
57896   -17
57899    -2
57900   -11
57902   -14
57903   -23
57905   -25
57906   -19
57907  -999
57908    -9
57909   -16
57910  -999
57912  -999
57913   -12
57914    -7
57915    -9
57916    -3
57921   -11
57922   -12
57923   -15
57926  -999
57927    -5
57932   -15
57936   -10
57941   -10
57942    -7
57947     1
57948     1
57949    -4
57954    -1
57955    -3
57956     0
57957    -3
57960    -5
57962   -13
57964    -8
57965   -10
57966    -8
57969    -6
57971    -7
57972   -17
57973   -25
57975    -7
57976    -5
57978   -11
57981   -20
57985   -13
57988    -9
57989   -15
57990   -13
57991    -7
57992    -4
57993    -6
57994    -7
57995     0
57996    -6
58001   -14
58002     0
58003     0
58004   -17
58005   -13
58006     0
58007   -23
58008   -16
58011    -1
58012    -1
58013     1
58015    -6
58016    -6
58017   -14
58020     2
58021     2
58022     1
58024     1
58025     1
58026  -999
58027    -7
58030     0
58032     1
58034  -999
58035    -4
58036    -1
58038  -999
58040     1
58041     2
58044     0
58047  -999
58048    -8
58049     0
58100   -11
58101   -16
58102   -15
58104   -11
58107     8
58108   -12
58109    -6
58114   -19
58117    -7
58118  -999
58122   -15
58125   -12
58126   -11
58127    -6
58128   -18
58129   -10
58130  -999
58131    -9
58132   -10
58135  -999
58138     0
58139     0
58140    -8
58141    -6
58143  -999
58145   -13
58146    -9
58147     1
58148    -1
58150    -5
58154     0
58158  -999
58202    -6
58203    -2
58205   -10
58207   -12
58208   -11
58210    -3
58212     0
58214    -1
58215     0
58220    -6
58221     0
58222     0
58223     1
58224     1
58230     2
58234     1
58235     1
58236     1
58237     1
58238     1
58240     1
58241     0
58242     2
58243    -4
58244     1
58245     2
58247    -1
58249     0
58250     0
58251    -1
58254     0
58255  -999
58257    -6
58259     0
58264    -1
58265    -3
58268     0
58269    -8
58301     0
58306     1
58311     1
58314     1
58316     0
58317     2
58319     1
58320     1
58321     1
58323     1
58326     0
58327     1
58329    -2
58330     1
58331     1
58334   -10
58335     1
58337     0
58338    -4
58339    -3
58340     1
58341    -1
58342    -2
58343    -7
58344     0
58345     0
58346     0
58352    -4
58353    -9
58354  -999
58356  -999
58358    -9
58360    -8
58361    -8
58362    -1
58365    -2
58366    -1
58367    -8
58369    -5
58401     2
58402     2
58404     0
58407    -5
58408    -3
58409    -7
58415     1
58416     2
58417     0
58418     0
58420     1
58421     1
58424     2
58426     0
58427     1
58428     0
58431     0
58432     0
58433     0
58435    -4
58436    -6
58437     3
58438     1
58441    -3
58442     0
58443    -9
58446    -4
58448  -999
58449     1
58450  -999
58451    -2
58452    -3
58453     0
58454    -4
58455    -4
58456     1
58457     0
58458    -2
58459     1
58460     0
58461    -7
58462   -10
58463    -3
58464    -2
58467     0
58468     0
58472    -4
58477    -1
58501    -5
58502     0
58503     1
58506     2
58508     2
58509     1
58510     1
58514     1
58517     1
58519     1
58523     1
58527     2
58529     0
58530     1
58531     2
58534     1
58537    -3
58542     0
58543     1
58544     1
58546     0
58547    -7
58548   -13
58549   -10
58550    -2
58553  -999
58556    -4
58557  -999
58558    -7
58559   -12
58562     0
58563    -1
58565    -8
58567    -8
58569    -7
58570     0
58601     2
58602     0
58605     2
58606     2
58608     0
58609     1
58612     1
58614     3
58615     0
58616     1
58618     2
58620     1
58624     2
58625     1
58626     2
58629     1
58631     0
58632    -4
58633    -4
58634    -2
58635     0
58642    -7
58643    -8
58644     0
58646   -12
58647    -2
58652  -999
58654     0
58656   -10
58657     0
58658     1
58659    -4
58660   -10
58664    -4
58665    -6
58666    -1
58667   -13
58693     2
58701     0
58704     0
58706     0
58707     1
58710    -1
58712    -2
58713     0
58714    -6
58715    -4
58719    -3
58724    -4
58725    -7
58730    -6
58731     0
58735    -7
58736    -7
58737   -13
58742  -999
58745    -2
58746     1
58747    -4
58748    -3
58749     1
58750    -8
58751    -2
58752   -11
58754     8
58760   -13
58804     0
58813   -14
58814   -15
58819   -13
58820    -7
58821    -5
58822   -10
58823     0
58824    -5
58826    -2
58828     1
58834    -5
58836    -1
58839    -3
58844     0
58845    -2
58846    -6
58847    -6
58848    -3
58903    -8
58905    -5
58906     0
58907     1
58911    -9
58912    -5
58917     1
58918     0
58921     0
58923     1
58926     1
58928     1
58929     0
58931     3
58932    -9
58933     1
58934    -5
58935    -1
58941     0
58942     0
58944    -3
58946     0
59001   -11
59004    -5
59007   -12
59012    -6
59015     0
59017   -10
59021     0
59022     0
59023    -7
59025    -7
59027   -18
59031   -11
59033    -2
59034   -10
59037     0
59038     0
59041   -13
59044    -8
59045   -10
59046    -8
59047    -2
59051    -6
59052   -14
59053   -11
59055    -6
59057     0
59058    -4
59059     0
59061    -5
59063   -12
59064    -2
59065    -7
59071    -5
59072    -8
59074    -8
59075    -9
59081    -6
59082   -11
59087    -6
59088  -999
59090   -15
59091    -6
59093    -5
59094    -3
59096    -3
59097  -999
59099     0
59102     0
59106     2
59107  -999
59109     2
59114     2
59116  -999
59117     2
59122     2
59124     2
59125     2
59126     1
59127     1
59130     1
59131     0
59133     1
59134     2
59137     1
59205    -2
59209    -9
59211    -9
59213   -13
59215   -13
59218     1
59224   -15
59227   -10
59228    -7
59229   -15
59230    -6
59235    -2
59237    -2
59238    -4
59241   -14
59242     0
59246    -8
59249     0
59254    -3
59255     0
59256     0
59264     0
59265     1
59266     0
59268     1
59269     0
59270    -4
59271   -11
59276    -2
59278   -14
59279   -13
59280  -999
59284     1
59285    -3
59287     0
59288     1
59289  -999
59290    -6
59293     0
59294    -3
59297     8
59298     0
59303    -1
59304  -999
59306  -999
59310     1
59312     1
59313     1
59314     2
59315     1
59316     1
59318     1
59319     1
59320     0
59321     1
59322     1
59324     1
59417    -4
59419    -3
59421     1
59425   -11
59426    -9
59427   -10
59429    -8
59431     0
59435     1
59441     1
59446     2
59448     1
59449     1
59451    -3
59452    -3
59453    -7
59454    -2
59456     1
59457     0
59462    -3
59469     1
59470    -1
59471    -3
59473    -7
59475     0
59476     0
59477     0
59478    -3
59480     6
59481    -1
59485  -999
59487     1
59488  -999
59492     7
59493     0
59500    25
59501     0
59502     2
59626     3
59632     2
59640     2
59644     1
59647     0
59650    12
59653     1
59654     1
59655     1
59656    -9
59658     1
59659    21
59663     6
59664     6
59673     0
59750     1
59754     1
59757     7
59758    -1
59838   -11
59842    -3
59843     3
59845     1
59847     0
59848     1
59849    -3
59851     0
59854     0
59855    -5
59856     0
59940     1
59941     1
59945     2
59948     3
59951     1
59954     2
