	54662	-3.4219427999999996
	54871	-3.3742517999999997
	54902	-3.2570656099999997
	54814	-3.2042674499999997
	53979	-3.16341607
	53987	-3.1425142399999997
	53993	-3.1162409899999997
	53985	-3.1022285899999997
	53982	-3.04489452
	54905	-3.03257985
	54904	-3.00828015
	54759	-2.99556255
	56966	-2.98644
	53974	-2.97705115
	54579	-2.9291358
	53995	-2.9174984499999996
	54804	-2.9116491
	54802	-2.90517675
	54752	-2.897796
	53992	-2.87896435
	54805	-2.8621412999999998
	53886	-2.85793995
	54774	-2.8494236999999996
	58022	-2.8448816999999997
	53889	-2.837511
	58118	-2.8087199999999997
	57093	-2.75962541
	56856	-2.75928
	54849	-2.73394335
	53773	-2.7291742500000002
	54765	-2.71282305
	54764	-2.69828865
	54901	-2.69668638
	54776	-2.6923840500000003
	58024	-2.6881827
	58128	-2.6524799999999997
	56969	-2.64288
	51328	-2.6348141999999997
	53869	-2.60767575
	57355	-2.60256
	53892	-2.57679015
	54915	-2.5729294499999997
	58212	-2.56764
	53978	-2.56520336
	53994	-2.5531760500000003
	56961	-2.54796
	58203	-2.52204
	53983	-2.51977983
	54844	-2.5049129999999997
	58038	-2.4926399999999997
	54766	-2.486745
	58011	-2.4837926999999995
	54900	-2.48159604
	58221	-2.47272
	57191	-2.4574246499999997
	58025	-2.4563135999999997
	54827	-2.44984125
	57072	-2.43325326
	53997	-2.4271812199999996
	54778	-2.42054535
	53988	-2.41865701
	53964	-2.4143000999999997
	57091	-2.41176758
	58129	-2.4107999999999996
	54807	-2.3906817
	53890	-2.37421695
	57090	-2.36762852
	54660	-2.3659278
	54914	-2.3416281
	54826	-2.3378809499999997
	53986	-2.33528323
	58007	-2.33434907
	54575	-2.3275479
	58243	-2.32536
	53984	-2.3246571599999997
	58127	-2.30964
	54809	-2.30585985
	58020	-2.2993875
	54483	-2.2853073
	54908	-2.2843989
	54939	-2.2832634
	57293	-2.28145226
	53989	-2.27900009
	54918	-2.2694102999999997
	53781	-2.25726045
	58030	-2.2571469
	58008	-2.25027467
	53866	-2.24590545
	58251	-2.2435199999999997
	53963	-2.239206
	54911	-2.2371621
	58126	-2.23464
	54751	-2.2260342
	57085	-2.2220163299999998
	58004	-2.2209654
	50431	-2.2189940999999997
	53787	-2.2045732499999997
	53874	-2.20343775
	54753	-2.20287
	58001	-2.20076419
	58215	-2.20008
	58013	-2.19456
	58241	-2.1942
	54936	-2.18595105
	54475	-2.1812955
	54640	-2.18016
	58100	-2.1781108099999997
	57189	-2.17694311
	57099	-2.17484125
	56962	-2.17464
	58104	-2.17215554
	58006	-2.17180523
	53685	-2.16301395
	57349	-2.1594
	58236	-2.15592
	58214	-2.14716
	54800	-2.146095
	58220	-2.1372
	58117	-2.136
	54569	-2.1342858
	58021	-2.1299709
	53873	-2.1281541
	58002	-2.1224765999999997
	54906	-2.1171397499999998
	54744	-2.1147552
	58005	-2.1071146499999998
	58017	-2.10454571
	53998	-2.09788982
	54828	-2.0922723
	54821	-2.08670835
	56959	-2.08536
	58026	-2.0831999999999997
	53961	-2.0827341
	54736	-2.0769430499999997
	58048	-2.07684
	58147	-2.07348
	58202	-2.0691599999999997
	58035	-2.0688
	58101	-2.06250851
	57363	-2.0623199999999997
	54855	-2.0423103
	57348	-2.04
	53865	-2.03720055
	57196	-2.0371694199999997
	56964	-2.03712
	57198	-2.02701043
	54816	-2.0243694
	54907	-2.01857835
	53981	-2.0180105999999998
	53962	-2.0174428499999997
	58210	-2.0137199999999997
	58138	-2.01252
	57186	-2.0072763
	57081	-2.00365643
	53897	-2.00313555
	57259	-2.00016
	53966	-1.9932567
	58032	-1.99291605
	58135	-1.9889999999999999
	53885	-1.9881469499999997
	54921	-1.9761106499999999
	57281	-1.9760987099999998
	54819	-1.9703196
	53973	-1.9669131
	58301	-1.96617326
	54861	-1.9655505
	58015	-1.9645199999999998
	57390	-1.9582329
	54563	-1.9571478
	57094	-1.95601427
	53955	-1.9519245
	57098	-1.94200187
	54632	-1.94136435
	53895	-1.9339836
	53862	-1.9331887499999998
	58125	-1.93308
	58143	-1.9317599999999997
	57079	-1.9121087499999998
	58321	-1.911
	54471	-1.91070585
	54584	-1.9052554499999999
	54644	-1.9033250999999998
	54832	-1.9009405499999998
	55664	-1.8994644
	57388	-1.89408
	53872	-1.8876552
	58316	-1.88424
	54702	-1.8786847500000001
	54836	-1.8725530499999998
	53896	-1.87209885
	54806	-1.8701685
	58246	-1.86768
	57193	-1.8675026099999998
	54724	-1.8674433
	54903	-1.8649336699999999
	54919	-1.8608574
	57378	-1.8608399999999998
	58107	-1.8584399999999999
	51377	-1.8568831499999998
	58323	-1.8543599999999998
	57086	-1.85092127
	53871	-1.84507395
	54801	-1.8435978
	53967	-1.8424623
	53883	-1.8410996999999998
	56596	-1.83792
	57184	-1.8346902399999998
	56949	-1.8344399999999998
	53879	-1.83394605
	57156	-1.83282192
	53991	-1.83118714
	54755	-1.8261111
	54810	-1.8174812999999999
	57188	-1.81402195
	56196	-1.80768
	54938	-1.8022656
	53878	-1.8020384999999999
	57295	-1.8018778699999998
	54609	-1.79829135
	53996	-1.7949983999999999
	53975	-1.7931815999999998
	53868	-1.7906834999999999
	54841	-1.7864821499999999
	57056	-1.7856468399999998
	54729	-1.780464
	58238	-1.7793599999999998
	53956	-1.7773981499999998
	57381	-1.7756399999999999
	54511	-1.7751271499999999
	58224	-1.77192
	57389	-1.7706
	58034	-1.7694496499999999
	58240	-1.7674800000000002
	56198	-1.76664
	54474	-1.764567
	54935	-1.7610469499999999
	56849	-1.75824
	57192	-1.7521338499999999
	57273	-1.75190031
	54520	-1.75128165
	53893	-1.7443551
	54863	-1.7432195999999998
	54276	-1.74106215
	58139	-1.73736
	54910	-1.735044
	56854	-1.7328
	58132	-1.7312400000000001
	53882	-1.7293664999999998
	57071	-1.7288966199999998
	57096	-1.7258605999999999
	57395	-1.72428
	53880	-1.7213044499999999
	51465	-1.7152862999999998
	58003	-1.7015467499999999
	54568	-1.7002977
	54433	-1.7001841500000001
	58401	-1.6974
	53891	-1.6972318499999999
	53884	-1.6946202
	58208	-1.68779358
	58154	-1.6855200000000001
	58130	-1.6852800000000001
	54608	-1.68474135
	53694	-1.6845142499999999
	53797	-1.68088065
	57298	-1.67996999
	53954	-1.6789503
	51469	-1.6755438
	58265	-1.67472
	50247	-1.673727
	53794	-1.6723644
	51379	-1.6715695499999998
	58230	-1.66476
	53798	-1.66135005
	56670	-1.66008
	58245	-1.6596
	57067	-1.6581339999999998
	54831	-1.6516982999999998
	54590	-1.6512440999999998
	54505	-1.6485189
	54486	-1.6446581999999998
	54749	-1.63864005
	54848	-1.6337574
	54706	-1.63228125
	54927	-1.6319406
	57076	-1.63186075
	54843	-1.62683085
	57540	-1.62648
	54631	-1.62546825
	53861	-1.6246734
	54842	-1.6226295
	58247	-1.6206
	53899	-1.61138805
	57195	-1.60500365
	58148	-1.59456
	57087	-1.59309311
	53859	-1.58822385
	57385	-1.5803999999999998
	54940	-1.57845855
	57481	-1.57644
	58235	-1.5757199999999998
	56190	-1.57524
	58320	-1.57416
	54502	-1.5649461
	51329	-1.5615396
	53972	-1.55993043
	56584	-1.55076
	59754	-1.54788
	53789	-1.54666455
	57080	-1.5460348
	54452	-1.5395108999999998
	54266	-1.53758055
	57095	-1.52992054
	57541	-1.52424
	54618	-1.523841
	54332	-1.5222513
	53853	-1.5220242
	58269	-1.51896
	54932	-1.5188447999999999
	54912	-1.51736865
	53898	-1.5136895099999998
	57178	-1.50878517
	54328	-1.5060136499999999
	58012	-1.50552
	58102	-1.50468
	57001	-1.49942775
	53965	-1.4974973999999999
	58330	-1.4941200000000001
	53769	-1.49352315
	56197	-1.49352
	54704	-1.4931824999999999
	58140	-1.48452
	59847	-1.4840399999999998
	57054	-1.4766042
	58131	-1.47552
	58108	-1.47528
	53192	-1.4750145
	54945	-1.4746738499999998
	58222	-1.47252
	59750	-1.4716799999999999
	58415	-1.46832
	53970	-1.462524
	54825	-1.4618427
	53795	-1.4592310499999999
	54534	-1.4573007
	54617	-1.4552568000000001
	57290	-1.45296911
	58113	-1.45152
	54406	-1.448898
	53772	-1.44833025
	54507	-1.4463999
	54596	-1.4378836499999998
	54812	-1.43765655
	54377	-1.4318654999999998
	54803	-1.4255067000000001
	53857	-1.4234628
	54429	-1.42107825
	50434	-1.4068845
	57304	-1.4059199999999998
	57057	-1.40427285
	57292	-1.4024077
	59264	-1.39968
	54710	-1.3996172999999998
	57543	-1.3965599999999998
	56194	-1.3948800000000001
	58327	-1.39332
	57060	-1.3914417
	51369	-1.39087395
	54815	-1.38905715
	51378	-1.3884894
	53888	-1.3817899500000002
	57396	-1.38162264
	53863	-1.37951895
	54513	-1.37815635
	54703	-1.3769072999999998
	53780	-1.3755447
	57179	-1.37403259
	54811	-1.3628270999999998
	53852	-1.3551057
	53854	-1.3532889
	54916	-1.3526076
	54424	-1.35022305
	58145	-1.34808
	53959	-1.3430694
	57089	-1.34028606
	51463	-1.3387545
	54925	-1.3326228
	54510	-1.3296705
	54846	-1.3285349999999998
	57299	-1.3254562699999999
	59945	-1.3241999999999998
	58141	-1.3239599999999998
	54470	-1.32092715
	54523	-1.31797485
	53679	-1.3158174
	57004	-1.3155903
	54725	-1.31343285
	57185	-1.31319542
	58146	-1.3113599999999999
	53664	-1.3109347500000001
	56195	-1.30836
	54225	-1.3069605
	57043	-1.3030997999999998
	54533	-1.30230495
	54913	-1.30094235
	54503	-1.2987848999999998
	58250	-1.29684
	58264	-1.2949199999999998
	54267	-1.2946971
	51572	-1.2937887
	53875	-1.2933345
	58041	-1.29036
	59429	-1.2883200000000001
	54324	-1.28822475
	53953	-1.2860673
	57398	-1.2855599999999998
	57181	-1.2840029199999998
	57297	-1.2833023
	54594	-1.2810711000000001
	50524	-1.2809575500000001
	51365	-1.2781187999999999
	54616	-1.2778916999999999
	54399	-1.2734632499999998
	56867	-1.27152
	57055	-1.2713058
	57447	-1.26708
	58340	-1.2664799999999998
	57469	-1.26312
	54431	-1.26006435
	54922	-1.2572256
	54605	-1.2522294
	57482	-1.2513599999999998
	54627	-1.25007195
	57177	-1.24920546
	53775	-1.2480280499999998
	53856	-1.2443944500000002
	58360	-1.24272
	57061	-1.2412150499999999
	54337	-1.2390576
	58512	-1.236
	58329	-1.2320399999999998
	57173	-1.22982164
	58047	-1.22976
	53796	-1.2283839
	57296	-1.22701916
	54713	-1.2258858
	54438	-1.2229335
	51433	-1.2208895999999998
	50425	-1.21941345
	56954	-1.21908
	53768	-1.21782375
	57046	-1.21623405
	54321	-1.21623405
	53786	-1.21532565
	54363	-1.2113513999999999
	56975	-1.20624
	54514	-1.2018132
	58352	-1.1952
	54606	-1.1950002
	57425	-1.18896
	53770	-1.1888684999999999
	57254	-1.18375875
	58414	-1.1834399999999998
	50915	-1.1818284
	53578	-1.1805793500000001
	58501	-1.1774399999999998
	59842	-1.1766
	59656	-1.1737199999999999
	53950	-1.1684294999999998
	58045	-1.16628
	54818	-1.1652501
	51232	-1.1625249
	56870	-1.15896
	57491	-1.15896
	56189	-1.15692
	57187	-1.15543915
	50936	-1.15537125
	54712	-1.1548034999999999
	56977	-1.1526
	53968	-1.1499208499999998
	58242	-1.149
	58268	-1.1472
	53957	-1.1470821
	56950	-1.14624
	58424	-1.1461199999999998
	54335	-1.1456059499999998
	58259	-1.14528
	54408	-1.14447045
	54346	-1.1443569
	54823	-1.1411774999999997
	54525	-1.1406097499999999
	57361	-1.14
	57169	-1.13862427
	54338	-1.13697615
	54416	-1.1345916
	53433	-1.1336832
	57251	-1.1267999999999998
	54824	-1.1264159999999999
	54031	-1.12289595
	56846	-1.119
	54339	-1.1166507
	53850	-1.1159694
	58225	-1.11528
	57175	-1.11433611
	58326	-1.11396
	57265	-1.1076
	53860	-1.1037059999999999
	54857	-1.1032518
	53697	-1.1030247
	53774	-1.0921239
	54917	-1.0909883999999999
	54731	-1.09008
	51435	-1.0878089999999998
	54622	-1.0807689
	53665	-1.08020115
	54261	-1.0737288
	53976	-1.0700952
	54822	-1.06930035
	53776	-1.0656667499999999
	59664	-1.0651199999999998
	57006	-1.06498545
	54453	-1.0639635
	53759	-1.0637364
	58341	-1.05912
	53894	-1.0589673
	54732	-1.05590145
	59848	-1.05576
	56480	-1.05504
	58402	-1.04964
	57571	-1.04952
	54244	-1.04931555
	54512	-1.04840715
	53662	-1.0454548499999998
	54476	-1.04341095
	54428	-1.0428431999999999
	58207	-1.04170517
	58338	-1.04064
	58237	-1.0395599999999998
	53522	-1.03364565
	59122	-1.0332
	57083	-1.02138719
	53784	-1.0213822499999998
	57154	-1.01956545
	53760	-1.01797575
	51765	-1.017408
	54313	-1.0096866
	53792	-1.0080969
	54336	-1.00798335
	54853	-1.00457685
	54349	-0.99821805
	57558	-0.99696
	53958	-0.9964012499999999
	55655	-0.9949250999999999
	53791	-0.9935624999999999
	56978	-0.9934799999999999
	53659	-0.99322185
	57545	-0.9922799999999999
	54522	-0.9895882500000001
	54439	-0.98345655
	54628	-0.9812990999999999
	53948	-0.9795958499999999
	58249	-0.97752
	54436	-0.9749403
	58044	-0.96756
	53533	-0.9667647
	59644	-0.9648
	58331	-0.9634799999999999
	54723	-0.9583619999999999
	51087	-0.9545013
	51288	-0.9545013
	54204	-0.95279805
	54722	-0.9504134999999999
	53687	-0.94848315
	58334	-0.9461999999999999
	54285	-0.94575795
	58317	-0.9447599999999999
	56898	-0.9446399999999999
	57483	-0.94416
	54254	-0.9364468499999999
	59948	-0.9356399999999999
	57253	-0.9344399999999999
	54717	-0.93145065
	58244	-0.9312
	54455	-0.9306557999999999
	54711	-0.92963385
	54727	-0.9295203
	57143	-0.9275899499999999
	58366	-0.9267
	55294	-0.92486475
	51717	-0.9238428
	54614	-0.92350215
	57731	-0.9221999999999999
	58354	-0.9199199999999998
	54519	-0.91691625
	57052	-0.9145317
	53790	-0.9140775
	58344	-0.9139200000000001
	50527	-0.91305555
	53980	-0.9102167999999999
	54700	-0.9093083999999999
	53763	-0.90851355
	58122	-0.90696
	57274	-0.90625197
	57399	-0.9062399999999999
	53782	-0.90510705
	56742	-0.90312
	53576	-0.9027225
	58377	-0.90252
	56137	-0.89942955
	57368	-0.89904
	54454	-0.8988617999999999
	56842	-0.89592
	58931	-0.89496
	57268	-0.8941199999999999
	58306	-0.89244
	57345	-0.89184
	54718	-0.8888694
	53693	-0.88693905
	56951	-0.88536
	57260	-0.88416
	56434	-0.88216995
	56748	-0.882
	58342	-0.88176
	57053	-0.8806937999999999
	54601	-0.8769466499999999
	54738	-0.87581115
	56569	-0.8722799999999999
	51145	-0.87217755
	54423	-0.8718369
	54333	-0.87104205
	57047	-0.8707014
	54012	-0.8633206499999999
	53446	-0.8619580499999999
	53942	-0.85923285
	52972	-0.85718895
	54398	-0.8544637499999999
	58510	-0.8542799999999999
	53663	-0.8529876
	54497	-0.8500353
	54705	-0.84992175
	54515	-0.8468559
	57498	-0.8461199999999999
	54249	-0.84583395
	58335	-0.84456
	59632	-0.8437199999999999
	56125	-0.8416326
	57475	-0.84
	57294	-0.83887568
	58404	-0.8349599999999999
	54472	-0.8336840999999999
	57042	-0.8314130999999999
	58353	-0.8302799999999999
	56649	-0.82968
	54499	-0.82494075
	58419	-0.82224
	53949	-0.8208529499999999
	53666	-0.8202852
	50514	-0.81540255
	53678	-0.81358575
	54619	-0.8125638
	54419	-0.81108765
	58339	-0.80928
	58111	-0.8090993299999999
	54274	-0.80677275
	59654	-0.804
	57493	-0.80304
	51581	-0.8007546
	53778	-0.8000733
	54320	-0.7982564999999999
	51367	-0.79768875
	54243	-0.7975752
	53594	-0.7949635499999999
	53677	-0.7923518999999999
	54521	-0.7923518999999999
	59269	-0.792
	51470	-0.7903079999999999
	57037	-0.78746925
	54851	-0.7871286
	53931	-0.7854253499999999
	54132	-0.7839492
	53691	-0.78383565
	53584	-0.7814511
	54541	-0.77997495
	51137	-0.7798613999999999
	51431	-0.7796343
	58314	-0.77784
	53575	-0.76884705
	53348	-0.7664625
	54192	-0.76589475
	54636	-0.7657811999999999
	57431	-0.76524
	59126	-0.76308
	54326	-0.7613527499999999
	53785	-0.76021725
	51330	-0.7569242999999999
	54817	-0.75176526
	58311	-0.7512
	54351	-0.7444337999999999
	50928	-0.7422763499999999
	54353	-0.74023245
	57432	-0.7386
	54920	-0.73750725
	56952	-0.7374
	54528	-0.7346685
	51133	-0.7328517
	54615	-0.7317161999999999
	54923	-0.73137555
	54316	-0.72796905
	58416	-0.7272
	54852	-0.7259251499999999
	54311	-0.72342705
	57640	-0.723
	53757	-0.7204747499999999
	56593	-0.7194
	53908	-0.71661405
	54218	-0.71638695
	57044	-0.71161785
	53475	-0.7110500999999999
	55437	-0.7090061999999999
	54820	-0.70866555
	54318	-0.7066216499999999
	57460	-0.70596
	53289	-0.7046913
	54777	-0.7033286999999999
	59647	-0.70332
	54707	-0.69776475
	57732	-0.69456
	57573	-0.69396
	51058	-0.69254145
	58223	-0.6894
	56862	-0.68928
	53832	-0.6890214
	55696	-0.6886807500000001
	54405	-0.6870910499999999
	54701	-0.6860690999999999
	51436	-0.68164065
	58027	-0.68052
	57642	-0.67728
	54115	-0.67550895
	54327	-0.67142115
	54716	-0.66892305
	54624	-0.6685823999999999
	54362	-0.66415395
	54829	-0.66052035
	53947	-0.6552970499999999
	59941	-0.65472
	54623	-0.65279895
	59640	-0.6525599999999999
	57458	-0.65184
	52875	-0.6510956999999999
	59127	-0.6509999999999999
	53783	-0.6451911
	51777	-0.64416915
	53735	-0.6437149499999999
	54365	-0.6433743
	56199	-0.6426
	53771	-0.6388322999999999
	54410	-0.63644775
	51482	-0.6349716
	57608	-0.63492
	51711	-0.6346309499999999
	51430	-0.63394965
	53492	-0.6306567
	53195	-0.62963475
	54621	-0.6295212
	54808	-0.62781795
	53574	-0.626796
	53864	-0.626796
	54909	-0.6265688999999999
	59635	-0.6259199999999999
	57070	-0.6242524199999999
	57208	-0.62424
	54374	-0.6224811
	58040	-0.62004
	56092	-0.6191881499999999
	58429	-0.6172799999999999
	56548	-0.6171599999999999
	57566	-0.6156
	58503	-0.6108
	54386	-0.6086280000000001
	54607	-0.6084009
	53696	-0.6068112
	54319	-0.6060163499999999
	57387	-0.6055200000000001
	58158	-0.60276
	56567	-0.6016799999999999
	56757	-0.5988
	58254	-0.59832
	57194	-0.59821271
	59315	-0.5982
	57041	-0.59806785
	57153	-0.5979542999999999
	57049	-0.5956832999999999
	53324	-0.5943206999999999
	57002	-0.5920496999999999
	59856	-0.5898
	54186	-0.5886431999999999
	52112	-0.5867128500000001
	53593	-0.58625865
	58421	-0.5845199999999999
	54730	-0.58398765
	54527	-0.583647
	53392	-0.58353345
	54325	-0.5829656999999999
	57183	-0.5815146
	57339	-0.58128
	54709	-0.5794456499999999
	56291	-0.5757599999999999
	53821	-0.5657061
	57180	-0.56388233
	51477	-0.5632079999999999
	57285	-0.56306494
	54434	-0.560937
	57586	-0.5608799999999999
	57077	-0.56061277
	53945	-0.5523072
	57176	-0.54846869
	51241	-0.5464026
	54039	-0.5459484
	54245	-0.54220125
	57155	-0.5419741499999999
	54943	-0.5414064
	50834	-0.53970315
	54234	-0.5357289
	59238	-0.53364
	59940	-0.5322
	57643	-0.53136
	52707	-0.53084625
	53699	-0.52812105
	53688	-0.5270990999999999
	54494	-0.52607715
	57554	-0.52416
	53577	-0.5239197
	53777	-0.52198935
	59316	-0.51936
	59137	-0.5177999999999999
	54540	-0.5161983
	57278	-0.5134799999999999
	56193	-0.51096
	58234	-0.50916
	57462	-0.49835999999999997
	59650	-0.49667999999999995
	58337	-0.49632
	56970	-0.49379999999999996
	57564	-0.48744
	52874	-0.48735660000000003
	54301	-0.48678885
	56674	-0.48588
	51334	-0.4828146
	53848	-0.48247395
	54259	-0.48043004999999994
	56004	-0.47986229999999996
	59313	-0.47735999999999995
	57162	-0.47665514
	57494	-0.474
	58116	-0.47352
	53754	-0.4714596
	54260	-0.46884794999999996
	56946	-0.46752
	53938	-0.46680405
	53357	-0.45976395
	57575	-0.45888
	54830	-0.458742
	56483	-0.45803999999999995
	50639	-0.45272385
	53512	-0.45067994999999994
	54708	-0.44829539999999996
	56357	-0.44652
	51438	-0.44159595
	55680	-0.44080109999999995
	59493	-0.43704000000000004
	58418	-0.43632
	56247	-0.43379999999999996
	53337	-0.43342034999999995
	59134	-0.43176
	54223	-0.4312629
	57051	-0.43088129999999997
	57595	-0.43068
	58336	-0.43068
	58517	-0.42864
	59321	-0.42588
	59125	-0.42564
	53767	-0.42547185
	56880	-0.42516
	52998	-0.42433635
	57647	-0.42336
	53658	-0.42251954999999997
	58408	-0.42192
	54334	-0.4212705
	53877	-0.42024854999999994
	56223	-0.4197943499999999
	59849	-0.41892
	54719	-0.4162743
	59673	-0.41412
	59320	-0.40992
	53740	-0.40912065
	57023	-0.4077580499999999
	57204	-0.40668
	57033	-0.40605479999999994
	53676	-0.40412444999999997
	56871	-0.40356
	53651	-0.4017399
	57426	-0.39984
	58016	-0.39792
	52974	-0.39628949999999996
	57022	-0.39572175
	58407	-0.3942
	55773	-0.39174749999999997
	51655	-0.39140685
	58319	-0.38975999999999994
	53941	-0.38890875
	54610	-0.38754615
	53498	-0.38686485
	56091	-0.38641064999999997
	56188	-0.38628
	56665	-0.3858
	59092	-0.38328
	53669	-0.38289059999999997
	53660	-0.37959764999999995
	59270	-0.37908000000000003
	54532	-0.3788028
	55690	-0.37460145
	57031	-0.3740337
	54102	-0.37085429999999997
	54236	-0.36971879999999996
	57492	-0.36564
	57445	-0.36264
	54342	-0.35745540000000003
	53764	-0.3551844
	57544	-0.35459999999999997
	57014	-0.35336759999999995
	59658	-0.35279999999999995
	57040	-0.35200499999999996
	56592	-0.34619999999999995
	53367	-0.34553265
	56851	-0.34019999999999995
	56645	-0.34008
	57583	-0.33852
	54420	-0.33781124999999995
	54603	-0.33678929999999996
	57021	-0.333837
	57565	-0.32915999999999995
	56976	-0.32532
	54645	-0.32373105
	50940	-0.31839419999999996
	57633	-0.31823999999999997
	54834	-0.3174858
	52993	-0.3168045
	59954	-0.31668
	53923	-0.31646385
	54518	-0.31283025000000003
	57084	-0.31235975
	58049	-0.31212
	52267	-0.31146765
	57307	-0.31068
	54535	-0.30896955
	58428	-0.30888
	52868	-0.3079476
	53751	-0.30624435
	59655	-0.30372
	56497	-0.30323999999999995
	54117	-0.30147525000000003
	51707	-0.29943135
	57066	-0.29811381000000003
	54430	-0.29806875
	59312	-0.2976
	58433	-0.29724
	50442	-0.2934132
	57536	-0.29268
	50647	-0.2902338
	51642	-0.2893254
	54231	-0.28376145
	58346	-0.282
	53582	-0.28171755
	57496	-0.28056
	57809	-0.279
	57806	-0.27876
	53457	-0.27853815
	59951	-0.27732
	53924	-0.2768349
	53580	-0.27672135
	51810	-0.27524519999999997
	50618	-0.27376905
	50842	-0.2722929
	58150	-0.27144
	58502	-0.27048
	51434	-0.2700219
	57808	-0.26964
	53689	-0.2682051
	50913	-0.2632089
	54305	-0.26286825
	53590	-0.2563959
	53562	-0.25333005
	59279	-0.25248
	57673	-0.24972
	53419	-0.24856095
	53276	-0.24833385
	51238	-0.24765254999999997
	58420	-0.24744
	57581	-0.24372
	56746	-0.24216
	59324	-0.24036
	53698	-0.23902274999999998
	54626	-0.23868209999999998
	54604	-0.23720595
	57517	-0.23687999999999998
	57923	-0.23496
	54506	-0.2343672
	51437	-0.23300459999999998
	57476	-0.23207999999999998
	57903	-0.23099999999999998
	51346	-0.22993875
	54493	-0.22766775
	59838	-0.2268
	59242	-0.22464
	56772	-0.22008
	54633	-0.21631275
	53596	-0.2161992
	52607	-0.2139282
	54063	-0.2132469
	53466	-0.2125656
	57438	-0.20976
	51811	-0.20972685
	56371	-0.20916
	54597	-0.20893199999999998
	50603	-0.2075694
	53502	-0.20177835
	57499	-0.20076
	58752	-0.19776
	55248	-0.19632795
	57242	-0.19314855
	52576	-0.193035
	53565	-0.19178594999999998
	57271	-0.19138602999999998
	54421	-0.1900827
	59488	-0.18911999999999998
	52884	-0.18769815
	59659	-0.18648
	53799	-0.183951
	53738	-0.18213419999999997
	51636	-0.18088515
	54602	-0.17895479999999997
	57048	-0.17781929999999999
	58409	-0.17772000000000002
	53750	-0.17770575
	59090	-0.17364
	56565	-0.17172
	54135	-0.1710063
	53681	-0.16578299999999999
	59757	-0.16416
	54425	-0.16294424999999998
	57844	-0.16176
	58431	-0.16007999999999997
	58907	-0.15924000000000002
	58508	-0.15827999999999998
	54099	-0.15817515000000001
	50349	-0.1576074
	58365	-0.1573
	59298	-0.15684
	59453	-0.15684
	56863	-0.15552
	57612	-0.15444
	57687	-0.15264
	54237	-0.14909115
	50939	-0.14488979999999999
	58351	-0.13943999999999998
	53937	-0.13921229999999998
	58257	-0.13608
	53517	-0.1348974
	57728	-0.13152
	57574	-0.1278
	53753	-0.12728955
	57045	-0.1255863
	54134	-0.1255863
	50741	-0.12501855
	54835	-0.1246779
	57520	-0.11868
	54252	-0.11820554999999999
	59449	-0.11664
	54734	-0.11491259999999999
	54331	-0.11479904999999999
	57718	-0.111
	51573	-0.1099164
	54437	-0.10866734999999998
	58938	-0.10836
	58362	-0.1051
	57245	-0.1031034
	57590	-0.10308
	52895	-0.1024221
	57461	-0.10211999999999999
	57256	-0.10151999999999999
	58926	-0.10092
	58345	-0.09732
	57377	-0.09587999999999999
	56489	-0.09563999999999999
	54049	-0.09526845
	53673	-0.09299745
	54837	-0.09299745
	56485	-0.09204
	57646	-0.08724
	59318	-0.08496
	53579	-0.08209665000000001
	54501	-0.08062049999999998
	59087	-0.07992
	53467	-0.0797121
	54620	-0.07641914999999999
	57625	-0.07379999999999999
	56878	-0.07308
	59276	-0.07092
	59096	-0.06804
	54214	-0.0665403
	58432	-0.06384
	59266	-0.06372
	57182	-0.06270548999999999
	57074	-0.059669469999999995
	58427	-0.05928
	57063	-0.05826823
	59229	-0.0564
	56267	-0.05556
	54157	-0.053027849999999994
	51818	-0.051665249999999996
	54449	-0.0490536
	54726	-0.04757745
	58423	-0.04656
	57464	-0.043680000000000004
	59094	-0.043199999999999995
	56673	-0.03864
	58514	-0.03552
	59425	-0.03516
	59485	-0.03396
	58500	-0.0336
	57562	-0.0324
	58417	-0.03156
	58114	-0.02868
	54161	-0.0283875
	57680	-0.025679999999999998
	57584	-0.02376
	59845	-0.02136
	57926	-0.0192
	54531	-0.017600249999999998
	51627	-0.0165783
	57922	-0.01236
	57637	-0.01164
	56995	-0.010799999999999999
	57197	-0.00922483
	53362	-0.008970450000000001
	53464	-0.005223299999999999
	56777	-0.0014399999999999999
	56781	-0.00132
	53469	0.0018168
	57132	0.0020439
	57996	0.005399999999999999
	54613	0.0097653
	52681	0.01124145
	57486	0.01512
	57082	0.01658134
	51526	0.019417049999999998
	50739	0.020893199999999997
	54611	0.021120299999999998
	56272	0.02172
	52963	0.02554875
	59317	0.026279999999999998
	57439	0.02664
	58936	0.0282
	56876	0.028560000000000002
	53705	0.02918235
	57039	0.03099915
	54715	0.0356547
	56080	0.038834099999999996
	57604	0.04044
	59456	0.04224
	52862	0.042467700000000004
	59304	0.04584
	57714	0.04824
	56843	0.04884
	52853	0.05257365
	57585	0.053399999999999996
	52575	0.0619983
	54213	0.06313379999999999
	57370	0.06323999999999999
	52754	0.0649506
	54098	0.0649506
	53756	0.0660861
	56652	0.06935999999999999
	59426	0.06984
	53619	0.07006035
	53529	0.0733533
	57507	0.07524
	57485	0.07632
	50749	0.07710045
	57140	0.07869015
	56186	0.07884
	56081	0.07959854999999999
	51639	0.08141535
	54929	0.0822102
	57105	0.08357279999999999
	57233	0.08414055
	53723	0.086298
	55493	0.08720639999999999
	57966	0.09132
	50934	0.09277034999999999
	51243	0.09447359999999999
	53680	0.09538200000000001
	57636	0.0978
	53455	0.0990156
	59091	0.09960000000000001
	54714	0.10094595
	54412	0.10174079999999999
	56109	0.10446599999999999
	53336	0.1046931
	53727	0.10889444999999999
	51357	0.10912155
	56180	0.11087999999999999
	57505	0.111
	51356	0.11230095
	52842	0.1124145
	59417	0.1134
	57038	0.11377709999999999
	56745	0.11412
	57078	0.11455137
	56783	0.11772
	54284	0.12002235
	51568	0.12217979999999999
	51815	0.1224069
	58929	0.12276
	57634	0.12696
	59088	0.1278
	52876	0.12887925
	58442	0.12984
	50888	0.13092315
	59475	0.13104
	54065	0.13137735
	59322	0.13176
	57030	0.13205865
	52869	0.13353479999999998
	57582	0.13535999999999998
	53513	0.13614645
	54371	0.13660065
	53926	0.13671419999999998
	51352	0.1387581
	59254	0.14171999999999998
	59280	0.14676
	50880	0.14693369999999997
	55585	0.1487505
	53545	0.14897760000000002
	56181	0.14987999999999999
	55589	0.15068085
	59278	0.15072
	59265	0.1512
	58205	0.15215130999999998
	58443	0.15324000000000002
	54404	0.15544994999999998
	57772	0.1566
	56985	0.1578
	50983	0.15828869999999998
	54208	0.15851579999999998
	51804	0.15976484999999999
	56443	0.16163999999999998
	57678	0.16296
	57609	0.16343999999999997
	59297	0.16512
	56594	0.16620000000000001
	53499	0.16635075
	59209	0.17016
	59271	0.17016
	51633	0.1757754
	51722	0.17679735
	54113	0.18236129999999998
	58946	0.18348
	57025	0.18542714999999999
	54833	0.1864491
	56533	0.19175999999999999
	59306	0.192
	58751	0.19224
	51353	0.19360275000000002
	59268	0.19452
	57489	0.19548
	59501	0.19848
	53682	0.19928025
	57401	0.19992
	53567	0.20030219999999999
	59102	0.20063999999999999
	53352	0.20064284999999998
	56651	0.20076
	53519	0.20132415
	54432	0.20847780000000002
	54737	0.20893199999999998
	57537	0.20976
	54195	0.21733469999999996
	59758	0.21912
	56782	0.21996
	52968	0.22074119999999997
	52980	0.22096829999999998
	56788	0.22404
	57024	0.22494255
	59303	0.22524
	56889	0.22608
	53149	0.22619159999999996
	52982	0.22698644999999998
	54156	0.2300523
	57144	0.2305065
	56973	0.23064
	57329	0.23087999999999997
	51629	0.23243684999999997
	57707	0.2334
	53725	0.2345943
	56074	0.23493495
	59131	0.24072
	51747	0.24753899999999998
	54226	0.24765254999999997
	50884	0.24822029999999998
	50937	0.24822029999999998
	52101	0.24856095
	56643	0.24972
	51701	0.25253519999999996
	56192	0.25264875
	56290	0.25379999999999997
	54286	0.25537394999999996
	57577	0.25655999999999995
	57745	0.258
	53925	0.2598024
	57736	0.26028
	57803	0.26064
	53083	0.2620734
	56869	0.26436
	57402	0.26652
	57734	0.26796
	54026	0.27331485
	56752	0.27336
	56595	0.27576
	50727	0.2763807
	53420	0.27717555
	51359	0.279333
	56183	0.28068
	57020	0.28103625
	56688	0.282
	54024	0.28308015
	54181	0.28398854999999995
	57247	0.28875765000000003
	57011	0.29080154999999996
	56958	0.29087999999999997
	51156	0.29102864999999994
	59116	0.2928
	53732	0.29670614999999995
	58928	0.2994
	59072	0.30432
	57522	0.30563999999999997
	53644	0.30715275000000003
	53599	0.30874244999999995
	58837	0.31223999999999996
	53928	0.31271669999999996
	52833	0.3136251
	54728	0.31385219999999997
	56585	0.31428
	56147	0.31476
	53231	0.31487414999999996
	56128	0.3149877
	57248	0.31850775000000003
	59255	0.32136
	59230	0.32183999999999996
	57026	0.3231633
	54323	0.3256614
	59007	0.3264
	54308	0.3267969
	56838	0.32736
	50833	0.32804595
	57129	0.32850015
	57206	0.32855999999999996
	52889	0.32861369999999995
	57682	0.32915999999999995
	59256	0.33227999999999996
	52661	0.3327015
	53881	0.333837
	57279	0.33396
	54304	0.33440475
	57028	0.33690285000000003
	59435	0.33768
	56307	0.33803835
	53547	0.33917385
	57065	0.33921684999999996
	51716	0.34189905
	50879	0.3420126
	53906	0.3426939
	52825	0.34644105
	53486	0.34814429999999996
	50445	0.3490527
	51467	0.34939334999999994
	52996	0.3495069
	56571	0.35208
	53692	0.35234565
	52818	0.35336759999999995
	59427	0.35388
	59228	0.354
	56444	0.357
	50525	0.35938575
	59113	0.35976
	57343	0.36006705
	53564	0.36165674999999997
	56331	0.3629058
	56021	0.36415485
	56441	0.36432
	52866	0.36438195
	57012	0.3663123
	52896	0.3681291
	57034	0.3744879
	53611	0.37959764999999995
	57413	0.38028
	50963	0.3806196
	54122	0.38141444999999996
	51571	0.38243639999999995
	57029	0.3856158
	53695	0.38572934999999997
	56671	0.3888
	54142	0.3897036
	54530	0.3901578
	51567	0.39061199999999996
	53615	0.39447269999999995
	53518	0.39549465
	59097	0.39624
	53399	0.39685724999999994
	53674	0.39731144999999995
	58656	0.39743999999999996
	56227	0.39799274999999995
	53841	0.3987876
	54094	0.39958245
	50877	0.40162635
	54291	0.4040109
	59310	0.40764
	59130	0.40907999999999994
	53585	0.4108239
	51656	0.41218649999999996
	57914	0.41819999999999996
	53343	0.41888595
	57600	0.41904
	54612	0.42092984999999994
	59074	0.42192
	55578	0.4219518
	57465	0.42312
	56666	0.42324
	54401	0.42410925
	59055	0.42432000000000003
	50758	0.4244499
	53602	0.43183065000000004
	52984	0.43353389999999997
	56785	0.43404000000000004
	55598	0.43410164999999995
	56373	0.43536
	58452	0.43536
	56578	0.44039999999999996
	58435	0.44328
	53588	0.44500245
	58846	0.44676
	56034	0.44954444999999993
	50838	0.44977154999999996
	51827	0.451929
	54047	0.4566981
	57075	0.45808870999999995
	56312	0.45851489999999995
	56879	0.46343999999999996
	53610	0.4651008
	59124	0.46584
	51495	0.47089185
	58556	0.4722
	59631	0.4752
	58912	0.48131999999999997
	59492	0.48144
	52203	0.4828146
	59117	0.48635999999999996
	52988	0.48860565
	53478	0.49292054999999996
	57694	0.49392
	54293	0.49439669999999997
	53553	0.49473734999999996
	51829	0.49496445
	52855	0.49644059999999995
	58456	0.49704
	58563	0.49704
	57126	0.4984845
	53614	0.504162
	54027	0.504162
	53929	0.5057517
	58343	0.5064
	59082	0.5087999999999999
	56586	0.51024
	51559	0.5118834
	51644	0.5118834
	53484	0.5143815
	58934	0.51552
	50832	0.5180151
	57328	0.51888
	59653	0.52032
	56285	0.5221199999999999
	57737	0.52704
	53463	0.52743975
	53391	0.5284616999999999
	54041	0.5300514
	53488	0.53175465
	57102	0.5334578999999999
	58460	0.534
	56984	0.53592
	53903	0.5369779499999999
	59241	0.5382
	52495	0.53970315
	58659	0.54372
	59469	0.5445599999999999
	56374	0.54492
	57127	0.54560775
	58923	0.54732
	59319	0.5574
	56494	0.56592
	53368	0.56763645
	56763	0.56796
	59211	0.57204
	57032	0.5736545999999999
	57124	0.5738816999999999
	53543	0.57399525
	57416	0.5740799999999999
	50954	0.5745629999999999
	51704	0.5751307499999999
	57605	0.57864
	53612	0.58148955
	57811	0.58344
	59224	0.58344
	53934	0.58353345
	53817	0.5856909
	54248	0.5872805999999999
	53481	0.5886431999999999
	56948	0.58968
	57016	0.5961375
	57128	0.5979542999999999
	51931	0.6001117499999999
	56693	0.60492
	53914	0.60669765
	56296	0.60708
	58843	0.6077999999999999
	59293	0.60912
	56016	0.61305645
	53690	0.61441905
	57741	0.6157199999999999
	51839	0.6193017
	54187	0.62168625
	53748	0.62327595
	58449	0.62388
	52863	0.6319057499999999
	56144	0.63276
	50246	0.6366748499999999
	57518	0.63744
	57829	0.6377999999999999
	57027	0.6379239
	50985	0.6380374499999999
	57466	0.63876
	53730	0.6392864999999999
	52836	0.6408762
	59213	0.642
	51709	0.6422388
	59063	0.6441600000000001
	51720	0.6445098
	59038	0.6453599999999999
	59012	0.6477599999999999
	53810	0.64871115
	55591	0.64916535
	56065	0.6522312
	57657	0.6524399999999999
	59288	0.6524399999999999
	56390	0.65304
	53927	0.6532531500000001
	59057	0.6537599999999999
	52657	0.6551834999999999
	59855	0.65796
	50136	0.6594983999999999
	59004	0.66048
	57911	0.6610799999999999
	59065	0.66192
	57771	0.6645599999999999
	57111	0.6702856500000001
	58760	0.672
	50955	0.6726702
	52745	0.6747140999999999
	54165	0.6783477
	58457	0.68004
	56095	0.6822083999999999
	50946	0.6840252
	59626	0.68688
	50945	0.68777235
	56492	0.69204
	58601	0.69348
	59451	0.69468
	53385	0.69572085
	57669	0.69636
	56994	0.69684
	54069	0.6999221999999999
	54539	0.70071705
	58506	0.70248
	50953	0.7055996999999999
	57437	0.70608
	53384	0.70798425
	58565	0.7098
	56033	0.71048235
	57231	0.7119584999999999
	57679	0.71352
	58562	0.71388
	59843	0.71568
	57249	0.7188
	51186	0.7189985999999999
	56116	0.7204747499999999
	51730	0.7212696
	57780	0.72192
	50745	0.7274012999999999
	59314	0.72768
	57666	0.72816
	56646	0.72876
	57213	0.73024005
	57744	0.7342799999999999
	51705	0.73614465
	57035	0.738075
	59237	0.74136
	59037	0.74844
	57837	0.75228
	53618	0.7544261999999999
	54072	0.758514
	58463	0.7596
	58448	0.75972
	56996	0.75984
	54169	0.7603308
	53788	0.7605578999999999
	57663	0.76128
	57508	0.76344
	53397	0.7636237499999999
	54205	0.76407795
	56096	0.7682793
	50859	0.7691876999999999
	55279	0.76998255
	59027	0.77136
	58436	0.77172
	57907	0.77364
	56276	0.7771199999999999
	57003	0.7784987999999999
	57106	0.7798613999999999
	58658	0.78096
	53935	0.7830408
	57671	0.78384
	58555	0.78648
	58036	0.78708
	53483	0.7882641
	56872	0.7965599999999999
	59099	0.7974
	58550	0.8011199999999999
	59017	0.804
	56399	0.8055599999999999
	58507	0.8055599999999999
	58358	0.80628
	51053	0.8074540499999999
	58614	0.81036
	56295	0.81252
	59851	0.813
	58477	0.8169599999999999
	51802	0.8174464499999999
	58359	0.81768
	57008	0.8190361500000001
	53272	0.82153425
	50979	0.8221019999999999
	59470	0.8221200000000001
	50756	0.8248272
	57942	0.8286
	52652	0.83606865
	56479	0.83784
	59454	0.83892
	57719	0.83976
	53068	0.8401564499999999
	56793	0.8408399999999999
	53845	0.8411784
	51828	0.8431087500000001
	56394	0.8442
	54093	0.84424425
	57767	0.84432
	53930	0.8454933
	56387	0.84564
	58570	0.84564
	57415	0.84588
	57722	0.8466
	52856	0.84765075
	50851	0.84992175
	54292	0.8550314999999999
	58666	0.85512
	59205	0.85512
	51708	0.8658187499999999
	50853	0.8669542499999999
	56751	0.8714399999999999
	57723	0.87192
	58461	0.8831
	59431	0.8832
	57359	0.8834399999999999
	58944	0.88416
	59477	0.88416
	57514	0.88536
	56543	0.8867999999999999
	57523	0.88908
	56029	0.8906862
	52323	0.8906862
	56764	0.89256
	54347	0.89261655
	50742	0.8953417499999999
	59289	0.8955599999999999
	56393	0.89724
	53472	0.9004515
	58450	0.9014399999999999
	55593	0.903858
	52643	0.90533415
	51076	0.90624255
	56835	0.9079200000000001
	57835	0.91104
	51628	0.9163485
	57511	0.9181199999999999
	57921	0.92052
	50854	0.92259375
	57827	0.9245999999999999
	59502	0.9264
	57232	0.9290661
	57769	0.92916
	53480	0.93054225
	57603	0.9314399999999999
	58940	0.9319199999999999
	57828	0.93216
	54273	0.9372417
	57333	0.9404399999999999
	58458	0.94068
	56273	0.94308
	50968	0.9432598499999999
	56756	0.9444
	58754	0.9446399999999999
	56281	0.95028
	57649	0.95052
	50844	0.95461485
	57989	0.9549599999999999
	51826	0.9565452
	57974	0.9580799999999999
	57729	0.96024
	50978	0.9660833999999999
	52985	0.9665375999999999
	56389	0.9779999999999999
	53378	0.97846035
	51059	0.9790281
	53646	0.98345655
	57720	0.98376
	56045	0.9845920499999999
	56487	0.98532
	58361	0.986
	52645	0.9872036999999999
	59075	0.99024
	51068	0.9915185999999999
	51814	0.9961741499999999
	56664	0.99768
	56755	1.0003199999999999
	59487	1.00248
	54080	1.0032142499999999
	58804	1.0045199999999999
	53617	1.0049175
	57308	1.01088
	53707	1.01161695
	53490	1.01343375
	52957	1.01615895
	55228	1.01774865
	58441	1.0178399999999999
	52447	1.0194519
	56774	1.02192
	58748	1.0222799999999999
	50632	1.02297195
	52546	1.0237668
	58602	1.02444
	56106	1.0246752
	57216	1.0254
	52557	1.02547005
	57598	1.02864
	52765	1.0298985
	57742	1.0308
	56151	1.0316017499999999
	50950	1.0317153
	56084	1.03682505
	56046	1.0385282999999998
	58932	1.0395599999999998
	53915	1.04182125
	56018	1.0440922499999998
	57916	1.04604
	58600	1.04856
	57839	1.05036
	50750	1.05067815
	56641	1.0541999999999998
	59249	1.0562399999999998
	57655	1.05696
	52986	1.05771825
	58369	1.058
	58356	1.05852
	55681	1.0612382999999999
	57994	1.06584
	56187	1.06812
	58942	1.0695599999999998
	54172	1.0738423499999998
	54171	1.07679465
	59061	1.0776
	56761	1.07916
	56317	1.0797469499999999
	58451	1.0806
	50776	1.0825857
	53491	1.0839482999999999
	59854	1.08588
	56669	1.08864
	56093	1.0896257999999999
	54154	1.09609815
	57506	1.0961999999999998
	56185	1.09836
	56982	1.09992
	59419	1.1028
	56376	1.10364
	58606	1.10364
	52983	1.10472795
	53573	1.10586345
	57936	1.11492
	57313	1.11636
	56839	1.11672
	50892	1.1180133
	58426	1.11924
	58509	1.1196
	50353	1.1222146499999999
	59106	1.1238
	58455	1.12476
	57119	1.1257347
	51886	1.1290276499999998
	53704	1.13311545
	57513	1.13892
	50956	1.1395878
	59071	1.13964
	53505	1.1414046
	56883	1.14168
	50962	1.14628725
	57519	1.14756
	52633	1.14833115
	58612	1.14876
	50526	1.1501479499999998
	56278	1.15188
	52784	1.153668
	51358	1.1552577
	56043	1.1575287
	59448	1.1646
	52978	1.1670669
	52955	1.16990565
	57816	1.1714399999999998
	56378	1.1721599999999999
	59457	1.1742
	57740	1.17936
	53806	1.1820555
	59294	1.1821199999999998
	50878	1.1827368
	51060	1.1850078
	56691	1.188
	59471	1.18884
	57743	1.1901599999999999
	57317	1.19028
	53917	1.1906853
	57841	1.19268
	53916	1.1937511499999998
	58917	1.19472
	52995	1.1954543999999998
	56184	1.2006
	54290	1.20101835
	56886	1.2013200000000002
	54096	1.2020403
	56263	1.2035999999999998
	57589	1.20456
	58464	1.2094799999999999
	57889	1.21044
	57965	1.212
	53910	1.212714
	58462	1.2134
	59285	1.21488
	56071	1.2163476
	56386	1.22376
	56462	1.22616
	56778	1.22664
	57516	1.23132
	58747	1.2316799999999999
	57211	1.233153
	57774	1.2369599999999998
	59476	1.2442799999999998
	58446	1.24788
	53487	1.2524564999999999
	56284	1.25436
	58845	1.2552
	52656	1.26006435
	50646	1.26051855
	52737	1.2615405
	58109	1.26912
	57975	1.27044
	58467	1.27176
	55299	1.2760748999999998
	57773	1.27668
	57969	1.2776399999999999
	56697	1.2804
	57635	1.2808799999999998
	58834	1.2847199999999999
	56173	1.2857999999999998
	54263	1.28799765
	57477	1.29156
	51468	1.2928803
	54064	1.29322095
	57358	1.29336
	56768	1.2953999999999999
	57688	1.29828
	58567	1.2985200000000001
	56493	1.29948
	52679	1.2999204
	58459	1.3044
	52713	1.3071876
	57502	1.30848
	59064	1.31292
	56992	1.3166399999999998
	56491	1.3182
	58454	1.32012
	53829	1.3212678
	56989	1.3248
	56882	1.32576
	56844	1.32696
	57420	1.329
	57738	1.3293599999999999
	58921	1.32972
	56582	1.32996
	50964	1.3337583
	59052	1.3368
	54164	1.3415932499999998
	58530	1.34304
	57905	1.3438799999999997
	57326	1.34412
	57985	1.34472
	59462	1.35096
	59053	1.35156
	57763	1.35228
	56986	1.3625999999999998
	58546	1.36392
	56775	1.36452
	59284	1.3662
	58941	1.3681199999999998
	57908	1.37304
	57887	1.3745999999999998
	56257	1.3813199999999999
	56079	1.38336
	56841	1.38372
	57658	1.3943999999999999
	50548	1.3953023999999998
	59246	1.39536
	57509	1.39848
	58667	1.39848
	52943	1.40495415
	56944	1.4063999999999999
	58472	1.4067599999999998
	59114	1.4068800000000001
	57978	1.40952
	56038	1.4114399999999998
	57822	1.4118000000000002
	57411	1.4124
	57696	1.41276
	56499	1.41696
	52674	1.4191479
	58542	1.42032
	59109	1.4281199999999998
	57238	1.4294809499999999
	58848	1.43424
	50973	1.4365210499999999
	50873	1.4439018000000001
	56490	1.4445599999999998
	58453	1.44636
	59663	1.44708
	58847	1.44936
	57840	1.44996
	57825	1.4526
	56289	1.4544
	58468	1.4545199999999998
	57113	1.455711
	50788	1.45991235
	59023	1.46148
	57713	1.46628
	59452	1.4703600000000001
	59446	1.47096
	50858	1.471608
	57405	1.4717999999999998
	51542	1.4868236999999997
	58367	1.4913
	50778	1.49238765
	52424	1.4925012
	57973	1.4943600000000001
	58906	1.49964
	57932	1.4998799999999999
	50755	1.4998819499999998
	58553	1.5007199999999998
	56766	1.5138
	52908	1.5168009
	57910	1.5323999999999998
	50871	1.53803475
	58607	1.5450000000000002
	50987	1.5457561499999999
	52313	1.5515472
	50852	1.55438595
	59107	1.56276
	59021	1.5631199999999998
	57134	1.5664222499999998
	57991	1.56684
	57992	1.56924
	57853	1.572
	57217	1.5730799999999998
	58543	1.58436
	57988	1.5853199999999998
	58531	1.5862800000000001
	59478	1.5982800000000001
	57860	1.60152
	56395	1.60284
	57895	1.6032
	57754	1.60812
	59480	1.61544
	56287	1.6188
	56380	1.6206
	51855	1.62319725
	59033	1.62672
	59133	1.62804
	57314	1.63284
	56082	1.6363690499999999
	59235	1.64268
	57739	1.64604
	50659	1.6504492499999999
	56767	1.65408
	58527	1.6582799999999998
	52602	1.6628261999999998
	59218	1.66608
	57699	1.67196
	56286	1.67376
	57752	1.67676
	56654	1.67832
	57971	1.6850399999999999
	56182	1.6884
	58750	1.68912
	52797	1.6926898499999998
	58484	1.6944
	57927	1.69512
	56873	1.69596
	58520	1.7041199999999999
	59051	1.7064
	57309	1.7083199999999998
	52418	1.7164218
	56891	1.7185199999999998
	57362	1.7185199999999998
	57768	1.7207999999999999
	56279	1.7226
	56875	1.7241600000000001
	58544	1.72896
	59015	1.72992
	57661	1.7312400000000001
	56097	1.7354399999999999
	57760	1.73748
	58438	1.7375999999999998
	59473	1.73976
	57909	1.74132
	59058	1.7425199999999998
	56168	1.7448
	52436	1.74878355
	57303	1.74972
	56094	1.75400685
	57834	1.7601600000000002
	57976	1.76736
	50960	1.7680870499999999
	57972	1.76844
	56790	1.7768399999999998
	58844	1.77756
	56067	1.7819401499999998
	57407	1.7840399999999998
	56280	1.78788
	57717	1.78932
	57623	1.7920800000000001
	59227	1.7967600000000001
	58625	1.8005999999999998
	58664	1.8034799999999997
	58826	1.80972
	57762	1.81416
	57414	1.81428
	58693	1.8258
	59215	1.8282
	58519	1.83636
	50774	1.8473449499999999
	50468	1.8508649999999998
	59041	1.86804
	59287	1.8878399999999997
	57306	1.8953999999999998
	58839	1.90068
	57813	1.9049999999999998
	57865	1.9191599999999998
	56251	1.9252799999999999
	57842	1.9258799999999998
	57315	1.9313999999999998
	57698	1.9316399999999998
	59031	1.93728
	57324	1.94088
	54076	1.9437489
	56202	1.9457928
	56396	1.9509599999999998
	56288	1.9525199999999998
	56580	1.95468
	57708	1.9557599999999997
	58903	1.96116
	58637	1.96164
	52787	1.96225755
	59500	1.96752
	59081	1.96992
	59046	1.97076
	59421	1.9722
	57846	1.9741199999999999
	58665	1.9764
	58534	1.9775999999999998
	58806	1.9785599999999999
	59093	1.98156
	58927	1.983
	59047	1.9874399999999999
	57818	1.98948
	52446	1.9971173999999998
	57990	1.99752
	50658	2.00245425
	59441	2.00952
	57409	2.01048
	58933	2.0126399999999998
	50779	2.01358215
	58605	2.0148
	56382	2.01516
	57814	2.0334
	58718	2.03652
	57662	2.0388
	57875	2.04216
	57824	2.0425199999999997
	57318	2.0465999999999998
	57606	2.04828
	52515	2.0523027
	57735	2.0551199999999996
	50861	2.0563905
	58657	2.06196
	58622	2.06664
	50787	2.0716061999999997
	50862	2.0744449499999997
	57902	2.07936
	57766	2.09328
	57912	2.1031199999999997
	58643	2.1104399999999996
	50775	2.1131655
	59290	2.12424
	56298	2.12556
	54092	2.13053865
	58624	2.133
	50767	2.1338315999999997
	56164	2.1397199999999996
	58255	2.14608
	55472	2.1490473
	58620	2.1546
	56381	2.15556
	58615	2.1576
	52885	2.16301395
	57512	2.16936
	56385	2.17128
	50958	2.17913805
	50564	2.1936724499999998
	58744	2.19588
	58548	2.2023599999999997
	58822	2.21556
	56391	2.21712
	56152	2.22648
	56739	2.22768
	56498	2.22852
	58631	2.23596
	57821	2.2386
	57851	2.25012
	58626	2.25324
	58523	2.26308
	56792	2.28096
	57674	2.2818
	57915	2.28756
	56684	2.29356
	59045	2.29752
	50656	2.3059734
	57320	2.307
	57137	2.30790375
	56598	2.3103599999999997
	57899	2.3129999999999997
	58635	2.3255999999999997
	57614	2.328
	58828	2.33484
	57868	2.35932
	57941	2.36112
	56987	2.36148
	57981	2.36184
	57948	2.3652
	57417	2.3778
	50965	2.3904546
	58634	2.39256
	57408	2.40084
	56171	2.4168
	56167	2.4189599999999998
	56840	2.42364
	59481	2.42772
	59059	2.42856
	58646	2.43828
	57758	2.4468
	52378	2.4470024999999995
	57958	2.45208
	58749	2.45364
	57995	2.46516
	56991	2.4701999999999997
	57845	2.47812
	57257	2.50404
	58547	2.50584
	58701	2.50944
	57710	2.5223999999999998
	57510	2.5231199999999996
	58627	2.5324799999999996
	56881	2.5397999999999996
	58746	2.5402799999999996
	57866	2.541
	58836	2.54328
	58529	2.54928
	58814	2.5542
	57857	2.5564799999999996
	58623	2.5605599999999997
	57798	2.5608
	57900	2.5642799999999997
	58557	2.5820399999999997
	50557	2.58837225
	58918	2.58888
	52533	2.5932549
	58911	2.59956
	58660	2.6019599999999996
	58712	2.6082
	57805	2.60868
	59044	2.6092799999999996
	58549	2.61108
	57800	2.6157600000000003
	56885	2.6195999999999997
	58654	2.62404
	57872	2.62536
	57807	2.6269199999999997
	56475	2.6300399999999997
	56158	2.64012
	57993	2.65632
	58706	2.66724
	58742	2.66844
	57886	2.67948
	59022	2.67984
	57525	2.68848
	58537	2.7006
	57947	2.72124
	55572	2.7224748
	58569	2.72376
	57955	2.73516
	58633	2.7534
	58820	2.7574799999999997
	59001	2.7772799999999997
	56836	2.78028
	50655	2.7858357
	56383	2.7918
	57237	2.80764
	50948	2.81797035
	57964	2.8253999999999997
	58558	2.83488
	58819	2.83728
	56172	2.85108
	58736	2.86248
	57761	2.86644
	58609	2.8715999999999995
	59034	2.87532
	58647	2.8797599999999997
	57781	2.8854
	58715	2.89836
	58821	2.8996799999999996
	57870	2.9056800000000003
	57792	2.91288
	58818	2.92128
	50673	2.9216415
	56178	2.9484
	50772	2.96422275
	58632	3.0070799999999998
	57894	3.0261599999999995
	50867	3.02985465
	50566	3.0306495
	58719	3.04548
	57832	3.0656399999999997
	58616	3.0974399999999997
	56786	3.11964
	58608	3.12576
	58642	3.13284
	58437	3.13488
	58710	3.13716
	58824	3.15384
	57913	3.15936
	57906	3.1835999999999998
	58559	3.1938
	58737	3.1973999999999996
	58707	3.20028
	57776	3.20328
	58618	3.2327999999999997
	58629	3.23748
	58905	3.2472
	57793	3.2593199999999998
	57871	3.27504
	58734	3.2776799999999997
	58823	3.2845199999999997
	57867	3.30084
	58745	3.30384
	58619	3.35388
	56146	3.35796
	58724	3.36036
	57796	3.40152
	58731	3.4044000000000003
	58705	3.4619999999999997
	58725	3.4850399999999997
	57896	3.4991999999999996
	57777	3.5284799999999996
	58568	3.5471999999999997
	58735	3.5569200000000003
	57778	3.576
	57789	3.58236
	57859	3.5867999999999998
	57962	3.6084
	57799	3.61824
	58813	3.62028
	57954	3.62352
	58935	3.63
	57874	3.63444
	58644	3.7126799999999998
	58714	3.8291999999999997
	57949	3.89532
	58652	3.94452
	57881	4.03464
	57883	4.048439999999999
	58704	4.1517599999999995
	59025	4.198919999999999
	50674	4.22406
	57957	4.320119999999999
	57891	4.34148
	57956	4.34232
	57876	4.3825199999999995
	57786	4.43364
	58730	4.4418
	58713	4.63788
	57960	4.80132
	57882	4.9356
	57779	5.44476
