	56950	-2.5727
	58918	-2.45988
	56948	-2.2463
	56977	-2.2276
	59092	-2.21895
	56569	-2.2139
	56969	-2.2001
	59088	-2.19123
	59114	-2.1906000000000003
	59094	-2.1699
	56964	-2.1594
	59280	-2.14929
	58917	-2.05713
	59106	-2.0532600000000003
	59096	-2.0484
	56849	-2.0479
	56879	-2.0348
	56854	-2.03
	59107	-2.02401
	59659	-2.01087
	56976	-2.0075
	59097	-1.9916099999999999
	57994	-1.9800000000000002
	59456	-1.9762200000000003
	56951	-1.9707
	58907	-1.9673100000000001
	58837	-1.9604700000000002
	59285	-1.94832
	56875	-1.9457
	59462	-1.9371600000000002
	56978	-1.9194
	59278	-1.9171799999999999
	57990	-1.9017
	59266	-1.90053
	56878	-1.8918
	58906	-1.87704
	59087	-1.8751499999999999
	56975	-1.8711
	56839	-1.8678
	59269	-1.8474300000000001
	56876	-1.8425
	59093	-1.836
	58927	-1.8225
	56764	-1.8046
	59481	-1.79901
	56761	-1.7978
	56757	-1.7951
	58921	-1.78749
	56898	-1.7842
	59653	-1.78263
	59297	-1.78029
	59276	-1.77606
	57469	-1.7709
	59452	-1.7687700000000002
	59470	-1.7644499999999999
	59229	-1.76004
	59471	-1.7589599999999999
	56973	-1.7576
	56966	-1.7547
	56959	-1.7525
	59284	-1.7523000000000002
	57460	-1.7514
	59256	-1.75113
	57377	-1.7372
	56984	-1.7359
	59454	-1.72773
	59288	-1.7244899999999999
	59271	-1.72044
	59449	-1.7073
	56970	-1.7058
	59264	-1.70523
	57995	-1.70415
	59664	-1.70388
	59451	-1.6980300000000002
	56840	-1.6964
	59270	-1.69578
	59293	-1.68912
	59268	-1.67715
	56586	-1.6771
	56989	-1.6766
	56949	-1.6747
	56958	-1.6711
	59304	-1.6675200000000001
	56985	-1.6665
	59640	-1.66545
	56994	-1.6652
	59654	-1.65843
	59488	-1.65213
	56996	-1.644
	56675	-1.6394
	59265	-1.6371
	59851	-1.6246
	59117	-1.62459
	57268	-1.6201
	59279	-1.6197300000000001
	59469	-1.6173
	59842	-1.6168
	59493	-1.61019
	56669	-1.6093
	56946	-1.6062
	58911	-1.60542
	59249	-1.60173
	57865	-1.6006
	59109	-1.59471
	57363	-1.591
	59478	-1.58616
	59663	-1.57536
	59650	-1.57509
	56986	-1.5733
	56867	-1.5723
	59457	-1.5714000000000001
	59473	-1.56051
	59426	-1.55754
	56869	-1.5562
	59255	-1.5561
	59485	-1.55565
	56870	-1.5546
	59655	-1.55295
	59102	-1.5525000000000002
	59453	-1.54971
	59238	-1.54782
	56646	-1.5378
	59476	-1.52739
	56768	-1.5269
	59435	-1.5186600000000001
	57265	-1.5182
	59475	-1.51308
	57278	-1.5115
	56889	-1.5085
	59254	-1.5084
	59656	-1.5074100000000001
	59099	-1.50633
	59856	-1.489
	57992	-1.48491
	59446	-1.48383
	59113	-1.47465
	56739	-1.4722
	59492	-1.45863
	56846	-1.4577
	56571	-1.452
	57988	-1.45179
	56944	-1.4509
	59294	-1.4447699999999999
	59057	-1.44351
	57899	-1.4326200000000002
	59061	-1.42821
	59429	-1.4274900000000001
	56954	-1.4266
	56751	-1.4186
	59431	-1.41768
	59843	-1.4101
	59082	-1.40652
	59477	-1.39491
	56836	-1.3916
	59228	-1.38834
	59644	-1.38609
	59441	-1.38582
	57971	-1.3851
	59242	-1.38456
	57461	-1.3844
	58903	-1.38438
	56567	-1.3827
	59091	-1.37772
	56673	-1.3727
	59041	-1.36782
	59487	-1.36602
	59235	-1.36593
	56872	-1.3635
	59298	-1.36044
	57996	-1.35549
	58912	-1.35549
	58931	-1.35414
	56479	-1.3531
	59945	-1.3525
	56962	-1.3502
	56752	-1.345
	59951	-1.3444
	59213	-1.34379
	57348	-1.3379
	59063	-1.3329
	59448	-1.33254
	59855	-1.3304
	56649	-1.3295
	57722	-1.3278
	59425	-1.32507
	57543	-1.3237
	59246	-1.31778
	59854	-1.3166
	59053	-1.31454
	56995	-1.3078
	56961	-1.3068
	56756	-1.3059
	56478	-1.3045
	56835	-1.3011
	59290	-1.29519
	58905	-1.29384
	57993	-1.28493
	59075	-1.28421
	56992	-1.2836
	56844	-1.2819
	56991	-1.2768
	59647	-1.2717
	59845	-1.2703
	59059	-1.2666600000000001
	56843	-1.2653
	59072	-1.26477
	58923	-1.26054
	59027	-1.2601799999999999
	59673	-1.25496
	59055	-1.2546
	57370	-1.2455
	59754	-1.24353
	57577	-1.2429
	56645	-1.2403
	58942	-1.23966
	58936	-1.23777
	59209	-1.23147
	57886	-1.2275
	56584	-1.2273
	59205	-1.2266
	56592	-1.2243
	59750	-1.22148
	57991	-1.2191400000000001
	59211	-1.21527
	56580	-1.2054
	58819	-1.2044700000000002
	59847	-1.2016
	56746	-1.1975
	58706	-1.1925
	59303	-1.1916900000000001
	59038	-1.18845
	59033	-1.1799899999999999
	56755	-1.1788
	56594	-1.1783
	59052	-1.17828
	57464	-1.1768
	57361	-1.1741
	57462	-1.1704
	56575	-1.1656
	57969	-1.1637
	59037	-1.1619899999999999
	58828	-1.1608200000000002
	59023	-1.16046
	56982	-1.1578
	59044	-1.1574900000000001
	56585	-1.1538
	59758	-1.1496
	58824	-1.14822
	59941	-1.1446
	57260	-1.1408
	59090	-1.1368800000000001
	59047	-1.13634
	58710	-1.13418
	56763	-1.1305
	59480	-1.12725
	57259	-1.1232
	56838	-1.122
	59017	-1.11915
	57974	-1.1161
	57949	-1.11564
	56670	-1.1136
	59015	-1.11285
	56487	-1.1122
	56742	-1.1106
	57466	-1.1089
	59224	-1.1024100000000001
	57957	-1.1007
	59071	-1.0998
	59310	-1.0989000000000002
	57985	-1.0983
	59635	-1.09656
	56533	-1.0963
	59004	-1.0953000000000002
	56952	-1.093
	57378	-1.0927
	58935	-1.09269
	59058	-1.0926
	56691	-1.0921
	57744	-1.0911
	57989	-1.08819
	59137	-1.0880100000000001
	57359	-1.0878
	59658	-1.07919
	57965	-1.0788
	57279	-1.0775
	58818	-1.06875
	59289	-1.0645200000000001
	59051	-1.06317
	57975	-1.0586
	59081	-1.05507
	56578	-1.054
	58623	-1.05291
	57458	-1.0492
	57253	-1.0427
	59116	-1.04112
	58926	-1.04031
	59237	-1.03779
	59322	-1.0323900000000001
	57438	-1.032
	59130	-1.02852
	58836	-1.02771
	56856	-1.0273
	59131	-1.0266300000000002
	56885	-1.024
	56792	-1.0221
	56851	-1.0215
	59127	-1.0204199999999999
	56886	-1.019
	56841	-1.014
	56171	-1.012
	58619	-1.00926
	59419	-1.00908
	56790	-1.0059
	56778	-1.0048
	56777	-1.0013
	59034	-1.00125
	59241	-0.9994500000000001
	56783	-0.9909
	59012	-0.98694
	57915	-0.9867
	57408	-0.986
	56863	-0.9848
	59124	-0.9826200000000002
	58938	-0.98181
	57339	-0.9769
	59421	-0.97515
	59321	-0.96669
	57256	-0.9662
	59045	-0.96417
	57541	-0.9615
	56871	-0.9606
	58804	-0.9592200000000001
	57956	-0.9556200000000001
	58514	-0.95076
	59287	-0.9505800000000001
	58618	-0.9335700000000001
	59757	-0.9313
	58839	-0.93087
	56748	-0.929
	59133	-0.9228600000000001
	56688	-0.9192
	59025	-0.9172800000000001
	56272	-0.9118
	59313	-0.90891
	57902	-0.9045
	56654	-0.8993
	57385	-0.8988
	56357	-0.8955
	57368	-0.8953
	57349	-0.8882
	56593	-0.8881
	56441	-0.8879
	57916	-0.887
	56394	-0.8851
	58929	-0.88398
	56643	-0.8794
	56793	-0.8793
	58635	-0.87858
	56459	-0.8765
	57966	-0.8688
	57954	-0.86859
	58707	-0.8650800000000001
	56296	-0.8631
	58632	-0.85932
	59316	-0.85869
	56371	-0.8555
	59417	-0.85365
	58946	-0.85284
	58508	-0.85275
	59134	-0.8523
	58510	-0.84933
	59001	-0.84816
	59046	-0.8478
	58934	-0.84573
	57927	-0.84447
	59306	-0.84321
	57605	-0.8384
	57973	-0.8368
	56489	-0.8365
	56565	-0.8361
	57947	-0.83493
	59320	-0.8343900000000001
	56881	-0.8334
	59631	-0.83205
	57358	-0.8311
	59848	-0.8309
	56766	-0.8298
	58940	-0.8252100000000001
	59318	-0.82386
	59007	-0.8237
	56772	-0.8227
	56987	-0.815
	59501	-0.8097300000000001
	58631	-0.80838
	56873	-0.8081
	59317	-0.8080200000000001
	57955	-0.80766
	56548	-0.8052
	56651	-0.8052
	58627	-0.8037000000000001
	59122	-0.8037000000000001
	58928	-0.80361
	58933	-0.80046
	58714	-0.79848
	59324	-0.7964100000000001
	59227	-0.7962300000000001
	57465	-0.7947
	59126	-0.792
	56781	-0.7913
	59502	-0.79101
	59632	-0.7898400000000001
	59021	-0.7871400000000001
	58844	-0.7819200000000001
	57926	-0.7806
	57362	-0.7785
	56543	-0.7751
	56697	-0.7741
	59230	-0.77409
	56485	-0.7727
	59427	-0.77211
	58530	-0.7707
	56671	-0.7693
	59319	-0.76392
	56786	-0.7632
	58826	-0.75744
	56862	-0.7547
	57883	-0.7538400000000001
	59064	-0.7527600000000001
	56785	-0.7512
	57958	-0.75069
	56782	-0.7489
	58634	-0.74889
	59022	-0.74853
	56474	-0.7398
	56462	-0.7359
	58624	-0.73575
	57476	-0.7333
	59031	-0.72954
	57800	-0.7271
	59500	-0.72351
	57811	-0.7217
	57387	-0.7156
	59218	-0.7155900000000001
	57911	-0.7065
	57894	-0.70569
	58666	-0.69957
	56883	-0.6976
	56390	-0.6948
	58705	-0.6912900000000001
	59215	-0.69075
	58629	-0.6903
	59065	-0.68787
	58626	-0.6876
	58438	-0.685
	57437	-0.6827
	58715	-0.67842
	59125	-0.67797
	57948	-0.67626
	57807	-0.6753
	57445	-0.6692
	58633	-0.6680699999999999
	56693	-0.6611
	57544	-0.6586
	56684	-0.6566
	58517	-0.65232
	58847	-0.6518700000000001
	56842	-0.6478
	58616	-0.6471
	59940	-0.6315
	56788	-0.6313
	57076	-0.6312373800000001
	58748	-0.62901
	57816	-0.626
	57274	-0.62566354
	56393	-0.6254
	56443	-0.6234
	56198	-0.6179
	56378	-0.6158
	58834	-0.61407
	58537	-0.61281
	57439	-0.6114
	56652	-0.6094
	58125	-0.6038
	57077	-0.5956308100000001
	58712	-0.59508
	59314	-0.59328
	56396	-0.5903
	56373	-0.5895
	57156	-0.58763675
	57964	-0.5859000000000001
	59948	-0.5823
	58843	-0.5821200000000001
	58609	-0.57699
	57882	-0.5709
	59312	-0.57006
	57251	-0.57
	57876	-0.5683
	59074	-0.56457
	56882	-0.5638
	58615	-0.56178
	57976	-0.5592
	56880	-0.5589
	56596	-0.5572
	57175	-0.5534236400000001
	58806	-0.55323
	56190	-0.5517
	56291	-0.5498
	57307	-0.5466
	57813	-0.5449
	57355	-0.5446
	58543	-0.5430600000000001
	58614	-0.54135
	56767	-0.5381
	57895	-0.5267700000000001
	56199	-0.5265
	58458	-0.51714
	56745	-0.5162
	58529	-0.51444
	57067	-0.51205988
	57056	-0.5113631500000001
	58612	-0.50562
	57914	-0.5023
	57824	-0.4979
	58637	-0.4887
	56144	-0.4879
	58534	-0.4852
	57814	-0.4825
	58704	-0.48024
	57523	-0.4792
	58814	-0.47772000000000003
	58625	-0.47718
	56641	-0.4749
	57066	-0.4721262500000001
	57737	-0.4714
	58531	-0.4704
	57906	-0.47
	57808	-0.4673
	57054	-0.46457223
	57907	-0.4628
	57573	-0.4585
	57176	-0.45782495
	57887	-0.4572
	57508	-0.4547
	57204	-0.4541
	57162	-0.4529111700000001
	57720	-0.4452
	58932	-0.44442000000000004
	57614	-0.4438
	57388	-0.4409
	57178	-0.4393066
	58701	-0.43353
	58941	-0.432
	57608	-0.4265
	57729	-0.4259
	57154	-0.42493196000000005
	58128	-0.4229
	56595	-0.4201
	59849	-0.4193
	58512	-0.41598
	58607	-0.41364
	57169	-0.41349092
	58506	-0.41247
	58622	-0.41202
	57308	-0.4081
	57395	-0.4057
	58448	-0.40563
	59838	-0.4047
	56395	-0.4028
	56497	-0.4017
	58520	-0.4002
	58507	-0.39816
	57345	-0.3969
	57042	-0.39570597
	57304	-0.3919
	57040	-0.39178228000000004
	57381	-0.3902
	57545	-0.3899
	53949	-0.38639179000000007
	58713	-0.38583
	56666	-0.3857
	57037	-0.38184471
	57507	-0.3818
	57078	-0.37986453000000003
	58117	-0.3796
	57024	-0.37649089
	57405	-0.3763
	57051	-0.37429069
	53948	-0.37286056
	56196	-0.3714
	58737	-0.36963
	58608	-0.36639000000000005
	57909	-0.366
	57057	-0.36391308
	54608	-0.36090614
	58426	-0.3563
	57285	-0.35489226
	57039	-0.35104191
	57041	-0.35096857
	57273	-0.3501985
	57143	-0.34928175
	57540	-0.3476
	57891	-0.34731
	53782	-0.34297451
	53697	-0.34165439000000003
	56257	-0.3397
	57033	-0.33461375000000004
	57271	-0.33380701
	57941	-0.33291000000000004
	53944	-0.33259690000000003
	57153	-0.32859987
	53796	-0.32434615
	57566	-0.3237
	53693	-0.32133921
	56168	-0.3212
	58455	-0.32076
	53955	-0.31946904000000004
	57026	-0.31499530000000003
	53941	-0.31484862
	54700	-0.31444525
	57155	-0.31440858000000005
	54701	-0.3102282
	53756	-0.30960481000000006
	53947	-0.30942146000000004
	58130	-0.3066
	57328	-0.305
	57044	-0.30406764000000003
	58527	-0.30366
	53872	-0.30348092000000004
	53699	-0.3028942
	57075	-0.30205079
	53957	-0.3003273
	57962	-0.2998
	57053	-0.29897051
	58126	-0.2987
	53866	-0.29724702000000003
	54606	-0.29369003
	57027	-0.29071976
	53797	-0.28994969
	58454	-0.28953
	53798	-0.28906961000000003
	56493	-0.2888
	57074	-0.28712610000000005
	57598	-0.28476
	53868	-0.28444919
	57063	-0.28349577000000004
	58437	-0.2834
	58848	-0.28242
	59626	-0.28242
	58845	-0.27954
	53958	-0.27766524000000004
	56263	-0.2761
	57140	-0.27498833
	57173	-0.2746583
	57144	-0.27359487
	53791	-0.27359487
	53789	-0.27139467
	56598	-0.2691
	53788	-0.26886444
	57032	-0.26798436000000003
	57179	-0.26699427000000003
	57187	-0.26637088000000003
	53795	-0.26490408000000004
	58509	-0.26478
	56582	-0.2636
	57065	-0.26175046
	57254	-0.26028366000000003
	57822	-0.2598
	58821	-0.25911
	56197	-0.259
	54943	-0.25874352
	57571	-0.2577
	57806	-0.2575
	58544	-0.25515
	58944	-0.25488
	57525	-0.254
	53950	-0.25324302000000004
	57043	-0.25276631000000005
	58456	-0.25182
	53954	-0.2508228
	56383	-0.2484
	58457	-0.24777
	57061	-0.24752250000000003
	57048	-0.24645907000000003
	53785	-0.24539564000000003
	57194	-0.24513895000000002
	53754	-0.24488226
	53886	-0.24473558
	53883	-0.24205867000000003
	56267	-0.2408
	54617	-0.23773161
	57055	-0.23670485
	57035	-0.23399127000000003
	57181	-0.23366124000000002
	57389	-0.232
	53698	-0.23171773
	53871	-0.23168106000000002
	53694	-0.23109434
	56295	-0.2308
	53687	-0.23032427000000003
	53705	-0.23010425
	53861	-0.22951753000000003
	53891	-0.22944419000000002
	57029	-0.22772070000000003
	57913	-0.2267
	54703	-0.22640058
	53768	-0.22585053000000002
	54633	-0.22500712000000003
	53799	-0.22478710000000002
	53790	-0.22328363
	57799	-0.22266000000000002
	56473	-0.2226
	54710	-0.2225869
	57189	-0.2225869
	54621	-0.21987332
	54604	-0.21932327000000001
	53792	-0.21917659000000003
	57193	-0.21822317
	57021	-0.21635300000000002
	53689	-0.21569294
	54614	-0.21492287
	53841	-0.21224596
	58007	-0.21110919
	56374	-0.2082
	57294	-0.20685547000000004
	57049	-0.20656211000000002
	58548	-0.20655
	57072	-0.20601206
	57736	-0.2048
	57052	-0.20406855000000002
	58747	-0.20331
	56376	-0.2033
	53966	-0.20318847000000004
	54708	-0.20296845000000002
	53878	-0.20241840000000003
	57960	-0.20196
	57099	-0.20164833000000004
	57908	-0.2013
	53759	-0.19992484000000002
	53956	-0.19981483000000003
	58435	-0.1998
	53810	-0.19955814000000002
	53863	-0.19933812
	56247	-0.1989
	57195	-0.19871473000000003
	57738	-0.1986
	57071	-0.19721126
	57034	-0.19706458000000002
	57625	-0.1969
	57106	-0.19424099
	53669	-0.19409431000000002
	57084	-0.19343425
	57196	-0.19336091
	53775	-0.19255417000000002
	57821	-0.1908
	57080	-0.19057399000000003
	57045	-0.19053731999999998
	53806	-0.18973058
	54705	-0.18918053
	53975	-0.18800709000000004
	53614	-0.18797042
	52446	-0.18767706000000003
	53577	-0.18731036000000004
	53740	-0.18727369000000002
	58754	-0.18702000000000002
	57910	-0.1869
	57972	-0.1867
	57192	-0.18577022000000004
	56665	-0.1857
	56182	-0.1842
	53691	-0.18419341
	54626	-0.18070976000000002
	57070	-0.18034306000000003
	57281	-0.17924296
	53748	-0.17696942000000002
	57581	-0.1769
	53959	-0.1767494
	53985	-0.17546595
	53979	-0.17509925
	57290	-0.17154226
	53777	-0.17139558
	57604	-0.1709
	53854	-0.17084553
	57085	-0.17047883
	53794	-0.17003879000000002
	54620	-0.16967209000000003
	58127	-0.1682
	57025	-0.16772858
	53787	-0.16611510000000002
	54623	-0.16571173000000003
	53725	-0.16505167
	58417	-0.1629
	53784	-0.16219141
	57921	-0.1616
	54624	-0.16123799
	53781	-0.16101797
	56287	-0.1599
	53723	-0.15896445
	57079	-0.15896445
	58451	-0.15885
	58547	-0.15885
	57401	-0.1588
	54702	-0.15749765000000002
	53685	-0.15680092
	54530	-0.15588417000000002
	53757	-0.15562748
	58523	-0.1539
	53884	-0.15339061
	53982	-0.15313392000000003
	53769	-0.15287723
	53984	-0.15262054000000003
	54603	-0.15232718
	53673	-0.15067703000000002
	57932	-0.1503
	53618	-0.14855017
	53750	-0.14811013
	56146	-0.1478
	58122	-0.1471
	53778	-0.14660666
	57707	-0.1447
	58742	-0.14418
	53772	-0.14330636
	53850	-0.14231627000000002
	53786	-0.14213292000000002
	56290	-0.1404
	53590	-0.14029942
	53617	-0.13765918000000002
	58749	-0.13752
	57137	-0.13736582
	53727	-0.13626572
	54616	-0.13615571
	57293	-0.13454223
	52983	-0.13399218000000002
	58202	-0.1338
	57249	-0.1328
	57030	-0.13245204000000002
	54618	-0.13157196000000002
	57188	-0.13149862
	52889	-0.13120526000000002
	53869	-0.12852835
	53783	-0.12768494000000002
	53970	-0.12592478000000001
	57208	-0.1255
	53973	-0.12376125000000002
	58820	-0.1233
	58519	-0.12060000000000001
	57082	-0.11950753000000001
	53771	-0.1191775
	57119	-0.11862745000000001
	53963	-0.11793072
	57731	-0.1178
	54704	-0.11694063000000002
	57180	-0.11609722
	56188	-0.1158
	53856	-0.11441040000000001
	58718	-0.1143
	53857	-0.11415371000000002
	58823	-0.11394
	56173	-0.1124
	54636	-0.11129345
	53610	-0.10916659000000002
	53696	-0.10868988
	53967	-0.10821317
	53945	-0.10795648000000001
	54613	-0.10773646
	53888	-0.10656302000000002
	53862	-0.1059763
	56095	-0.10582962000000001
	57134	-0.1052429
	57942	-0.10512
	53962	-0.10436282000000001
	57798	-0.10422000000000001
	53680	-0.1037761
	54725	-0.10296936000000001
	57600	-0.1021
	57031	-0.10179592000000001
	53735	-0.10164924
	53961	-0.10069582
	53852	-0.09886232
	53877	-0.09882565000000001
	53679	-0.09790890000000001
	53895	-0.09754220000000001
	53776	-0.09614874
	53894	-0.09600206
	53751	-0.09585538000000002
	57022	-0.09376519
	57198	-0.09138164000000001
	54615	-0.09127163
	58135	-0.091
	56774	-0.0905
	53845	-0.08998818000000001
	57575	-0.0899
	53770	-0.08987817000000001
	56775	-0.0878
	53987	-0.0869079
	58129	-0.0869
	53890	-0.08679789
	53780	-0.08485438000000001
	53874	-0.08437767
	57390	-0.08415765000000001
	53763	-0.08298421
	53976	-0.08298421
	57297	-0.08280086
	53972	-0.08243416
	57242	-0.08170076000000001
	57020	-0.08137073
	52884	-0.08078401
	53859	-0.07711701
	57299	-0.0762736
	56891	-0.0757
	57111	-0.07469679
	57186	-0.07444010000000001
	57028	-0.07436676
	53695	-0.07407340000000001
	57038	-0.07238658
	58549	-0.07011
	53885	-0.06985635000000001
	54628	-0.06981968000000001
	53774	-0.069673
	53978	-0.06959966000000001
	57789	-0.06956999999999999
	53889	-0.06842622
	53619	-0.06820620000000001
	53646	-0.06769282
	56491	-0.0675
	54610	-0.06615268
	58132	-0.0655
	57128	-0.06428251000000001
	57936	-0.0637
	54612	-0.06347577
	53764	-0.06329242
	57231	-0.06318241000000001
	57016	-0.06255902
	54622	-0.06252235
	53682	-0.06178895000000001
	56279	-0.0605
	53882	-0.060102130000000004
	57536	-0.0592
	57233	-0.05874534000000001
	56289	-0.0571
	53767	-0.057021850000000006
	57803	-0.0569
	53707	-0.05595842000000001
	57184	-0.055885080000000004
	57425	-0.0551
	57298	-0.055005000000000005
	58606	-0.0549
	53879	-0.0546383
	53880	-0.05405158
	54913	-0.0539049
	57197	-0.05276813
	53690	-0.052291420000000005
	58459	-0.05184
	57896	-0.05085
	56096	-0.05038458
	57081	-0.05031124
	57343	-0.04950450000000001
	57407	-0.0493
	57126	-0.04921114000000001
	52993	-0.04884444000000001
	54719	-0.047560990000000004
	54776	-0.04741431
	54713	-0.04653423000000001
	53908	-0.045250780000000004
	58207	-0.04462739
	58464	-0.04293
	54640	-0.04272055
	57113	-0.04261054
	54605	-0.03810013
	57247	-0.0374034
	56298	-0.037
	56193	-0.0368
	57213	-0.03487317
	53968	-0.03296633
	53753	-0.030582780000000004
	58254	-0.0303
	53964	-0.02999606
	58449	-0.029070000000000002
	53853	-0.029042640000000005
	53519	-0.02625572
	53688	-0.02588902
	52995	-0.02445889
	53988	-0.023872170000000005
	58255	-0.0235
	52895	-0.022735400000000003
	53897	-0.02251538
	57023	-0.02159863
	53582	-0.021121920000000002
	58205	-0.02101191
	57796	-0.02025
	57060	-0.019581780000000003
	53612	-0.0194351
	54712	-0.01888505
	53615	-0.017711610000000003
	56386	-0.0172
	57537	-0.0164
	58006	-0.01602479
	57502	-0.0156
	54632	-0.015401400000000003
	56389	-0.0152
	54871	-0.014374640000000001
	57086	-0.013274540000000001
	58011	-0.01305452
	58620	-0.012870000000000001
	53832	-0.01250447
	53848	-0.01239446
	57809	-0.0119
	58744	-0.01071
	53986	-0.010560960000000001
	54940	-0.010414280000000001
	54533	-0.01019426
	57006	-0.00942419
	57014	-0.00839743
	57447	-0.0062
	57634	-0.0055
	53873	-0.00539049
	57303	-0.0050
	54716	-0.004803770000000001
	53892	-0.004693760000000001
	53829	-0.00458375
	57623	-0.0033
	58428	-0.0029
	54857	-0.00165015
	54365	0.0
	54371	0.0
	54374	0.0
	54377	0.0
	54386	0.0
	54452	0.0
	54453	0.0
	54454	0.0
	54455	0.0
	54470	0.0
	54471	0.0
	54472	0.0
	54474	0.0
	54475	0.0
	54476	0.0
	54483	0.0
	54486	0.0
	54493	0.0
	54494	0.0
	54497	0.0
	54563	0.0
	54568	0.0
	54569	0.0
	54575	0.0
	54579	0.0
	54584	0.0
	54590	0.0
	54660	0.0
	54662	0.0
	50136	0.0
	50246	0.0
	50247	0.0
	50349	0.0
	50353	0.0
	50425	0.0
	50431	0.0
	50434	0.0
	50442	0.0
	50445	0.0
	50468	0.0
	50514	0.0
	50524	0.0
	50525	0.0
	50526	0.0
	50527	0.0
	50548	0.0
	50557	0.0
	50564	0.0
	50566	0.0
	50603	0.0
	50618	0.0
	50632	0.0
	50639	0.0
	50646	0.0
	50647	0.0
	50655	0.0
	50656	0.0
	50658	0.0
	50659	0.0
	50673	0.0
	50674	0.0
	50727	0.0
	50739	0.0
	50741	0.0
	50742	0.0
	50745	0.0
	50749	0.0
	50750	0.0
	50755	0.0
	50756	0.0
	50758	0.0
	50767	0.0
	50772	0.0
	50774	0.0
	50775	0.0
	50776	0.0
	50778	0.0
	50779	0.0
	50787	0.0
	50788	0.0
	50832	0.0
	50833	0.0
	50834	0.0
	50838	0.0
	50842	0.0
	50844	0.0
	50851	0.0
	50852	0.0
	50853	0.0
	50854	0.0
	50858	0.0
	50859	0.0
	50861	0.0
	50862	0.0
	50867	0.0
	50871	0.0
	50873	0.0
	50877	0.0
	50878	0.0
	50879	0.0
	50880	0.0
	50884	0.0
	50888	0.0
	50892	0.0
	50913	0.0
	50915	0.0
	50928	0.0
	50934	0.0
	50936	0.0
	50937	0.0
	50939	0.0
	50940	0.0
	50945	0.0
	50946	0.0
	50948	0.0
	50950	0.0
	50953	0.0
	50954	0.0
	50955	0.0
	50956	0.0
	50958	0.0
	50960	0.0
	50962	0.0
	50963	0.0
	50964	0.0
	50965	0.0
	50968	0.0
	50973	0.0
	50978	0.0
	50979	0.0
	50983	0.0
	50985	0.0
	50987	0.0
	51053	0.0
	51058	0.0
	51059	0.0
	51060	0.0
	51068	0.0
	51076	0.0
	51087	0.0
	51133	0.0
	51137	0.0
	51145	0.0
	51156	0.0
	51186	0.0
	51232	0.0
	51238	0.0
	51241	0.0
	51243	0.0
	51288	0.0
	51328	0.0
	51329	0.0
	51330	0.0
	51334	0.0
	51346	0.0
	51352	0.0
	51353	0.0
	51356	0.0
	51357	0.0
	51358	0.0
	51359	0.0
	51365	0.0
	51367	0.0
	51369	0.0
	51377	0.0
	51378	0.0
	51379	0.0
	51430	0.0
	51431	0.0
	51433	0.0
	51434	0.0
	51435	0.0
	51436	0.0
	51437	0.0
	51438	0.0
	51463	0.0
	51465	0.0
	51467	0.0
	51469	0.0
	51470	0.0
	51477	0.0
	51482	0.0
	51495	0.0
	51526	0.0
	51542	0.0
	51559	0.0
	51567	0.0
	51568	0.0
	51571	0.0
	51572	0.0
	51573	0.0
	51581	0.0
	51627	0.0
	51628	0.0
	51629	0.0
	51633	0.0
	51636	0.0
	51639	0.0
	51642	0.0
	51644	0.0
	51655	0.0
	51656	0.0
	51701	0.0
	51704	0.0
	51705	0.0
	51707	0.0
	51708	0.0
	51709	0.0
	51711	0.0
	51716	0.0
	51717	0.0
	51720	0.0
	51722	0.0
	51730	0.0
	51765	0.0
	51777	0.0
	51802	0.0
	51804	0.0
	51810	0.0
	51811	0.0
	55228	0.0
	55248	0.0
	55279	0.0
	55294	0.0
	55299	0.0
	55437	0.0
	55472	0.0
	55493	0.0
	55572	0.0
	55578	0.0
	55585	0.0
	55589	0.0
	55591	0.0
	55593	0.0
	55598	0.0
	55655	0.0
	55664	0.0
	55680	0.0
	55681	0.0
	55690	0.0
	55696	0.0
	55773	0.0
	56004	0.0
	56016	0.0
	56018	0.0
	56021	0.0
	56029	0.0
	56033	0.0
	56034	0.0
	56043	0.0
	56045	0.0
	56046	0.0
	56065	0.0
	56067	0.0
	56106	0.0
	56109	0.0
	56116	0.0
	56125	0.0
	56128	0.0
	56137	0.0
	56151	0.0
	56202	0.0
	56223	0.0
	56227	0.0
	56307	0.0
	56312	0.0
	56317	0.0
	56331	0.0
	56342	0.0
	56434	0.0
	51814	0.0
	51815	0.0
	51818	0.0
	51826	0.0
	51827	0.0
	51828	0.0
	51829	0.0
	51839	0.0
	51855	0.0
	51886	0.0
	51931	0.0
	52101	0.0
	52112	0.0
	52203	0.0
	52267	0.0
	52313	0.0
	52378	0.0
	52495	0.0
	52575	0.0
	52576	0.0
	52602	0.0
	52607	0.0
	52633	0.0
	52645	0.0
	52657	0.0
	52707	0.0
	52713	0.0
	52737	0.0
	52745	0.0
	52754	0.0
	52765	0.0
	52818	0.0
	52825	0.0
	52833	0.0
	52836	0.0
	52842	0.0
	52853	0.0
	52855	0.0
	52856	0.0
	52862	0.0
	52863	0.0
	52866	0.0
	52868	0.0
	52869	0.0
	52874	0.0
	52875	0.0
	52876	0.0
	52908	0.0
	52943	0.0
	52955	0.0
	52957	0.0
	52963	0.0
	52968	0.0
	52972	0.0
	52974	0.0
	53068	0.0
	53083	0.0
	53149	0.0
	53192	0.0
	53195	0.0
	53231	0.0
	53272	0.0
	53276	0.0
	53289	0.0
	53324	0.0
	53336	0.0
	53337	0.0
	53343	0.0
	53348	0.0
	53352	0.0
	53357	0.0
	53362	0.0
	53367	0.0
	53368	0.0
	53378	0.0
	53384	0.0
	53385	0.0
	53391	0.0
	53419	0.0
	53420	0.0
	53433	0.0
	53446	0.0
	53455	0.0
	53457	0.0
	53463	0.0
	53464	0.0
	53466	0.0
	53467	0.0
	53469	0.0
	53472	0.0
	53475	0.0
	53480	0.0
	53481	0.0
	53483	0.0
	53484	0.0
	53502	0.0
	53505	0.0
	53512	0.0
	53513	0.0
	53522	0.0
	53529	0.0
	53533	0.0
	53543	0.0
	53545	0.0
	53547	0.0
	53553	0.0
	53562	0.0
	53602	0.0
	53644	0.0
	53730	0.0
	53732	0.0
	54012	0.0
	54024	0.0
	54026	0.0
	54027	0.0
	54031	0.0
	54039	0.0
	54041	0.0
	54047	0.0
	54049	0.0
	54063	0.0
	54064	0.0
	54065	0.0
	54069	0.0
	54072	0.0
	54076	0.0
	54080	0.0
	54092	0.0
	54093	0.0
	54094	0.0
	54096	0.0
	54098	0.0
	54099	0.0
	54102	0.0
	54113	0.0
	54115	0.0
	54117	0.0
	54122	0.0
	54132	0.0
	54134	0.0
	54135	0.0
	54142	0.0
	54154	0.0
	54156	0.0
	54157	0.0
	54161	0.0
	54164	0.0
	54165	0.0
	54169	0.0
	54171	0.0
	54172	0.0
	54181	0.0
	54186	0.0
	54187	0.0
	54192	0.0
	54195	0.0
	54204	0.0
	54205	0.0
	54208	0.0
	54213	0.0
	54214	0.0
	54218	0.0
	54223	0.0
	54225	0.0
	54226	0.0
	54231	0.0
	54234	0.0
	54236	0.0
	54237	0.0
	54243	0.0
	54244	0.0
	54245	0.0
	54248	0.0
	54249	0.0
	54252	0.0
	54254	0.0
	54259	0.0
	54260	0.0
	54261	0.0
	54263	0.0
	54266	0.0
	54267	0.0
	54273	0.0
	54274	0.0
	54276	0.0
	54284	0.0
	54285	0.0
	54286	0.0
	54290	0.0
	54291	0.0
	54292	0.0
	54293	0.0
	54305	0.0
	54313	0.0
	54316	0.0
	54320	0.0
	54321	0.0
	54323	0.0
	54324	0.0
	54325	0.0
	54326	0.0
	54327	0.0
	54328	0.0
	54331	0.0
	54332	0.0
	54333	0.0
	54334	0.0
	54335	0.0
	54336	0.0
	54337	0.0
	54338	0.0
	54339	0.0
	54342	0.0
	54346	0.0
	54347	0.0
	54349	0.0
	54351	0.0
	54353	0.0
	54362	0.0
	54363	0.0
	57506	1.0E-4
	58024	6.9673E-4
	57554	0.0018
	56391	0.0021
	54602	0.0021635300000000003
	58418	0.0023
	53611	0.0028969300000000007
	54519	0.00315362
	53938	0.0058305300000000004
	58107	0.0061
	54437	0.006857290000000001
	52885	0.00704064
	57306	0.0075
	56387	0.0076
	54631	0.008324090000000001
	57431	0.0096
	53994	0.0099009
	57083	0.00993757
	57008	0.01037761
	54503	0.01162439
	54848	0.011917750000000001
	53965	0.013274540000000001
	58131	0.0134
	58846	0.01386
	54724	0.014557990000000002
	57923	0.0146
	57001	0.01602479
	57047	0.01701488
	53881	0.01752826
	58463	0.019
	58008	0.019765130000000002
	54619	0.020461860000000002
	53864	0.02159863
	54945	0.022002
	53487	0.02306543
	53875	0.023505470000000004
	54938	0.02390884
	53974	0.024202200000000004
	53392	0.02445889
	53981	0.025045610000000003
	57232	0.028455920000000003
	58719	0.028620000000000003
	53821	0.029042640000000005
	57177	0.029666030000000003
	52980	0.030216080000000003
	53692	0.03142619
	54849	0.03230627
	54723	0.03366306
	57217	0.0338
	57295	0.033919750000000005
	57003	0.03424978
	58145	0.0348
	54645	0.034909840000000004
	58100	0.037916780000000004
	58004	0.03795345
	54518	0.03806346000000001
	54800	0.03890687
	54907	0.04147377000000001
	58001	0.04147377000000001
	54805	0.0418038
	53596	0.042463860000000006
	53991	0.04290390000000001
	53942	0.04341728
	57132	0.043857320000000005
	54711	0.044664060000000005
	52784	0.04499409000000001
	57046	0.04591084000000001
	54722	0.04671758000000001
	57098	0.04712095
	58104	0.048257720000000004
	53865	0.05042125000000001
	57127	0.050897960000000006
	53992	0.05111798
	57216	0.0514
	54820	0.05262145
	52515	0.05276813
	54627	0.05364821000000001
	53518	0.05383156000000001
	54609	0.05485832000000001
	57900	0.055
	54535	0.05566506
	58419	0.0565
	57520	0.057
	53478	0.057315210000000005
	58736	0.05796
	53995	0.05808528000000001
	54919	0.05863533
	53993	0.06226566000000001
	53773	0.0656393
	57493	0.0658
	52787	0.06666606
	57603	0.0698
	58646	0.07119
	58265	0.0719
	52896	0.07330333
	53893	0.07334
	57714	0.0741
	54528	0.07455011
	57129	0.07524684000000001
	54916	0.07638361
	53588	0.07686032000000001
	57719	0.077
	54714	0.07726369000000001
	54855	0.07741037
	58139	0.0782
	53677	0.07972058000000001
	57981	0.0799
	57182	0.08265418000000001
	53399	0.08379095
	57505	0.0843
	54644	0.08467103000000001
	53924	0.08547777000000001
	58021	0.08558778
	58002	0.08628451000000001
	56281	0.0878
	56079	0.0918
	53576	0.09248173999999999
	58460	0.0927
	57238	0.09295845000000001
	54539	0.09314180000000001
	54900	0.09490196
	54717	0.09508530999999999
	53662	0.0960754
	58735	0.09666
	54853	0.09669879
	54915	0.09680880000000001
	54929	0.09710215999999999
	54726	0.09750553000000002
	57396	0.09798224
	57903	0.0981
	58138	0.0987
	57574	0.1008
	53980	0.10304270000000001
	57094	0.10315271000000001
	58203	0.105
	58210	0.105
	57096	0.10637967000000002
	53983	0.10692972000000002
	53658	0.10810316
	53704	0.10821317
	52679	0.10835985000000001
	57510	0.1084
	57206	0.1088
	53898	0.10923993000000001
	58251	0.1107
	58005	0.11096342000000001
	57102	0.11103676000000001
	52436	0.11107343000000001
	54918	0.11195351000000002
	56444	0.1131
	57002	0.11356698999999999
	58557	0.11367
	58111	0.11371367
	54935	0.11400703000000001
	57185	0.11422705000000001
	54534	0.11430039
	58822	0.11457
	57739	0.1154
	54804	0.11576719
	54808	0.11635391000000002
	54936	0.11664727000000001
	54515	0.11712398000000002
	57881	0.1176
	54502	0.11782071
	57090	0.11785738000000001
	58452	0.11898000000000002
	53579	0.11976422
	56278	0.121
	54611	0.12112101
	57211	0.12185441
	54512	0.12266115000000001
	58141	0.1233
	57248	0.12431130000000001
	57728	0.1253
	53996	0.12607146
	57866	0.1261
	54607	0.12629148
	58542	0.12654
	54922	0.12662151000000002
	53896	0.12662151000000002
	58246	0.129
	58113	0.1296
	54429	0.13113192
	54844	0.13131527
	54707	0.13259872
	54925	0.13366215
	54807	0.13373549
	54728	0.13439555
	54810	0.13490893
	54532	0.13542231000000002
	54527	0.13604570000000002
	54311	0.13644907
	57245	0.13699912
	54809	0.13743916
	52546	0.1382459
	57912	0.1384
	58208	0.13982271
	53931	0.14202291
	58813	0.14211000000000001
	54828	0.14257296
	57859	0.14337
	57402	0.1434
	57237	0.1442
	53997	0.14469982
	54404	0.14543322
	54801	0.14543322
	57183	0.14668
	53674	0.14719338
	54917	0.14800012
	53517	0.15152044
	58500	0.152
	53678	0.15210716000000002
	57124	0.15324393
	54835	0.15386732
	54601	0.15617753
	54927	0.1562142
	52984	0.15801103000000002
	58453	0.15975
	54914	0.16098130000000002
	58020	0.16208140000000001
	57087	0.16266812
	58652	0.16353
	57296	0.16358487000000002
	54802	0.16431827000000002
	57105	0.16450162000000002
	57011	0.16527169
	53664	0.16611510000000002
	52557	0.16765524
	56475	0.1695
	58118	0.1722
	58257	0.1731
	58642	0.17424
	53953	0.17498924000000002
	56164	0.1756
	54523	0.17594266
	58643	0.17667
	56192	0.1767494
	54521	0.17766615
	54811	0.1804164
	53397	0.1804164
	57091	0.18056308000000001
	54706	0.18129648
	54507	0.18133315
	58022	0.18323999
	52661	0.18489014
	56276	0.185
	53584	0.18522017000000002
	56288	0.1856
	54912	0.18566021
	56273	0.1865
	53915	0.18665030000000002
	52797	0.18727369000000002
	53899	0.1877504
	58003	0.18786041
	58101	0.18786041
	58502	0.18936
	54920	0.18958390000000003
	57257	0.1905
	57680	0.1944
	57004	0.19578113000000003
	54903	0.19985150000000002
	54902	0.20087826
	53665	0.20131830000000003
	58730	0.20151
	57586	0.2019
	58341	0.2022
	58436	0.2029
	58647	0.20304
	57558	0.204
	58012	0.2049
	57481	0.205
	54939	0.20590205
	53578	0.20967906
	57095	0.21096251000000002
	58359	0.211
	54921	0.21147589
	56082	0.21147589
	54803	0.21558293
	54304	0.21719641000000003
	54709	0.21723308000000002
	53989	0.21792981000000003
	53666	0.21858987
	52643	0.2189199
	56385	0.2199
	54774	0.22126678000000002
	53998	0.22163348000000002
	56483	0.2225
	54901	0.22387035000000002
	57818	0.2241
	54715	0.22482377
	54836	0.22629057
	57922	0.2287
	53937	0.23157105
	56381	0.2319
	53817	0.23256114
	58602	0.23328
	53923	0.23402794000000002
	57673	0.2341
	53925	0.23483468000000002
	58462	0.2367
	57708	0.2367
	54932	0.23721823000000003
	56382	0.2378
	54817	0.23886838000000002
	54531	0.24121526000000004
	57640	0.2422
	58605	0.24264000000000002
	57398	0.2441
	53903	0.24425887000000002
	57432	0.2461
	54718	0.24649574000000002
	56498	0.2482
	54923	0.24928266
	58109	0.2498
	54308	0.24994272
	54730	0.2500894
	58472	0.25119
	54597	0.25151953
	54525	0.25357305
	54506	0.2537564
	58415	0.2543
	58409	0.2545
	54514	0.25555323
	58546	0.25587
	58760	0.25596
	57292	0.25610328000000004
	58116	0.2566
	56194	0.2568
	54301	0.2588902
	58147	0.2603
	56186	0.2605
	58013	0.2616
	57191	0.26446404
	58644	0.26514
	58724	0.26541
	54908	0.26604085000000005
	52681	0.26626087
	58212	0.2669
	58250	0.2669
	58358	0.2681
	56674	0.2686
	58301	0.2687911
	53676	0.27165136
	56092	0.27682183000000005
	54843	0.28078219000000004
	54812	0.28096554
	54821	0.28155226000000005
	57662	0.2816
	54815	0.28188229000000004
	58369	0.2819
	53660	0.28477922
	54399	0.28650271
	56380	0.2872
	54505	0.29218656
	52424	0.29380004000000004
	58264	0.2966
	57735	0.2984
	54778	0.29867715
	54596	0.29878716
	54431	0.30010728000000003
	54736	0.30091402
	57905	0.3024
	58693	0.3024
	54513	0.30421432000000004
	53651	0.3047277
	57655	0.3055
	52986	0.30685456
	54909	0.30689123
	57636	0.3079
	56195	0.3083
	53910	0.30909143
	57012	0.30975149
	54814	0.31019153
	58259	0.3118
	57496	0.3121
	57426	0.3144
	56492	0.3146
	53585	0.31521532
	54818	0.31565536000000005
	57093	0.3160954
	57324	0.3165
	54540	0.32071582000000004
	57671	0.3244
	52652	0.32485953
	54511	0.32504288000000003
	54846	0.32511622000000007
	54806	0.32738976000000003
	58657	0.32958000000000004
	58017	0.33043337
	54755	0.33142346000000006
	53906	0.33285359000000003
	58404	0.3334
	54522	0.34209443
	58032	0.3439646
	52447	0.3450647
	53492	0.34700821000000004
	53659	0.34741158000000005
	58446	0.34803
	57089	0.34810831000000003
	54731	0.35254538
	58041	0.3547
	58158	0.3554
	58249	0.3577
	54910	0.35910931
	53914	0.35947601
	58656	0.36080999999999996
	57844	0.3635
	54510	0.36508652
	57718	0.3664
	54737	0.36658999000000003
	54732	0.36710337000000004
	57477	0.3703
	54777	0.37308058000000005
	54841	0.37557414
	58102	0.3756
	58040	0.3758
	54837	0.37590417
	57717	0.3784
	54729	0.3788011
	58725	0.38007
	53860	0.38092796
	56280	0.3849
	58441	0.3856
	54911	0.39174561
	54438	0.392369
	54520	0.39467921000000006
	57978	0.3962
	54499	0.39658604999999997
	54832	0.4008031
	58114	0.4009
	53928	0.40098645
	56167	0.4024
	57732	0.4053
	56499	0.4098
	57582	0.4103
	58559	0.41067
	58367	0.4111
	54734	0.41129072
	54439	0.41389429000000005
	58407	0.415
	58600	0.41733000000000003
	57585	0.4185
	54594	0.4218883500000001
	54753	0.42276843000000003
	58461	0.4237
	58030	0.42383186
	54501	0.42507864
	58750	0.42516
	57326	0.4282
	58351	0.4289
	58503	0.42939000000000005
	52533	0.43039579
	57483	0.4325
	53934	0.43332939000000004
	58148	0.4343
	56172	0.4356
	56494	0.438
	58414	0.4414
	56094	0.44656726
	58365	0.448
	53760	0.44906081999999997
	54906	0.44957420000000003
	58214	0.4513
	53567	0.45283783000000005
	57584	0.4544
	54744	0.45584477000000007
	53580	0.45723822999999997
	57565	0.4587
	53929	0.45907173
	54822	0.4609785700000001
	57329	0.4617
	57475	0.4626
	52323	0.46336212000000004
	57595	0.4636
	58360	0.4643
	54433	0.46438888
	54408	0.46446222000000004
	58034	0.46475558000000006
	53593	0.46570900000000004
	54816	0.46614904000000007
	57682	0.4664
	57874	0.4666
	58601	0.4671
	54432	0.46728581
	54428	0.4691559800000001
	58222	0.4748
	58223	0.4762
	53681	0.47623329000000003
	56084	0.47700336000000004
	53935	0.47898354000000004
	54905	0.47979028
	57745	0.4801
	56081	0.4814771
	58346	0.4821
	56187	0.4862
	54752	0.48668424
	58442	0.4913
	54424	0.49200139
	57522	0.4921
	58343	0.4928
	58427	0.4939
	54749	0.49500833000000005
	58501	0.4955
	57612	0.4976
	57825	0.4989
	58443	0.50265
	58361	0.5073
	57482	0.5103
	53917	0.51172985
	54904	0.51297663
	54842	0.51444343
	54738	0.51965057
	54398	0.51968724
	54823	0.5216674200000001
	54831	0.52236415
	58146	0.523
	57647	0.5292
	57643	0.5345
	57834	0.5358
	54833	0.53695881
	54436	0.5386823000000001
	54434	0.54058914
	57699	0.54198
	58450	0.5420699999999999
	57609	0.5437
	56664	0.5444
	58731	0.54486
	57416	0.5466
	54751	0.5471164000000001
	56097	0.549
	58338	0.5497
	53663	0.5512601100000001
	58558	0.55197
	58247	0.5538
	57309	0.5552
	57564	0.5588
	58659	0.56088
	58420	0.5618
	54541	0.5624811300000001
	58745	0.56331
	58416	0.5649
	58433	0.5654
	58221	0.5678
	58015	0.5682
	53926	0.5708418900000001
	52985	0.57443555
	54449	0.57516895
	52996	0.5786526000000001
	58154	0.5829
	53491	0.5837497300000001
	58752	0.58608
	58244	0.5865
	53565	0.58701336
	58667	0.59076
	54827	0.59247719
	57829	0.5931
	58665	0.59346
	57498	0.5941
	54825	0.59420068
	53573	0.5964375500000001
	52978	0.60179137
	54830	0.60644846
	57606	0.6094
	57646	0.6102
	53575	0.6105188300000001
	58423	0.6125
	58734	0.6129000000000001
	57583	0.6143
	56091	0.61543261
	57741	0.6165
	58150	0.6206
	56181	0.6211
	58658	0.6219
	57409	0.6305
	54851	0.63230081
	53486	0.63431766
	58025	0.63523441
	56286	0.6398
	56074	0.6398915000000001
	53927	0.64271509
	58556	0.64395
	57835	0.6451
	58038	0.6452
	58553	0.64593
	53488	0.64784889
	57674	0.6497
	58353	0.6503
	57663	0.651
	58245	0.6525
	57792	0.6561
	53574	0.65730975
	57875	0.6574
	54416	0.65950995
	58484	0.6600600000000001
	57642	0.6636
	53599	0.66545049
	56284	0.6663
	58565	0.66762
	53916	0.6689341400000001
	57828	0.6725
	52998	0.6726378100000001
	52988	0.67395793
	53490	0.6794951
	54861	0.6800451500000001
	57837	0.6832
	58751	0.68418
	53498	0.68657241
	58654	0.6871499999999999
	53594	0.6902394100000001
	53564	0.6946398100000001
	57489	0.696
	54425	0.69753674
	52982	0.7069976
	56147	0.7078
	58235	0.7101
	58337	0.7102
	56071	0.71158135
	58241	0.7134
	57846	0.7154
	58243	0.7175
	54829	0.7175585600000001
	54834	0.7176685700000001
	56080	0.71792526
	54852	0.7186953300000001
	57414	0.7188
	54423	0.72250901
	58555	0.72324
	54819	0.72331575
	57314	0.7235
	58550	0.72675
	53930	0.7285962300000001
	54319	0.7286695700000001
	58362	0.7299
	58356	0.7358
	57839	0.7385
	58268	0.7389
	58215	0.7412
	57589	0.7421
	54420	0.74319089
	58044	0.7443
	58026	0.7536
	56285	0.7572
	58468	0.75861
	54406	0.7587023
	54727	0.75954571
	57827	0.7638
	54430	0.76412946
	54405	0.7706200500000001
	58140	0.7716
	57517	0.7751
	58345	0.7764
	54412	0.7772573200000001
	57841	0.7779
	58224	0.7848
	54318	0.8010194800000001
	54401	0.8037697300000001
	54863	0.8045031300000002
	53499	0.8068866800000001
	57637	0.8069
	58424	0.807
	54419	0.8118738000000001
	58377	0.8123
	52418	0.8156141400000001
	57420	0.825
	58354	0.8255
	57633	0.8309
	57776	0.833
	57485	0.8342
	58339	0.8353
	58108	0.8401
	57889	0.8406
	52656	0.84109979
	58344	0.8412
	56189	0.8415
	54824	0.8434466700000001
	57333	0.8448
	57696	0.84816
	54759	0.85144073
	58342	0.8543
	58317	0.8565
	58421	0.8572
	57870	0.8615
	57562	0.8628
	58402	0.8634
	54764	0.8658520400000002
	57411	0.8681
	58035	0.8689
	58567	0.8714700000000001
	53738	0.87160923
	58431	0.8804
	57315	0.8813
	58269	0.8891
	58240	0.8897
	58234	0.8903
	56093	0.89551807
	57399	0.8997
	57417	0.9105
	58047	0.9145
	57793	0.9191700000000002
	58143	0.9206
	57777	0.9222
	57723	0.9319
	52674	0.9328848000000001
	57313	0.9338
	54421	0.9378352500000001
	58660	0.9410400000000001
	58429	0.9418
	57415	0.9436
	58238	0.9452
	57657	0.9562
	57649	0.9582
	56490	0.9587
	58366	0.9608
	56178	0.9645
	58477	0.96552
	54410	0.96750128
	58568	0.9720000000000001
	57871	0.9726
	58352	0.9739
	56480	0.9842
	57666	0.9893
	58220	0.9916
	57509	0.9924
	58230	0.9947
	58401	0.9952
	56158	0.9988
	58236	1.002
	57320	1.0038
	58570	1.00458
	57867	1.0063
	56180	1.0099
	54765	1.0115419500000002
	57767	1.0215
	58311	1.0238
	57661	1.0322
	57845	1.0423
	54766	1.05099887
	54826	1.05323574
	57512	1.0589
	57851	1.0597
	58237	1.0622
	57872	1.0631
	57781	1.0632
	58432	1.0648
	57694	1.07127
	57774	1.081
	57786	1.08585
	58467	1.08693
	57778	1.0885
	57519	1.0895
	58016	1.0896
	57832	1.0985
	57853	1.1261
	58569	1.12626
	57752	1.1271
	58664	1.13994
	57486	1.1473
	58340	1.1845
	58562	1.18917
	57743	1.213
	57868	1.2209
	57710	1.2334
	57317	1.2525
	57698	1.26297
	57768	1.272
	57678	1.275
	58408	1.2762
	57499	1.2794
	58335	1.2883
	58334	1.2962
	58314	1.2968
	57740	1.2972
	57590	1.3134
	56184	1.3141
	58225	1.3174
	57758	1.3235
	58048	1.3261
	57516	1.3279
	57754	1.3373
	58306	1.3385
	57669	1.3386
	58049	1.3439
	58036	1.3629
	58321	1.3702
	57658	1.3736
	57769	1.374
	57413	1.3915
	58319	1.4025
	56185	1.4122
	57780	1.4133
	57857	1.4286
	58323	1.4446
	58242	1.4575
	58330	1.4598
	57679	1.4615
	58336	1.465
	57688	1.4827
	57772	1.4876
	57766	1.5068
	57840	1.5104
	57318	1.5105
	57687	1.5197
	58027	1.5459
	57491	1.5518
	57492	1.5678
	57773	1.5695
	58045	1.5699
	56183	1.5763
	57494	1.5817
	57511	1.6007
	58331	1.6064
	58316	1.6282
	58329	1.6489
	57635	1.6583
	57742	1.6688
	57842	1.7018
	57514	1.74
	57734	1.7409
	57518	1.747
	57763	1.7519
	57779	1.7654
	57760	1.77
	58320	1.7847
	56038	1.7864
	56251	1.7879
	58746	1.79973
	57513	1.8437
	56152	1.8729
	58327	1.8755
	57762	1.9123
	58326	1.917
	58563	1.92627
	57761	2.0192
	57860	2.0434
	57771	2.3475
	56399	2.3773
	57805	2.4369
	59315	2.85147
