50136    -4
50246    -2
50349    -4
50353    -3
50425     1
50431     0
50434    -1
50442    -6
50445    -1
50468     0
50514     0
50524     0
50525     0
50526    -2
50527    -7
50548    -2
50557     0
50564     0
50566    -5
50603     0
50618     1
50632     0
50639    -2
50646     0
50647    -3
50655     0
50656    -7
50658     0
50673     0
50674    -6
50727    -4
50741    -3
50742    -7
50745    -6
50749     0
50750     1
50755     0
50756     1
50758     0
50772     0
50774     1
50775     0
50776    -1
50778    -6
50779    -4
50788     1
50832     1
50833     0
50834     1
50838     0
50842    -2
50844     0
50851     0
50852     0
50853     1
50854     1
50858     1
50861     1
50862     1
50867     0
50871    -7
50873    -4
50877    -6
50878    -6
50879     1
50880    -7
50884    -6
50888   -14
50892   -12
50913   -13
50915     0
50928     1
50934     1
50936    -3
50937     1
50939     0
50940    -6
50946     0
50948     1
50949     1
50950    -2
50953     1
50954     1
50958     1
50960     1
50962    -5
50963    -5
50964    -8
50965     0
50968     0
50978    -4
50979    -9
50983   -14
50985    -2
51053     0
51059  -999
51060  -999
51068     1
51076     0
51087     0
51133    -6
51137   -14
51145   -15
51156     0
51186     0
51232     0
51238  -999
51241   -10
51243     0
51288     0
51328    -4
51329   -23
51330   -11
51334     0
51346     0
51352     0
51353     0
51356   -18
51357     0
51358  -999
51359     0
51365     0
51367     0
51369    -6
51377   -20
51378     0
51379     0
51430   -23
51431   -26
51433  -999
51434   -16
51435   -10
51436     0
51437   -11
51438   -11
51463    -5
51465    -7
51467   -11
51468     0
51469  -999
51470  -999
51477     0
51482    -7
51495     0
51526     0
51542    -7
51559     1
51567     0
51568     0
51571     0
51572     0
51573     0
51581     0
51627     0
51628     0
51629     0
51633     0
51636     0
51639  -999
51642     0
51644     0
51655  -999
51656     2
51701     1
51704  -999
51705     0
51707     0
51708     0
51709     0
51711     0
51716     0
51717     0
51720     0
51722     0
51730     0
51765     0
51777     1
51802     0
51804     1
51810  -999
51811     0
51814     0
51815     0
51818     0
51826     0
51827     0
51828     0
51829     0
51839     0
51855     0
51886     0
51931     0
52101     1
52112  -999
52203     1
52267     0
52313     0
52323     0
52378     0
52418     0
52424     0
52436     2
52446     0
52447     0
52495     0
52515     0
52533     0
52546     0
52557     0
52575     0
52576     0
52602     0
52607     0
52633    -1
52643     0
52645    -5
52652     0
52656    -8
52657    -5
52661     0
52674   -15
52679     0
52681     0
52707     1
52713     0
52737     1
52745    -2
52754   -11
52765    -9
52784    -7
52787    -4
52797     0
52818     1
52825     0
52833     0
52836     0
52842    -7
52853    -1
52855    -7
52856    -5
52862    -9
52863   -12
52866    -3
52868    -4
52869    -5
52874    -2
52876    -5
52884  -999
52885    -6
52889     0
52895   -15
52896     0
52908     0
52943    -4
52955    -2
52957     0
52963    -8
52968     0
52972     0
52978    -6
52980    -1
52982    -1
52983    -7
52984    -3
52985     0
52986     0
52988    -7
52993    -3
52995    -2
52996   -14
52998    -7
53068     0
53083    -1
53149     0
53192    -4
53195     0
53231     0
53272     0
53276    -4
53289    -2
53324     0
53336     1
53337     0
53343     1
53348     1
53352     0
53357     1
53362     0
53367     0
53368    -3
53378    -4
53384     0
53385     1
53391     1
53392     0
53397    -1
53399     0
53419     0
53420     0
53433    -1
53446     0
53455    -6
53457    -4
53463    -8
53464    -7
53467    -2
53469    -2
53472     0
53475    -6
53478     0
53480     1
53481    -4
53483    -2
53484    -4
53486    -8
53487     0
53488    -3
53491    -6
53492    -5
53498    -1
53499    -7
53502     0
53512     0
53513     0
53517     0
53518     0
53519     0
53522     0
53529    -2
53533    -1
53543     0
53545   -10
53547     0
53553    -5
53562     0
53564     0
53565     1
53567    -4
53573    -1
53574     0
53575    -4
53576    -5
53577    -2
53579    -2
53580    -2
53582     0
53584    -5
53585    -5
53588    -4
53590   -11
53593    -8
53596   -12
53599    -6
53602    -6
53610     0
53611     0
53614     0
53615     0
53617     0
53618     0
53619   -14
53644     1
53646    -1
53651  -999
53658     0
53659   -10
53660    -8
53662    -1
53663    -2
53664    -1
53665     0
53666    -6
53669     0
53673    -5
53674    -5
53676    -6
53677   -12
53678    -9
53679    -7
53680   -13
53681    -2
53682    -9
53685    -6
53688   -16
53689   -14
53690     0
53691   -12
53692    -7
53693   -11
53694    -4
53695   -12
53696   -15
53697    -8
53698    -9
53699   -13
53704     0
53705   -10
53707    -4
53723    -7
53725     0
53727    -5
53730    -8
53732    -2
53735  -999
53738     0
53740    -6
53748    -5
53750    -3
53751    -1
53753     0
53754    -2
53756    -1
53757    -2
53759    -3
53760    -6
53763     0
53764    -6
53767    -1
53768   -12
53769    -9
53770   -10
53771   -11
53772   -13
53773   -25
53774   -12
53776   -10
53777   -12
53778    -9
53780   -10
53781   -15
53782    -9
53783   -10
53784   -11
53785   -16
53786    -7
53787   -14
53788    -8
53789    -8
53790   -10
53791   -12
53792   -13
53794    -7
53795   -10
53796   -15
53797   -13
53798   -10
53799   -12
53806    -3
53810    -3
53817   -15
53821    -3
53829    -3
53832    -1
53841    -3
53845    -4
53848    -4
53850    -4
53852    -9
53853    -5
53854  -999
53856    -4
53857    -4
53860    -9
53861   -10
53862    -4
53863    -7
53864    -2
53865   -11
53866   -17
53868    -7
53869    -5
53871   -17
53872   -13
53873   -13
53874   -11
53875    -6
53878   -11
53879   -15
53880   -13
53881    -3
53882   -11
53883   -22
53885    -8
53886    -5
53888   -16
53889   -15
53890   -21
53891   -21
53892   -10
53893   -20
53894   -13
53895   -13
53896   -23
53897   -20
53898   -21
53899   -22
53903   -11
53906    -6
53908    -8
53914    -9
53915    -5
53916    -6
53917    -3
53923   -11
53924   -12
53925    -1
53926    -8
53927    -9
53928    -9
53929   -14
53930     0
53931    -4
53934    -7
53935    -3
53937    -9
53938    -1
53941   -13
53942   -12
53945    -8
53947    -1
53948  -999
53949   -10
53950   -24
53953    -8
53954   -11
53955  -999
53956   -12
53957   -16
53958   -15
53959   -14
53961   -13
53962   -18
53963   -13
53964    -8
53965   -18
53966   -14
53967   -14
53970   -21
53972   -21
53973   -12
53974   -10
53975   -25
53976   -20
53978   -12
53979   -17
53980   -15
53981   -24
53982   -28
53983   -26
53984   -30
53985   -10
53986   -11
53987   -29
53988   -29
53989   -26
53991   -23
53992   -25
53993   -22
53994   -27
53995   -30
53996   -22
53997   -28
53998   -27
54012     1
54024     1
54026     0
54027     1
54031     1
54039     0
54041     0
54047     1
54049     1
54063     1
54065     1
54069     2
54072     0
54076     1
54080    -4
54092    -7
54093   -11
54094   -10
54096     0
54098   -10
54099    -4
54102     0
54113     1
54115     0
54117    -7
54122     1
54132     1
54134     0
54135     0
54142     2
54154     1
54156     1
54157     0
54161     1
54164     2
54169     2
54171     2
54172     1
54181     0
54186     0
54187    -9
54195   -17
54204    -3
54205     0
54208     0
54213     1
54214     1
54218     1
54223     0
54225     1
54226     0
54231     0
54234     0
54236     2
54237     0
54244     1
54245     1
54249     1
54252     1
54254     1
54259     0
54261     1
54263     1
54266     1
54267     0
54273     0
54274     1
54276     1
54284     1
54285     1
54290   -10
54291   -10
54292    -1
54293   -10
54301     0
54304    -2
54305     0
54308    -2
54311     2
54313     1
54316     0
54318     1
54319     0
54320     1
54321     1
54323     0
54324    -1
54325     0
54326     1
54327     0
54328     0
54331     0
54332     1
54333     2
54334  -999
54335     0
54336     1
54337     1
54338     1
54339     1
54342     0
54346     1
54347     1
54349  -999
54351     0
54362    -6
54363    -4
54365     0
54371     1
54374     0
54377     0
54386     1
54398   -12
54399   -10
54401    -5
54404    -9
54405     0
54408   -12
54410   -12
54412    -6
54416     0
54419    -9
54420    -9
54421    -3
54423    -5
54424    -5
54425     0
54428    -3
54429     1
54430    -9
54431   -11
54432     0
54433    -3
54434     0
54436     1
54437     1
54438     1
54439     1
54449     0
54453     0
54454     0
54455     1
54471     1
54474     2
54475     1
54476     2
54483     2
54486     1
54493     1
54494     1
54497     1
54499    -8
54501   -19
54502    -1
54503   -20
54505    -7
54506    -5
54507   -17
54510    -7
54511    -9
54512    -4
54513    -9
54514   -10
54515    -4
54517    -2
54518   -10
54519    -4
54520   -12
54521    -1
54522    -4
54523  -999
54525  -999
54527   -11
54528  -999
54530     0
54531     1
54532     0
54533     0
54534     0
54535     0
54539     1
54540     1
54541     0
54563     2
54568    -1
54569    -1
54579     0
54584    -1
54590     1
54594   -14
54596   -14
54597   -12
54601   -18
54602   -15
54603   -14
54604   -14
54605    -2
54606   -20
54607   -10
54608   -19
54609   -24
54610   -13
54611   -16
54612   -15
54613    -3
54614   -11
54615    -8
54616    -7
54617     0
54618    -5
54619    -5
54620   -16
54621   -17
54622    -3
54623    -1
54624   -11
54626    -9
54627    -6
54628   -12
54631   -20
54632   -21
54633   -21
54636    -9
54640   -23
54644   -12
54660  -999
54662    -2
54700   -11
54701   -23
54702     0
54703   -11
54704   -18
54705   -18
54706   -10
54707    -9
54708   -19
54709   -12
54710    -6
54711   -10
54712   -11
54713    -7
54714   -20
54715    -8
54716    -9
54717   -10
54718    -9
54719   -13
54722    -1
54723     0
54724    -3
54725    -8
54726    -5
54727  -999
54728     0
54729    -9
54730    -6
54731   -11
54734    -2
54736   -12
54737    -8
54738   -12
54744  -999
54749   -14
54751    -5
54752     0
54753   -13
54755   -12
54759    -9
54764    -6
54765    -7
54766    -8
54774    -4
54776    -2
54777   -11
54778    -8
54800   -23
54801   -16
54802   -23
54803   -15
54804   -25
54805   -25
54806   -27
54807   -27
54808   -26
54809   -25
54810   -15
54811   -14
54814   -17
54815   -24
54816   -14
54817   -26
54818   -17
54819   -34
54820   -17
54821   -10
54822    -8
54823   -10
54824   -12
54825    -8
54826   -29
54827   -26
54828   -17
54829   -10
54830    -4
54831   -10
54832    -6
54833    -5
54834   -11
54835   -17
54836   -11
54837   -12
54841   -10
54842  -999
54843   -14
54844    -9
54846   -15
54848   -17
54849   -15
54851   -12
54852   -15
54853   -25
54855   -15
54857   -26
54861    -6
54863   -12
54871   -14
54900   -29
54901   -28
54902   -24
54903   -26
54904   -22
54905   -32
54906   -30
54907   -34
54908   -28
54909   -26
54910   -25
54911   -23
54912   -30
54913   -30
54914   -33
54915   -31
54916   -32
54917   -25
54918   -31
54919   -34
54920   -31
54921   -33
54922   -22
54923   -28
54925   -27
54927   -23
54929   -33
54932   -16
54935   -27
54936  -999
54938   -34
54939   -29
54940   -15
54943   -28
54945   -23
55228     0
55248     0
55279   -14
55294    -9
55299   -22
55437     0
55472   -20
55493    -9
55572  -999
55578    -8
55585    -4
55591    -2
55598    -6
55655   -17
55664    -4
55680    -7
55681   -10
55690     0
55696   -12
55773   -13
56004     0
56016     1
56018     0
56021     0
56029     1
56033     0
56034   -21
56038     0
56043     0
56045    -8
56046     1
56065     0
56067     0
56071    -9
56074     1
56079     1
56080    -6
56081    -6
56082    -5
56084    -6
56091    -7
56092    -9
56093     0
56094    -4
56095    -2
56096    -4
56097     0
56106     0
56116     1
56125     1
56137     0
56144     1
56146     2
56147     0
56151     1
56152     1
56158     1
56164     3
56167     2
56168     1
56171    -1
56172     1
56173     1
56178     0
56180   -10
56181    -2
56182     0
56183    -4
56184     0
56185    -1
56186    -4
56187  -999
56188    -4
56189    -2
56190    -6
56192    -5
56193   -11
56194   -10
56195    -7
56196    -2
56197     0
56198     1
56199     0
56202     0
56223   -13
56227     0
56247    -2
56251     1
56257     1
56263     0
56267    -6
56272    -1
56273    -4
56276     0
56278     1
56279     1
56280    -2
56281    -5
56284     0
56285    -2
56287     0
56289    -2
56290     0
56291     0
56295    -2
56296     0
56297    -5
56298    -4
56307     0
56312     1
56317     0
56331     1
56357     1
56371   -13
56373    -1
56374    -4
56376    -4
56378    -3
56380    -3
56381    -8
56382    -5
56383    -3
56384     0
56385     2
56386    -3
56387     1
56389     0
56390    -4
56393     0
56394    -3
56395    -3
56396   -10
56399    -3
56434    -5
56441     0
56443     1
56444    -1
56459     1
56462     1
56473     0
56474    -4
56475    -4
56478    -8
56479    -3
56480     0
56483     0
56485    -4
56487   -10
56489    -6
56490     1
56492     0
56493     1
56496     0
56497     0
56499     0
56533     1
56543     0
56548     0
56565     1
56567     1
56569    -4
56571     0
56575     2
56578     1
56582     1
56584     0
56585     1
56586     0
56592    -5
56593     0
56594    -2
56595   -13
56596     0
56598     0
56641     0
56645     0
56646     0
56649     0
56651    -2
56652     0
56654     0
56664    -5
56665     0
56669   -11
56670    -3
56671     2
56673     1
56675     1
56684     0
56688     0
56691     1
56693  -999
56697     2
56739     1
56742     1
56745     1
56746     0
56748     1
56751    -1
56752     0
56755     1
56756     1
56757    -1
56761     1
56763    -8
56764     1
56766     0
56767     1
56768    -1
56772     0
56774    -3
56775    -5
56777    -4
56778     2
56781     2
56782    16
56783    16
56785     2
56786    23
56788    14
56790     2
56792  -999
56793     2
56835     0
56836     3
56838     1
56839     1
56840     2
56841     2
56842     1
56843     2
56844     2
56846     2
56849    -2
56851     0
56854     0
56856     1
56862     0
56863     0
56867     0
56869     1
56870     0
56871    -3
56872     1
56873     1
56875    -6
56876    -6
56878    -1
56879    -2
56880     0
56881    -3
56882    -9
56883     3
56885     1
56886    19
56889     2
56891     1
56898    -2
56944     3
56946     2
56948     2
56949     1
56950    -1
56951     1
56952   -10
56954     0
56958   -10
56959    -7
56961     0
56962     2
56964     0
56966    -3
56969     0
56970    -7
56973    -3
56975     1
56976    -6
56977     2
56978     3
56982    -5
56984     1
56985    -6
56986     1
56987     2
56989    -8
56992     1
56994     1
56995    -2
56996     0
57001    -6
57002   -11
57003  -999
57004    -9
57006    -9
57007   -13
57008    -6
57011    -3
57012   -10
57014  -999
57016   -13
57020   -12
57021   -17
57022   -17
57023   -13
57024   -16
57025  -999
57026   -13
57027   -13
57028  -999
57029   -14
57030  -999
57031   -15
57032   -16
57033   -11
57034   -12
57035   -14
57036   -15
57037   -11
57038   -14
57039   -13
57040   -13
57042   -12
57043   -16
57044   -14
57045   -11
57046   -10
57047   -17
57048  -999
57049  -999
57051   -14
57053   -15
57054   -14
57055   -15
57056   -14
57057   -14
57060   -12
57061   -13
57063   -17
57065   -24
57066   -21
57067   -22
57070   -25
57071   -23
57072   -18
57074   -18
57075   -16
57076   -26
57077   -23
57078   -28
57079   -29
57080   -26
57081   -26
57082   -14
57083   -24
57085   -24
57086   -29
57087   -25
57089   -25
57090   -27
57091   -27
57093   -28
57094   -29
57095   -25
57096   -23
57098   -23
57099   -23
57102    -6
57105    -7
57106   -11
57110     0
57111    -6
57113    -5
57119    -9
57124  -999
57126   -11
57127   -11
57128   -13
57129    -3
57132   -14
57134   -13
57137   -13
57140   -14
57143   -15
57144   -18
57153   -16
57154  -999
57155   -15
57156   -15
57162   -24
57169   -19
57173   -25
57175   -17
57176   -15
57177   -23
57178   -13
57179   -12
57180   -25
57181   -24
57182   -25
57183   -22
57184   -19
57185   -23
57186   -23
57187   -13
57188   -27
57189   -22
57191   -25
57192   -19
57193   -26
57194   -18
57195   -25
57196   -24
57198   -29
57206   -14
57208   -10
57211  -999
57213    -7
57216   -13
57217    -5
57231   -15
57232   -12
57233   -12
57237   -14
57238  -999
57242   -12
57245   -12
57247   -14
57248   -13
57249    -9
57251   -19
57253   -20
57254   -16
57257   -10
57259    -9
57260   -16
57261   -19
57265   -13
57268   -13
57271   -11
57273   -13
57274   -17
57279    -8
57281   -17
57290   -22
57292   -21
57293   -22
57294   -19
57295   -19
57296   -19
57297   -17
57298   -17
57299   -15
57303    -8
57304   -11
57306   -10
57307    -2
57308    -3
57309     0
57313   -10
57314    -9
57315    -2
57317     0
57318     0
57320   -13
57324    -5
57326    -3
57328     0
57329     2
57333   -10
57339    -3
57343  -999
57345    -9
57348    -8
57349   -11
57355   -11
57361   -10
57362   -10
57363   -10
57368   -14
57370   -11
57377   -12
57378   -11
57385   -16
57387    -8
57388   -13
57389   -12
57390   -14
57396   -19
57398   -19
57399   -16
57401    -2
57402    -2
57405    -5
57407    -1
57408    -6
57409     0
57411     0
57413    -2
57414     1
57415     1
57416    -4
57417     0
57420     0
57425    -8
57426     0
57431     0
57432    -3
57438    -7
57447   -11
57458     0
57460    -7
57461    -5
57464    -8
57465    -7
57466    -7
57469   -13
57475   -11
57476   -10
57477   -10
57481   -10
57483    -6
57485    -8
57486   -10
57489    -4
57491   -12
57492   -15
57494    -2
57496    -3
57498    -2
57499     0
57505     0
57506    -6
57507    -1
57509     0
57510    -5
57511    -1
57513    -6
57514    -9
57516    -6
57518     0
57519     1
57522     0
57525     0
57537     0
57540     1
57541    -9
57543   -13
57544    -4
57545    -8
57554     0
57558     1
57562    -2
57564     0
57565    -2
57566     0
57571    -4
57574     0
57575    -2
57577     1
57582    -6
57583   -10
57584    -6
57585    -6
57586    -8
57589     0
57590    -6
57598     0
57603    -2
57605     0
57606    -4
57608     0
57609    -2
57614  -999
57623     0
57625  -999
57633    -3
57634    -8
57635     1
57636    -4
57637    -1
57640     1
57643     0
57646     0
57647  -999
57649     1
57655     1
57657     0
57658     1
57661     1
57662     0
57663     1
57666     1
57669     1
57671     1
57674     1
57678     2
57680     1
57682     1
57687     1
57688     1
57694     1
57698     1
57699     2
57707    -4
57708    -2
57710  -999
57713    -6
57714     0
57717     0
57718  -999
57719     0
57720   -10
57722  -999
57723    -5
57728     1
57729  -999
57731    -4
57732    -2
57734     0
57735    -2
57736     1
57737     0
57738    -2
57739     0
57740     1
57741  -999
57742     1
57743     2
57744     1
57745    -7
57754     1
57760     1
57762     1
57763     0
57766     0
57767     0
57768     0
57769     1
57771     0
57772     0
57773     1
57774     0
57776     1
57777     0
57778    -5
57780     1
57781     2
57786     1
57792     2
57793     1
57796     2
57798     1
57799     1
57800     1
57803     1
57805  -999
57806     1
57807     2
57808     1
57809     2
57811     1
57813     1
57814     1
57816     1
57818     1
57821     1
57822     0
57824     0
57825    -7
57827  -999
57828     1
57829    -2
57832     1
57834    -2
57835    -2
57837    -4
57839  -999
57840  -999
57842     1
57844    -3
57845     0
57846    -6
57851    -6
57853     1
57859    -2
57860     0
57865    -6
57866     0
57867    -9
57868    -6
57870    -5
57871    -5
57872    -4
57874     1
57875     1
57876     1
57881    -4
57882     2
57883     2
57886     2
57887     1
57891     1
57894     3
57895    22
57896    16
57899    12
57900     1
57902     1
57903     1
57905     0
57906     0
57907  -999
57908     1
57909     0
57910  -999
57912  -999
57913     3
57914     2
57915     0
57916     0
57921     0
57922     0
57923    -7
57926  -999
57927     2
57932    -5
57936     0
57941    -2
57942    -4
57947     0
57948     0
57949     1
57954    -5
57955     1
57956    -1
57957     0
57960    -9
57962     1
57964     0
57965     1
57966    -3
57969     1
57971    -4
57972     1
57973     1
57975     1
57976     1
57978     1
57981     0
57985    11
57988    11
57989     8
57990    16
57991    15
57992     7
57993    11
57994    12
57995     7
57996     6
58001   -23
58002   -28
58003   -19
58004   -27
58005   -21
58006   -17
58007   -16
58008   -19
58011   -30
58012   -23
58013   -24
58015   -34
58016   -19
58017   -26
58020   -21
58021   -35
58022   -18
58024   -31
58025   -19
58026  -999
58027   -18
58030   -21
58032   -34
58034  -999
58035   -20
58036   -21
58038  -999
58040   -35
58041   -24
58044   -18
58047  -999
58048   -21
58049   -19
58100   -24
58101   -18
58102   -27
58104   -19
58107   -28
58108   -21
58109   -20
58114   -26
58117   -14
58118  -999
58122   -22
58125   -24
58126   -19
58127   -30
58128   -36
58129   -36
58130  -999
58131   -15
58132   -22
58135  -999
58138   -25
58139   -35
58140   -20
58141   -29
58143  -999
58145   -21
58146   -23
58147   -20
58148   -24
58150   -14
58154   -22
58158  -999
58202   -17
58203   -16
58205   -18
58207   -18
58208   -14
58210   -18
58212   -19
58214   -14
58215   -18
58220   -22
58221   -33
58222   -31
58223   -36
58224   -18
58230   -22
58234   -12
58235   -25
58236   -20
58237   -19
58238   -21
58240   -24
58241   -30
58242   -25
58243   -33
58244   -20
58245   -30
58247   -20
58249   -20
58250   -31
58251   -34
58254   -26
58255  -999
58257   -14
58259   -14
58264   -19
58265   -12
58268   -15
58269    -9
58301   -16
58306   -23
58311   -18
58314   -18
58316   -20
58317   -12
58319   -18
58320   -18
58321   -17
58323   -16
58326   -20
58327   -19
58329   -20
58330   -22
58331   -21
58334   -18
58335   -17
58337   -18
58338   -16
58339   -15
58340   -21
58341   -24
58342   -19
58343   -17
58344   -20
58345   -20
58346   -12
58352   -16
58353   -16
58354  -999
58356  -999
58358    -2
58360   -16
58361     1
58362    -3
58365    -8
58366    -8
58367     1
58369     1
58401    -8
58402    -8
58404    -1
58407    -1
58408    -2
58409    -4
58415    -6
58416   -14
58417    -5
58418    -5
58420    -9
58421    -6
58424    -8
58426    -8
58427    -8
58428    -6
58431   -15
58432    -9
58433   -17
58435    -3
58436   -10
58437     1
58438     0
58441    -9
58442   -15
58443    -4
58446    -2
58448  -999
58449    20
58450  -999
58451     1
58452     1
58453  -999
58454     1
58455     2
58456     1
58457     2
58458     2
58459     3
58460     2
58461    -2
58462     1
58463     2
58464     3
58467     2
58468     2
58472     2
58477     2
58501    -3
58502    -4
58503    -5
58506     0
58508    -4
58509     0
58510     0
58514    -3
58517    -2
58519     1
58523    -4
58527     1
58529     2
58530     0
58531     0
58534     0
58537     2
58542     2
58543     1
58544     2
58546     2
58547  -999
58548     2
58549     1
58550     1
58553  -999
58556     0
58557  -999
58558     1
58559     2
58562     1
58563     2
58565     1
58567     2
58569     4
58570  -999
58601     1
58602     0
58605     1
58606     0
58608     1
58609     2
58612     1
58614    14
58615     1
58616    19
58618    12
58620     2
58624    18
58625     2
58626    15
58629    19
58631     2
58632    18
58633     2
58634     2
58635    16
58642     2
58643     2
58644    29
58646    21
58647    21
58652  -999
58654    14
58656     2
58657    18
58658     3
58659     2
58660     1
58664     2
58665     2
58666     2
58667     3
58693     1
58701     1
58704     2
58706     8
58707    17
58710    15
58712    18
58713    22
58714    11
58715    27
58719    21
58724    17
58725    12
58730    17
58731    23
58735     1
58736     1
58737     2
58742  -999
58745     1
58746     1
58747     1
58748     2
58749    16
58750     3
58751     2
58752     1
58754     2
58760     2
58804     6
58813    17
58814     0
58819     1
58820     6
58821     0
58822     1
58823     0
58824    -1
58826    -1
58828     0
58834     0
58836    -4
58839    -5
58844     1
58845     0
58846     0
58847     1
58848     2
58903    -3
58905    10
58906    -5
58907     6
58911     1
58912     1
58917     6
58918    -1
58921     0
58923     1
58926     1
58928     3
58929     1
58931     1
58932     1
58933     0
58934     2
58935     2
58941     2
58942     1
58944     2
58946     2
59001     2
59004     2
59007     2
59012     0
59015     2
59017     0
59021     2
59022     3
59023     2
59025     1
59027     1
59031    19
59033     2
59034    15
59037     1
59038     1
59041    14
59044    16
59045    11
59046    15
59047    18
59051    12
59052     1
59053    12
59055    11
59057    27
59058    27
59059    12
59061     1
59063     1
59064     6
59065    11
59071     6
59072     6
59074    11
59075    11
59081    12
59082     7
59087     6
59088  -999
59090     6
59091     6
59093     6
59094     6
59096     6
59097  -999
59099     6
59102    -4
59106     0
59107  -999
59109     0
59114    -1
59116  -999
59117     0
59122     2
59124     0
59125     0
59126     1
59127     1
59130     0
59131     6
59133    -2
59134     1
59137   -13
59205     2
59209     3
59211     1
59213     2
59215     2
59218     3
59224     2
59227     2
59228     0
59229    -7
59230    -4
59235     0
59237   -15
59238     1
59241     6
59242     1
59246    12
59249     1
59254    10
59255     0
59256    -3
59264     0
59265    -8
59266   -12
59268    -1
59269     0
59270     6
59271    -9
59276     6
59278    15
59279    -6
59280  -999
59284    -4
59285     6
59287     6
59288     1
59289  -999
59290     6
59293     6
59294    16
59297     6
59298    -3
59303     0
59304  -999
59306  -999
59310     9
59312     1
59313    -5
59314    -9
59315     0
59316     0
59318    -3
59319    -2
59320    -8
59321    -2
59322    -4
59324    -5
59417     2
59419     0
59421     1
59425     0
59426     0
59427     0
59429     2
59431    -8
59435     1
59441     1
59446     1
59448    14
59449    20
59451     1
59452    13
59453    19
59454     1
59456     1
59457    19
59462     1
59469    13
59470     1
59471     1
59473     0
59475     1
59476    11
59477    10
59478    11
59480    11
59481     6
59485  -999
59487    -1
59488  -999
59492     6
59493     0
59500    -3
59501     6
59502     7
59626     2
59632    17
59640    15
59644    14
59647     2
59650     3
59653     2
59654    26
59655     2
59656     2
59658     3
59659     2
59663     1
59664     2
59673     1
59750     2
59754     3
59757     4
59758     3
59838     2
59842     1
59843     2
59845     2
59847     4
59848     3
59849     2
59851     4
59854     1
59855     3
59856     3
59940     2
59941     2
59945     1
59948     2
59951     0
59954     0
